3.141120000000000000e+05
3.758080000000000000e+05
5.290240000000000000e+05
1.136512000000000000e+06
1.418688000000000000e+06
2.574912000000000000e+06
3.986112000000000000e+06
4.236608000000000000e+06
0.000000000000000000e+00
8.442880000000000000e+06
1.259520000000000000e+07
9.304554000000000000e+06
2.014791300000000000e+07
5.176869000000000000e+06
9.559940000000000000e+05
3.516014000000000000e+06
3.933552000000000000e+06
4.632199000000000000e+06
5.069544000000000000e+06
5.296492000000000000e+06
4.504000000000000000e+03
5.265810000000000000e+06
6.360626000000000000e+06
7.636073000000000000e+06
6.766886000000000000e+06
6.133232000000000000e+06
1.234430000000000000e+05
3.890247000000000000e+06
2.891589000000000000e+06
1.561725000000000000e+06
2.280749000000000000e+06
6.254314000000000000e+06
2.386200000000000000e+04
6.820343000000000000e+06
3.551706000000000000e+06
9.259650000000000000e+05
2.562232000000000000e+06
4.143005000000000000e+06
2.126590000000000000e+05
4.459462000000000000e+06
3.874455000000000000e+06
3.384331000000000000e+06
3.182705000000000000e+06
2.483021000000000000e+06
4.580900000000000000e+04
2.524244000000000000e+06
3.194784000000000000e+06
2.258145000000000000e+06
2.245378000000000000e+06
3.521110000000000000e+06
2.895800000000000000e+05
1.663540000000000000e+06
1.377522000000000000e+06
1.451804000000000000e+06
1.693076000000000000e+06
1.642032000000000000e+06
1.913600000000000000e+04
1.286314000000000000e+06
1.456545000000000000e+06
1.160091000000000000e+06
9.926620000000000000e+05
2.239362000000000000e+06
1.524870000000000000e+05
4.848460000000000000e+05
5.703280000000000000e+05
6.420520000000000000e+05
5.715071000000000000e+06
2.228004100000000000e+07
5.231400000000000000e+04
7.014225000000000000e+07
6.208588800000000000e+07
7.791676500000000000e+07
9.297814700000000000e+07
9.309018900000000000e+07
1.033940000000000000e+05
7.705804000000000000e+07
7.578820600000000000e+07
7.145586200000000000e+07
6.558920200000000000e+07
5.996942600000000000e+07
1.863950000000000000e+05
5.381660000000000000e+07
4.771525400000000000e+07
4.250742000000000000e+07
3.997542400000000000e+07
3.839989200000000000e+07
3.736200000000000000e+04
3.517506400000000000e+07
3.292913400000000000e+07
3.022048100000000000e+07
2.565742400000000000e+07
2.119362000000000000e+07
1.668560000000000000e+05
1.738793300000000000e+07
1.443898700000000000e+07
1.186521400000000000e+07
9.909320000000000000e+06
8.862886000000000000e+06
5.437700000000000000e+04
1.055554000000000000e+07
1.527854300000000000e+07
1.332707200000000000e+07
1.786335900000000000e+07
1.853895400000000000e+07
3.000230000000000000e+05
1.572236100000000000e+07
1.396695800000000000e+07
1.492950000000000000e+07
1.705281100000000000e+07
1.815248800000000000e+07
1.168120000000000000e+05
1.747111900000000000e+07
1.727662200000000000e+07
1.734883500000000000e+07
1.789716700000000000e+07
1.752391000000000000e+07
3.973170000000000000e+05
1.745009800000000000e+07
1.801514500000000000e+07
1.803856000000000000e+07
4.407406100000000000e+07
7.130923700000000000e+07
2.319390000000000000e+05
4.875575600000000000e+07
3.807743400000000000e+07
2.427020900000000000e+07
1.922577000000000000e+07
1.887257300000000000e+07
1.999410000000000000e+05
2.202804100000000000e+07
2.465572600000000000e+07
2.467578400000000000e+07
2.508620000000000000e+07
2.437356800000000000e+07
6.367100000000000000e+04
2.367612800000000000e+07
2.385355800000000000e+07
2.272340800000000000e+07
2.085114400000000000e+07
1.870917500000000000e+07
3.345110000000000000e+05
1.678627000000000000e+07
1.485258800000000000e+07
1.359554300000000000e+07
1.233143600000000000e+07
1.189153300000000000e+07
1.046510000000000000e+05
1.032756000000000000e+07
9.609205000000000000e+06
