2.008670000000000000e+05
1.075870000000000000e+05
8.155000000000000000e+03
1.180859000000000000e+06
4.962120000000000000e+05
1.370340000000000000e+05
9.722600000000000000e+04
1.177900000000000000e+05
1.314300000000000000e+04
1.436520000000000000e+05
1.381150000000000000e+05
5.298180000000000000e+05
7.378400000000000000e+04
3.981100000000000000e+04
2.670000000000000000e+02
1.080452000000000000e+06
4.784150000000000000e+05
8.240400000000000000e+04
1.019580000000000000e+05
1.002950000000000000e+05
6.899000000000000000e+03
7.427900000000000000e+04
1.183250000000000000e+05
4.013250000000000000e+05
7.585000000000000000e+04
1.261150000000000000e+05
3.070000000000000000e+03
1.089309000000000000e+06
5.326400000000000000e+05
2.428020000000000000e+05
2.290140000000000000e+05
2.519940000000000000e+05
3.504800000000000000e+04
2.968270000000000000e+05
3.784060000000000000e+05
5.543360000000000000e+05
2.421500000000000000e+05
2.621040000000000000e+05
8.145000000000000000e+03
1.343691000000000000e+06
5.893870000000000000e+05
2.202070000000000000e+05
9.199100000000000000e+04
1.575930000000000000e+05
1.059900000000000000e+04
1.517110000000000000e+05
1.090450000000000000e+05
4.714640000000000000e+05
8.951100000000000000e+04
1.450340000000000000e+05
1.971000000000000000e+03
1.308413000000000000e+06
5.242710000000000000e+05
1.875170000000000000e+05
1.777320000000000000e+05
1.213940000000000000e+05
7.193000000000000000e+03
1.160550000000000000e+05
1.252710000000000000e+05
4.565650000000000000e+05
1.767480000000000000e+05
1.757130000000000000e+05
3.508000000000000000e+03
1.372340000000000000e+06
5.688500000000000000e+05
2.504590000000000000e+05
1.794860000000000000e+05
2.670310000000000000e+05
1.406200000000000000e+04
2.039480000000000000e+05
2.690760000000000000e+05
5.890710000000000000e+05
2.755250000000000000e+05
2.790980000000000000e+05
1.409900000000000000e+04
1.333102000000000000e+06
7.469710000000000000e+05
3.371320000000000000e+05
3.717120000000000000e+05
3.509150000000000000e+05
3.215800000000000000e+04
3.302140000000000000e+05
3.168310000000000000e+05
6.574360000000000000e+05
3.514260000000000000e+05
3.794360000000000000e+05
2.603500000000000000e+04
1.400919000000000000e+06
6.850940000000000000e+05
2.743210000000000000e+05
2.444090000000000000e+05
2.001960000000000000e+05
1.061000000000000000e+04
2.092570000000000000e+05
2.434830000000000000e+05
5.201820000000000000e+05
2.167110000000000000e+05
1.675240000000000000e+05
7.798000000000000000e+03
1.262787000000000000e+06
5.543750000000000000e+05
2.422940000000000000e+05
1.870070000000000000e+05
1.379810000000000000e+05
1.229300000000000000e+04
1.286060000000000000e+05
1.511500000000000000e+05
4.247430000000000000e+05
1.342870000000000000e+05
1.362800000000000000e+05
4.399000000000000000e+03
1.103683000000000000e+06
5.128200000000000000e+05
1.401240000000000000e+05
1.905000000000000000e+05
1.982220000000000000e+05
2.754000000000000000e+03
1.825730000000000000e+05
2.261130000000000000e+05
4.617680000000000000e+05
2.625640000000000000e+05
2.164810000000000000e+05
1.174500000000000000e+04
1.339979000000000000e+06
7.317320000000000000e+05
3.707040000000000000e+05
3.928960000000000000e+05
3.565510000000000000e+05
3.126100000000000000e+04
4.203240000000000000e+05
4.152860000000000000e+05
6.783140000000000000e+05
4.313770000000000000e+05
4.492190000000000000e+05
1.339200000000000000e+04
1.644216000000000000e+06
7.259390000000000000e+05
3.512050000000000000e+05
4.029280000000000000e+05
3.757770000000000000e+05
1.760100000000000000e+04
2.777050000000000000e+05
3.052830000000000000e+05
6.691880000000000000e+05
3.494250000000000000e+05
3.506670000000000000e+05
8.155000000000000000e+03
1.411222000000000000e+06
6.998900000000000000e+05
