4.409830000000000000e+05
1.104090000000000000e+05
2.999000000000000000e+03
1.011020000000000000e+05
1.136540000000000000e+05
1.374070000000000000e+05
8.817600000000000000e+04
1.434880000000000000e+05
1.114800000000000000e+04
1.079035000000000000e+06
3.433560000000000000e+05
7.293450000000000000e+05
1.877210000000000000e+05
1.965360000000000000e+05
3.736000000000000000e+03
1.951250000000000000e+05
1.965110000000000000e+05
1.824400000000000000e+05
2.234130000000000000e+05
2.483990000000000000e+05
1.470400000000000000e+04
2.462911000000000000e+06
4.800500000000000000e+05
9.126930000000000000e+05
1.960420000000000000e+05
1.341990000000000000e+05
6.861000000000000000e+03
1.195710000000000000e+05
8.839900000000000000e+04
1.152450000000000000e+05
7.943000000000000000e+04
9.503100000000000000e+04
2.808400000000000000e+04
2.377296000000000000e+06
2.715490000000000000e+05
8.105100000000000000e+05
1.654500000000000000e+05
1.022990000000000000e+05
4.058000000000000000e+03
4.412600000000000000e+04
2.078040000000000000e+05
2.395430000000000000e+05
1.690380000000000000e+05
7.496600000000000000e+04
6.014000000000000000e+03
7.557740000000000000e+05
2.903630000000000000e+05
3.641950000000000000e+05
1.387290000000000000e+05
1.187550000000000000e+05
1.385000000000000000e+04
1.987280000000000000e+05
2.241290000000000000e+05
1.770590000000000000e+05
1.417200000000000000e+05
2.144590000000000000e+05
1.045000000000000000e+04
2.395021000000000000e+06
3.779270000000000000e+05
8.089460000000000000e+05
7.224500000000000000e+04
7.721000000000000000e+04
1.266000000000000000e+04
7.587900000000000000e+04
1.202140000000000000e+05
9.562500000000000000e+04
6.905700000000000000e+04
7.908100000000000000e+04
7.348000000000000000e+03
2.485254000000000000e+06
4.209990000000000000e+05
8.382540000000000000e+05
1.606180000000000000e+05
1.196100000000000000e+05
2.700000000000000000e+03
1.765940000000000000e+05
2.048190000000000000e+05
1.558950000000000000e+05
1.807450000000000000e+05
1.449990000000000000e+05
1.072200000000000000e+04
2.042171000000000000e+06
4.028200000000000000e+05
8.059690000000000000e+05
1.819750000000000000e+05
1.362740000000000000e+05
1.905000000000000000e+04
1.200480000000000000e+05
1.384350000000000000e+05
1.028560000000000000e+05
9.524700000000000000e+04
9.930000000000000000e+04
6.216000000000000000e+03
8.689200000000000000e+05
3.031010000000000000e+05
3.307660000000000000e+05
9.045600000000000000e+04
7.830300000000000000e+04
1.673100000000000000e+04
1.385480000000000000e+05
1.607360000000000000e+05
1.358190000000000000e+05
1.107230000000000000e+05
9.469700000000000000e+04
4.998000000000000000e+03
8.283680000000000000e+05
3.555150000000000000e+05
3.813770000000000000e+05
9.051400000000000000e+04
1.086700000000000000e+05
2.001000000000000000e+03
1.824510000000000000e+05
1.483190000000000000e+05
1.295580000000000000e+05
1.266310000000000000e+05
1.684380000000000000e+05
9.623000000000000000e+03
8.878020000000000000e+05
3.825060000000000000e+05
4.330950000000000000e+05
3.012390000000000000e+05
3.264550000000000000e+05
3.307600000000000000e+04
2.825850000000000000e+05
2.727730000000000000e+05
2.459260000000000000e+05
1.604520000000000000e+05
1.003890000000000000e+05
1.021100000000000000e+04
2.466361000000000000e+06
3.818150000000000000e+05
8.061410000000000000e+05
1.240390000000000000e+05
1.359320000000000000e+05
1.266000000000000000e+04
7.040700000000000000e+04
9.930000000000000000e+04
7.146900000000000000e+04
1.375710000000000000e+05
2.038530000000000000e+05
5.525000000000000000e+03
9.509350000000000000e+05
4.746740000000000000e+05
5.712230000000000000e+05
3.407860000000000000e+05
3.793590000000000000e+05
3.856200000000000000e+04
3.705300000000000000e+05
4.333890000000000000e+05
