8.502010000000000000e+05
4.387280000000000000e+05
3.872200000000000000e+04
3.369272000000000000e+06
8.135320000000000000e+05
4.070500000000000000e+05
4.156110000000000000e+05
3.707820000000000000e+05
2.953200000000000000e+04
3.185860000000000000e+05
2.778340000000000000e+05
9.129460000000000000e+05
1.432480000000000000e+05
1.441030000000000000e+05
2.040600000000000000e+04
2.981403000000000000e+06
6.893060000000000000e+05
4.812990000000000000e+05
5.407670000000000000e+05
6.660200000000000000e+05
2.630400000000000000e+04
7.793630000000000000e+05
8.418830000000000000e+05
1.460076000000000000e+06
1.043436000000000000e+06
1.017958000000000000e+06
5.760500000000000000e+04
3.828801000000000000e+06
1.610510000000000000e+06
1.364788000000000000e+06
1.496278000000000000e+06
1.488321000000000000e+06
8.394800000000000000e+04
1.591940000000000000e+06
1.648221000000000000e+06
2.267413000000000000e+06
1.744898000000000000e+06
1.624536000000000000e+06
1.097080000000000000e+05
2.469385000000000000e+06
1.883414000000000000e+06
1.592167000000000000e+06
1.583274000000000000e+06
1.444491000000000000e+06
5.451000000000000000e+04
1.455911000000000000e+06
1.435865000000000000e+06
1.616983000000000000e+06
1.368724000000000000e+06
1.262699000000000000e+06
4.344400000000000000e+04
2.076451000000000000e+06
1.366363000000000000e+06
9.168460000000000000e+05
8.063520000000000000e+05
7.988310000000000000e+05
4.752700000000000000e+04
6.001980000000000000e+05
5.021490000000000000e+05
6.900300000000000000e+05
2.882390000000000000e+05
1.843800000000000000e+05
2.209700000000000000e+04
3.116999000000000000e+06
5.668870000000000000e+05
4.303670000000000000e+05
5.761180000000000000e+05
6.179820000000000000e+05
3.065900000000000000e+04
5.885760000000000000e+05
6.879830000000000000e+05
1.261539000000000000e+06
7.350730000000000000e+05
7.865830000000000000e+05
2.789500000000000000e+04
3.390698000000000000e+06
1.110720000000000000e+06
8.189350000000000000e+05
9.470870000000000000e+05
8.619490000000000000e+05
5.630900000000000000e+04
8.671350000000000000e+05
9.553110000000000000e+05
1.547452000000000000e+06
1.022715000000000000e+06
9.801990000000000000e+05
8.182800000000000000e+04
1.932771000000000000e+06
1.301676000000000000e+06
1.004287000000000000e+06
9.481140000000000000e+05
9.612620000000000000e+05
6.440000000000000000e+04
9.615700000000000000e+05
9.536110000000000000e+05
1.165416000000000000e+06
9.599110000000000000e+05
9.196590000000000000e+05
4.720300000000000000e+04
1.904094000000000000e+06
1.220441000000000000e+06
8.921030000000000000e+05
8.831710000000000000e+05
8.412230000000000000e+05
7.108500000000000000e+04
8.108700000000000000e+05
7.858500000000000000e+05
1.051369000000000000e+06
7.748130000000000000e+05
7.288590000000000000e+05
3.996400000000000000e+04
1.716231000000000000e+06
1.068275000000000000e+06
7.374910000000000000e+05
7.147820000000000000e+05
6.686260000000000000e+05
9.223000000000000000e+03
6.637600000000000000e+05
6.324320000000000000e+05
8.659290000000000000e+05
6.107040000000000000e+05
4.317390000000000000e+05
1.640000000000000000e+04
2.966572000000000000e+06
7.924440000000000000e+05
4.936630000000000000e+05
4.804230000000000000e+05
4.493270000000000000e+05
4.738200000000000000e+04
4.727080000000000000e+05
5.070160000000000000e+05
1.028820000000000000e+06
4.281850000000000000e+05
2.949180000000000000e+05
3.554600000000000000e+04
3.103390000000000000e+06
7.081440000000000000e+05
3.057930000000000000e+05
3.272380000000000000e+05
2.718120000000000000e+05
4.101800000000000000e+04
2.955890000000000000e+05
2.939290000000000000e+05
9.153340000000000000e+05
3.030590000000000000e+05
2.707030000000000000e+05
1.845000000000000000e+04
1.299994000000000000e+06
5.983530000000000000e+05
