5.426440000000000000e+05
1.945550000000000000e+05
9.331000000000000000e+03
2.004860000000000000e+05
1.862470000000000000e+05
1.455920000000000000e+05
1.484330000000000000e+05
1.247530000000000000e+05
2.513900000000000000e+04
2.722333000000000000e+06
4.276980000000000000e+05
8.235310000000000000e+05
1.799950000000000000e+05
1.532550000000000000e+05
1.904400000000000000e+04
1.547520000000000000e+05
1.730520000000000000e+05
1.144080000000000000e+05
1.211470000000000000e+05
1.605720000000000000e+05
1.018300000000000000e+04
2.063165000000000000e+06
4.587710000000000000e+05
9.061530000000000000e+05
2.881760000000000000e+05
2.161100000000000000e+05
2.246400000000000000e+04
1.755460000000000000e+05
2.005150000000000000e+05
1.316640000000000000e+05
1.712360000000000000e+05
1.437780000000000000e+05
2.382300000000000000e+04
1.033053000000000000e+06
4.084090000000000000e+05
4.306090000000000000e+05
1.187960000000000000e+05
9.405300000000000000e+04
1.682300000000000000e+04
5.346400000000000000e+04
6.958000000000000000e+04
1.038560000000000000e+05
1.369440000000000000e+05
1.478200000000000000e+05
1.543800000000000000e+04
2.335559000000000000e+06
3.913690000000000000e+05
9.234080000000000000e+05
2.534550000000000000e+05
1.889010000000000000e+05
1.012600000000000000e+04
2.059830000000000000e+05
2.369760000000000000e+05
2.114530000000000000e+05
1.856190000000000000e+05
1.917360000000000000e+05
1.476000000000000000e+04
2.638561000000000000e+06
4.609170000000000000e+05
8.749380000000000000e+05
2.350110000000000000e+05
2.062790000000000000e+05
1.372700000000000000e+04
1.934840000000000000e+05
2.445590000000000000e+05
2.216840000000000000e+05
2.192080000000000000e+05
2.031980000000000000e+05
1.202200000000000000e+04
1.206195000000000000e+06
4.460030000000000000e+05
5.206880000000000000e+05
1.589320000000000000e+05
2.053050000000000000e+05
1.577400000000000000e+04
1.727960000000000000e+05
2.109890000000000000e+05
2.640540000000000000e+05
3.157520000000000000e+05
2.109920000000000000e+05
9.814000000000000000e+03
2.473775000000000000e+06
4.312130000000000000e+05
7.895860000000000000e+05
1.737140000000000000e+05
1.650270000000000000e+05
1.275000000000000000e+04
1.392230000000000000e+05
1.831010000000000000e+05
1.551660000000000000e+05
1.156410000000000000e+05
1.143150000000000000e+05
2.041000000000000000e+03
2.662873000000000000e+06
4.035720000000000000e+05
8.788030000000000000e+05
1.746260000000000000e+05
1.727460000000000000e+05
1.632100000000000000e+04
2.427290000000000000e+05
2.634880000000000000e+05
2.741240000000000000e+05
2.847910000000000000e+05
3.105480000000000000e+05
1.090300000000000000e+04
2.221974000000000000e+06
6.131850000000000000e+05
8.445910000000000000e+05
2.793340000000000000e+05
2.844670000000000000e+05
1.850700000000000000e+04
2.421650000000000000e+05
2.295930000000000000e+05
1.873690000000000000e+05
1.367430000000000000e+05
1.624650000000000000e+05
1.394200000000000000e+04
1.006669000000000000e+06
4.280360000000000000e+05
4.192720000000000000e+05
1.495860000000000000e+05
1.153000000000000000e+05
5.494000000000000000e+03
1.285590000000000000e+05
1.494300000000000000e+05
1.334560000000000000e+05
1.121830000000000000e+05
1.431200000000000000e+05
2.015600000000000000e+04
2.065399000000000000e+06
4.280300000000000000e+05
7.695520000000000000e+05
1.996210000000000000e+05
9.738400000000000000e+04
8.846000000000000000e+03
1.099790000000000000e+05
1.403850000000000000e+05
2.057450000000000000e+05
3.160110000000000000e+05
3.777770000000000000e+05
2.481000000000000000e+04
1.361885000000000000e+06
5.797680000000000000e+05
5.843600000000000000e+05
3.143600000000000000e+05
2.024030000000000000e+05
1.169600000000000000e+04
2.145350000000000000e+05
2.324630000000000000e+05
