6.473120000000000000e+05
1.640290000000000000e+05
2.137700000000000000e+04
2.174576000000000000e+06
3.759710000000000000e+05
8.762800000000000000e+04
6.991400000000000000e+04
5.778900000000000000e+04
1.003100000000000000e+04
4.431800000000000000e+04
1.185790000000000000e+05
7.697370000000000000e+05
1.142410000000000000e+05
8.677200000000000000e+04
2.178000000000000000e+03
2.617971000000000000e+06
3.463530000000000000e+05
1.192890000000000000e+05
1.426860000000000000e+05
2.079310000000000000e+05
1.528800000000000000e+04
1.704000000000000000e+05
1.986610000000000000e+05
8.763230000000000000e+05
2.340190000000000000e+05
2.584430000000000000e+05
8.843000000000000000e+03
2.634363000000000000e+06
4.724280000000000000e+05
2.369340000000000000e+05
2.143880000000000000e+05
2.427320000000000000e+05
2.631400000000000000e+04
2.277630000000000000e+05
3.030510000000000000e+05
8.837610000000000000e+05
2.145900000000000000e+05
2.106120000000000000e+05
2.761100000000000000e+04
2.138299000000000000e+06
4.391510000000000000e+05
1.710730000000000000e+05
1.114710000000000000e+05
7.325300000000000000e+04
5.997000000000000000e+03
3.489500000000000000e+04
1.044750000000000000e+05
7.007070000000000000e+05
6.087900000000000000e+04
7.301600000000000000e+04
5.640000000000000000e+02
2.627418000000000000e+06
3.311160000000000000e+05
9.912000000000000000e+04
1.007660000000000000e+05
2.086540000000000000e+05
2.070500000000000000e+04
2.188290000000000000e+05
9.967200000000000000e+04
7.909590000000000000e+05
2.776560000000000000e+05
3.038730000000000000e+05
3.084000000000000000e+04
2.567224000000000000e+06
4.868190000000000000e+05
2.147310000000000000e+05
3.492880000000000000e+05
3.205520000000000000e+05
1.332200000000000000e+04
2.465450000000000000e+05
2.283720000000000000e+05
8.597550000000000000e+05
1.664020000000000000e+05
9.401200000000000000e+04
1.603200000000000000e+04
1.087353000000000000e+06
2.997020000000000000e+05
4.671500000000000000e+04
3.155800000000000000e+04
3.298200000000000000e+04
5.031000000000000000e+03
6.571000000000000000e+04
6.429100000000000000e+04
4.443290000000000000e+05
1.707260000000000000e+05
1.781470000000000000e+05
5.744000000000000000e+03
2.353586000000000000e+06
4.188230000000000000e+05
3.108980000000000000e+05
2.770400000000000000e+05
2.274510000000000000e+05
7.028000000000000000e+03
2.749390000000000000e+05
2.915500000000000000e+05
9.054200000000000000e+05
2.377990000000000000e+05
2.587480000000000000e+05
2.409300000000000000e+04
2.667963000000000000e+06
4.252160000000000000e+05
2.052490000000000000e+05
1.342140000000000000e+05
1.367280000000000000e+05
2.191900000000000000e+04
1.625500000000000000e+05
1.753170000000000000e+05
8.095700000000000000e+05
1.110420000000000000e+05
5.152500000000000000e+04
1.144900000000000000e+04
2.611212000000000000e+06
3.619700000000000000e+05
9.420400000000000000e+04
8.142600000000000000e+04
1.784750000000000000e+05
1.103400000000000000e+04
2.784290000000000000e+05
1.972260000000000000e+05
9.224090000000000000e+05
2.446390000000000000e+05
2.327170000000000000e+05
1.100800000000000000e+04
2.625111000000000000e+06
4.448550000000000000e+05
1.691480000000000000e+05
1.224870000000000000e+05
1.061290000000000000e+05
3.124000000000000000e+03
1.034650000000000000e+05
9.420400000000000000e+04
7.652680000000000000e+05
9.278600000000000000e+04
1.156350000000000000e+05
1.596000000000000000e+04
2.568539000000000000e+06
3.420000000000000000e+05
4.941800000000000000e+04
6.522900000000000000e+04
4.503200000000000000e+04
5.734000000000000000e+03
4.319800000000000000e+04
5.004800000000000000e+04
7.623160000000000000e+05
4.905800000000000000e+04
3.311500000000000000e+04
1.079000000000000000e+03
2.382103000000000000e+06
2.963870000000000000e+05
