5.531270000000000000e+05
8.260000000000000000e+04
1.094700000000000000e+04
9.550900000000000000e+04
1.618550000000000000e+05
1.466630000000000000e+05
1.802880000000000000e+05
2.558320000000000000e+05
1.638200000000000000e+04
2.676829000000000000e+06
4.920050000000000000e+05
8.569820000000000000e+05
1.182280000000000000e+05
1.685140000000000000e+05
8.658000000000000000e+03
1.390460000000000000e+05
1.941080000000000000e+05
1.934360000000000000e+05
1.799010000000000000e+05
1.843980000000000000e+05
9.203000000000000000e+03
9.728180000000000000e+05
4.394960000000000000e+05
5.197290000000000000e+05
1.674890000000000000e+05
1.671000000000000000e+05
1.306000000000000000e+04
1.594600000000000000e+05
2.264760000000000000e+05
1.479100000000000000e+05
1.134450000000000000e+05
1.764050000000000000e+05
1.158700000000000000e+04
1.021965000000000000e+06
3.604220000000000000e+05
4.130850000000000000e+05
1.395520000000000000e+05
1.171460000000000000e+05
6.574000000000000000e+03
1.243350000000000000e+05
1.308020000000000000e+05
9.021200000000000000e+04
6.906700000000000000e+04
4.020100000000000000e+04
7.283000000000000000e+03
2.527740000000000000e+06
2.744410000000000000e+05
7.700550000000000000e+05
6.526400000000000000e+04
9.777000000000000000e+04
1.019700000000000000e+04
7.846600000000000000e+04
7.576500000000000000e+04
1.057630000000000000e+05
9.074800000000000000e+04
1.202310000000000000e+05
5.825000000000000000e+03
1.985133000000000000e+06
3.407080000000000000e+05
7.412830000000000000e+05
1.293950000000000000e+05
1.719550000000000000e+05
1.056100000000000000e+04
2.038830000000000000e+05
2.355060000000000000e+05
2.924790000000000000e+05
3.595910000000000000e+05
2.850180000000000000e+05
1.997100000000000000e+04
2.858200000000000000e+06
5.755910000000000000e+05
9.404110000000000000e+05
2.384370000000000000e+05
2.958670000000000000e+05
3.088000000000000000e+04
2.440190000000000000e+05
3.184220000000000000e+05
3.355250000000000000e+05
3.352060000000000000e+05
3.485280000000000000e+05
2.202700000000000000e+04
2.428178000000000000e+06
6.134120000000000000e+05
8.658440000000000000e+05
2.163510000000000000e+05
2.446670000000000000e+05
1.168900000000000000e+04
1.611850000000000000e+05
1.859840000000000000e+05
1.577740000000000000e+05
1.671450000000000000e+05
1.496920000000000000e+05
1.124800000000000000e+04
2.746779000000000000e+06
4.577960000000000000e+05
8.802650000000000000e+05
2.154310000000000000e+05
2.169360000000000000e+05
1.370900000000000000e+04
2.033990000000000000e+05
1.801660000000000000e+05
1.758450000000000000e+05
1.694650000000000000e+05
1.405510000000000000e+05
7.867000000000000000e+03
2.143144000000000000e+06
4.369190000000000000e+05
7.914600000000000000e+05
1.896730000000000000e+05
1.062650000000000000e+05
9.563000000000000000e+03
1.170630000000000000e+05
1.725680000000000000e+05
1.998810000000000000e+05
1.906700000000000000e+05
1.402240000000000000e+05
3.538000000000000000e+03
2.310416000000000000e+06
4.103800000000000000e+05
9.001520000000000000e+05
1.408880000000000000e+05
1.282750000000000000e+05
8.930000000000000000e+03
1.547090000000000000e+05
1.497060000000000000e+05
1.332590000000000000e+05
7.743600000000000000e+04
6.964800000000000000e+04
5.392000000000000000e+03
8.756050000000000000e+05
3.219100000000000000e+05
4.811230000000000000e+05
2.658830000000000000e+05
1.744930000000000000e+05
7.784000000000000000e+03
5.818100000000000000e+04
1.323680000000000000e+05
2.124230000000000000e+05
2.578780000000000000e+05
2.648270000000000000e+05
1.492600000000000000e+04
2.500949000000000000e+06
6.341990000000000000e+05
1.025859000000000000e+06
3.138710000000000000e+05
3.111400000000000000e+05
2.598600000000000000e+04
2.811310000000000000e+05
3.450730000000000000e+05
