2.297260000000000000e+05
8.066200000000000000e+04
2.353500000000000000e+04
1.028057000000000000e+06
3.408380000000000000e+05
9.105300000000000000e+04
1.442780000000000000e+05
1.323070000000000000e+05
2.684000000000000000e+03
1.782110000000000000e+05
1.858910000000000000e+05
6.340910000000000000e+05
1.475750000000000000e+05
1.477930000000000000e+05
9.346000000000000000e+03
1.012690000000000000e+06
3.685470000000000000e+05
7.378200000000000000e+04
1.020610000000000000e+05
5.099400000000000000e+04
7.968000000000000000e+03
9.486500000000000000e+04
1.346000000000000000e+05
4.212940000000000000e+05
1.273970000000000000e+05
1.646920000000000000e+05
6.714000000000000000e+03
2.354186000000000000e+06
5.048870000000000000e+05
2.357550000000000000e+05
1.347060000000000000e+05
1.747730000000000000e+05
1.094200000000000000e+04
9.786900000000000000e+04
1.111290000000000000e+05
8.343900000000000000e+05
1.258230000000000000e+05
9.199200000000000000e+04
5.061000000000000000e+03
8.455190000000000000e+05
3.256950000000000000e+05
1.254300000000000000e+05
1.858630000000000000e+05
1.718030000000000000e+05
2.547600000000000000e+04
6.232800000000000000e+04
6.940000000000000000e+04
4.004480000000000000e+05
1.242080000000000000e+05
1.654040000000000000e+05
1.321000000000000000e+04
8.670380000000000000e+05
2.882550000000000000e+05
9.239200000000000000e+04
8.143800000000000000e+04
1.876600000000000000e+05
1.846100000000000000e+04
3.235750000000000000e+05
2.283730000000000000e+05
3.813790000000000000e+05
1.013020000000000000e+05
1.620950000000000000e+05
6.675000000000000000e+03
2.363276000000000000e+06
3.736950000000000000e+05
1.048820000000000000e+05
1.817780000000000000e+05
1.261980000000000000e+05
1.222300000000000000e+04
9.977200000000000000e+04
1.902440000000000000e+05
8.185390000000000000e+05
2.114540000000000000e+05
2.431530000000000000e+05
1.176100000000000000e+04
2.107589000000000000e+06
5.277910000000000000e+05
2.167410000000000000e+05
2.149320000000000000e+05
2.533580000000000000e+05
1.632000000000000000e+04
2.498160000000000000e+05
2.802880000000000000e+05
7.974880000000000000e+05
2.776550000000000000e+05
2.486770000000000000e+05
2.169400000000000000e+04
2.540611000000000000e+06
5.848760000000000000e+05
2.464550000000000000e+05
2.419250000000000000e+05
2.903980000000000000e+05
9.193000000000000000e+03
2.080110000000000000e+05
2.470930000000000000e+05
8.437140000000000000e+05
1.439440000000000000e+05
9.669700000000000000e+04
2.147300000000000000e+04
2.465102000000000000e+06
4.040640000000000000e+05
1.500840000000000000e+05
1.630540000000000000e+05
2.270080000000000000e+05
2.227300000000000000e+04
1.962450000000000000e+05
2.735590000000000000e+05
8.754970000000000000e+05
2.753600000000000000e+05
2.373570000000000000e+05
2.622300000000000000e+04
2.508995000000000000e+06
6.141710000000000000e+05
2.012140000000000000e+05
2.166130000000000000e+05
1.859590000000000000e+05
1.513900000000000000e+04
2.152550000000000000e+05
2.495020000000000000e+05
8.533280000000000000e+05
2.617840000000000000e+05
2.468800000000000000e+05
7.033000000000000000e+03
2.510247000000000000e+06
5.846040000000000000e+05
2.368270000000000000e+05
1.832630000000000000e+05
1.313470000000000000e+05
1.944000000000000000e+03
1.800330000000000000e+05
1.490980000000000000e+05
8.193520000000000000e+05
1.578440000000000000e+05
1.441180000000000000e+05
5.589000000000000000e+03
2.111522000000000000e+06
4.006970000000000000e+05
2.091950000000000000e+05
1.958730000000000000e+05
1.496150000000000000e+05
2.268000000000000000e+03
1.910450000000000000e+05
2.167470000000000000e+05
7.633390000000000000e+05
1.480750000000000000e+05
1.808470000000000000e+05
9.999000000000000000e+03
1.009358000000000000e+06
4.667840000000000000e+05
