6.093940000000000000e+05
2.232770000000000000e+05
1.313800000000000000e+04
1.616370000000000000e+05
1.917870000000000000e+05
2.103980000000000000e+05
1.855800000000000000e+05
2.067910000000000000e+05
6.931000000000000000e+03
2.168003000000000000e+06
5.248790000000000000e+05
9.407280000000000000e+05
2.442890000000000000e+05
2.591230000000000000e+05
1.617800000000000000e+04
2.096210000000000000e+05
2.297190000000000000e+05
1.892720000000000000e+05
2.250960000000000000e+05
1.690220000000000000e+05
1.277700000000000000e+04
1.035042000000000000e+06
3.937960000000000000e+05
4.204030000000000000e+05
8.226000000000000000e+04
3.977700000000000000e+04
4.296000000000000000e+03
7.953000000000000000e+04
6.397500000000000000e+04
8.306600000000000000e+04
4.596500000000000000e+04
8.042600000000000000e+04
2.010000000000000000e+02
2.568354000000000000e+06
3.818770000000000000e+05
8.380510000000000000e+05
1.314910000000000000e+05
1.263950000000000000e+05
4.414000000000000000e+03
1.343790000000000000e+05
2.129800000000000000e+05
2.004020000000000000e+05
1.691770000000000000e+05
1.801100000000000000e+05
4.756000000000000000e+03
2.640557000000000000e+06
4.828860000000000000e+05
8.942540000000000000e+05
2.522990000000000000e+05
2.639530000000000000e+05
1.372100000000000000e+04
2.390030000000000000e+05
3.069680000000000000e+05
3.027430000000000000e+05
3.170460000000000000e+05
3.643470000000000000e+05
1.846800000000000000e+04
2.984961000000000000e+06
6.302690000000000000e+05
9.337950000000000000e+05
2.516070000000000000e+05
2.175340000000000000e+05
2.660000000000000000e+04
2.389800000000000000e+05
3.486340000000000000e+05
3.831980000000000000e+05
3.319210000000000000e+05
2.076980000000000000e+05
2.375500000000000000e+04
1.111119000000000000e+06
3.734830000000000000e+05
4.254540000000000000e+05
1.573910000000000000e+05
1.214360000000000000e+05
2.971000000000000000e+03
1.116240000000000000e+05
1.471190000000000000e+05
2.200540000000000000e+05
1.109180000000000000e+05
1.445690000000000000e+05
1.114900000000000000e+04
2.754578000000000000e+06
4.369730000000000000e+05
8.188720000000000000e+05
8.809200000000000000e+04
1.201110000000000000e+05
1.550600000000000000e+04
6.621500000000000000e+04
9.688400000000000000e+04
1.102150000000000000e+05
6.847100000000000000e+04
5.086200000000000000e+04
2.875000000000000000e+03
2.474773000000000000e+06
3.595670000000000000e+05
7.911690000000000000e+05
1.021960000000000000e+05
7.150300000000000000e+04
1.859000000000000000e+03
7.108400000000000000e+04
7.937500000000000000e+04
9.740100000000000000e+04
8.699400000000000000e+04
1.171150000000000000e+05
6.058000000000000000e+03
7.906430000000000000e+05
3.927950000000000000e+05
4.590790000000000000e+05
1.508020000000000000e+05
1.213230000000000000e+05
8.041000000000000000e+03
5.403700000000000000e+04
6.119500000000000000e+04
9.987000000000000000e+04
1.061830000000000000e+05
9.973700000000000000e+04
8.716000000000000000e+03
1.990019000000000000e+06
4.681440000000000000e+05
8.021070000000000000e+05
1.620280000000000000e+05
2.106500000000000000e+05
1.017000000000000000e+04
1.503310000000000000e+05
1.490070000000000000e+05
1.267700000000000000e+05
1.307830000000000000e+05
8.962200000000000000e+04
6.621000000000000000e+03
9.350030000000000000e+05
3.463460000000000000e+05
4.326150000000000000e+05
2.216850000000000000e+05
1.898480000000000000e+05
1.820500000000000000e+04
1.899550000000000000e+05
2.422290000000000000e+05
1.394310000000000000e+05
1.620790000000000000e+05
1.659780000000000000e+05
1.214700000000000000e+04
2.437952000000000000e+06
3.976910000000000000e+05
8.454900000000000000e+05
1.819540000000000000e+05
2.172510000000000000e+05
1.731200000000000000e+04
1.878760000000000000e+05
2.581940000000000000e+05
