6.704580000000000000e+05
2.904850000000000000e+05
1.501000000000000000e+04
2.777870000000000000e+06
6.927290000000000000e+05
3.610760000000000000e+05
4.007940000000000000e+05
3.651480000000000000e+05
1.245400000000000000e+04
4.186410000000000000e+05
4.491680000000000000e+05
1.089010000000000000e+06
3.872020000000000000e+05
3.761490000000000000e+05
2.417200000000000000e+04
2.448058000000000000e+06
6.658810000000000000e+05
3.037910000000000000e+05
2.439870000000000000e+05
1.930760000000000000e+05
2.333300000000000000e+04
2.164470000000000000e+05
2.332450000000000000e+05
8.275030000000000000e+05
2.442900000000000000e+05
2.463220000000000000e+05
6.887000000000000000e+03
1.154140000000000000e+06
5.105010000000000000e+05
1.898880000000000000e+05
1.513890000000000000e+05
1.492380000000000000e+05
1.516700000000000000e+04
1.468160000000000000e+05
1.176860000000000000e+05
4.042480000000000000e+05
7.865500000000000000e+04
4.499900000000000000e+04
1.028900000000000000e+04
2.965609000000000000e+06
3.086530000000000000e+05
8.686400000000000000e+04
3.819200000000000000e+04
6.342900000000000000e+04
9.940000000000000000e+02
5.339000000000000000e+04
1.157000000000000000e+05
7.788350000000000000e+05
8.330400000000000000e+04
9.400200000000000000e+04
2.571000000000000000e+03
8.154390000000000000e+05
3.084460000000000000e+05
7.960500000000000000e+04
7.349700000000000000e+04
1.120180000000000000e+05
8.005000000000000000e+03
2.815180000000000000e+05
5.040570000000000000e+05
6.368720000000000000e+05
2.047170000000000000e+05
1.580210000000000000e+05
1.754900000000000000e+04
2.382795000000000000e+06
3.431510000000000000e+05
4.480900000000000000e+04
1.529120000000000000e+05
1.248090000000000000e+05
1.439400000000000000e+04
1.855920000000000000e+05
2.151140000000000000e+05
8.921180000000000000e+05
2.818870000000000000e+05
2.037590000000000000e+05
2.190000000000000000e+04
2.140409000000000000e+06
5.331680000000000000e+05
3.120820000000000000e+05
3.897170000000000000e+05
4.264820000000000000e+05
3.555100000000000000e+04
3.492380000000000000e+05
2.794810000000000000e+05
8.281040000000000000e+05
2.604280000000000000e+05
2.080560000000000000e+05
2.515500000000000000e+04
2.561020000000000000e+06
6.058900000000000000e+05
3.112360000000000000e+05
3.144490000000000000e+05
2.768920000000000000e+05
2.786600000000000000e+04
3.201400000000000000e+05
3.031750000000000000e+05
9.188230000000000000e+05
3.067180000000000000e+05
3.796470000000000000e+05
2.944400000000000000e+04
2.376582000000000000e+06
6.196320000000000000e+05
2.861100000000000000e+05
1.970470000000000000e+05
1.766730000000000000e+05
1.978100000000000000e+04
2.167040000000000000e+05
1.769220000000000000e+05
7.644220000000000000e+05
1.292390000000000000e+05
1.308170000000000000e+05
1.018400000000000000e+04
2.689458000000000000e+06
3.634940000000000000e+05
9.951400000000000000e+04
1.097540000000000000e+05
7.468000000000000000e+04
5.549000000000000000e+03
8.527100000000000000e+04
1.236020000000000000e+05
7.816180000000000000e+05
1.601540000000000000e+05
1.513000000000000000e+05
8.893000000000000000e+03
2.095149000000000000e+06
4.158680000000000000e+05
2.736710000000000000e+05
2.586060000000000000e+05
2.312570000000000000e+05
1.012700000000000000e+04
1.976170000000000000e+05
3.055460000000000000e+05
8.191730000000000000e+05
3.059410000000000000e+05
3.132460000000000000e+05
2.844400000000000000e+04
2.749928000000000000e+06
6.790700000000000000e+05
3.414980000000000000e+05
4.648110000000000000e+05
3.408880000000000000e+05
2.177300000000000000e+04
3.470330000000000000e+05
4.166060000000000000e+05
1.057059000000000000e+06
4.294450000000000000e+05
4.558500000000000000e+05
1.627400000000000000e+04
3.285458000000000000e+06
9.097980000000000000e+05
