9.246240000000000000e+05
6.444090000000000000e+05
2.561400000000000000e+04
6.353050000000000000e+05
6.607280000000000000e+05
6.925350000000000000e+05
7.372330000000000000e+05
7.072490000000000000e+05
3.609900000000000000e+04
3.164717000000000000e+06
1.039902000000000000e+06
1.176192000000000000e+06
6.017850000000000000e+05
5.821210000000000000e+05
2.477800000000000000e+04
5.167640000000000000e+05
6.034280000000000000e+05
5.303720000000000000e+05
5.672320000000000000e+05
4.606990000000000000e+05
4.368100000000000000e+04
1.489518000000000000e+06
7.862510000000000000e+05
6.335900000000000000e+05
3.763790000000000000e+05
2.979500000000000000e+05
1.930100000000000000e+04
2.898830000000000000e+05
3.023300000000000000e+05
2.736090000000000000e+05
1.784030000000000000e+05
1.461960000000000000e+05
4.194600000000000000e+04
3.140430000000000000e+06
3.685610000000000000e+05
7.935040000000000000e+05
1.987170000000000000e+05
2.036000000000000000e+05
1.519000000000000000e+04
2.592430000000000000e+05
3.639650000000000000e+05
3.509830000000000000e+05
3.637430000000000000e+05
4.033050000000000000e+05
1.810300000000000000e+04
2.878177000000000000e+06
8.042310000000000000e+05
1.178795000000000000e+06
6.539160000000000000e+05
7.088490000000000000e+05
2.240300000000000000e+04
7.458200000000000000e+05
8.199200000000000000e+05
8.748630000000000000e+05
8.752570000000000000e+05
8.437270000000000000e+05
2.729700000000000000e+04
3.513622000000000000e+06
1.155538000000000000e+06
1.308552000000000000e+06
6.596360000000000000e+05
6.390650000000000000e+05
4.016200000000000000e+04
5.467290000000000000e+05
5.413490000000000000e+05
4.542480000000000000e+05
4.594250000000000000e+05
3.521550000000000000e+05
4.190200000000000000e+04
3.241830000000000000e+06
7.735180000000000000e+05
9.773190000000000000e+05
3.809400000000000000e+05
3.108400000000000000e+05
1.434600000000000000e+04
3.470730000000000000e+05
2.939550000000000000e+05
3.838200000000000000e+05
3.105030000000000000e+05
3.284610000000000000e+05
8.099000000000000000e+03
2.865717000000000000e+06
6.951150000000000000e+05
1.050645000000000000e+06
4.672810000000000000e+05
4.581840000000000000e+05
2.233100000000000000e+04
5.710470000000000000e+05
7.196620000000000000e+05
7.215290000000000000e+05
8.652600000000000000e+05
8.211670000000000000e+05
8.689300000000000000e+04
3.519867000000000000e+06
1.258190000000000000e+06
1.453508000000000000e+06
8.695630000000000000e+05
8.940690000000000000e+05
3.380300000000000000e+04
8.377530000000000000e+05
7.887560000000000000e+05
7.313400000000000000e+05
7.815570000000000000e+05
7.396260000000000000e+05
3.024700000000000000e+04
1.790544000000000000e+06
8.828870000000000000e+05
7.600220000000000000e+05
4.146240000000000000e+05
2.824680000000000000e+05
2.844400000000000000e+04
2.765600000000000000e+05
2.248680000000000000e+05
2.117370000000000000e+05
1.826320000000000000e+05
1.770200000000000000e+05
3.064100000000000000e+04
3.268890000000000000e+06
5.636480000000000000e+05
8.767180000000000000e+05
2.094570000000000000e+05
2.382900000000000000e+05
9.804000000000000000e+03
2.267810000000000000e+05
3.414000000000000000e+05
5.751630000000000000e+05
9.368290000000000000e+05
9.654290000000000000e+05
8.761200000000000000e+04
3.742810000000000000e+06
1.257454000000000000e+06
1.322012000000000000e+06
6.107640000000000000e+05
6.254210000000000000e+05
3.471900000000000000e+04
6.049560000000000000e+05
5.391070000000000000e+05
4.834470000000000000e+05
3.900500000000000000e+05
3.695680000000000000e+05
3.186100000000000000e+04
2.967026000000000000e+06
7.289440000000000000e+05
1.067628000000000000e+06
4.541080000000000000e+05
3.559150000000000000e+05
3.945500000000000000e+04
3.505480000000000000e+05
3.433520000000000000e+05
