4.168910000000000000e+05
3.124520000000000000e+05
1.046100000000000000e+04
2.841100000000000000e+05
2.665060000000000000e+05
3.030430000000000000e+05
1.979520000000000000e+05
2.162490000000000000e+05
1.036400000000000000e+04
1.609130000000000000e+06
5.490100000000000000e+05
7.401290000000000000e+05
2.197980000000000000e+05
2.866510000000000000e+05
9.264000000000000000e+03
2.209530000000000000e+05
3.137860000000000000e+05
2.954340000000000000e+05
2.929270000000000000e+05
2.555570000000000000e+05
1.044600000000000000e+04
1.339571000000000000e+06
5.917550000000000000e+05
5.331060000000000000e+05
2.213710000000000000e+05
1.772710000000000000e+05
5.320000000000000000e+03
1.594730000000000000e+05
2.232710000000000000e+05
1.720950000000000000e+05
1.710200000000000000e+05
1.903970000000000000e+05
3.553000000000000000e+03
1.262667000000000000e+06
5.394120000000000000e+05
4.840340000000000000e+05
1.604070000000000000e+05
1.004900000000000000e+05
1.380600000000000000e+04
1.478550000000000000e+05
1.870610000000000000e+05
1.853630000000000000e+05
1.750880000000000000e+05
1.604150000000000000e+05
2.015900000000000000e+04
1.164689000000000000e+06
4.838310000000000000e+05
4.450630000000000000e+05
1.875680000000000000e+05
1.323800000000000000e+05
1.146700000000000000e+04
7.867400000000000000e+04
6.802400000000000000e+04
9.653700000000000000e+04
1.105640000000000000e+05
1.184770000000000000e+05
1.171700000000000000e+04
1.128428000000000000e+06
5.149070000000000000e+05
4.332990000000000000e+05
2.243300000000000000e+05
1.771460000000000000e+05
7.602000000000000000e+03
2.187270000000000000e+05
2.528980000000000000e+05
2.434410000000000000e+05
2.734650000000000000e+05
2.958260000000000000e+05
2.639100000000000000e+04
1.242879000000000000e+06
6.434370000000000000e+05
5.290070000000000000e+05
2.118030000000000000e+05
2.190950000000000000e+05
6.231000000000000000e+03
2.512360000000000000e+05
3.089620000000000000e+05
2.813240000000000000e+05
2.850650000000000000e+05
3.057770000000000000e+05
2.030200000000000000e+04
1.464294000000000000e+06
7.040810000000000000e+05
6.839710000000000000e+05
3.159240000000000000e+05
3.372020000000000000e+05
1.658700000000000000e+04
4.028820000000000000e+05
4.043030000000000000e+05
3.719690000000000000e+05
4.580850000000000000e+05
5.054500000000000000e+05
2.527000000000000000e+04
1.458764000000000000e+06
7.857930000000000000e+05
7.179970000000000000e+05
3.434930000000000000e+05
3.020200000000000000e+05
1.520200000000000000e+04
3.067500000000000000e+05
2.854700000000000000e+05
3.207880000000000000e+05
2.978650000000000000e+05
2.889510000000000000e+05
1.872600000000000000e+04
1.335489000000000000e+06
6.177220000000000000e+05
5.813540000000000000e+05
2.478490000000000000e+05
2.979950000000000000e+05
1.618200000000000000e+04
2.041490000000000000e+05
2.236320000000000000e+05
1.937620000000000000e+05
2.562130000000000000e+05
2.209890000000000000e+05
2.618000000000000000e+03
1.287590000000000000e+06
6.264860000000000000e+05
6.054710000000000000e+05
3.174820000000000000e+05
2.795680000000000000e+05
6.299000000000000000e+03
3.177520000000000000e+05
2.890240000000000000e+05
2.630530000000000000e+05
3.074060000000000000e+05
2.626330000000000000e+05
8.200000000000000000e+02
1.278082000000000000e+06
6.758550000000000000e+05
5.523030000000000000e+05
2.601760000000000000e+05
2.014070000000000000e+05
9.122000000000000000e+03
1.986650000000000000e+05
1.545630000000000000e+05
1.755850000000000000e+05
8.145700000000000000e+04
1.064610000000000000e+05
1.570100000000000000e+04
2.909113000000000000e+06
4.848350000000000000e+05
7.933240000000000000e+05
1.051850000000000000e+05
8.422900000000000000e+04
1.054900000000000000e+04
1.270010000000000000e+05
1.211750000000000000e+05
