5.376550000000000000e+05
2.550540000000000000e+05
2.198200000000000000e+04
1.249336000000000000e+06
5.989890000000000000e+05
2.229250000000000000e+05
2.205100000000000000e+05
3.122370000000000000e+05
8.814000000000000000e+03
2.303050000000000000e+05
2.771810000000000000e+05
6.923430000000000000e+05
2.014810000000000000e+05
1.473610000000000000e+05
1.949200000000000000e+04
1.184484000000000000e+06
4.416290000000000000e+05
1.935180000000000000e+05
1.492810000000000000e+05
7.207500000000000000e+04
1.297900000000000000e+04
7.884400000000000000e+04
1.408200000000000000e+05
4.501650000000000000e+05
2.063790000000000000e+05
1.625100000000000000e+05
3.504000000000000000e+03
2.622077000000000000e+06
4.431770000000000000e+05
8.949700000000000000e+04
4.586000000000000000e+04
6.309300000000000000e+04
1.023100000000000000e+04
9.589900000000000000e+04
8.239200000000000000e+04
7.593500000000000000e+05
1.306740000000000000e+05
1.591840000000000000e+05
5.173000000000000000e+03
1.017996000000000000e+06
4.313900000000000000e+05
2.017750000000000000e+05
2.295490000000000000e+05
1.230240000000000000e+05
6.438000000000000000e+03
1.692720000000000000e+05
1.507820000000000000e+05
4.142080000000000000e+05
1.557420000000000000e+05
1.315590000000000000e+05
1.964200000000000000e+04
2.304555000000000000e+06
4.684910000000000000e+05
1.468200000000000000e+05
9.369000000000000000e+04
1.100130000000000000e+05
1.038600000000000000e+04
1.217550000000000000e+05
1.648280000000000000e+05
7.455480000000000000e+05
1.704090000000000000e+05
1.902840000000000000e+05
1.526300000000000000e+04
1.019819000000000000e+06
5.483400000000000000e+05
2.425680000000000000e+05
2.345750000000000000e+05
1.414480000000000000e+05
1.503000000000000000e+03
7.664300000000000000e+04
9.535900000000000000e+04
4.102370000000000000e+05
1.083900000000000000e+05
9.100100000000000000e+04
5.260000000000000000e+03
2.335221000000000000e+06
3.514400000000000000e+05
7.616700000000000000e+04
1.485620000000000000e+05
1.225470000000000000e+05
1.135400000000000000e+04
1.475720000000000000e+05
2.652230000000000000e+05
8.030380000000000000e+05
1.713900000000000000e+05
1.301100000000000000e+05
2.747000000000000000e+03
9.886310000000000000e+05
4.810030000000000000e+05
2.442410000000000000e+05
2.599440000000000000e+05
2.648030000000000000e+05
1.583400000000000000e+04
3.020110000000000000e+05
2.206960000000000000e+05
4.691830000000000000e+05
2.070910000000000000e+05
1.927040000000000000e+05
1.907000000000000000e+04
2.737099000000000000e+06
4.779260000000000000e+05
1.331210000000000000e+05
1.018200000000000000e+05
1.139150000000000000e+05
5.482000000000000000e+03
1.158670000000000000e+05
1.364390000000000000e+05
7.578980000000000000e+05
4.109000000000000000e+04
4.241800000000000000e+04
1.594000000000000000e+03
2.678253000000000000e+06
3.858040000000000000e+05
1.668640000000000000e+05
2.043820000000000000e+05
2.215440000000000000e+05
1.618600000000000000e+04
8.766400000000000000e+04
1.497970000000000000e+05
8.417550000000000000e+05
1.490080000000000000e+05
1.440320000000000000e+05
1.548000000000000000e+03
2.041904000000000000e+06
3.695370000000000000e+05
1.190680000000000000e+05
7.312600000000000000e+04
5.753400000000000000e+04
9.470000000000000000e+03
7.193500000000000000e+04
2.059110000000000000e+05
7.557860000000000000e+05
1.085630000000000000e+05
1.183760000000000000e+05
1.230000000000000000e+03
2.038752000000000000e+06
3.878990000000000000e+05
1.744970000000000000e+05
1.554040000000000000e+05
1.014690000000000000e+05
1.412100000000000000e+04
7.080200000000000000e+04
9.976500000000000000e+04
7.064660000000000000e+05
1.095700000000000000e+05
1.168460000000000000e+05
5.697000000000000000e+03
1.044332000000000000e+06
3.151490000000000000e+05
