5.049880000000000000e+05
1.099930000000000000e+05
3.439000000000000000e+03
7.999600000000000000e+04
1.010240000000000000e+05
1.041440000000000000e+05
8.324700000000000000e+04
1.383700000000000000e+05
1.222900000000000000e+04
8.941090000000000000e+05
3.065700000000000000e+05
5.710370000000000000e+05
9.465700000000000000e+04
1.343660000000000000e+05
1.065400000000000000e+04
8.727900000000000000e+04
9.844800000000000000e+04
1.401280000000000000e+05
8.315200000000000000e+04
8.667000000000000000e+04
1.637900000000000000e+04
9.414600000000000000e+05
4.617930000000000000e+05
4.744410000000000000e+05
2.102100000000000000e+05
1.593940000000000000e+05
1.312000000000000000e+04
1.298800000000000000e+05
2.060490000000000000e+05
1.350040000000000000e+05
1.643710000000000000e+05
1.367440000000000000e+05
8.116000000000000000e+03
1.031681000000000000e+06
3.505630000000000000e+05
4.065450000000000000e+05
1.413310000000000000e+05
9.799600000000000000e+04
2.201500000000000000e+04
6.784400000000000000e+04
8.779500000000000000e+04
7.408900000000000000e+04
5.659600000000000000e+04
5.562900000000000000e+04
3.202000000000000000e+03
2.462876000000000000e+06
3.631700000000000000e+05
8.285140000000000000e+05
2.109380000000000000e+05
2.076670000000000000e+05
1.240300000000000000e+04
1.531630000000000000e+05
1.691140000000000000e+05
2.179390000000000000e+05
1.843230000000000000e+05
1.619000000000000000e+05
1.158000000000000000e+04
2.567826000000000000e+06
3.347070000000000000e+05
8.203220000000000000e+05
7.799300000000000000e+04
9.522400000000000000e+04
2.008900000000000000e+04
9.316500000000000000e+04
6.010800000000000000e+04
6.611700000000000000e+04
7.144200000000000000e+04
1.079910000000000000e+05
5.199000000000000000e+03
2.509293000000000000e+06
3.803870000000000000e+05
8.753710000000000000e+05
2.259530000000000000e+05
1.286340000000000000e+05
4.668000000000000000e+03
8.819900000000000000e+04
1.134240000000000000e+05
1.017310000000000000e+05
6.952000000000000000e+04
4.240600000000000000e+04
1.775000000000000000e+03
8.209070000000000000e+05
3.037640000000000000e+05
3.715880000000000000e+05
7.438200000000000000e+04
7.077300000000000000e+04
8.810000000000000000e+03
3.630300000000000000e+04
5.183500000000000000e+04
8.252200000000000000e+04
7.910000000000000000e+04
7.303400000000000000e+04
2.930000000000000000e+03
7.751530000000000000e+05
2.989640000000000000e+05
3.475190000000000000e+05
1.540890000000000000e+05
1.285570000000000000e+05
1.112300000000000000e+04
1.595890000000000000e+05
1.441860000000000000e+05
1.456030000000000000e+05
1.682780000000000000e+05
2.045670000000000000e+05
2.625200000000000000e+04
2.655898000000000000e+06
4.287470000000000000e+05
8.864030000000000000e+05
2.188300000000000000e+05
2.425330000000000000e+05
2.184200000000000000e+04
2.027450000000000000e+05
2.261680000000000000e+05
2.333480000000000000e+05
2.186940000000000000e+05
2.307960000000000000e+05
3.327800000000000000e+04
2.198134000000000000e+06
5.211440000000000000e+05
8.003710000000000000e+05
2.655540000000000000e+05
2.021390000000000000e+05
1.386800000000000000e+04
2.322000000000000000e+05
2.276600000000000000e+05
1.855060000000000000e+05
2.646720000000000000e+05
2.530750000000000000e+05
9.686000000000000000e+03
1.118157000000000000e+06
6.946770000000000000e+05
7.586590000000000000e+05
5.957600000000000000e+05
6.772340000000000000e+05
3.138100000000000000e+04
7.583150000000000000e+05
7.774050000000000000e+05
8.105260000000000000e+05
7.998350000000000000e+05
7.968400000000000000e+05
3.426600000000000000e+04
3.448795000000000000e+06
1.165756000000000000e+06
1.511681000000000000e+06
9.523700000000000000e+05
9.269040000000000000e+05
5.996400000000000000e+04
9.114630000000000000e+05
7.622750000000000000e+05
