1.012112000000000000e+06
7.132790000000000000e+05
1.208700000000000000e+04
3.043695000000000000e+06
8.197860000000000000e+05
4.825290000000000000e+05
3.516460000000000000e+05
3.321350000000000000e+05
2.246700000000000000e+04
2.596010000000000000e+05
2.551680000000000000e+05
7.893910000000000000e+05
1.900640000000000000e+05
2.170040000000000000e+05
3.115400000000000000e+04
3.191901000000000000e+06
4.986920000000000000e+05
1.938290000000000000e+05
2.157410000000000000e+05
2.759510000000000000e+05
1.697900000000000000e+04
3.317190000000000000e+05
3.332030000000000000e+05
9.255110000000000000e+05
2.788720000000000000e+05
2.824780000000000000e+05
1.039900000000000000e+04
1.180705000000000000e+06
5.723090000000000000e+05
3.586400000000000000e+05
3.982300000000000000e+05
4.193250000000000000e+05
1.038100000000000000e+04
3.465350000000000000e+05
3.623800000000000000e+05
6.148820000000000000e+05
3.433040000000000000e+05
3.392370000000000000e+05
3.108300000000000000e+04
2.580154000000000000e+06
6.461870000000000000e+05
2.912520000000000000e+05
2.786130000000000000e+05
2.282910000000000000e+05
1.066700000000000000e+04
2.259790000000000000e+05
2.557270000000000000e+05
8.543120000000000000e+05
2.379380000000000000e+05
2.412160000000000000e+05
1.704500000000000000e+04
2.483678000000000000e+06
4.731420000000000000e+05
2.426800000000000000e+05
1.150920000000000000e+05
2.207260000000000000e+05
1.516100000000000000e+04
1.799460000000000000e+05
2.232760000000000000e+05
8.489760000000000000e+05
2.424470000000000000e+05
2.722690000000000000e+05
2.911000000000000000e+04
2.190505000000000000e+06
5.160580000000000000e+05
2.141580000000000000e+05
1.962470000000000000e+05
2.263630000000000000e+05
3.351900000000000000e+04
2.140100000000000000e+05
1.904170000000000000e+05
8.591580000000000000e+05
2.599280000000000000e+05
2.147150000000000000e+05
1.503600000000000000e+04
1.129783000000000000e+06
4.000990000000000000e+05
2.533340000000000000e+05
1.667620000000000000e+05
1.943240000000000000e+05
7.712000000000000000e+03
1.605650000000000000e+05
2.097260000000000000e+05
5.256180000000000000e+05
2.072910000000000000e+05
2.126240000000000000e+05
5.949000000000000000e+03
1.014554000000000000e+06
3.970410000000000000e+05
2.494140000000000000e+05
1.244390000000000000e+05
1.828470000000000000e+05
6.810000000000000000e+02
1.650300000000000000e+05
1.408960000000000000e+05
4.522270000000000000e+05
1.899640000000000000e+05
1.936940000000000000e+05
1.194000000000000000e+04
2.431610000000000000e+06
3.968890000000000000e+05
1.595800000000000000e+05
1.330890000000000000e+05
7.303300000000000000e+04
6.753000000000000000e+03
1.228150000000000000e+05
1.354540000000000000e+05
8.086970000000000000e+05
1.002810000000000000e+05
1.178280000000000000e+05
7.344000000000000000e+03
2.023556000000000000e+06
3.616610000000000000e+05
9.334900000000000000e+04
8.356400000000000000e+04
7.371500000000000000e+04
1.415100000000000000e+04
2.912400000000000000e+04
4.826600000000000000e+04
7.151590000000000000e+05
7.272800000000000000e+04
8.706400000000000000e+04
7.159000000000000000e+03
2.176115000000000000e+06
3.294920000000000000e+05
1.894070000000000000e+05
2.357840000000000000e+05
1.804360000000000000e+05
2.765000000000000000e+03
2.718600000000000000e+05
1.940020000000000000e+05
8.907420000000000000e+05
2.458750000000000000e+05
1.967710000000000000e+05
2.125000000000000000e+04
2.724358000000000000e+06
4.392830000000000000e+05
2.478480000000000000e+05
1.695110000000000000e+05
1.483010000000000000e+05
1.475000000000000000e+04
1.841820000000000000e+05
1.740740000000000000e+05
7.963340000000000000e+05
1.889820000000000000e+05
1.742180000000000000e+05
5.986000000000000000e+03
2.414585000000000000e+06
3.398910000000000000e+05
