4.517600000000000000e+05
7.415400000000000000e+04
9.186000000000000000e+03
7.837000000000000000e+04
1.070490000000000000e+05
1.331680000000000000e+05
1.605480000000000000e+05
7.335900000000000000e+04
8.281000000000000000e+03
1.922372000000000000e+06
2.861400000000000000e+05
7.157830000000000000e+05
8.276000000000000000e+04
9.017700000000000000e+04
4.254000000000000000e+03
1.083500000000000000e+05
3.822900000000000000e+04
4.198400000000000000e+04
1.084330000000000000e+05
1.162630000000000000e+05
8.401000000000000000e+03
2.189218000000000000e+06
3.990960000000000000e+05
8.648350000000000000e+05
1.800760000000000000e+05
2.312370000000000000e+05
1.781100000000000000e+04
1.603190000000000000e+05
1.899570000000000000e+05
1.645140000000000000e+05
2.458880000000000000e+05
2.411370000000000000e+05
1.144300000000000000e+04
2.529146000000000000e+06
3.507190000000000000e+05
8.189190000000000000e+05
9.529800000000000000e+04
1.070790000000000000e+05
1.953800000000000000e+04
7.983600000000000000e+04
9.207800000000000000e+04
9.030600000000000000e+04
9.151300000000000000e+04
8.225800000000000000e+04
3.282000000000000000e+03
1.914803000000000000e+06
3.032510000000000000e+05
6.758800000000000000e+05
9.369000000000000000e+04
9.511700000000000000e+04
1.193600000000000000e+04
9.949000000000000000e+04
1.242100000000000000e+05
1.183080000000000000e+05
9.631900000000000000e+04
9.295400000000000000e+04
1.135800000000000000e+04
2.190343000000000000e+06
3.301690000000000000e+05
7.708380000000000000e+05
7.548900000000000000e+04
7.414300000000000000e+04
4.250000000000000000e+03
1.254650000000000000e+05
1.700880000000000000e+05
1.685590000000000000e+05
1.453970000000000000e+05
1.591330000000000000e+05
8.414000000000000000e+03
2.228620000000000000e+06
3.592550000000000000e+05
7.887210000000000000e+05
1.125100000000000000e+05
4.765600000000000000e+04
3.770000000000000000e+02
9.912600000000000000e+04
1.273380000000000000e+05
1.347590000000000000e+05
8.985500000000000000e+04
1.214740000000000000e+05
3.491000000000000000e+03
8.573650000000000000e+05
2.849270000000000000e+05
3.720180000000000000e+05
1.373620000000000000e+05
1.485470000000000000e+05
1.126300000000000000e+04
1.345810000000000000e+05
1.543000000000000000e+05
1.742390000000000000e+05
1.389350000000000000e+05
6.797600000000000000e+04
1.879700000000000000e+04
8.444880000000000000e+05
3.249460000000000000e+05
3.560580000000000000e+05
1.556160000000000000e+05
1.172800000000000000e+05
7.899000000000000000e+03
2.051520000000000000e+05
1.412340000000000000e+05
9.221000000000000000e+04
6.880600000000000000e+04
1.034390000000000000e+05
3.102000000000000000e+03
2.230357000000000000e+06
3.064090000000000000e+05
7.991610000000000000e+05
1.488540000000000000e+05
1.126930000000000000e+05
7.195000000000000000e+03
1.556850000000000000e+05
1.368340000000000000e+05
1.088100000000000000e+05
9.572300000000000000e+04
1.081870000000000000e+05
1.218200000000000000e+04
2.252322000000000000e+06
3.351360000000000000e+05
7.894230000000000000e+05
7.428600000000000000e+04
8.379100000000000000e+04
1.269600000000000000e+04
7.555900000000000000e+04
8.628700000000000000e+04
8.645500000000000000e+04
5.536500000000000000e+04
4.694200000000000000e+04
8.390000000000000000e+02
2.244202000000000000e+06
3.210410000000000000e+05
8.289390000000000000e+05
1.794990000000000000e+05
1.355610000000000000e+05
9.283000000000000000e+03
1.705640000000000000e+05
1.796210000000000000e+05
1.518370000000000000e+05
1.367830000000000000e+05
1.883930000000000000e+05
2.028200000000000000e+04
2.372949000000000000e+06
3.791910000000000000e+05
8.148030000000000000e+05
1.246460000000000000e+05
8.090800000000000000e+04
4.388000000000000000e+03
1.005950000000000000e+05
1.117450000000000000e+05
