5.203220000000000000e+05
8.905600000000000000e+04
2.831000000000000000e+03
2.022817000000000000e+06
3.218490000000000000e+05
1.112510000000000000e+05
6.824900000000000000e+04
7.612800000000000000e+04
2.991000000000000000e+03
8.519400000000000000e+04
1.151540000000000000e+05
7.410280000000000000e+05
1.721350000000000000e+05
1.654090000000000000e+05
1.440800000000000000e+04
8.946800000000000000e+05
4.170420000000000000e+05
2.366150000000000000e+05
2.021840000000000000e+05
2.503160000000000000e+05
1.341600000000000000e+04
2.180360000000000000e+05
2.725460000000000000e+05
4.819850000000000000e+05
2.591260000000000000e+05
2.428640000000000000e+05
1.038800000000000000e+04
2.782109000000000000e+06
5.544320000000000000e+05
2.620620000000000000e+05
3.069310000000000000e+05
3.031820000000000000e+05
1.811100000000000000e+04
2.540980000000000000e+05
3.204660000000000000e+05
9.229200000000000000e+05
3.303020000000000000e+05
3.220720000000000000e+05
1.395600000000000000e+04
2.602040000000000000e+06
6.874840000000000000e+05
3.580720000000000000e+05
3.402010000000000000e+05
3.387820000000000000e+05
1.718700000000000000e+04
3.427930000000000000e+05
3.486200000000000000e+05
9.474010000000000000e+05
3.632660000000000000e+05
3.315370000000000000e+05
3.190700000000000000e+04
1.213301000000000000e+06
5.934260000000000000e+05
2.293080000000000000e+05
2.700490000000000000e+05
2.186750000000000000e+05
1.802000000000000000e+04
1.913450000000000000e+05
1.828300000000000000e+05
4.932910000000000000e+05
2.028380000000000000e+05
1.914140000000000000e+05
1.674700000000000000e+04
2.712231000000000000e+06
4.177520000000000000e+05
2.145440000000000000e+05
1.977460000000000000e+05
2.121850000000000000e+05
7.360000000000000000e+03
2.136060000000000000e+05
2.634520000000000000e+05
9.046140000000000000e+05
3.009730000000000000e+05
2.664350000000000000e+05
2.717500000000000000e+04
2.256540000000000000e+06
5.775980000000000000e+05
3.060410000000000000e+05
3.256400000000000000e+05
3.861350000000000000e+05
2.128700000000000000e+04
4.168090000000000000e+05
4.144240000000000000e+05
9.789050000000000000e+05
4.102870000000000000e+05
4.302570000000000000e+05
9.614000000000000000e+03
2.894054000000000000e+06
8.313370000000000000e+05
5.505150000000000000e+05
5.075790000000000000e+05
5.155490000000000000e+05
3.002500000000000000e+04
4.907530000000000000e+05
5.867400000000000000e+05
1.122950000000000000e+06
5.174420000000000000e+05
5.083900000000000000e+05
2.132800000000000000e+04
3.094493000000000000e+06
8.146500000000000000e+05
4.937860000000000000e+05
4.780980000000000000e+05
4.618250000000000000e+05
2.302300000000000000e+04
4.203670000000000000e+05
4.816120000000000000e+05
1.104331000000000000e+06
4.613490000000000000e+05
5.399890000000000000e+05
1.845100000000000000e+04
2.698599000000000000e+06
8.528530000000000000e+05
5.083140000000000000e+05
4.504150000000000000e+05
4.286220000000000000e+05
3.044500000000000000e+04
3.823310000000000000e+05
4.254250000000000000e+05
9.514440000000000000e+05
3.793740000000000000e+05
3.527220000000000000e+05
3.523400000000000000e+04
2.890584000000000000e+06
6.872930000000000000e+05
1.933100000000000000e+05
2.701060000000000000e+05
1.930820000000000000e+05
4.007000000000000000e+03
2.440890000000000000e+05
2.477580000000000000e+05
8.752070000000000000e+05
2.484000000000000000e+05
2.056290000000000000e+05
3.149400000000000000e+04
2.896114000000000000e+06
4.248720000000000000e+05
1.558380000000000000e+05
9.999800000000000000e+04
7.445300000000000000e+04
3.002000000000000000e+03
7.988100000000000000e+04
8.150800000000000000e+04
7.794810000000000000e+05
7.096300000000000000e+04
6.299300000000000000e+04
3.445000000000000000e+03
2.589934000000000000e+06
2.994240000000000000e+05
