5.553880000000000000e+05
1.584860000000000000e+05
7.802000000000000000e+03
1.277490000000000000e+05
2.757930000000000000e+05
2.582510000000000000e+05
2.187190000000000000e+05
1.879310000000000000e+05
1.807900000000000000e+04
2.737421000000000000e+06
5.048800000000000000e+05
8.822990000000000000e+05
2.347310000000000000e+05
2.346110000000000000e+05
1.923700000000000000e+04
1.894470000000000000e+05
2.395270000000000000e+05
2.097380000000000000e+05
3.007670000000000000e+05
2.848990000000000000e+05
1.528000000000000000e+04
2.249665000000000000e+06
6.736370000000000000e+05
9.841540000000000000e+05
4.957370000000000000e+05
5.425690000000000000e+05
2.277800000000000000e+04
5.666680000000000000e+05
6.304500000000000000e+05
6.701900000000000000e+05
7.270180000000000000e+05
6.865150000000000000e+05
2.794700000000000000e+04
3.306384000000000000e+06
1.254716000000000000e+06
1.446690000000000000e+06
1.033337000000000000e+06
1.008880000000000000e+06
3.246800000000000000e+04
1.059286000000000000e+06
1.080554000000000000e+06
1.201055000000000000e+06
1.233422000000000000e+06
1.200389000000000000e+06
2.163100000000000000e+04
3.721186000000000000e+06
1.772388000000000000e+06
1.937151000000000000e+06
1.520068000000000000e+06
1.474101000000000000e+06
2.827000000000000000e+04
1.552847000000000000e+06
1.521594000000000000e+06
1.538524000000000000e+06
1.608865000000000000e+06
1.636316000000000000e+06
1.035580000000000000e+05
2.346611000000000000e+06
1.807405000000000000e+06
1.694838000000000000e+06
1.548363000000000000e+06
1.451105000000000000e+06
8.031200000000000000e+04
1.274196000000000000e+06
1.265140000000000000e+06
1.122746000000000000e+06
1.162624000000000000e+06
1.084173000000000000e+06
6.113800000000000000e+04
2.108396000000000000e+06
1.279876000000000000e+06
1.112884000000000000e+06
9.349660000000000000e+05
7.679090000000000000e+05
6.042400000000000000e+04
7.917490000000000000e+05
7.230560000000000000e+05
6.932660000000000000e+05
6.143380000000000000e+05
4.545540000000000000e+05
1.679600000000000000e+04
2.895676000000000000e+06
6.144740000000000000e+05
8.658190000000000000e+05
1.365900000000000000e+05
6.861600000000000000e+04
1.953900000000000000e+04
1.669260000000000000e+05
4.332080000000000000e+05
5.677510000000000000e+05
6.920990000000000000e+05
7.731850000000000000e+05
1.390100000000000000e+04
3.148863000000000000e+06
1.206043000000000000e+06
1.571519000000000000e+06
1.061098000000000000e+06
1.099634000000000000e+06
5.655300000000000000e+04
1.200586000000000000e+06
1.298696000000000000e+06
1.423154000000000000e+06
1.532147000000000000e+06
1.563922000000000000e+06
9.064200000000000000e+04
4.044468000000000000e+06
1.909363000000000000e+06
2.151597000000000000e+06
1.739883000000000000e+06
1.697827000000000000e+06
9.035800000000000000e+04
1.641407000000000000e+06
1.630406000000000000e+06
1.639775000000000000e+06
1.613007000000000000e+06
1.542101000000000000e+06
1.043460000000000000e+05
2.439365000000000000e+06
1.732431000000000000e+06
1.619718000000000000e+06
1.264152000000000000e+06
1.146855000000000000e+06
9.340700000000000000e+04
1.030603000000000000e+06
9.767120000000000000e+05
9.561100000000000000e+05
9.525740000000000000e+05
9.302500000000000000e+05
3.301300000000000000e+04
1.805775000000000000e+06
1.139483000000000000e+06
1.089781000000000000e+06
8.509740000000000000e+05
8.090530000000000000e+05
2.559400000000000000e+04
7.104170000000000000e+05
6.846060000000000000e+05
7.529750000000000000e+05
7.083280000000000000e+05
6.856320000000000000e+05
3.553200000000000000e+04
1.866689000000000000e+06
1.056496000000000000e+06
1.041628000000000000e+06
7.337730000000000000e+05
6.914080000000000000e+05
4.014700000000000000e+04
6.251130000000000000e+05
6.036980000000000000e+05
