9.521210000000000000e+05
5.024570000000000000e+05
1.620000000000000000e+04
3.097581000000000000e+06
7.848110000000000000e+05
3.669700000000000000e+05
3.305370000000000000e+05
3.388800000000000000e+05
3.257300000000000000e+04
3.963470000000000000e+05
4.260100000000000000e+05
1.064662000000000000e+06
2.409480000000000000e+05
2.586000000000000000e+05
1.224800000000000000e+04
3.166543000000000000e+06
5.104670000000000000e+05
1.876260000000000000e+05
1.328490000000000000e+05
1.706440000000000000e+05
2.375400000000000000e+04
1.847390000000000000e+05
1.185500000000000000e+05
8.150050000000000000e+05
1.343680000000000000e+05
1.010590000000000000e+05
2.131000000000000000e+04
2.935048000000000000e+06
3.812910000000000000e+05
1.928740000000000000e+05
2.004170000000000000e+05
1.882500000000000000e+05
7.919000000000000000e+03
2.323270000000000000e+05
1.691600000000000000e+05
9.022570000000000000e+05
2.614220000000000000e+05
2.692980000000000000e+05
1.405600000000000000e+04
2.793094000000000000e+06
5.664840000000000000e+05
2.252590000000000000e+05
1.981410000000000000e+05
2.723780000000000000e+05
1.338000000000000000e+04
2.825480000000000000e+05
3.557050000000000000e+05
9.480970000000000000e+05
3.598590000000000000e+05
3.395820000000000000e+05
1.941100000000000000e+04
2.606018000000000000e+06
8.050270000000000000e+05
4.270380000000000000e+05
4.100190000000000000e+05
3.933960000000000000e+05
2.719300000000000000e+04
3.946820000000000000e+05
4.694660000000000000e+05
1.040010000000000000e+06
4.768850000000000000e+05
4.212890000000000000e+05
1.720100000000000000e+04
2.429239000000000000e+06
6.651360000000000000e+05
3.578220000000000000e+05
3.468370000000000000e+05
3.111570000000000000e+05
1.374000000000000000e+04
3.618210000000000000e+05
3.310740000000000000e+05
9.369530000000000000e+05
3.867430000000000000e+05
3.520660000000000000e+05
1.313000000000000000e+04
1.425077000000000000e+06
6.479030000000000000e+05
3.186720000000000000e+05
4.400910000000000000e+05
4.276800000000000000e+05
1.281400000000000000e+04
4.094940000000000000e+05
3.906490000000000000e+05
6.713180000000000000e+05
4.620040000000000000e+05
4.334920000000000000e+05
3.224400000000000000e+04
2.861730000000000000e+06
8.289130000000000000e+05
4.692310000000000000e+05
4.723630000000000000e+05
5.108880000000000000e+05
1.904300000000000000e+04
4.461020000000000000e+05
5.052730000000000000e+05
1.055373000000000000e+06
5.344540000000000000e+05
5.111820000000000000e+05
1.784100000000000000e+04
2.735839000000000000e+06
9.001850000000000000e+05
5.796080000000000000e+05
6.291610000000000000e+05
5.704420000000000000e+05
3.460300000000000000e+04
5.166820000000000000e+05
5.231840000000000000e+05
1.003616000000000000e+06
4.919170000000000000e+05
4.220090000000000000e+05
2.634000000000000000e+04
2.980965000000000000e+06
6.753850000000000000e+05
3.553680000000000000e+05
4.060950000000000000e+05
3.159370000000000000e+05
1.665000000000000000e+04
3.443070000000000000e+05
3.687290000000000000e+05
9.532780000000000000e+05
4.025770000000000000e+05
2.714980000000000000e+05
1.229800000000000000e+04
2.835676000000000000e+06
6.742040000000000000e+05
3.158960000000000000e+05
2.478120000000000000e+05
2.239180000000000000e+05
2.444900000000000000e+04
2.212250000000000000e+05
2.262290000000000000e+05
8.372940000000000000e+05
1.604870000000000000e+05
1.654790000000000000e+05
1.051100000000000000e+04
2.988211000000000000e+06
3.238040000000000000e+05
4.876600000000000000e+04
4.747900000000000000e+04
7.098700000000000000e+04
3.437000000000000000e+03
1.008660000000000000e+05
1.285710000000000000e+05
8.197520000000000000e+05
1.759420000000000000e+05
1.621740000000000000e+05
5.862000000000000000e+03
2.389550000000000000e+06
4.846210000000000000e+05
