5.842740000000000000e+05
2.937270000000000000e+05
2.236800000000000000e+04
3.029090000000000000e+05
3.528500000000000000e+05
2.818980000000000000e+05
2.686070000000000000e+05
3.353620000000000000e+05
1.319400000000000000e+04
2.730292000000000000e+06
6.352500000000000000e+05
9.436620000000000000e+05
4.134080000000000000e+05
3.475530000000000000e+05
1.382700000000000000e+04
3.165900000000000000e+05
3.338470000000000000e+05
3.869360000000000000e+05
4.055080000000000000e+05
4.456430000000000000e+05
2.014700000000000000e+04
2.874362000000000000e+06
7.239690000000000000e+05
1.038765000000000000e+06
4.570410000000000000e+05
4.024330000000000000e+05
9.859000000000000000e+03
4.733500000000000000e+05
4.143770000000000000e+05
4.896100000000000000e+05
3.934990000000000000e+05
4.406450000000000000e+05
1.728300000000000000e+04
2.873982000000000000e+06
7.936850000000000000e+05
9.763800000000000000e+05
4.246430000000000000e+05
4.024470000000000000e+05
3.193200000000000000e+04
3.443570000000000000e+05
3.927500000000000000e+05
4.147180000000000000e+05
3.843180000000000000e+05
3.723700000000000000e+05
1.278600000000000000e+04
2.909650000000000000e+06
7.184920000000000000e+05
1.074114000000000000e+06
4.995230000000000000e+05
3.951170000000000000e+05
2.081400000000000000e+04
4.075950000000000000e+05
3.889210000000000000e+05
4.197000000000000000e+05
4.223440000000000000e+05
3.485700000000000000e+05
2.530200000000000000e+04
2.933728000000000000e+06
8.470350000000000000e+05
8.863510000000000000e+05
3.717460000000000000e+05
2.240130000000000000e+05
1.404300000000000000e+04
2.814190000000000000e+05
2.728290000000000000e+05
2.760220000000000000e+05
2.591750000000000000e+05
2.154750000000000000e+05
1.494500000000000000e+04
2.998546000000000000e+06
5.474920000000000000e+05
8.519670000000000000e+05
2.323900000000000000e+05
1.978310000000000000e+05
3.345000000000000000e+03
1.367810000000000000e+05
1.473770000000000000e+05
1.710320000000000000e+05
1.252990000000000000e+05
1.227120000000000000e+05
2.853000000000000000e+03
2.586931000000000000e+06
3.530060000000000000e+05
8.206740000000000000e+05
1.364620000000000000e+05
1.190620000000000000e+05
1.385500000000000000e+04
1.313800000000000000e+05
4.414700000000000000e+04
1.424830000000000000e+05
1.575380000000000000e+05
1.378740000000000000e+05
1.918000000000000000e+03
1.935715000000000000e+06
3.917330000000000000e+05
7.571620000000000000e+05
1.890170000000000000e+05
7.189600000000000000e+04
5.064000000000000000e+03
9.534800000000000000e+04
1.642010000000000000e+05
1.206280000000000000e+05
1.509580000000000000e+05
2.197790000000000000e+05
8.712000000000000000e+03
2.085276000000000000e+06
5.501370000000000000e+05
8.518850000000000000e+05
1.991370000000000000e+05
1.807250000000000000e+05
4.631000000000000000e+03
1.848420000000000000e+05
2.033530000000000000e+05
1.512220000000000000e+05
1.888430000000000000e+05
3.031290000000000000e+05
1.604600000000000000e+04
2.660276000000000000e+06
5.308440000000000000e+05
8.921040000000000000e+05
2.993600000000000000e+05
2.587120000000000000e+05
1.789900000000000000e+04
3.015390000000000000e+05
4.159870000000000000e+05
4.409280000000000000e+05
3.572610000000000000e+05
3.872050000000000000e+05
1.409800000000000000e+04
2.847710000000000000e+06
7.643870000000000000e+05
1.132053000000000000e+06
5.529630000000000000e+05
6.298850000000000000e+05
1.656500000000000000e+04
7.094180000000000000e+05
6.937670000000000000e+05
7.385090000000000000e+05
7.641340000000000000e+05
8.245160000000000000e+05
2.995000000000000000e+04
3.406932000000000000e+06
1.265850000000000000e+06
1.479689000000000000e+06
1.023240000000000000e+06
1.055790000000000000e+06
4.942700000000000000e+04
9.994010000000000000e+05
9.802260000000000000e+05
