5.905840000000000000e+05
2.144270000000000000e+05
1.491900000000000000e+04
1.604070000000000000e+05
1.310510000000000000e+05
1.499380000000000000e+05
1.326050000000000000e+05
3.556230000000000000e+05
1.530600000000000000e+04
1.507229000000000000e+06
7.408900000000000000e+05
7.729130000000000000e+05
1.349500000000000000e+05
1.932470000000000000e+05
1.706000000000000000e+04
1.447070000000000000e+05
1.520900000000000000e+05
9.429300000000000000e+04
1.327800000000000000e+05
2.427280000000000000e+05
6.585000000000000000e+03
2.675330000000000000e+06
5.863300000000000000e+05
1.024391000000000000e+06
4.550840000000000000e+05
5.034470000000000000e+05
1.912600000000000000e+04
5.401810000000000000e+05
6.106420000000000000e+05
6.096730000000000000e+05
6.447620000000000000e+05
6.894650000000000000e+05
2.123800000000000000e+04
3.590290000000000000e+06
1.113451000000000000e+06
1.435870000000000000e+06
7.693680000000000000e+05
8.101140000000000000e+05
3.746900000000000000e+04
7.069890000000000000e+05
7.080230000000000000e+05
7.842970000000000000e+05
6.790050000000000000e+05
6.538690000000000000e+05
4.241000000000000000e+04
3.114745000000000000e+06
1.038759000000000000e+06
1.231664000000000000e+06
6.866320000000000000e+05
7.051540000000000000e+05
3.513300000000000000e+04
6.464030000000000000e+05
6.215970000000000000e+05
5.739330000000000000e+05
5.853580000000000000e+05
5.593780000000000000e+05
1.846800000000000000e+04
2.947738000000000000e+06
8.065830000000000000e+05
1.059690000000000000e+06
5.020210000000000000e+05
4.525100000000000000e+05
1.638900000000000000e+04
2.692610000000000000e+05
3.012410000000000000e+05
2.462430000000000000e+05
2.361380000000000000e+05
1.941070000000000000e+05
1.043700000000000000e+04
3.096640000000000000e+06
5.044240000000000000e+05
8.452060000000000000e+05
1.412380000000000000e+05
1.022130000000000000e+05
1.570400000000000000e+04
1.025440000000000000e+05
8.752000000000000000e+04
1.466010000000000000e+05
3.040780000000000000e+05
3.368300000000000000e+05
3.004400000000000000e+04
2.614809000000000000e+06
3.736780000000000000e+05
7.843900000000000000e+05
2.171620000000000000e+05
2.143350000000000000e+05
2.646000000000000000e+04
2.302290000000000000e+05
2.770400000000000000e+05
3.523930000000000000e+05
3.412120000000000000e+05
3.599150000000000000e+05
2.178200000000000000e+04
2.180430000000000000e+06
5.596240000000000000e+05
8.789840000000000000e+05
3.589380000000000000e+05
3.518640000000000000e+05
1.767000000000000000e+04
4.472130000000000000e+05
4.210700000000000000e+05
4.753520000000000000e+05
3.996800000000000000e+05
4.699610000000000000e+05
2.628100000000000000e+04
2.943238000000000000e+06
7.579960000000000000e+05
1.033555000000000000e+06
4.934970000000000000e+05
4.458640000000000000e+05
2.854700000000000000e+04
4.327170000000000000e+05
3.690500000000000000e+05
3.421720000000000000e+05
3.564640000000000000e+05
3.820060000000000000e+05
2.327100000000000000e+04
1.328519000000000000e+06
7.175700000000000000e+05
6.588590000000000000e+05
4.659410000000000000e+05
4.561700000000000000e+05
3.571500000000000000e+04
3.594780000000000000e+05
3.860570000000000000e+05
3.444590000000000000e+05
3.619710000000000000e+05
3.887020000000000000e+05
2.174900000000000000e+04
1.250805000000000000e+06
6.053670000000000000e+05
5.507130000000000000e+05
3.476250000000000000e+05
2.293710000000000000e+05
1.975100000000000000e+04
3.205020000000000000e+05
3.409340000000000000e+05
3.135260000000000000e+05
2.982170000000000000e+05
3.032970000000000000e+05
1.878500000000000000e+04
1.204874000000000000e+06
7.400340000000000000e+05
5.527450000000000000e+05
1.967310000000000000e+05
2.366280000000000000e+05
1.803000000000000000e+03
2.648530000000000000e+05
2.644030000000000000e+05
