6.346770000000000000e+05
3.027990000000000000e+05
2.497500000000000000e+04
2.793343000000000000e+06
6.010260000000000000e+05
3.406270000000000000e+05
3.163560000000000000e+05
3.107990000000000000e+05
2.253700000000000000e+04
3.315960000000000000e+05
3.302790000000000000e+05
9.500830000000000000e+05
3.234110000000000000e+05
2.338760000000000000e+05
7.771000000000000000e+03
1.194656000000000000e+06
4.738220000000000000e+05
2.479800000000000000e+05
2.060320000000000000e+05
1.461400000000000000e+05
1.544100000000000000e+04
1.716780000000000000e+05
2.049490000000000000e+05
4.610890000000000000e+05
2.156640000000000000e+05
2.105330000000000000e+05
1.458600000000000000e+04
2.160724000000000000e+06
4.570890000000000000e+05
1.532240000000000000e+05
1.044540000000000000e+05
4.997900000000000000e+04
7.949000000000000000e+03
6.597400000000000000e+04
4.147900000000000000e+04
7.235110000000000000e+05
7.037500000000000000e+04
4.879600000000000000e+04
3.336000000000000000e+03
2.572345000000000000e+06
3.802370000000000000e+05
1.408440000000000000e+05
1.447890000000000000e+05
1.322270000000000000e+05
3.962000000000000000e+03
1.417680000000000000e+05
2.685640000000000000e+05
8.349990000000000000e+05
2.314620000000000000e+05
2.084200000000000000e+05
1.267200000000000000e+04
2.571159000000000000e+06
4.288820000000000000e+05
2.884550000000000000e+05
2.502260000000000000e+05
1.935840000000000000e+05
1.641100000000000000e+04
1.737890000000000000e+05
1.555790000000000000e+05
8.287730000000000000e+05
1.410380000000000000e+05
1.192980000000000000e+05
4.534000000000000000e+03
9.164090000000000000e+05
3.148370000000000000e+05
1.379090000000000000e+05
1.020320000000000000e+05
1.020530000000000000e+05
7.161000000000000000e+03
9.309400000000000000e+04
7.192000000000000000e+04
3.611670000000000000e+05
1.253070000000000000e+05
1.024230000000000000e+05
1.597600000000000000e+04
1.956807000000000000e+06
3.668170000000000000e+05
1.670270000000000000e+05
1.621930000000000000e+05
1.481940000000000000e+05
1.451000000000000000e+04
1.579660000000000000e+05
1.777210000000000000e+05
7.637740000000000000e+05
1.421680000000000000e+05
1.771210000000000000e+05
3.994000000000000000e+03
2.059883000000000000e+06
3.521240000000000000e+05
1.702860000000000000e+05
1.176430000000000000e+05
1.189180000000000000e+05
1.576500000000000000e+04
7.208300000000000000e+04
1.051090000000000000e+05
7.326110000000000000e+05
1.280910000000000000e+05
1.336680000000000000e+05
4.862000000000000000e+03
8.994230000000000000e+05
3.552800000000000000e+05
1.874480000000000000e+05
1.235850000000000000e+05
1.609120000000000000e+05
1.262100000000000000e+04
1.575400000000000000e+05
1.681230000000000000e+05
4.601470000000000000e+05
2.235960000000000000e+05
1.836270000000000000e+05
7.027000000000000000e+03
2.455589000000000000e+06
3.755060000000000000e+05
1.301010000000000000e+05
1.407130000000000000e+05
9.723600000000000000e+04
7.879000000000000000e+03
1.332080000000000000e+05
1.432770000000000000e+05
8.226350000000000000e+05
1.857290000000000000e+05
1.512650000000000000e+05
1.308900000000000000e+04
2.363310000000000000e+06
3.809550000000000000e+05
1.454770000000000000e+05
1.265250000000000000e+05
5.574000000000000000e+04
5.633000000000000000e+03
3.485400000000000000e+04
8.047600000000000000e+04
8.277760000000000000e+05
1.278390000000000000e+05
1.513020000000000000e+05
1.602900000000000000e+04
1.972823000000000000e+06
3.977820000000000000e+05
1.417820000000000000e+05
1.656570000000000000e+05
2.224490000000000000e+05
9.017000000000000000e+03
2.419240000000000000e+05
2.152530000000000000e+05
7.544600000000000000e+05
1.841180000000000000e+05
1.258500000000000000e+05
1.384900000000000000e+04
2.077006000000000000e+06
4.047560000000000000e+05
