5.775820000000000000e+05
1.625780000000000000e+05
1.142200000000000000e+04
2.425130000000000000e+06
4.206230000000000000e+05
2.251700000000000000e+05
2.918200000000000000e+05
2.509600000000000000e+05
1.229600000000000000e+04
2.293980000000000000e+05
1.930150000000000000e+05
8.864510000000000000e+05
2.393970000000000000e+05
2.670750000000000000e+05
1.966400000000000000e+04
2.117828000000000000e+06
4.937160000000000000e+05
2.896840000000000000e+05
3.308710000000000000e+05
3.121840000000000000e+05
2.827700000000000000e+04
3.962490000000000000e+05
4.292720000000000000e+05
1.020087000000000000e+06
5.108000000000000000e+05
5.821270000000000000e+05
5.989100000000000000e+04
2.940398000000000000e+06
9.262400000000000000e+05
6.742540000000000000e+05
5.925440000000000000e+05
4.954640000000000000e+05
2.954500000000000000e+04
4.579230000000000000e+05
4.665220000000000000e+05
1.093572000000000000e+06
5.564460000000000000e+05
5.972770000000000000e+05
1.393900000000000000e+04
3.178301000000000000e+06
9.846490000000000000e+05
6.524890000000000000e+05
6.913230000000000000e+05
6.481540000000000000e+05
2.485000000000000000e+04
6.354940000000000000e+05
6.955900000000000000e+05
1.243029000000000000e+06
6.865340000000000000e+05
6.279660000000000000e+05
2.803000000000000000e+04
3.080135000000000000e+06
1.022983000000000000e+06
7.117670000000000000e+05
6.292010000000000000e+05
5.946240000000000000e+05
8.786000000000000000e+03
5.626850000000000000e+05
5.339040000000000000e+05
1.026164000000000000e+06
4.538360000000000000e+05
5.122930000000000000e+05
1.653900000000000000e+04
3.070245000000000000e+06
7.923370000000000000e+05
4.031610000000000000e+05
4.276050000000000000e+05
4.767730000000000000e+05
4.100500000000000000e+04
4.025870000000000000e+05
5.717240000000000000e+05
1.093189000000000000e+06
4.135430000000000000e+05
5.015160000000000000e+05
3.072300000000000000e+04
1.524058000000000000e+06
7.981190000000000000e+05
4.565480000000000000e+05
4.083590000000000000e+05
3.972110000000000000e+05
2.684200000000000000e+04
3.134500000000000000e+05
3.638340000000000000e+05
6.163780000000000000e+05
2.766810000000000000e+05
2.382670000000000000e+05
9.716000000000000000e+03
2.960210000000000000e+06
6.059150000000000000e+05
3.134700000000000000e+05
1.998740000000000000e+05
2.160010000000000000e+05
1.222100000000000000e+04
2.109810000000000000e+05
2.247500000000000000e+05
8.399360000000000000e+05
2.374600000000000000e+05
2.494140000000000000e+05
1.045300000000000000e+04
2.450220000000000000e+06
4.658630000000000000e+05
1.853460000000000000e+05
1.126630000000000000e+05
1.238890000000000000e+05
1.115600000000000000e+04
1.135410000000000000e+05
1.161420000000000000e+05
8.070230000000000000e+05
2.053190000000000000e+05
2.037130000000000000e+05
1.410600000000000000e+04
2.156684000000000000e+06
5.808040000000000000e+05
2.387410000000000000e+05
2.533640000000000000e+05
2.580810000000000000e+05
3.133900000000000000e+04
2.915620000000000000e+05
2.445140000000000000e+05
8.875520000000000000e+05
2.959240000000000000e+05
2.606120000000000000e+05
1.804600000000000000e+04
2.242790000000000000e+06
5.867010000000000000e+05
2.604630000000000000e+05
3.836770000000000000e+05
3.270050000000000000e+05
3.321600000000000000e+04
3.449970000000000000e+05
4.467780000000000000e+05
9.685740000000000000e+05
5.608720000000000000e+05
4.705980000000000000e+05
1.754900000000000000e+04
2.966751000000000000e+06
9.136270000000000000e+05
6.805430000000000000e+05
7.198860000000000000e+05
7.326180000000000000e+05
3.787200000000000000e+04
7.548560000000000000e+05
7.928990000000000000e+05
1.388263000000000000e+06
8.217240000000000000e+05
7.980940000000000000e+05
3.561700000000000000e+04
3.476669000000000000e+06
1.138185000000000000e+06
