8.192420000000000000e+05
7.992140000000000000e+05
2.525400000000000000e+04
7.602090000000000000e+05
8.231960000000000000e+05
7.352530000000000000e+05
7.778590000000000000e+05
7.041440000000000000e+05
1.463900000000000000e+04
3.115800000000000000e+06
1.024198000000000000e+06
1.284321000000000000e+06
6.452950000000000000e+05
6.726600000000000000e+05
1.320200000000000000e+04
6.284040000000000000e+05
5.770220000000000000e+05
5.436470000000000000e+05
5.068600000000000000e+05
5.117510000000000000e+05
3.094600000000000000e+04
1.429107000000000000e+06
8.340400000000000000e+05
7.897730000000000000e+05
4.996180000000000000e+05
4.754310000000000000e+05
4.056200000000000000e+04
3.644500000000000000e+05
4.904970000000000000e+05
3.453110000000000000e+05
3.960740000000000000e+05
3.342750000000000000e+05
3.004200000000000000e+04
3.076160000000000000e+06
6.223510000000000000e+05
8.666470000000000000e+05
2.680190000000000000e+05
2.496780000000000000e+05
1.152500000000000000e+04
2.337510000000000000e+05
2.135370000000000000e+05
2.271330000000000000e+05
2.130070000000000000e+05
2.104720000000000000e+05
9.603000000000000000e+03
2.371282000000000000e+06
5.844570000000000000e+05
8.556730000000000000e+05
1.436720000000000000e+05
1.974530000000000000e+05
4.427000000000000000e+03
9.498700000000000000e+04
1.714980000000000000e+05
1.551050000000000000e+05
1.203640000000000000e+05
8.101000000000000000e+04
7.826000000000000000e+03
2.825797000000000000e+06
4.655060000000000000e+05
9.392580000000000000e+05
2.962910000000000000e+05
2.735650000000000000e+05
2.542100000000000000e+04
2.403100000000000000e+05
2.026050000000000000e+05
1.803050000000000000e+05
2.064070000000000000e+05
1.978080000000000000e+05
9.831000000000000000e+03
2.465571000000000000e+06
4.635550000000000000e+05
8.474360000000000000e+05
1.644350000000000000e+05
2.008300000000000000e+05
7.912000000000000000e+03
2.011630000000000000e+05
2.209190000000000000e+05
2.456970000000000000e+05
2.351520000000000000e+05
1.837670000000000000e+05
1.188000000000000000e+03
9.773650000000000000e+05
3.526280000000000000e+05
4.316230000000000000e+05
1.584170000000000000e+05
2.303250000000000000e+05
2.869100000000000000e+04
1.687170000000000000e+05
1.663270000000000000e+05
1.752970000000000000e+05
1.432590000000000000e+05
1.242480000000000000e+05
1.140200000000000000e+04
2.414288000000000000e+06
3.532640000000000000e+05
8.702480000000000000e+05
1.199890000000000000e+05
1.508100000000000000e+05
9.030000000000000000e+03
1.360320000000000000e+05
1.866020000000000000e+05
2.056110000000000000e+05
1.974000000000000000e+05
2.227540000000000000e+05
9.349000000000000000e+03
2.517690000000000000e+06
5.313370000000000000e+05
8.878790000000000000e+05
2.781850000000000000e+05
2.464990000000000000e+05
1.507800000000000000e+04
2.920870000000000000e+05
3.126350000000000000e+05
3.330690000000000000e+05
3.523080000000000000e+05
3.625360000000000000e+05
2.710500000000000000e+04
2.968741000000000000e+06
7.324200000000000000e+05
1.040105000000000000e+06
5.233720000000000000e+05
5.460080000000000000e+05
4.769700000000000000e+04
5.797140000000000000e+05
6.642770000000000000e+05
6.373930000000000000e+05
6.991980000000000000e+05
7.851630000000000000e+05
2.548600000000000000e+04
3.432538000000000000e+06
1.164630000000000000e+06
1.339235000000000000e+06
7.032650000000000000e+05
6.689330000000000000e+05
1.956700000000000000e+04
5.836920000000000000e+05
5.840910000000000000e+05
4.223950000000000000e+05
4.189990000000000000e+05
3.461510000000000000e+05
3.108200000000000000e+04
3.179645000000000000e+06
6.503880000000000000e+05
9.160090000000000000e+05
3.786260000000000000e+05
3.792970000000000000e+05
1.949200000000000000e+04
4.319470000000000000e+05
4.229080000000000000e+05
