1.033797400000000000e+07
7.988787000000000000e+06
5.479980000000000000e+05
2.456396000000000000e+06
7.446380000000000000e+05
9.744240000000000000e+05
9.500100000000000000e+05
9.812030000000000000e+05
6.288900000000000000e+04
9.782990000000000000e+05
1.029700000000000000e+06
1.730269000000000000e+06
1.096248000000000000e+06
3.556414000000000000e+06
5.825400000000000000e+05
1.183420000000000000e+06
1.271274000000000000e+06
1.074239000000000000e+06
9.850090000000000000e+05
8.810050000000000000e+05
6.888800000000000000e+04
8.187590000000000000e+05
9.037980000000000000e+05
1.449300000000000000e+06
7.782870000000000000e+05
2.836116000000000000e+06
6.006260000000000000e+05
5.653770000000000000e+05
5.725220000000000000e+05
5.949170000000000000e+05
5.875480000000000000e+05
5.905790000000000000e+05
4.894500000000000000e+04
5.283820000000000000e+05
6.180970000000000000e+05
1.076770000000000000e+06
6.508980000000000000e+05
2.802698000000000000e+06
5.560180000000000000e+05
6.742090000000000000e+05
7.647880000000000000e+05
7.796520000000000000e+05
7.667280000000000000e+05
9.014920000000000000e+05
4.995400000000000000e+04
7.673250000000000000e+05
8.428930000000000000e+05
1.255850000000000000e+06
7.285180000000000000e+05
2.679553000000000000e+06
5.807190000000000000e+05
5.086440000000000000e+05
5.444230000000000000e+05
4.177500000000000000e+05
5.608110000000000000e+05
5.207960000000000000e+05
3.626400000000000000e+04
5.002240000000000000e+05
4.608300000000000000e+05
1.040714000000000000e+06
4.338990000000000000e+05
2.475566000000000000e+06
5.334300000000000000e+05
4.230140000000000000e+05
3.907690000000000000e+05
3.428330000000000000e+05
3.780560000000000000e+05
3.480910000000000000e+05
3.369200000000000000e+04
3.626660000000000000e+05
6.229000000000000000e+05
9.288450000000000000e+05
3.041010000000000000e+05
2.571648000000000000e+06
4.558980000000000000e+05
3.135700000000000000e+05
3.064840000000000000e+05
2.913230000000000000e+05
3.052830000000000000e+05
3.238350000000000000e+05
2.329700000000000000e+04
3.818330000000000000e+05
3.421140000000000000e+05
9.438400000000000000e+05
3.715770000000000000e+05
2.278866000000000000e+06
5.104020000000000000e+05
3.497300000000000000e+05
4.162370000000000000e+05
2.135990000000000000e+05
3.272070000000000000e+05
2.581430000000000000e+05
1.417000000000000000e+04
2.920460000000000000e+05
3.070720000000000000e+05
9.062600000000000000e+05
2.879570000000000000e+05
2.363441000000000000e+06
5.317320000000000000e+05
2.861620000000000000e+05
3.565230000000000000e+05
3.118250000000000000e+05
3.607080000000000000e+05
4.454060000000000000e+05
3.566600000000000000e+04
4.551680000000000000e+05
5.281470000000000000e+05
1.011685000000000000e+06
4.948720000000000000e+05
2.569453000000000000e+06
5.505580000000000000e+05
7.075380000000000000e+05
8.578480000000000000e+05
9.383410000000000000e+05
8.888020000000000000e+05
9.418400000000000000e+05
9.104000000000000000e+04
8.798580000000000000e+05
8.106270000000000000e+05
1.325691000000000000e+06
7.467190000000000000e+05
2.729332000000000000e+06
5.691510000000000000e+05
6.765060000000000000e+05
7.833370000000000000e+05
6.130710000000000000e+05
6.432270000000000000e+05
5.808240000000000000e+05
3.768300000000000000e+04
5.061680000000000000e+05
4.397180000000000000e+05
1.052714000000000000e+06
4.617340000000000000e+05
2.376725000000000000e+06
4.912540000000000000e+05
3.623810000000000000e+05
3.221620000000000000e+05
3.426920000000000000e+05
3.687940000000000000e+05
3.907310000000000000e+05
3.993200000000000000e+04
5.094290000000000000e+05
8.708590000000000000e+05
1.128034000000000000e+06
4.590640000000000000e+05
2.477336000000000000e+06
5.045020000000000000e+05
2.943080000000000000e+05
2.641150000000000000e+05
