5.637270000000000000e+05
3.239150000000000000e+05
2.963300000000000000e+04
3.133720000000000000e+05
2.329040000000000000e+05
2.299170000000000000e+05
1.768160000000000000e+05
1.992627000000000000e+06
4.747040000000000000e+05
3.500050000000000000e+05
4.301730000000000000e+05
8.493060000000000000e+05
2.447780000000000000e+05
1.842740000000000000e+05
1.366200000000000000e+04
1.415480000000000000e+05
1.633740000000000000e+05
1.712350000000000000e+05
2.257060000000000000e+05
1.895684000000000000e+06
4.910050000000000000e+05
1.283380000000000000e+05
1.417770000000000000e+05
7.752070000000000000e+05
2.123460000000000000e+05
2.078420000000000000e+05
4.797000000000000000e+03
2.049510000000000000e+05
4.258550000000000000e+05
1.128940000000000000e+05
1.714640000000000000e+05
1.818963000000000000e+06
4.606570000000000000e+05
1.501780000000000000e+05
1.921290000000000000e+05
7.865390000000000000e+05
2.295250000000000000e+05
2.041140000000000000e+05
2.407000000000000000e+03
1.653020000000000000e+05
2.174260000000000000e+05
2.030080000000000000e+05
2.018530000000000000e+05
1.774814000000000000e+06
4.820890000000000000e+05
2.188740000000000000e+05
3.932650000000000000e+05
7.472930000000000000e+05
1.943140000000000000e+05
2.837010000000000000e+05
1.512400000000000000e+04
1.602590000000000000e+05
2.091560000000000000e+05
1.827040000000000000e+05
2.177260000000000000e+05
1.953649000000000000e+06
5.115740000000000000e+05
2.274760000000000000e+05
2.431180000000000000e+05
7.849410000000000000e+05
2.355820000000000000e+05
2.079410000000000000e+05
1.595300000000000000e+04
2.206590000000000000e+05
5.936830000000000000e+05
6.146200000000000000e+04
1.616750000000000000e+05
4.132654600000000000e+07
1.343510000000000000e+05
1.094454300000000000e+07
1.375261100000000000e+07
1.621689700000000000e+07
1.909078000000000000e+07
2.174207800000000000e+07
3.352450000000000000e+05
2.382332800000000000e+07
2.373233300000000000e+07
2.211129400000000000e+07
2.304534200000000000e+07
2.609537400000000000e+07
2.320280000000000000e+05
2.865572400000000000e+07
3.152605000000000000e+07
3.422377600000000000e+07
3.468943600000000000e+07
3.584513800000000000e+07
6.947610000000000000e+05
3.289276900000000000e+07
3.206519800000000000e+07
3.641781100000000000e+07
3.138149600000000000e+07
3.098056200000000000e+07
2.469210000000000000e+05
3.276722300000000000e+07
3.780400400000000000e+07
1.949560100000000000e+07
8.625358000000000000e+06
6.636960000000000000e+05
1.843270000000000000e+05
2.995410000000000000e+05
4.003340000000000000e+05
3.845940000000000000e+05
2.143060000000000000e+05
3.436844000000000000e+06
4.674650000000000000e+05
2.560940000000000000e+05
4.018780000000000000e+05
9.513380000000000000e+05
3.402570000000000000e+05
3.827480000000000000e+05
2.364700000000000000e+04
5.040850000000000000e+05
4.053770000000000000e+05
3.117960000000000000e+05
4.411370000000000000e+05
1.634298000000000000e+06
3.836360000000000000e+05
2.295850000000000000e+05
1.042000000000000000e+05
5.087530000000000000e+05
2.506060000000000000e+05
1.959280000000000000e+05
1.392500000000000000e+04
2.509990000000000000e+05
6.501208000000000000e+07
1.117010000000000000e+06
1.765488000000000000e+06
3.344869000000000000e+06
2.879680000000000000e+05
1.489545000000000000e+06
1.966722000000000000e+06
2.503075000000000000e+06
2.247728000000000000e+06
2.210487000000000000e+06
1.616430000000000000e+05
2.152339000000000000e+06
2.152827000000000000e+06
2.068183000000000000e+06
1.928212000000000000e+06
3.873486000000000000e+06
3.522870000000000000e+05
1.739238000000000000e+06
2.091267000000000000e+06
2.446908000000000000e+06
2.589969000000000000e+06
2.864086000000000000e+06
1.854580000000000000e+05
2.879201000000000000e+06
3.169848000000000000e+06
