2.905330000000000000e+06
4.668181000000000000e+06
2.898960000000000000e+05
2.592007000000000000e+06
2.976499000000000000e+06
2.733187000000000000e+06
2.803501000000000000e+06
2.561805000000000000e+06
1.173340000000000000e+05
2.452999000000000000e+06
3.149967000000000000e+06
3.294795000000000000e+06
3.329117000000000000e+06
5.447150000000000000e+06
3.350810000000000000e+05
3.881753000000000000e+06
4.536769000000000000e+06
4.730017000000000000e+06
4.991544000000000000e+06
5.171033000000000000e+06
2.282980000000000000e+05
4.552183000000000000e+06
4.531937000000000000e+06
4.372898000000000000e+06
3.851456000000000000e+06
5.608748000000000000e+06
4.222530000000000000e+05
3.629066000000000000e+06
4.174543000000000000e+06
3.684329000000000000e+06
4.338288000000000000e+06
4.691079000000000000e+06
2.378010000000000000e+05
5.324145000000000000e+06
5.510437000000000000e+06
5.895817000000000000e+06
5.470397000000000000e+06
6.589179000000000000e+06
2.370690000000000000e+05
4.696403000000000000e+06
4.903915000000000000e+06
4.768424000000000000e+06
4.035567000000000000e+06
3.704237000000000000e+06
1.394570000000000000e+05
3.778957000000000000e+06
3.870858000000000000e+06
4.441065000000000000e+06
3.654919000000000000e+06
5.956254000000000000e+06
2.422280000000000000e+05
4.931017000000000000e+06
5.988759000000000000e+06
6.663896000000000000e+06
6.940916000000000000e+06
7.269677000000000000e+06
1.553560000000000000e+05
7.909826000000000000e+06
7.785939000000000000e+06
7.821868000000000000e+06
6.890903000000000000e+06
6.942272000000000000e+06
3.434610000000000000e+05
5.502685000000000000e+06
5.941802000000000000e+06
5.989310000000000000e+06
5.452811000000000000e+06
5.545145000000000000e+06
2.438890000000000000e+05
6.455864000000000000e+06
7.761415000000000000e+06
8.549209000000000000e+06
8.742656000000000000e+06
9.632852000000000000e+06
3.461860000000000000e+05
6.937614000000000000e+06
6.728982000000000000e+06
6.074914000000000000e+06
5.407087000000000000e+06
3.971608000000000000e+06
1.883240000000000000e+05
2.353283000000000000e+06
2.369467000000000000e+06
2.661357000000000000e+06
2.388139000000000000e+06
4.997176000000000000e+06
4.384170000000000000e+05
4.023261000000000000e+06
5.338189000000000000e+06
6.548664000000000000e+06
7.381906000000000000e+06
7.249539000000000000e+06
1.449530000000000000e+05
7.706971000000000000e+06
8.148598000000000000e+06
7.745483000000000000e+06
5.856439000000000000e+06
5.302550000000000000e+06
4.023900000000000000e+05
2.060917000000000000e+06
2.321029000000000000e+06
2.020757000000000000e+06
1.968396000000000000e+06
1.755270000000000000e+06
1.502030000000000000e+05
1.516187000000000000e+06
1.880770000000000000e+06
3.768704000000000000e+06
4.732979000000000000e+06
6.827244000000000000e+06
3.324730000000000000e+05
6.796480000000000000e+06
7.362604000000000000e+06
7.410327000000000000e+06
6.829717000000000000e+06
6.550616000000000000e+06
1.134500000000000000e+05
6.080025000000000000e+06
5.852361000000000000e+06
5.295111000000000000e+06
3.641551000000000000e+06
4.382609000000000000e+06
4.180310000000000000e+05
1.527508000000000000e+06
2.001951000000000000e+06
2.286252000000000000e+06
3.615300000000000000e+06
4.431444000000000000e+06
1.211180000000000000e+05
5.631784000000000000e+06
6.021894000000000000e+06
6.288419000000000000e+06
6.460575000000000000e+06
7.988534000000000000e+06
1.809590000000000000e+05
6.362770000000000000e+06
5.763660000000000000e+06
4.652769000000000000e+06
3.813880000000000000e+06
2.583092000000000000e+06
2.320100000000000000e+05
1.109025000000000000e+06
1.789174000000000000e+06
1.508324900000000000e+07
1.560379800000000000e+07
1.512249000000000000e+07
1.989540000000000000e+05
1.406700000000000000e+07
1.341952800000000000e+07
