1.270740100000000000e+07
1.200636000000000000e+07
2.454920000000000000e+05
1.085371800000000000e+07
3.571293000000000000e+06
1.711563000000000000e+06
1.451955000000000000e+06
2.626421000000000000e+06
2.224320000000000000e+05
4.081950000000000000e+05
5.294130000000000000e+05
9.747170000000000000e+05
7.649930000000000000e+05
9.396330000000000000e+05
6.537600000000000000e+04
1.222233000000000000e+06
1.497030000000000000e+06
1.677300000000000000e+06
1.765587000000000000e+06
2.488950000000000000e+06
2.410060000000000000e+05
1.903327000000000000e+06
1.970847000000000000e+06
1.999229000000000000e+06
1.781409000000000000e+06
1.967763000000000000e+06
1.168660000000000000e+05
2.045555000000000000e+06
1.907794000000000000e+06
1.747204000000000000e+06
1.761183000000000000e+06
2.102047000000000000e+06
2.382670000000000000e+05
1.220282000000000000e+06
1.763307000000000000e+06
1.229471000000000000e+06
7.994020000000000000e+05
6.654080000000000000e+05
5.123400000000000000e+04
5.686420000000000000e+05
6.414230000000000000e+05
6.830840000000000000e+05
5.723530000000000000e+05
1.502332000000000000e+06
2.023500000000000000e+05
5.661760000000000000e+05
5.382510000000000000e+05
6.304860000000000000e+05
1.568350000000000000e+05
1.199250000000000000e+05
1.263900000000000000e+04
1.504190000000000000e+05
3.064890000000000000e+05
3.777770000000000000e+05
1.227340000000000000e+05
1.097135000000000000e+06
2.048470000000000000e+05
7.712700000000000000e+04
1.959030000000000000e+05
4.876470000000000000e+05
3.710860000000000000e+05
2.043510000000000000e+05
1.106200000000000000e+04
3.028170000000000000e+05
1.345801000000000000e+06
2.573880000000000000e+05
2.228430000000000000e+05
1.110589000000000000e+06
2.211660000000000000e+05
2.101360000000000000e+05
2.062070000000000000e+05
4.036530000000000000e+05
3.047660000000000000e+05
2.014630000000000000e+05
1.440200000000000000e+04
2.618570000000000000e+05
2.624700000000000000e+05
3.028860000000000000e+05
3.043410000000000000e+05
1.571224000000000000e+06
2.250700000000000000e+05
1.049980000000000000e+05
1.185000000000000000e+05
5.050340000000000000e+05
8.010200000000000000e+04
2.297710000000000000e+05
2.381400000000000000e+04
2.465600000000000000e+05
1.763970000000000000e+05
2.033180000000000000e+05
2.133460000000000000e+05
1.136272000000000000e+06
1.962210000000000000e+05
1.974770000000000000e+05
8.367370000000000000e+05
3.862570000000000000e+05
3.099930000000000000e+05
1.774410000000000000e+05
6.949000000000000000e+03
3.085290000000000000e+05
4.197920000000000000e+05
2.279620000000000000e+05
2.157530000000000000e+05
1.199538000000000000e+06
2.266730000000000000e+05
4.605880000000000000e+05
5.012470000000000000e+05
6.617360000000000000e+05
5.001130000000000000e+05
5.595642000000000000e+07
3.320700000000000000e+05
2.489700000000000000e+04
1.023400000000000000e+04
4.489300000000000000e+04
5.215100000000000000e+04
7.442700000000000000e+04
5.686000000000000000e+03
1.031030000000000000e+05
1.299440000000000000e+05
4.935170000000000000e+05
8.719950000000000000e+05
1.884652800000000000e+07
5.282940000000000000e+05
2.893195700000000000e+07
2.249703900000000000e+07
2.277233300000000000e+07
2.746303600000000000e+07
3.067507800000000000e+07
1.397313000000000000e+06
3.222395600000000000e+07
3.425162100000000000e+07
3.514253800000000000e+07
3.520968300000000000e+07
3.590981300000000000e+07
6.574070000000000000e+05
5.106559000000000000e+07
6.342280000000000000e+05
1.615590800000000000e+07
2.493835200000000000e+07
2.501198700000000000e+07
5.783340000000000000e+05
2.183946800000000000e+07
2.134686600000000000e+07
1.862840800000000000e+07
2.001527500000000000e+07
1.737139100000000000e+07
5.412610000000000000e+05
1.581831200000000000e+07
1.429489200000000000e+07
