1.154192700000000000e+07
1.051222600000000000e+07
4.266700000000000000e+05
9.502133000000000000e+06
8.461739000000000000e+06
7.795945000000000000e+06
6.988273000000000000e+06
5.907244000000000000e+06
1.787210000000000000e+05
4.913805000000000000e+06
3.521766000000000000e+06
2.255117000000000000e+06
1.853157000000000000e+06
1.348393000000000000e+06
3.060700000000000000e+04
7.152300000000000000e+05
3.589060000000000000e+05
2.350310000000000000e+05
1.767120000000000000e+05
1.542720000000000000e+05
1.928000000000000000e+03
5.840555500000000000e+07
3.550641600000000000e+07
3.544021200000000000e+07
3.526489400000000000e+07
3.513267500000000000e+07
2.897619000000000000e+06
3.405271500000000000e+07
3.454372600000000000e+07
3.532856100000000000e+07
3.647593900000000000e+07
3.735519600000000000e+07
2.940635000000000000e+06
3.941117200000000000e+07
3.947028800000000000e+07
3.908981900000000000e+07
3.853672400000000000e+07
3.796989800000000000e+07
1.646492000000000000e+06
3.640967000000000000e+07
3.477667200000000000e+07
3.363769900000000000e+07
3.279065400000000000e+07
3.035364200000000000e+07
1.017929000000000000e+06
2.871887200000000000e+07
2.606031400000000000e+07
2.479234400000000000e+07
2.406367400000000000e+07
2.281686200000000000e+07
5.313560000000000000e+05
2.092999500000000000e+07
1.845347900000000000e+07
1.616205100000000000e+07
1.402216800000000000e+07
1.262313200000000000e+07
1.899340000000000000e+05
1.297885100000000000e+07
1.106771400000000000e+07
9.029981000000000000e+06
6.109142000000000000e+06
4.077381000000000000e+07
3.576940000000000000e+05
4.207880000000000000e+05
1.255403000000000000e+06
1.075056000000000000e+06
1.369683000000000000e+06
1.222746000000000000e+06
7.621100000000000000e+04
1.291294000000000000e+06
1.335965000000000000e+06
2.024270000000000000e+06
1.604570000000000000e+06
4.400225000000000000e+06
7.875880000000000000e+05
1.281093000000000000e+06
1.535088000000000000e+06
1.505549000000000000e+06
1.502787000000000000e+06
1.594964000000000000e+06
1.214580000000000000e+05
1.402311000000000000e+06
1.646824000000000000e+06
1.993356000000000000e+06
1.503072000000000000e+06
4.526063000000000000e+06
7.630080000000000000e+05
9.587310000000000000e+05
1.319118000000000000e+06
1.144331000000000000e+06
1.313597000000000000e+06
1.331055000000000000e+06
7.558600000000000000e+04
1.355477000000000000e+06
1.388992000000000000e+06
2.058559000000000000e+06
1.524829000000000000e+06
4.384834000000000000e+06
8.063120000000000000e+05
1.035591000000000000e+06
1.467198000000000000e+06
1.093927000000000000e+06
1.413333000000000000e+06
1.124639000000000000e+06
7.498300000000000000e+04
1.208387000000000000e+06
1.141256000000000000e+06
1.838165000000000000e+06
1.232962000000000000e+06
4.229668000000000000e+06
8.013790000000000000e+05
1.044127000000000000e+06
1.341638000000000000e+06
1.271898000000000000e+06
1.347046000000000000e+06
1.300731000000000000e+06
5.814100000000000000e+04
1.256878000000000000e+06
1.507016000000000000e+06
1.980483000000000000e+06
1.431308000000000000e+06
4.342179000000000000e+06
7.872680000000000000e+05
1.146667000000000000e+06
1.412546000000000000e+06
1.456054000000000000e+06
1.296242000000000000e+06
1.252042000000000000e+06
6.678100000000000000e+04
1.326460000000000000e+06
1.256108000000000000e+06
2.050430000000000000e+06
1.439474000000000000e+06
4.566602000000000000e+06
7.045690000000000000e+05
9.695940000000000000e+05
1.416657000000000000e+06
1.030524000000000000e+06
1.186191000000000000e+06
1.128915000000000000e+06
6.146300000000000000e+04
1.067008000000000000e+06
1.092408000000000000e+06
1.839634000000000000e+06
1.190841000000000000e+06
3.987503000000000000e+06
7.534150000000000000e+05
8.969420000000000000e+05
1.229695000000000000e+06
