1.435696000000000000e+06
1.161102000000000000e+06
6.996700000000000000e+04
1.141255000000000000e+06
1.330343000000000000e+06
7.125730000000000000e+05
1.521298700000000000e+07
1.867142500000000000e+07
7.847240000000000000e+05
1.225121700000000000e+07
2.272783000000000000e+07
2.405733400000000000e+07
3.128016300000000000e+07
3.208179400000000000e+07
1.684153000000000000e+06
3.205133700000000000e+07
2.833996800000000000e+07
2.507024300000000000e+07
2.482371400000000000e+07
1.103421000000000000e+07
3.693460000000000000e+05
1.233727900000000000e+07
1.255465800000000000e+07
1.207606900000000000e+07
7.227704000000000000e+06
4.655516000000000000e+06
5.417200000000000000e+05
3.308301000000000000e+06
1.131739100000000000e+07
5.474719000000000000e+06
6.960864000000000000e+06
6.102504000000000000e+06
7.480650000000000000e+05
4.288849000000000000e+06
2.018402000000000000e+06
2.400776000000000000e+06
1.887812000000000000e+06
1.527593000000000000e+06
1.498970000000000000e+05
1.561831000000000000e+06
1.527539000000000000e+06
1.355797000000000000e+06
1.289838000000000000e+06
4.165928000000000000e+06
7.196060000000000000e+05
9.040110000000000000e+05
1.195062000000000000e+06
1.840716000000000000e+06
1.157204000000000000e+06
1.093941000000000000e+06
7.022000000000000000e+04
9.978850000000000000e+05
1.115059000000000000e+06
1.269808000000000000e+06
1.174773000000000000e+06
4.249258000000000000e+06
6.861580000000000000e+05
1.219129000000000000e+06
1.814002000000000000e+06
2.208287000000000000e+06
1.777995000000000000e+06
1.615129000000000000e+06
1.298630000000000000e+05
1.394963000000000000e+06
1.345137000000000000e+06
1.280288000000000000e+06
1.385792000000000000e+06
3.820253000000000000e+06
7.412870000000000000e+05
1.164900000000000000e+06
1.356554000000000000e+06
1.816131000000000000e+06
1.256341000000000000e+06
1.045018000000000000e+06
8.900900000000000000e+04
1.063392000000000000e+06
1.135504000000000000e+06
1.000249000000000000e+06
1.107325000000000000e+06
3.604724000000000000e+06
7.273960000000000000e+05
8.254530000000000000e+05
1.229946000000000000e+06
1.660182000000000000e+06
1.106881000000000000e+06
1.172725000000000000e+06
7.318300000000000000e+04
1.201549000000000000e+06
9.820910000000000000e+05
1.176849000000000000e+06
1.064655000000000000e+06
3.711283000000000000e+06
7.246950000000000000e+05
8.698840000000000000e+05
1.184531000000000000e+06
1.526431000000000000e+06
1.158038000000000000e+06
8.836960000000000000e+05
7.453400000000000000e+04
9.095360000000000000e+05
9.478230000000000000e+05
1.070300000000000000e+06
1.058666000000000000e+06
3.583850000000000000e+06
7.222230000000000000e+05
8.590050000000000000e+05
1.035604000000000000e+06
1.673413000000000000e+06
1.122302000000000000e+06
9.596380000000000000e+05
5.566000000000000000e+04
9.388440000000000000e+05
1.145100000000000000e+06
8.953730000000000000e+05
1.133868000000000000e+06
3.472229000000000000e+06
6.624730000000000000e+05
9.981820000000000000e+05
1.490744000000000000e+06
2.489421000000000000e+06
9.216059000000000000e+06
1.401865300000000000e+07
4.193630000000000000e+05
1.401414400000000000e+07
1.032226000000000000e+07
1.193054600000000000e+07
2.020600300000000000e+07
9.312737000000000000e+06
4.036770000000000000e+05
9.278331000000000000e+06
8.313188000000000000e+06
6.957025000000000000e+06
4.316966000000000000e+06
3.084298000000000000e+06
2.519320000000000000e+05
1.340854300000000000e+07
1.115969700000000000e+07
4.987692000000000000e+06
7.095821000000000000e+06
6.342004000000000000e+06
7.384470000000000000e+05
4.243800000000000000e+06
5.240700000000000000e+06
2.082463000000000000e+06
2.488371000000000000e+06
1.170852000000000000e+06
5.945400000000000000e+04
1.681411000000000000e+06
1.831408000000000000e+06
