3.438800000000000000e+04
2.602000000000000000e+03
0.000000000000000000e+00
0.000000000000000000e+00
0.000000000000000000e+00
0.000000000000000000e+00
6.231930000000000000e+05
1.480680000000000000e+05
3.184000000000000000e+03
3.542830000000000000e+05
3.300310000000000000e+05
3.127260000000000000e+05
2.895360000000000000e+05
3.564600000000000000e+05
2.125600000000000000e+04
3.291560000000000000e+05
3.505410000000000000e+05
4.580890000000000000e+05
6.174320000000000000e+05
4.198270000000000000e+05
2.578200000000000000e+04
2.980720000000000000e+05
2.559540000000000000e+05
9.033200000000000000e+04
0.000000000000000000e+00
2.957000000000000000e+03
3.342000000000000000e+03
1.154700000000000000e+04
8.740000000000000000e+03
1.077200000000000000e+04
4.550410000000000000e+05
3.016410000000000000e+05
0.000000000000000000e+00
0.000000000000000000e+00
0.000000000000000000e+00
7.585265000000000000e+06
4.387000000000000000e+04
1.690100000000000000e+04
1.660000000000000000e+02
4.069300000000000000e+04
3.432100000000000000e+04
3.079500000000000000e+04
5.913880000000000000e+05
1.036600000000000000e+04
6.030000000000000000e+02
0.000000000000000000e+00
1.657000000000000000e+03
1.087020000000000000e+05
0.000000000000000000e+00
0.000000000000000000e+00
0.000000000000000000e+00
0.000000000000000000e+00
2.965000000000000000e+03
2.618000000000000000e+03
5.969150000000000000e+05
2.924870000000000000e+05
2.507000000000000000e+03
0.000000000000000000e+00
0.000000000000000000e+00
9.370000000000000000e+04
0.000000000000000000e+00
0.000000000000000000e+00
0.000000000000000000e+00
0.000000000000000000e+00
0.000000000000000000e+00
0.000000000000000000e+00
4.326370000000000000e+05
3.277930000000000000e+05
7.324000000000000000e+03
5.318620000000000000e+05
4.760300000000000000e+05
5.097110000000000000e+05
5.286310000000000000e+05
5.381210000000000000e+05
4.310500000000000000e+04
5.774160000000000000e+05
5.576280000000000000e+05
7.070950000000000000e+05
1.012615000000000000e+06
6.818570000000000000e+05
5.840200000000000000e+04
5.610560000000000000e+05
4.071270000000000000e+05
2.155100000000000000e+04
0.000000000000000000e+00
1.455600000000000000e+05
6.040000000000000000e+03
2.432320000000000000e+05
2.088990000000000000e+05
2.444530000000000000e+05
3.166890000000000000e+05
2.133210000000000000e+05
2.162000000000000000e+04
2.702500000000000000e+05
2.843220000000000000e+05
1.621860000000000000e+05
0.000000000000000000e+00
0.000000000000000000e+00
0.000000000000000000e+00
0.000000000000000000e+00
0.000000000000000000e+00
0.000000000000000000e+00
0.000000000000000000e+00
0.000000000000000000e+00
0.000000000000000000e+00
0.000000000000000000e+00
0.000000000000000000e+00
0.000000000000000000e+00
0.000000000000000000e+00
0.000000000000000000e+00
0.000000000000000000e+00
0.000000000000000000e+00
0.000000000000000000e+00
0.000000000000000000e+00
0.000000000000000000e+00
0.000000000000000000e+00
0.000000000000000000e+00
0.000000000000000000e+00
0.000000000000000000e+00
0.000000000000000000e+00
0.000000000000000000e+00
3.626041900000000000e+07
3.761500000000000000e+04
1.934337300000000000e+07
1.958922200000000000e+07
2.021625900000000000e+07
2.048636700000000000e+07
2.092643300000000000e+07
2.083500000000000000e+05
2.115751900000000000e+07
2.125278700000000000e+07
2.098898500000000000e+07
2.058060400000000000e+07
2.068761900000000000e+07
3.567650000000000000e+05
1.916322500000000000e+07
1.860091400000000000e+07
1.763988800000000000e+07
1.717391700000000000e+07
1.784324600000000000e+07
1.991740000000000000e+05
1.869601000000000000e+07
1.949592300000000000e+07
2.025217900000000000e+07
2.029648100000000000e+07
2.012386700000000000e+07
3.013800000000000000e+05
1.931408100000000000e+07
1.933866000000000000e+07
