6.725100000000000000e+05
7.835420000000000000e+05
4.164800000000000000e+04
7.403460000000000000e+05
1.037129000000000000e+06
9.445400000000000000e+04
8.622200000000000000e+04
5.079800000000000000e+04
1.098000000000000000e+03
8.508700000000000000e+04
5.655500000000000000e+04
2.963130000000000000e+05
1.106470000000000000e+05
5.895600000000000000e+04
2.249000000000000000e+03
8.856700000000000000e+04
5.840790000000000000e+05
9.188500000000000000e+04
1.174130000000000000e+05
6.793700000000000000e+04
1.580000000000000000e+02
9.243900000000000000e+04
1.987610000000000000e+05
2.661330000000000000e+05
6.363300000000000000e+04
6.700000000000000000e+04
9.359000000000000000e+03
1.235660000000000000e+05
6.829290000000000000e+05
1.581180000000000000e+05
9.105100000000000000e+04
1.093030000000000000e+05
1.022000000000000000e+03
8.686900000000000000e+04
1.656600000000000000e+05
2.774020000000000000e+05
1.582380000000000000e+05
8.899800000000000000e+04
3.849000000000000000e+03
1.143710000000000000e+05
7.570550000000000000e+05
1.579580000000000000e+05
9.170000000000000000e+04
1.261140000000000000e+05
2.680000000000000000e+03
1.271240000000000000e+05
8.964900000000000000e+04
3.470290000000000000e+05
4.360100000000000000e+04
2.991326600000000000e+07
1.427880000000000000e+05
2.897171000000000000e+06
4.399715000000000000e+06
3.835692000000000000e+06
3.962980000000000000e+06
3.948332000000000000e+06
3.448980000000000000e+05
4.003702000000000000e+06
3.860109000000000000e+06
4.116702000000000000e+06
4.036107000000000000e+06
4.115278000000000000e+06
2.403870000000000000e+05
4.013079000000000000e+06
4.689342000000000000e+06
4.296374000000000000e+06
4.386382000000000000e+06
4.414836000000000000e+06
3.809200000000000000e+05
4.307067000000000000e+06
4.450493000000000000e+06
4.680673000000000000e+06
4.450629000000000000e+06
4.307432000000000000e+06
2.292030000000000000e+05
4.378827000000000000e+06
5.001279000000000000e+06
4.842332000000000000e+06
4.556143000000000000e+06
4.698151000000000000e+06
3.948490000000000000e+05
4.532382000000000000e+06
4.622074000000000000e+06
4.560811000000000000e+06
4.670926000000000000e+06
4.410879000000000000e+06
3.070060000000000000e+05
4.445195000000000000e+06
5.087805000000000000e+06
4.964686000000000000e+06
4.771551000000000000e+06
4.544791000000000000e+06
3.949930000000000000e+05
4.678691000000000000e+06
4.537806000000000000e+06
4.905968000000000000e+06
4.531170000000000000e+06
4.609898000000000000e+06
2.858500000000000000e+05
4.460532000000000000e+06
5.191684000000000000e+06
4.572996000000000000e+06
4.591470000000000000e+06
4.540463000000000000e+06
4.507890000000000000e+05
4.495417000000000000e+06
4.437705000000000000e+06
4.870914000000000000e+06
4.486695000000000000e+06
4.301668000000000000e+06
2.674610000000000000e+05
4.503400000000000000e+06
5.252178000000000000e+06
4.741382000000000000e+06
4.433267000000000000e+06
4.716230000000000000e+06
4.880730000000000000e+05
4.385948000000000000e+06
4.602024000000000000e+06
4.393864000000000000e+06
4.489828000000000000e+06
4.264930000000000000e+06
2.955170000000000000e+05
4.408665000000000000e+06
4.973715000000000000e+06
4.716341000000000000e+06
4.392709000000000000e+06
4.138223000000000000e+06
4.431620000000000000e+05
4.403170000000000000e+06
4.204566000000000000e+06
4.646464000000000000e+06
4.187212000000000000e+06
4.382123000000000000e+06
3.251700000000000000e+05
4.083507000000000000e+06
5.092920000000000000e+06
4.386159000000000000e+06
4.212789000000000000e+06
4.217903000000000000e+06
4.319730000000000000e+05
4.070431000000000000e+06
3.887491000000000000e+06
4.688454000000000000e+06
3.846027000000000000e+06
3.765285000000000000e+06
2.958880000000000000e+05
3.842978000000000000e+06
4.654328000000000000e+06
