3.655780000000000000e+06
3.790650000000000000e+06
4.438000000000000000e+05
3.386995000000000000e+06
3.333693000000000000e+06
3.400162000000000000e+06
3.359156000000000000e+06
3.187985000000000000e+06
2.745700000000000000e+05
3.117691000000000000e+06
4.163406000000000000e+06
3.891692000000000000e+06
2.904476000000000000e+06
3.131986000000000000e+06
3.494650000000000000e+05
2.785751000000000000e+06
2.705986000000000000e+06
3.129544000000000000e+06
2.488796000000000000e+06
2.951145000000000000e+06
2.453220000000000000e+05
2.320569000000000000e+06
3.784683000000000000e+06
2.659644000000000000e+06
2.309918000000000000e+06
2.013192000000000000e+06
2.046200000000000000e+05
2.020789000000000000e+06
1.443282000000000000e+06
2.462669000000000000e+06
1.395229000000000000e+06
1.759915000000000000e+06
1.425360000000000000e+05
1.314277000000000000e+06
3.231330000000000000e+06
2.050016000000000000e+06
6.586870000000000000e+05
1.294907000000000000e+06
1.225620000000000000e+05
6.342760000000000000e+05
4.368160000000000000e+05
5.833940000000000000e+05
1.801020000000000000e+05
5.348080000000000000e+05
3.875300000000000000e+04
1.238400000000000000e+04
2.619400000000000000e+06
1.674315000000000000e+06
1.173370000000000000e+05
5.546060000000000000e+05
6.599700000000000000e+04
2.203900000000000000e+04
2.704200000000000000e+04
4.665850000000000000e+05
7.077300000000000000e+04
6.281650000000000000e+05
6.926900000000000000e+04
1.095000000000000000e+04
1.192725000000000000e+06
1.336658000000000000e+06
1.508250000000000000e+05
5.667130000000000000e+05
4.406600000000000000e+04
1.718800000000000000e+04
5.250000000000000000e+02
5.621660000000000000e+05
5.387900000000000000e+04
5.325410000000000000e+05
8.204700000000000000e+04
3.800900000000000000e+04
1.770614000000000000e+06
1.322351000000000000e+06
9.849700000000000000e+04
6.187650000000000000e+05
7.870700000000000000e+04
3.930700000000000000e+04
1.180700000000000000e+04
4.755530000000000000e+05
4.024100000000000000e+04
5.326310000000000000e+05
5.945500000000000000e+04
2.906144700000000000e+07
9.559570000000000000e+05
3.293040000000000000e+05
3.408900000000000000e+05
1.899460000000000000e+05
1.739800000000000000e+04
2.541070000000000000e+05
2.802220000000000000e+05
2.070700000000000000e+05
1.699380000000000000e+05
2.438260000000000000e+05
6.462000000000000000e+03
2.157600000000000000e+05
8.584120000000000000e+05
3.942050000000000000e+05
2.637180000000000000e+05
2.312180000000000000e+05
1.144100000000000000e+04
1.969040000000000000e+05
2.195080000000000000e+05
2.023070000000000000e+05
2.560990000000000000e+05
1.860520000000000000e+05
3.717000000000000000e+03
2.083850000000000000e+05
9.605030000000000000e+05
4.006590000000000000e+05
2.069970000000000000e+05
2.374200000000000000e+05
8.110000000000000000e+03
2.411220000000000000e+05
1.868070000000000000e+05
1.870740000000000000e+05
2.392980000000000000e+05
2.168130000000000000e+05
1.226900000000000000e+04
1.596490000000000000e+05
9.096380000000000000e+05
4.485640000000000000e+05
1.808040000000000000e+05
2.228050000000000000e+05
1.160400000000000000e+04
1.941890000000000000e+05
2.964850000000000000e+05
1.391180000000000000e+05
2.121110000000000000e+05
1.750100000000000000e+05
9.724000000000000000e+03
1.672070000000000000e+05
9.267730000000000000e+05
4.228960000000000000e+05
1.745240000000000000e+05
1.662830000000000000e+05
6.074000000000000000e+03
2.378020000000000000e+05
1.147420000000000000e+05
1.287870000000000000e+05
3.878570400000000000e+07
5.905480000000000000e+05
6.236400000000000000e+04
1.870352000000000000e+06
4.730007000000000000e+06
1.146564000000000000e+06
1.766035000000000000e+06
2.127275000000000000e+06
6.365400000000000000e+04
1.988827000000000000e+06
1.805782000000000000e+06
