2.493158000000000000e+06
2.401456000000000000e+06
2.042013000000000000e+06
1.898889000000000000e+06
2.003394000000000000e+06
1.733027000000000000e+06
1.644033000000000000e+06
1.312236000000000000e+06
8.606070000000000000e+05
1.598634000000000000e+06
1.116873000000000000e+06
4.091060000000000000e+06
2.366451000000000000e+06
1.445604000000000000e+06
1.306138000000000000e+06
1.779476000000000000e+06
1.804180000000000000e+06
1.875829000000000000e+06
1.926151000000000000e+06
1.685503000000000000e+06
2.659000000000000000e+06
3.508554000000000000e+06
1.924965000000000000e+06
4.117052000000000000e+06
1.677174000000000000e+06
2.434259000000000000e+06
2.476581000000000000e+06
2.378001000000000000e+06
3.109502000000000000e+06
3.708613000000000000e+06
4.288281000000000000e+06
3.881267000000000000e+06
3.577222000000000000e+06
2.591132000000000000e+06
2.774826000000000000e+06
4.592071000000000000e+06
1.884601000000000000e+06
2.488163000000000000e+06
1.778033000000000000e+06
1.388003000000000000e+06
1.587864000000000000e+06
1.571270000000000000e+06
1.575080000000000000e+06
2.322006000000000000e+06
2.893084000000000000e+06
2.920269000000000000e+06
2.122350000000000000e+06
4.063217000000000000e+06
1.567579000000000000e+06
1.167526000000000000e+06
1.034734000000000000e+06
1.206198000000000000e+06
2.082002000000000000e+06
2.832833000000000000e+06
2.706348000000000000e+06
2.444443000000000000e+06
1.937998000000000000e+06
1.197214000000000000e+06
1.706757000000000000e+06
4.332544000000000000e+06
2.446941000000000000e+06
2.172573000000000000e+06
2.002218000000000000e+06
1.114014000000000000e+06
1.164293000000000000e+06
1.289557000000000000e+06
1.852715000000000000e+06
1.424546000000000000e+06
1.657901000000000000e+06
2.545502000000000000e+06
1.562607000000000000e+06
4.058975000000000000e+06
1.968283000000000000e+06
2.112659000000000000e+06
2.232187000000000000e+06
1.421797000000000000e+06
1.396898000000000000e+06
1.197295000000000000e+06
6.494450000000000000e+05
8.355440000000000000e+05
5.517400000000000000e+05
8.524660000000000000e+05
8.812040000000000000e+05
3.655120000000000000e+06
1.487866000000000000e+06
1.677241000000000000e+06
1.492094000000000000e+06
6.114040000000000000e+05
1.158428000000000000e+06
6.053860000000000000e+05
9.763480000000000000e+05
1.207805000000000000e+06
1.762602000000000000e+06
1.282508000000000000e+06
8.373220000000000000e+05
4.293949000000000000e+06
2.381609000000000000e+06
9.549480000000000000e+05
8.746760000000000000e+05
1.758390000000000000e+06
1.985579000000000000e+06
1.485614000000000000e+06
1.276778000000000000e+06
1.269239000000000000e+06
8.515720000000000000e+05
3.570960000000000000e+05
6.210540000000000000e+05
3.241865000000000000e+06
7.126160000000000000e+05
7.662390000000000000e+05
1.304746000000000000e+06
1.599936000000000000e+06
1.421706000000000000e+06
2.045183000000000000e+06
2.020360000000000000e+06
1.855661000000000000e+06
1.937787000000000000e+06
1.729303000000000000e+06
1.194094000000000000e+06
4.242156000000000000e+06
2.109769000000000000e+06
8.141730000000000000e+05
5.772990000000000000e+05
1.069769000000000000e+06
9.689220000000000000e+05
1.180969000000000000e+06
9.951970000000000000e+05
7.027820000000000000e+05
1.168139000000000000e+06
9.735860000000000000e+05
8.293500000000000000e+05
3.886870000000000000e+06
1.009897000000000000e+06
3.565950000000000000e+05
9.092570000000000000e+05
1.497892000000000000e+06
6.326360000000000000e+05
2.955010000000000000e+05
3.469570000000000000e+05
7.815930000000000000e+05
4.578080000000000000e+05
6.188230000000000000e+05
4.356820000000000000e+05
3.176683000000000000e+06
9.013510000000000000e+05
5.488500000000000000e+05
1.039758000000000000e+06
6.487660000000000000e+05
8.191750000000000000e+05
