3.100736000000000000e+06
6.340120000000000000e+06
1.554352000000000000e+06
2.426742000000000000e+06
2.023340000000000000e+06
1.377796000000000000e+06
2.143029000000000000e+06
2.076236000000000000e+06
2.629890000000000000e+06
3.299813000000000000e+06
4.249451000000000000e+06
3.927194000000000000e+06
2.983118000000000000e+06
4.273171000000000000e+06
3.988367000000000000e+06
3.695985000000000000e+06
4.128009000000000000e+06
4.233178000000000000e+06
2.242565000000000000e+06
2.337359000000000000e+06
1.771975000000000000e+06
3.426174000000000000e+06
2.301368000000000000e+06
2.907136000000000000e+06
2.896366000000000000e+06
4.269771000000000000e+06
1.285979000000000000e+06
1.228804000000000000e+06
1.866220000000000000e+06
7.709120000000000000e+05
9.416820000000000000e+05
8.335020000000000000e+05
1.368675000000000000e+06
7.497910000000000000e+05
5.064020000000000000e+05
1.139947000000000000e+06
9.730550000000000000e+05
3.157626000000000000e+06
1.848701000000000000e+06
9.603410000000000000e+05
6.470010000000000000e+05
1.173620000000000000e+06
2.150300000000000000e+06
1.260205000000000000e+06
1.372477000000000000e+06
1.731041000000000000e+06
1.661484000000000000e+06
2.758551000000000000e+06
2.493040000000000000e+06
4.123042000000000000e+06
2.133294000000000000e+06
1.702288000000000000e+06
2.078577000000000000e+06
2.616776000000000000e+06
3.067936000000000000e+06
3.827893000000000000e+06
4.010163000000000000e+06
3.085868000000000000e+06
3.345855000000000000e+06
4.326253000000000000e+06
3.499952000000000000e+06
5.179007000000000000e+06
2.662438000000000000e+06
1.533177000000000000e+06
1.135066000000000000e+06
1.606926000000000000e+06
2.244547000000000000e+06
2.654913000000000000e+06
3.035973000000000000e+06
1.991558700000000000e+07
3.894450000000000000e+05
7.142580000000000000e+05
2.394200000000000000e+04
2.175000000000000000e+03
9.212237000000000000e+06
5.898000000000000000e+05
3.405330000000000000e+05
7.740700000000000000e+04
1.096000000000000000e+04
0.000000000000000000e+00
1.152000000000000000e+03
3.391178000000000000e+06
4.155850000000000000e+05
6.504920000000000000e+05
7.911955000000000000e+06
3.416980000000000000e+05
3.997400000000000000e+04
0.000000000000000000e+00
0.000000000000000000e+00
1.152000000000000000e+03
0.000000000000000000e+00
2.546900000000000000e+04
4.121000000000000000e+03
3.455555000000000000e+06
1.421921200000000000e+07
1.118186000000000000e+06
2.541110000000000000e+05
7.216700000000000000e+04
2.451000000000000000e+03
6.810000000000000000e+02
6.330000000000000000e+02
8.160000000000000000e+02
7.260000000000000000e+02
6.780000000000000000e+02
8.804161000000000000e+06
3.604933000000000000e+06
2.908720000000000000e+05
6.751320000000000000e+05
7.602000000000000000e+03
0.000000000000000000e+00
0.000000000000000000e+00
0.000000000000000000e+00
0.000000000000000000e+00
0.000000000000000000e+00
1.330190800000000000e+07
5.493390000000000000e+05
2.800240000000000000e+05
3.503938000000000000e+06
4.238740000000000000e+05
6.674920000000000000e+05
1.683300000000000000e+04
1.070700000000000000e+04
0.000000000000000000e+00
0.000000000000000000e+00
8.823327000000000000e+06
3.138230000000000000e+05
1.505340000000000000e+05
6.291000000000000000e+03
0.000000000000000000e+00
3.471398000000000000e+06
4.137830000000000000e+05
6.499200000000000000e+05
2.707500000000000000e+04
2.220000000000000000e+02
1.094128700000000000e+07
6.546860000000000000e+05
4.168840000000000000e+05
1.130030000000000000e+05
2.904100000000000000e+04
4.819000000000000000e+03
4.724000000000000000e+03
3.338821000000000000e+06
3.980520000000000000e+05
6.491930000000000000e+05
1.176744100000000000e+07
1.888790000000000000e+05
1.458020000000000000e+05
2.300200000000000000e+04
4.432000000000000000e+03
