2.577277000000000000e+06
1.862246000000000000e+06
1.292745000000000000e+06
4.153198000000000000e+06
1.481189000000000000e+06
1.391638000000000000e+06
2.932898600000000000e+07
3.328000000000000000e+03
5.478400000000000000e+04
1.133600000000000000e+05
1.723440000000000000e+05
2.494460000000000000e+05
4.270980000000000000e+05
6.980310000000000000e+05
8.938950000000000000e+05
1.285447000000000000e+06
1.152316000000000000e+06
1.296138000000000000e+06
1.440672000000000000e+06
1.637806000000000000e+06
1.752996000000000000e+06
1.714107000000000000e+06
1.967224000000000000e+06
1.901207000000000000e+06
1.831375000000000000e+06
1.971641000000000000e+06
2.010304000000000000e+06
3.509131000000000000e+06
1.970516000000000000e+06
1.831412000000000000e+06
2.369044000000000000e+06
2.503177000000000000e+06
2.006310000000000000e+06
1.979736000000000000e+06
1.651778000000000000e+06
2.024069000000000000e+06
1.632113000000000000e+06
1.444317000000000000e+06
1.637046000000000000e+06
4.224492000000000000e+06
1.544441000000000000e+06
1.331395000000000000e+06
2.167100000000000000e+06
1.537209000000000000e+06
2.013927000000000000e+06
1.815882000000000000e+06
1.365833000000000000e+06
1.875082000000000000e+06
1.514703000000000000e+06
1.254603000000000000e+06
2.035848000000000000e+06
4.225802000000000000e+06
2.118510000000000000e+06
1.302660000000000000e+05
1.150519000000000000e+06
1.100275000000000000e+06
1.216386000000000000e+06
1.356390000000000000e+06
1.621063000000000000e+06
3.067753000000000000e+06
2.599992000000000000e+06
3.006909000000000000e+06
3.529199000000000000e+06
4.910746000000000000e+06
2.790655000000000000e+06
1.546154000000000000e+06
1.304889000000000000e+06
1.310259000000000000e+06
1.821919000000000000e+06
2.372027000000000000e+06
1.916056000000000000e+06
2.109633000000000000e+06
2.469468000000000000e+06
2.699327000000000000e+06
1.903977000000000000e+06
4.448483000000000000e+06
2.182558000000000000e+06
1.967068000000000000e+06
1.460329000000000000e+06
1.316243000000000000e+06
9.161340000000000000e+05
1.152572000000000000e+06
1.182677000000000000e+06
2.799909000000000000e+06
1.454735000000000000e+06
1.821640000000000000e+06
3.133822000000000000e+06
4.802676000000000000e+06
2.449560000000000000e+06
1.917485000000000000e+06
1.540058000000000000e+06
2.043652000000000000e+06
2.464736000000000000e+06
2.424578000000000000e+06
1.895137000000000000e+06
1.751039000000000000e+06
1.239280000000000000e+06
7.542380000000000000e+05
8.125550000000000000e+05
3.678644000000000000e+06
1.647652000000000000e+06
1.104799000000000000e+06
1.250777000000000000e+06
1.527825000000000000e+06
1.366738000000000000e+06
1.246723000000000000e+06
1.209870000000000000e+06
2.116638000000000000e+06
1.471649000000000000e+06
1.450702000000000000e+06
1.104918000000000000e+06
3.465874000000000000e+06
1.433239000000000000e+06
1.554151000000000000e+06
2.280430000000000000e+06
1.607080000000000000e+06
1.249906000000000000e+06
1.628608000000000000e+06
2.033451000000000000e+06
3.070756000000000000e+06
2.323437000000000000e+06
2.088494000000000000e+06
2.935978000000000000e+06
4.168490000000000000e+06
1.353099000000000000e+06
9.869610000000000000e+05
8.877860000000000000e+05
9.170040000000000000e+05
1.054217000000000000e+06
1.233272000000000000e+06
1.040159000000000000e+06
1.587140000000000000e+06
8.155580000000000000e+05
1.218861000000000000e+06
1.149048000000000000e+06
3.731736000000000000e+06
1.684125000000000000e+06
1.877827000000000000e+06
1.055462000000000000e+06
1.419662000000000000e+06
2.360865000000000000e+06
2.203370000000000000e+06
1.089857000000000000e+06
1.689543000000000000e+06
1.199539000000000000e+06
8.075330000000000000e+05
8.601860000000000000e+05
3.765607000000000000e+06
1.192118000000000000e+06
