2.230680000000000000e+05
1.778570000000000000e+05
3.781920000000000000e+05
9.831940000000000000e+05
2.463260000000000000e+05
4.508650000000000000e+05
2.003000000000000000e+05
1.557770000000000000e+05
3.882670000000000000e+05
9.068100000000000000e+04
1.014540000000000000e+05
5.687370000000000000e+05
1.849590000000000000e+05
1.781980000000000000e+05
3.489560000000000000e+05
9.031060000000000000e+05
2.197170000000000000e+05
4.763290000000000000e+05
1.325570000000000000e+05
1.832260000000000000e+05
3.383230000000000000e+05
1.144710000000000000e+05
1.239230000000000000e+05
6.095970000000000000e+05
2.489930000000000000e+05
2.151730000000000000e+05
3.548290000000000000e+05
1.029299000000000000e+06
2.546840000000000000e+05
4.649750000000000000e+05
2.020880000000000000e+05
1.939410000000000000e+05
4.513950000000000000e+05
6.338300000000000000e+04
1.548290000000000000e+05
5.489890000000000000e+05
1.826290000000000000e+05
1.953680000000000000e+05
3.224210000000000000e+05
9.988790000000000000e+05
2.658070000000000000e+05
3.938330000000000000e+05
1.938670000000000000e+05
1.639580000000000000e+05
3.725230000000000000e+05
7.712900000000000000e+04
1.340720000000000000e+05
5.160030000000000000e+05
2.207430000000000000e+05
2.304620000000000000e+05
3.101510000000000000e+05
9.282920000000000000e+05
2.661420000000000000e+05
4.392270000000000000e+05
2.039230000000000000e+05
1.450940000000000000e+05
4.095020000000000000e+05
6.596700000000000000e+04
8.558500000000000000e+04
5.727290000000000000e+05
1.612420000000000000e+05
1.981720000000000000e+05
3.875280000000000000e+05
9.033110000000000000e+05
2.486150000000000000e+05
4.730150000000000000e+05
1.286240000000000000e+05
2.246810000000000000e+05
3.687310000000000000e+05
6.420900000000000000e+04
1.474140000000000000e+05
4.907880000000000000e+05
1.927910000000000000e+05
1.907100000000000000e+05
3.424580000000000000e+05
8.563070000000000000e+05
2.727780000000000000e+05
4.753220000000000000e+05
1.733450000000000000e+05
2.544260000000000000e+05
4.220830000000000000e+05
6.678900000000000000e+04
1.251860000000000000e+05
5.267620000000000000e+05
2.540915900000000000e+07
3.218720000000000000e+06
1.613554000000000000e+06
4.408845000000000000e+06
2.075755000000000000e+06
9.942160000000000000e+05
1.170311000000000000e+06
1.460615000000000000e+06
1.518753000000000000e+06
2.116091000000000000e+06
2.752043000000000000e+06
2.897376000000000000e+06
3.868302000000000000e+06
5.515109000000000000e+06
6.182001000000000000e+06
6.392059000000000000e+06
4.721533000000000000e+06
3.581514000000000000e+06
3.057194000000000000e+06
3.341556000000000000e+06
2.756594000000000000e+06
1.629397000000000000e+06
1.634925000000000000e+06
2.537137000000000000e+06
1.931401000000000000e+06
1.938208000000000000e+06
2.366980000000000000e+06
3.724959000000000000e+06
1.876716000000000000e+06
1.066058000000000000e+06
1.064484000000000000e+06
2.552782000000000000e+06
2.904505000000000000e+06
2.417022000000000000e+06
1.750045000000000000e+06
2.664028000000000000e+06
3.773925000000000000e+06
2.442434000000000000e+06
1.838229000000000000e+06
4.105051000000000000e+06
1.730633000000000000e+06
2.574707000000000000e+06
1.607324000000000000e+06
1.244031000000000000e+06
1.952592000000000000e+06
1.397888000000000000e+06
1.924940000000000000e+06
2.229863000000000000e+06
2.315370000000000000e+06
2.809182000000000000e+06
2.114470000000000000e+06
4.143486000000000000e+06
2.839538000000000000e+06
2.803861000000000000e+06
2.175934000000000000e+06
2.468761000000000000e+06
2.537942000000000000e+06
2.988050000000000000e+06
1.368060000000000000e+06
1.635552000000000000e+06
1.402493000000000000e+06
1.898799000000000000e+06
1.566673000000000000e+06
4.364985000000000000e+06
3.312640000000000000e+06
