3.302770000000000000e+06
2.281446000000000000e+06
2.343035000000000000e+06
2.790152000000000000e+06
3.450477000000000000e+06
3.046746000000000000e+06
2.280523000000000000e+06
2.114891000000000000e+06
1.732259000000000000e+06
4.198210000000000000e+06
1.928861000000000000e+06
1.563101000000000000e+06
1.688168000000000000e+06
1.701568000000000000e+06
2.401653000000000000e+06
2.714648000000000000e+06
1.406298000000000000e+06
1.992268000000000000e+06
2.856021000000000000e+06
1.272589000000000000e+06
1.890927000000000000e+06
4.287765000000000000e+06
3.132121000000000000e+06
4.050237000000000000e+06
4.409582000000000000e+06
4.924695000000000000e+06
2.937418000000000000e+06
2.375499000000000000e+06
2.363633000000000000e+06
1.815912000000000000e+06
1.108297000000000000e+06
1.277638000000000000e+06
1.636514000000000000e+06
4.166963000000000000e+06
2.212336000000000000e+06
2.317721000000000000e+06
2.197328000000000000e+06
1.921327000000000000e+06
2.184698000000000000e+06
2.081992000000000000e+06
1.890744000000000000e+06
1.894463000000000000e+06
1.441073000000000000e+06
9.353610000000000000e+05
8.553380000000000000e+05
4.491188000000000000e+06
2.346946000000000000e+06
2.068612000000000000e+06
9.021560000000000000e+05
1.107227000000000000e+06
1.279285000000000000e+06
2.101034000000000000e+06
3.167995000000000000e+06
2.981736000000000000e+06
2.663456000000000000e+06
1.477380000000000000e+06
1.035592000000000000e+06
4.125703000000000000e+06
2.344628000000000000e+06
2.742520000000000000e+06
2.077280000000000000e+06
1.178029000000000000e+06
1.636418000000000000e+06
1.738632000000000000e+06
1.664448000000000000e+06
2.222476000000000000e+06
3.210183000000000000e+06
3.913091000000000000e+06
3.709483000000000000e+06
5.791642000000000000e+06
4.497267000000000000e+06
3.030104000000000000e+06
2.606294000000000000e+06
1.069285000000000000e+06
1.310801000000000000e+06
2.762694000000000000e+06
3.524751000000000000e+06
2.133580000000000000e+06
2.290994000000000000e+06
1.779436000000000000e+06
1.471006000000000000e+06
4.088847000000000000e+06
2.769727000000000000e+06
2.954009000000000000e+06
3.438402000000000000e+06
4.690866000000000000e+06
4.252959000000000000e+06
4.630738000000000000e+06
4.855895000000000000e+06
4.776018000000000000e+06
5.262603000000000000e+06
5.775385000000000000e+06
5.272630000000000000e+06
5.346907000000000000e+06
3.322315000000000000e+06
2.577736000000000000e+06
2.511000000000000000e+06
3.423448000000000000e+06
1.583504000000000000e+06
1.642667000000000000e+06
1.841271000000000000e+06
1.743257000000000000e+06
2.712723000000000000e+06
1.308730000000000000e+06
7.792580000000000000e+05
4.186932000000000000e+06
2.530028000000000000e+06
4.141890000000000000e+06
3.232921000000000000e+06
2.955622000000000000e+06
1.855406000000000000e+06
1.430120000000000000e+06
2.390670000000000000e+06
2.393065000000000000e+06
2.348747000000000000e+06
2.118028000000000000e+06
2.093624000000000000e+06
4.354983000000000000e+06
1.333370000000000000e+06
1.149435000000000000e+06
1.189657000000000000e+06
1.811743000000000000e+06
1.271337000000000000e+06
5.816570000000000000e+05
1.576682000000000000e+06
2.322911000000000000e+06
1.517087000000000000e+06
1.490097000000000000e+06
1.311503000000000000e+06
3.902711000000000000e+06
2.689036000000000000e+06
3.614490000000000000e+06
2.871176000000000000e+06
1.292155000000000000e+06
6.665570000000000000e+05
1.991428000000000000e+06
2.758467000000000000e+06
2.047528000000000000e+06
1.630953000000000000e+06
1.819755000000000000e+06
2.528121000000000000e+06
4.455343000000000000e+06
2.226824000000000000e+06
2.331946000000000000e+06
3.246023000000000000e+06
3.602174000000000000e+06
3.104763000000000000e+06
3.094929000000000000e+06
2.952612000000000000e+06
