3.022505000000000000e+06
3.169591000000000000e+06
2.894659000000000000e+06
4.648575000000000000e+06
3.281135000000000000e+06
2.556695000000000000e+06
4.227093000000000000e+06
2.875576000000000000e+06
2.339532000000000000e+06
1.831093000000000000e+06
2.019481000000000000e+06
3.096394000000000000e+06
2.867943000000000000e+06
2.597304000000000000e+06
2.546927000000000000e+06
3.969856000000000000e+06
1.866710000000000000e+06
1.894527000000000000e+06
1.278342000000000000e+06
1.778506000000000000e+06
1.404744000000000000e+06
1.581222000000000000e+06
1.180121000000000000e+06
1.471547000000000000e+06
8.295400000000000000e+05
1.455635000000000000e+06
7.465620000000000000e+05
3.667479000000000000e+06
1.227875000000000000e+06
8.701330000000000000e+05
1.591226000000000000e+06
6.208560000000000000e+05
1.276306000000000000e+06
7.801730000000000000e+05
7.700690000000000000e+05
1.638830000000000000e+06
1.751974000000000000e+06
2.794366000000000000e+06
3.199318000000000000e+06
5.014054000000000000e+06
3.332596000000000000e+06
3.353200000000000000e+06
3.565332000000000000e+06
3.761747000000000000e+06
4.647794000000000000e+06
3.847490000000000000e+06
2.677177000000000000e+06
2.960555000000000000e+06
2.479861000000000000e+06
2.769266000000000000e+06
1.739666000000000000e+06
3.880695000000000000e+06
2.029103000000000000e+06
2.722429000000000000e+06
1.672771000000000000e+06
1.209835000000000000e+06
1.615988000000000000e+06
1.948350000000000000e+06
1.036795000000000000e+06
1.675850000000000000e+06
1.438531000000000000e+06
1.773745000000000000e+06
1.594494000000000000e+06
3.755278000000000000e+06
9.869000000000000000e+05
6.899230000000000000e+05
1.098325000000000000e+06
1.109413000000000000e+06
5.098450000000000000e+05
6.912520000000000000e+05
6.998060000000000000e+05
9.026700000000000000e+05
2.913750000000000000e+05
1.453450000000000000e+05
7.972270000000000000e+05
2.789302000000000000e+06
1.170236000000000000e+06
8.182260000000000000e+05
8.003490000000000000e+05
1.222715000000000000e+06
7.914840000000000000e+05
3.581080000000000000e+05
8.264700000000000000e+05
2.214602000000000000e+06
2.932038000000000000e+06
2.717656000000000000e+06
2.399749000000000000e+06
4.413692000000000000e+06
1.720413000000000000e+06
3.023556000000000000e+06
4.225925000000000000e+06
5.465406000000000000e+06
6.167228000000000000e+06
5.147060000000000000e+06
5.408146000000000000e+06
4.604459000000000000e+06
2.454454000000000000e+06
2.309570000000000000e+06
1.950644000000000000e+06
4.110006000000000000e+06
2.965309000000000000e+06
2.998481000000000000e+06
2.242068000000000000e+06
1.274943000000000000e+06
1.679777000000000000e+06
2.276120000000000000e+06
1.011666000000000000e+06
1.552617000000000000e+06
1.507644000000000000e+06
8.593100000000000000e+05
1.740098000000000000e+06
3.457657000000000000e+06
1.137536000000000000e+06
1.594056000000000000e+06
1.190274000000000000e+06
1.320658000000000000e+06
1.228447000000000000e+06
1.689369000000000000e+06
2.275239000000000000e+06
2.423150000000000000e+06
2.039024000000000000e+06
1.794497000000000000e+06
1.489107000000000000e+06
3.920107000000000000e+06
1.863604000000000000e+06
1.306766000000000000e+06
8.794230000000000000e+05
1.038819000000000000e+06
1.031608000000000000e+06
9.049320000000000000e+05
1.653545000000000000e+06
1.541796000000000000e+06
1.332248000000000000e+06
1.216281000000000000e+06
1.130142000000000000e+06
3.142322000000000000e+06
8.153170000000000000e+05
9.570070000000000000e+05
6.821000000000000000e+05
6.868700000000000000e+05
7.816850000000000000e+05
7.819950000000000000e+05
8.718360000000000000e+05
1.336318000000000000e+06
9.888490000000000000e+05
9.009980000000000000e+05
1.187797000000000000e+06
3.257749000000000000e+06
7.766950000000000000e+05
