1.605558000000000000e+06
1.354409000000000000e+06
3.500000000000000000e+05
3.137024000000000000e+06
1.265626000000000000e+06
3.517710000000000000e+05
6.900260000000000000e+05
1.597816000000000000e+06
1.743485000000000000e+06
2.050986000000000000e+06
2.065422000000000000e+06
2.997854000000000000e+06
3.512685000000000000e+06
5.144973000000000000e+06
5.364248000000000000e+06
6.954820000000000000e+06
5.970810000000000000e+06
3.494551000000000000e+06
2.722752000000000000e+06
2.554063000000000000e+06
2.765183000000000000e+06
3.197901000000000000e+06
2.447994000000000000e+06
1.859780000000000000e+06
2.352810000000000000e+06
2.628903000000000000e+06
2.344361000000000000e+06
3.789684000000000000e+06
2.558152000000000000e+06
1.834417000000000000e+06
1.793325000000000000e+06
1.555586000000000000e+06
1.639725000000000000e+06
1.940647000000000000e+06
1.812637000000000000e+06
2.222865000000000000e+06
1.747511000000000000e+06
2.108634000000000000e+06
2.792271000000000000e+06
5.247257000000000000e+06
1.366147000000000000e+06
1.181772000000000000e+06
1.851425000000000000e+06
2.227539000000000000e+06
1.277880000000000000e+06
1.125884000000000000e+06
8.314950000000000000e+05
2.296034000000000000e+06
2.818465000000000000e+06
2.215178000000000000e+06
1.896566000000000000e+06
4.798898000000000000e+06
2.876929000000000000e+06
2.055272000000000000e+06
2.121012000000000000e+06
3.731922000000000000e+06
3.326707000000000000e+06
2.179135000000000000e+06
2.639016000000000000e+06
2.469611000000000000e+06
2.105862000000000000e+06
2.516415000000000000e+06
1.608025000000000000e+06
3.968693000000000000e+06
2.060075000000000000e+06
1.893524000000000000e+06
2.822799000000000000e+06
1.721508000000000000e+06
2.016864000000000000e+06
3.008184000000000000e+06
2.574037000000000000e+06
2.243732000000000000e+06
1.575569000000000000e+06
2.160510000000000000e+06
8.465491000000000000e+06
1.299299500000000000e+07
1.178493900000000000e+07
1.434641000000000000e+07
1.339444700000000000e+07
9.340503000000000000e+06
5.121365000000000000e+06
6.578810000000000000e+05
1.417420000000000000e+05
6.144610000000000000e+05
2.880000000000000000e+02
0.000000000000000000e+00
0.000000000000000000e+00
2.956484000000000000e+06
9.791300000000000000e+04
1.954000000000000000e+04
1.141000000000000000e+03
7.410000000000000000e+02
1.021000000000000000e+03
4.023000000000000000e+03
0.000000000000000000e+00
5.301120000000000000e+05
0.000000000000000000e+00
0.000000000000000000e+00
0.000000000000000000e+00
1.277180000000000000e+05
4.625300000000000000e+04
1.209200000000000000e+04
0.000000000000000000e+00
0.000000000000000000e+00
0.000000000000000000e+00
0.000000000000000000e+00
0.000000000000000000e+00
7.462000000000000000e+04
0.000000000000000000e+00
0.000000000000000000e+00
0.000000000000000000e+00
9.261100000000000000e+04
4.673600000000000000e+04
1.166200000000000000e+04
0.000000000000000000e+00
0.000000000000000000e+00
0.000000000000000000e+00
0.000000000000000000e+00
0.000000000000000000e+00
5.259800000000000000e+04
0.000000000000000000e+00
0.000000000000000000e+00
3.823000000000000000e+03
7.345090000000000000e+05
6.675400000000000000e+04
2.096900000000000000e+04
0.000000000000000000e+00
0.000000000000000000e+00
0.000000000000000000e+00
0.000000000000000000e+00
0.000000000000000000e+00
3.786580000000000000e+05
0.000000000000000000e+00
0.000000000000000000e+00
0.000000000000000000e+00
5.888800000000000000e+04
5.509600000000000000e+04
1.969100000000000000e+04
0.000000000000000000e+00
0.000000000000000000e+00
0.000000000000000000e+00
0.000000000000000000e+00
0.000000000000000000e+00
2.943200000000000000e+04
0.000000000000000000e+00
0.000000000000000000e+00
0.000000000000000000e+00
5.196100000000000000e+04
5.509600000000000000e+04
