2.063139000000000000e+06
1.447068000000000000e+06
1.613596000000000000e+06
2.111496000000000000e+06
2.183120000000000000e+06
4.032448000000000000e+06
1.543396000000000000e+06
7.911130000000000000e+05
9.577050000000000000e+05
7.240970000000000000e+05
6.387260000000000000e+05
1.212840000000000000e+06
8.749360000000000000e+05
1.256097000000000000e+06
1.572372000000000000e+06
1.754147000000000000e+06
1.710563000000000000e+06
4.084113000000000000e+06
2.196917000000000000e+06
1.009062000000000000e+06
3.643360000000000000e+05
1.100853000000000000e+06
1.679248000000000000e+06
1.485673000000000000e+06
1.490617000000000000e+06
4.513580000000000000e+05
5.518710000000000000e+05
6.123900000000000000e+05
1.057159000000000000e+06
3.034282000000000000e+06
9.313901600000000000e+07
1.222778000000000000e+06
1.156699000000000000e+06
1.190538000000000000e+06
1.348515000000000000e+06
1.706262000000000000e+06
1.561134000000000000e+06
1.497072000000000000e+06
1.720682000000000000e+06
1.645756000000000000e+06
1.647100000000000000e+06
1.590095000000000000e+06
4.698272000000000000e+06
1.540083000000000000e+06
1.439180000000000000e+06
1.734823000000000000e+06
1.473719000000000000e+06
2.099724000000000000e+06
1.527783000000000000e+06
1.729678000000000000e+06
1.563702000000000000e+06
1.599008000000000000e+06
1.717238000000000000e+06
1.775099000000000000e+06
4.915419000000000000e+06
1.952923000000000000e+06
2.172466000000000000e+06
2.347705000000000000e+06
2.103460000000000000e+06
2.617764000000000000e+06
1.984398000000000000e+06
2.144427000000000000e+06
1.998161000000000000e+06
2.008570000000000000e+06
1.838552000000000000e+06
1.807729000000000000e+06
5.163801000000000000e+06
1.673737000000000000e+06
1.609167000000000000e+06
1.542760000000000000e+06
1.557070000000000000e+06
2.280374000000000000e+06
1.798853000000000000e+06
1.800733000000000000e+06
1.957509000000000000e+06
1.840990000000000000e+06
2.021265000000000000e+06
2.140898000000000000e+06
5.192595000000000000e+06
1.937438000000000000e+06
1.698050000000000000e+06
1.793515000000000000e+06
1.849883000000000000e+06
2.371347000000000000e+06
1.702506000000000000e+06
1.760357000000000000e+06
1.710656000000000000e+06
1.693621000000000000e+06
1.672478000000000000e+06
1.789696000000000000e+06
5.120200000000000000e+06
1.591878000000000000e+06
1.676418000000000000e+06
1.803514000000000000e+06
2.084877000000000000e+06
2.368048000000000000e+06
1.815601000000000000e+06
1.829671000000000000e+06
1.645320000000000000e+06
1.632107000000000000e+06
1.637147000000000000e+06
1.672118000000000000e+06
5.024158000000000000e+06
1.708871000000000000e+06
1.891083000000000000e+06
1.667298000000000000e+06
5.668891600000000000e+07
6.231520000000000000e+05
8.072700000000000000e+04
1.160310000000000000e+05
4.027110000000000000e+05
4.538470000000000000e+05
5.246410000000000000e+05
4.228580000000000000e+05
5.296420000000000000e+05
1.544770000000000000e+05
2.750200000000000000e+04
1.121930000000000000e+05
3.658080000000000000e+06
1.137400000000000000e+06
1.889160000000000000e+05
3.139560000000000000e+05
3.361390000000000000e+05
3.676130000000000000e+05
3.686660000000000000e+05
5.486410000000000000e+05
5.644050000000000000e+05
1.403320000000000000e+05
7.683560000000000000e+05
7.339060000000000000e+05
3.894829000000000000e+06
1.351971000000000000e+06
5.971960000000000000e+05
3.104490000000000000e+05
3.495280000000000000e+05
5.307710000000000000e+05
5.265160000000000000e+05
5.911020000000000000e+05
1.326630000000000000e+05
1.570590000000000000e+05
3.394960000000000000e+05
6.050480000000000000e+05
3.838339000000000000e+06
1.172400000000000000e+06
2.872440000000000000e+05
1.976980000000000000e+05
3.325840000000000000e+05
3.898010000000000000e+05
4.124540000000000000e+05
