4.240620000000000000e+05
4.250500000000000000e+04
5.180000000000000000e+03
7.113000000000000000e+04
6.223900000000000000e+04
1.158600000000000000e+04
0.000000000000000000e+00
0.000000000000000000e+00
0.000000000000000000e+00
0.000000000000000000e+00
0.000000000000000000e+00
5.060700000000000000e+05
0.000000000000000000e+00
0.000000000000000000e+00
0.000000000000000000e+00
6.194900000000000000e+04
6.160100000000000000e+04
1.143600000000000000e+04
0.000000000000000000e+00
0.000000000000000000e+00
0.000000000000000000e+00
0.000000000000000000e+00
0.000000000000000000e+00
3.115800000000000000e+04
0.000000000000000000e+00
0.000000000000000000e+00
0.000000000000000000e+00
6.564400000000000000e+04
6.160100000000000000e+04
1.143600000000000000e+04
0.000000000000000000e+00
0.000000000000000000e+00
0.000000000000000000e+00
0.000000000000000000e+00
0.000000000000000000e+00
3.338400000000000000e+04
0.000000000000000000e+00
0.000000000000000000e+00
0.000000000000000000e+00
1.018010000000000000e+05
6.213500000000000000e+04
1.143600000000000000e+04
0.000000000000000000e+00
0.000000000000000000e+00
0.000000000000000000e+00
0.000000000000000000e+00
0.000000000000000000e+00
5.660900000000000000e+04
0.000000000000000000e+00
0.000000000000000000e+00
0.000000000000000000e+00
7.399300000000000000e+04
6.178100000000000000e+04
1.143600000000000000e+04
0.000000000000000000e+00
0.000000000000000000e+00
0.000000000000000000e+00
0.000000000000000000e+00
0.000000000000000000e+00
3.751200000000000000e+04
0.000000000000000000e+00
0.000000000000000000e+00
0.000000000000000000e+00
6.563200000000000000e+04
6.160100000000000000e+04
1.143600000000000000e+04
0.000000000000000000e+00
0.000000000000000000e+00
0.000000000000000000e+00
0.000000000000000000e+00
0.000000000000000000e+00
3.336000000000000000e+04
0.000000000000000000e+00
0.000000000000000000e+00
0.000000000000000000e+00
6.193700000000000000e+04
6.160100000000000000e+04
1.143600000000000000e+04
0.000000000000000000e+00
0.000000000000000000e+00
0.000000000000000000e+00
0.000000000000000000e+00
0.000000000000000000e+00
3.113400000000000000e+04
0.000000000000000000e+00
0.000000000000000000e+00
0.000000000000000000e+00
6.193700000000000000e+04
6.160100000000000000e+04
1.143600000000000000e+04
0.000000000000000000e+00
0.000000000000000000e+00
0.000000000000000000e+00
0.000000000000000000e+00
0.000000000000000000e+00
3.113400000000000000e+04
0.000000000000000000e+00
0.000000000000000000e+00
0.000000000000000000e+00
7.212000000000000000e+04
6.160100000000000000e+04
1.143600000000000000e+04
0.000000000000000000e+00
0.000000000000000000e+00
0.000000000000000000e+00
0.000000000000000000e+00
0.000000000000000000e+00
3.702200000000000000e+04
0.000000000000000000e+00
0.000000000000000000e+00
0.000000000000000000e+00
7.087900000000000000e+04
6.160100000000000000e+04
1.143600000000000000e+04
0.000000000000000000e+00
0.000000000000000000e+00
0.000000000000000000e+00
0.000000000000000000e+00
0.000000000000000000e+00
3.685100000000000000e+04
0.000000000000000000e+00
0.000000000000000000e+00
0.000000000000000000e+00
7.015900000000000000e+04
6.160100000000000000e+04
1.143600000000000000e+04
0.000000000000000000e+00
0.000000000000000000e+00
0.000000000000000000e+00
0.000000000000000000e+00
0.000000000000000000e+00
3.570400000000000000e+04
0.000000000000000000e+00
0.000000000000000000e+00
0.000000000000000000e+00
6.447200000000000000e+04
6.214000000000000000e+04
1.143600000000000000e+04
0.000000000000000000e+00
0.000000000000000000e+00
0.000000000000000000e+00
0.000000000000000000e+00
0.000000000000000000e+00
3.309900000000000000e+04
0.000000000000000000e+00
0.000000000000000000e+00
0.000000000000000000e+00
6.907200000000000000e+04
6.160100000000000000e+04
