6.883100000000000000e+05
7.406160000000000000e+05
4.485500000000000000e+05
3.474130000000000000e+05
4.379006000000000000e+06
4.745580000000000000e+05
7.431030000000000000e+05
6.421540000000000000e+05
2.237570000000000000e+05
3.221620000000000000e+05
6.086940000000000000e+05
1.103042000000000000e+06
2.170630000000000000e+05
2.221550000000000000e+05
3.013310000000000000e+05
3.390800000000000000e+04
3.631803000000000000e+06
3.926650000000000000e+05
2.065300000000000000e+04
1.157000000000000000e+05
6.811600000000000000e+04
8.583000000000000000e+04
6.246069200000000000e+07
9.782680000000000000e+05
4.004680000000000000e+05
1.059164000000000000e+06
6.485490000000000000e+05
6.908950000000000000e+05
1.096734000000000000e+06
7.269730000000000000e+05
1.430381000000000000e+06
1.330265000000000000e+06
1.632050000000000000e+06
1.943714000000000000e+06
4.706581000000000000e+06
3.422365000000000000e+06
3.568959000000000000e+06
3.850866000000000000e+06
4.183398000000000000e+06
4.536612000000000000e+06
4.810206000000000000e+06
4.853981000000000000e+06
4.833049000000000000e+06
4.844554000000000000e+06
4.858861000000000000e+06
4.857688000000000000e+06
6.634438000000000000e+06
4.795862000000000000e+06
4.538362000000000000e+06
4.659720000000000000e+06
4.802233000000000000e+06
4.659599000000000000e+06
4.577151000000000000e+06
4.653020000000000000e+06
4.685912000000000000e+06
4.597471000000000000e+06
4.622957000000000000e+06
4.857127000000000000e+06
6.591619000000000000e+06
4.929135000000000000e+06
4.750951000000000000e+06
4.908900000000000000e+06
4.677258000000000000e+06
5.186290000000000000e+06
4.764361000000000000e+06
4.797369000000000000e+06
5.196163000000000000e+06
5.132811000000000000e+06
5.032598000000000000e+06
5.264875000000000000e+06
7.051431000000000000e+06
5.398130000000000000e+06
5.188153000000000000e+06
5.003819000000000000e+06
5.074103000000000000e+06
5.100668000000000000e+06
5.144274000000000000e+06
4.975601000000000000e+06
5.117041000000000000e+06
5.036928000000000000e+06
4.944161000000000000e+06
4.957829000000000000e+06
6.890518000000000000e+06
5.212213000000000000e+06
4.811657000000000000e+06
4.579871000000000000e+06
4.671917000000000000e+06
4.684384000000000000e+06
4.706055000000000000e+06
4.805929000000000000e+06
4.674930000000000000e+06
4.845696000000000000e+06
5.133735000000000000e+06
4.977305000000000000e+06
6.795948000000000000e+06
5.339031000000000000e+06
5.148007000000000000e+06
4.846629000000000000e+06
4.891303000000000000e+06
4.944314000000000000e+06
4.990949000000000000e+06
5.062565000000000000e+06
5.291198000000000000e+06
5.139009000000000000e+06
5.261560000000000000e+06
5.195066000000000000e+06
6.942787000000000000e+06
5.063141000000000000e+06
4.746987000000000000e+06
4.293538000000000000e+06
3.921441000000000000e+06
1.217324680000000000e+08
1.951322000000000000e+06
1.500685000000000000e+06
1.826613000000000000e+06
2.287092000000000000e+06
2.603305000000000000e+06
2.485239000000000000e+06
2.432701000000000000e+06
3.495089000000000000e+06
3.702370000000000000e+06
1.578035000000000000e+06
2.017053000000000000e+06
4.610963000000000000e+06
2.707973000000000000e+06
2.299451000000000000e+06
9.065240000000000000e+05
1.336395000000000000e+06
1.854139000000000000e+06
1.195828000000000000e+06
4.700240000000000000e+05
5.351910000000000000e+05
5.868540000000000000e+05
1.259416000000000000e+06
1.689022000000000000e+06
4.349123000000000000e+06
2.143960000000000000e+06
1.980615000000000000e+06
9.629360000000000000e+05
4.169180000000000000e+05
1.231004000000000000e+06
1.011309000000000000e+06
1.697378000000000000e+06
9.730530000000000000e+05
6.246910000000000000e+05
7.822500000000000000e+05
1.458996000000000000e+06
3.719350000000000000e+06
1.005341000000000000e+06
