1.562797000000000000e+06
3.836321000000000000e+06
9.947120000000000000e+05
4.752359000000000000e+06
2.145288000000000000e+06
3.029096000000000000e+06
4.760098000000000000e+06
1.245495000000000000e+06
3.467854000000000000e+06
1.256787000000000000e+06
3.959965000000000000e+06
3.691287000000000000e+06
1.835994000000000000e+06
4.099522000000000000e+06
9.480040000000000000e+05
4.227511000000000000e+06
2.144101000000000000e+06
2.920058000000000000e+06
4.073502000000000000e+06
1.355577000000000000e+06
3.003472000000000000e+06
1.319404000000000000e+06
4.061763000000000000e+06
3.081054000000000000e+06
1.437862000000000000e+06
3.630544000000000000e+06
9.970490000000000000e+05
4.453308000000000000e+06
2.032427000000000000e+06
2.733487000000000000e+06
3.933616000000000000e+06
1.156500000000000000e+06
3.065953000000000000e+06
7.720600000000000000e+05
4.010047000000000000e+06
3.050978000000000000e+06
1.218073000000000000e+06
3.519835000000000000e+06
8.010730000000000000e+05
4.402934000000000000e+06
2.035347000000000000e+06
2.588760000000000000e+06
3.931090000000000000e+06
1.175635000000000000e+06
2.978001000000000000e+06
9.293600000000000000e+05
3.937911000000000000e+06
3.176145000000000000e+06
1.147807000000000000e+06
3.564406000000000000e+06
9.122370000000000000e+05
4.481242000000000000e+06
2.108240000000000000e+06
2.493623000000000000e+06
3.891464000000000000e+06
1.252201000000000000e+06
2.836313000000000000e+06
1.017754000000000000e+06
3.844516000000000000e+06
3.130864000000000000e+06
1.194273000000000000e+06
3.413011000000000000e+06
9.551710000000000000e+05
4.477045000000000000e+06
2.130846000000000000e+06
2.533351000000000000e+06
3.885222000000000000e+06
1.191636000000000000e+06
2.769704000000000000e+06
9.452640000000000000e+05
3.960863000000000000e+06
3.169577000000000000e+06
1.214456000000000000e+06
3.518002000000000000e+06
9.145270000000000000e+05
4.520884000000000000e+06
2.035057000000000000e+06
2.558483000000000000e+06
4.004138000000000000e+06
1.085677000000000000e+06
2.853323000000000000e+06
9.689790000000000000e+05
3.853321000000000000e+06
2.956836000000000000e+06
1.215092000000000000e+06
3.529655000000000000e+06
8.497070000000000000e+05
4.490307000000000000e+06
2.148497000000000000e+06
2.484652000000000000e+06
4.079844000000000000e+06
1.171749000000000000e+06
2.869041000000000000e+06
1.057361000000000000e+06
3.884138000000000000e+06
3.204229000000000000e+06
1.240494000000000000e+06
3.517486000000000000e+06
7.284420000000000000e+05
4.224887000000000000e+06
2.048507000000000000e+06
4.057251000000000000e+06
1.098623000000000000e+06
2.874468000000000000e+06
1.014755000000000000e+06
3.861325000000000000e+06
3.137393000000000000e+06
1.398382000000000000e+06
3.538755000000000000e+06
7.286560000000000000e+05
3.956692000000000000e+06
3.523274000000000000e+06
2.051642000000000000e+06
4.146680000000000000e+06
1.159103000000000000e+06
2.799198000000000000e+06
9.491760000000000000e+05
2.702778500000000000e+07
1.711309000000000000e+06
1.414223000000000000e+06
1.672397000000000000e+06
2.616744000000000000e+06
2.171092000000000000e+06
7.756200000000000000e+05
1.266585000000000000e+06
2.190969000000000000e+06
1.912702000000000000e+06
1.393353000000000000e+06
9.371300000000000000e+05
4.694383000000000000e+06
2.653488000000000000e+06
2.006512000000000000e+06
2.804613000000000000e+06
2.355886000000000000e+06
2.718353000000000000e+06
3.228053000000000000e+06
3.248918000000000000e+06
2.451282000000000000e+06
2.438858000000000000e+06
1.812941000000000000e+06
8.862280000000000000e+05
4.533546000000000000e+06
1.404175000000000000e+06
1.471433000000000000e+06
2.036391000000000000e+06
2.047396000000000000e+06
2.468456000000000000e+06
2.151379000000000000e+06
2.017052000000000000e+06
