3.664350000000000000e+06
4.366170000000000000e+06
2.984962000000000000e+06
5.239919000000000000e+06
2.736995000000000000e+06
2.311712000000000000e+06
1.346506000000000000e+06
2.537029000000000000e+06
3.474899000000000000e+06
3.138651000000000000e+06
2.608417000000000000e+06
2.915027000000000000e+06
2.327276000000000000e+06
3.455021000000000000e+06
3.453138000000000000e+06
5.985491000000000000e+06
3.812180000000000000e+06
3.372910000000000000e+06
2.700660000000000000e+06
2.182442000000000000e+06
2.093821000000000000e+06
1.922147000000000000e+06
2.118333000000000000e+06
3.322087000000000000e+06
3.596842000000000000e+06
3.457898000000000000e+06
2.527120000000000000e+06
4.428072000000000000e+06
1.804219000000000000e+06
2.066831000000000000e+06
3.872552000000000000e+06
4.071911000000000000e+06
3.911031000000000000e+06
3.090489000000000000e+06
4.324619000000000000e+06
5.587162000000000000e+06
5.035704000000000000e+06
2.875423000000000000e+06
3.109288000000000000e+06
5.423857000000000000e+06
3.106238000000000000e+06
3.693306000000000000e+06
4.043495000000000000e+06
3.545441000000000000e+06
3.237499000000000000e+06
3.007006000000000000e+06
2.414128000000000000e+06
2.429354000000000000e+06
2.047633000000000000e+06
1.788527000000000000e+06
1.262552000000000000e+06
4.251426000000000000e+06
1.618723000000000000e+06
1.928889000000000000e+06
2.362171000000000000e+06
1.806912000000000000e+06
2.144898000000000000e+06
2.138161000000000000e+06
2.597310000000000000e+06
3.449539000000000000e+06
2.443766000000000000e+06
2.086501000000000000e+06
1.846537000000000000e+06
4.661892000000000000e+06
3.714402000000000000e+06
4.396147000000000000e+06
1.770923000000000000e+06
1.791023000000000000e+06
1.396620000000000000e+06
2.210303000000000000e+06
1.605184000000000000e+06
2.028084000000000000e+06
1.883179000000000000e+06
1.657664000000000000e+06
1.513316000000000000e+06
4.325037000000000000e+06
2.027627000000000000e+06
2.428260000000000000e+06
1.614560000000000000e+06
1.069292000000000000e+06
1.255982000000000000e+06
1.475556000000000000e+06
2.066280000000000000e+06
2.770772000000000000e+06
2.683608000000000000e+06
1.325533000000000000e+06
7.731630000000000000e+05
3.748517000000000000e+06
8.516890000000000000e+05
8.751710000000000000e+05
1.505071000000000000e+06
9.004920000000000000e+05
7.620540000000000000e+05
1.119794000000000000e+06
1.313725000000000000e+06
1.438344000000000000e+06
6.746270000000000000e+05
7.332570000000000000e+05
8.884030000000000000e+05
3.951446000000000000e+06
2.257056000000000000e+06
2.217659000000000000e+06
2.220391000000000000e+06
3.594124000000000000e+06
3.774410000000000000e+06
2.368772000000000000e+06
3.012557000000000000e+06
2.887212000000000000e+06
1.821334000000000000e+06
2.312580000000000000e+06
2.114842000000000000e+06
4.585832000000000000e+06
1.796911000000000000e+06
1.673923000000000000e+06
1.593169000000000000e+06
1.070170000000000000e+06
1.209263000000000000e+06
1.648938000000000000e+06
6.706860000000000000e+05
1.470605000000000000e+06
1.405360000000000000e+06
1.599359000000000000e+06
6.702600000000000000e+05
4.275380000000000000e+06
1.799524000000000000e+06
5.772270000000000000e+05
6.396210000000000000e+05
5.448140000000000000e+05
1.141450000000000000e+06
1.544380000000000000e+06
1.402446000000000000e+06
3.332252000000000000e+06
3.479640000000000000e+06
3.091786000000000000e+06
4.359969000000000000e+06
7.725964000000000000e+06
5.551751000000000000e+06
5.027037000000000000e+06
4.275915000000000000e+06
3.148450000000000000e+06
3.391062000000000000e+06
4.308579000000000000e+06
5.136145000000000000e+06
4.704000000000000000e+06
4.521188000000000000e+06
6.167822000000000000e+06
6.271134000000000000e+06
5.672323000000000000e+06
1.891474000000000000e+06
