3.323951000000000000e+06
3.911812000000000000e+06
5.401509000000000000e+06
6.347517000000000000e+06
4.111612000000000000e+06
2.802932000000000000e+06
4.018501000000000000e+06
4.608205000000000000e+06
2.189615000000000000e+06
4.843168000000000000e+06
1.061058000000000000e+06
2.361276000000000000e+06
1.653162000000000000e+06
1.018907000000000000e+06
1.445606000000000000e+06
1.999966000000000000e+06
1.550210000000000000e+06
1.917171000000000000e+06
2.220442000000000000e+06
1.525182000000000000e+06
2.566190000000000000e+06
5.326626000000000000e+06
1.719938000000000000e+06
1.873092000000000000e+06
2.429342000000000000e+06
2.258495000000000000e+06
1.408499000000000000e+06
1.213521000000000000e+06
1.529402000000000000e+06
2.263560000000000000e+06
2.030579000000000000e+06
1.699207000000000000e+06
1.305079000000000000e+06
4.534544000000000000e+06
1.766848000000000000e+06
1.748439000000000000e+06
2.295740000000000000e+06
3.597073000000000000e+06
3.578718000000000000e+06
2.324305000000000000e+06
2.302186000000000000e+06
2.396935000000000000e+06
2.212088000000000000e+06
2.997712000000000000e+06
1.941622000000000000e+06
4.513671000000000000e+06
2.070703000000000000e+06
2.484043000000000000e+06
3.108717000000000000e+06
2.567535000000000000e+06
3.308077000000000000e+06
2.941596000000000000e+06
2.684658000000000000e+06
2.125345000000000000e+06
2.057625000000000000e+06
1.854196000000000000e+06
2.197862000000000000e+06
5.505013000000000000e+06
1.922312000000000000e+06
2.168862000000000000e+06
1.251549000000000000e+06
1.788155000000000000e+06
2.125662000000000000e+06
2.363058000000000000e+06
2.482173000000000000e+06
2.922506000000000000e+06
1.739344000000000000e+06
1.823945000000000000e+06
2.130496000000000000e+06
6.914014000000000000e+06
3.375972000000000000e+06
2.546962000000000000e+06
3.098268000000000000e+06
4.262657000000000000e+06
2.182177000000000000e+06
3.381710000000000000e+06
3.046035000000000000e+06
1.551945000000000000e+06
1.689539000000000000e+06
2.124033000000000000e+06
1.900397000000000000e+06
4.578082000000000000e+06
1.716231000000000000e+06
1.380669000000000000e+06
7.020440000000000000e+05
7.364870000000000000e+05
7.170610000000000000e+05
1.185477000000000000e+06
1.463632000000000000e+06
1.470619000000000000e+06
1.356476000000000000e+06
1.083401000000000000e+06
2.224729000000000000e+06
4.660253000000000000e+06
1.643366000000000000e+06
1.996118000000000000e+06
2.422306000000000000e+06
3.485172000000000000e+06
4.137287000000000000e+06
3.643174000000000000e+06
3.626837000000000000e+06
2.832006000000000000e+06
1.467959000000000000e+06
1.797892000000000000e+06
1.781521000000000000e+06
4.308928000000000000e+06
1.631804000000000000e+06
2.527091000000000000e+06
2.524865000000000000e+06
2.695946000000000000e+06
2.159566000000000000e+06
2.339206000000000000e+06
2.559923000000000000e+06
2.497838000000000000e+06
2.625344000000000000e+06
1.700984000000000000e+06
9.828460000000000000e+05
4.641076000000000000e+06
1.590597000000000000e+06
1.658744000000000000e+06
1.389817000000000000e+06
1.232720000000000000e+06
1.391988000000000000e+06
4.513950000000000000e+05
7.454680000000000000e+05
1.772469000000000000e+06
2.260357000000000000e+06
1.301639000000000000e+06
6.925700000000000000e+05
3.561050000000000000e+06
1.143695000000000000e+06
1.449430000000000000e+06
3.946440000000000000e+05
4.522860000000000000e+05
6.116330000000000000e+05
1.054392000000000000e+06
3.997310000000000000e+05
1.457985000000000000e+06
1.759139000000000000e+06
1.037867000000000000e+06
1.555651000000000000e+06
4.217824000000000000e+06
2.136904000000000000e+06
2.933525000000000000e+06
2.172238000000000000e+06
1.058140000000000000e+06
1.118467000000000000e+06
7.149830000000000000e+05
1.466522000000000000e+06
