1.111498000000000000e+06
5.023030000000000000e+05
8.296990000000000000e+05
3.962586000000000000e+06
9.122320000000000000e+05
1.394917000000000000e+06
2.023793000000000000e+06
1.388964000000000000e+06
1.170888000000000000e+06
8.468760000000000000e+05
1.103842000000000000e+06
1.803248000000000000e+06
9.014190000000000000e+05
1.004553000000000000e+06
1.022088000000000000e+06
3.568782000000000000e+06
1.217160000000000000e+06
1.575792000000000000e+06
1.328960000000000000e+06
1.380247000000000000e+06
9.342880000000000000e+05
6.766890000000000000e+05
5.848050000000000000e+05
1.035632000000000000e+06
3.432770000000000000e+05
9.188220000000000000e+05
5.837480000000000000e+05
3.263950000000000000e+06
1.235311000000000000e+06
1.417454000000000000e+06
1.010687000000000000e+06
1.091477000000000000e+06
1.195441000000000000e+06
1.394229000000000000e+06
1.016202000000000000e+06
1.308441000000000000e+06
7.043480000000000000e+05
9.163490000000000000e+05
3.328220000000000000e+05
3.256691000000000000e+06
1.040568000000000000e+06
2.769150000000000000e+05
1.181659000000000000e+06
9.303860000000000000e+05
9.339400000000000000e+05
8.310720000000000000e+05
6.683250000000000000e+05
1.262977000000000000e+06
9.760050000000000000e+05
1.701146000000000000e+06
1.328262000000000000e+06
3.974051000000000000e+06
1.555833000000000000e+06
1.069678000000000000e+06
1.824371000000000000e+06
2.186952000000000000e+06
2.500557000000000000e+06
2.506150000000000000e+06
2.798757000000000000e+06
2.440389000000000000e+06
2.839008000000000000e+06
1.823009000000000000e+06
1.334165000000000000e+06
4.465700000000000000e+06
2.206026000000000000e+06
2.404527000000000000e+06
2.647587000000000000e+06
2.603635000000000000e+06
2.947960000000000000e+06
2.768117000000000000e+06
2.955185000000000000e+06
3.277449000000000000e+06
3.312912000000000000e+06
3.561253000000000000e+06
1.685271000000000000e+06
4.577687000000000000e+06
1.631810000000000000e+06
1.049187000000000000e+06
1.726164000000000000e+06
1.202849000000000000e+06
1.226544000000000000e+06
5.939600000000000000e+05
1.037511000000000000e+06
1.294845000000000000e+06
5.156910000000000000e+05
6.336270000000000000e+05
8.025660000000000000e+05
3.666894000000000000e+06
8.622480000000000000e+05
1.138524000000000000e+06
1.083011000000000000e+06
2.025755000000000000e+06
1.218441000000000000e+06
1.277435000000000000e+06
1.324307000000000000e+06
1.893100000000000000e+06
7.354370000000000000e+05
7.247670000000000000e+05
5.083400000000000000e+05
3.303331000000000000e+06
1.142333000000000000e+06
1.705938000000000000e+06
1.735272000000000000e+06
2.187199000000000000e+06
2.868863000000000000e+06
2.720326000000000000e+06
1.750996000000000000e+06
2.560557000000000000e+06
2.414176000000000000e+06
1.435691000000000000e+06
1.266109000000000000e+06
4.161043000000000000e+06
1.539854000000000000e+06
1.288374000000000000e+06
1.614176000000000000e+06
1.493644000000000000e+06
1.520561000000000000e+06
2.019974000000000000e+06
2.780244000000000000e+06
2.292103000000000000e+06
1.324700000000000000e+06
1.064551000000000000e+06
1.779623000000000000e+06
4.363306000000000000e+06
1.236330000000000000e+06
1.298075000000000000e+06
1.625117000000000000e+06
2.030196000000000000e+06
1.553424000000000000e+06
1.414108000000000000e+06
1.852203000000000000e+06
2.073410000000000000e+06
1.115898000000000000e+06
1.308203000000000000e+06
1.097452000000000000e+06
4.141145000000000000e+06
1.550910000000000000e+06
1.386330000000000000e+06
1.217160000000000000e+06
9.443470000000000000e+05
9.509670000000000000e+05
8.389720000000000000e+05
1.126938000000000000e+06
1.646112000000000000e+06
1.183938000000000000e+06
1.276553000000000000e+06
1.101363000000000000e+06
3.819211000000000000e+06
1.865340000000000000e+06
