2.727736000000000000e+06
2.276322000000000000e+06
1.700571000000000000e+06
1.316611000000000000e+06
9.196950000000000000e+05
4.478064000000000000e+06
2.997544000000000000e+06
2.961412000000000000e+06
2.890339000000000000e+06
3.136314000000000000e+06
3.759552000000000000e+06
4.776902000000000000e+06
6.150781000000000000e+06
6.595656000000000000e+06
6.760049000000000000e+06
7.304800000000000000e+06
7.849127000000000000e+06
8.419047000000000000e+06
6.011984000000000000e+06
6.841813000000000000e+06
1.432891700000000000e+07
1.516861000000000000e+07
1.632766800000000000e+07
1.248903600000000000e+07
1.683952600000000000e+07
1.752015400000000000e+07
1.826574300000000000e+07
1.612748700000000000e+07
1.604886400000000000e+07
1.326590900000000000e+07
1.416763300000000000e+07
1.702036000000000000e+07
1.694143500000000000e+07
1.523729700000000000e+07
1.130291700000000000e+07
1.141462700000000000e+07
9.397878000000000000e+06
5.142857000000000000e+06
5.408797000000000000e+06
4.820441000000000000e+06
2.722212000000000000e+06
6.686602000000000000e+06
6.791406000000000000e+06
1.174018300000000000e+07
1.299850000000000000e+07
9.122563000000000000e+06
4.684258000000000000e+06
1.020574500000000000e+07
5.819142000000000000e+06
4.448720000000000000e+06
8.820829000000000000e+06
1.000415600000000000e+07
9.459285000000000000e+06
9.503840000000000000e+06
6.256320000000000000e+06
6.529485000000000000e+06
5.802900000000000000e+06
6.440882000000000000e+06
5.374457000000000000e+06
8.162962000000000000e+06
8.554417000000000000e+06
6.746500000000000000e+06
4.295362000000000000e+06
2.363741000000000000e+06
3.152587000000000000e+06
5.079789000000000000e+06
2.161947000000000000e+06
2.248145000000000000e+06
2.694008000000000000e+06
3.569087000000000000e+06
5.801105000000000000e+06
5.309763000000000000e+06
5.402731000000000000e+06
5.274860000000000000e+06
2.641557000000000000e+06
2.841651000000000000e+06
3.864216000000000000e+06
5.612860000000000000e+06
2.997382000000000000e+06
3.161689000000000000e+06
3.528544000000000000e+06
3.007744000000000000e+06
3.961228000000000000e+06
3.565845000000000000e+06
2.624732000000000000e+06
2.384490000000000000e+06
1.623634000000000000e+06
1.230861000000000000e+06
8.699190000000000000e+05
4.280731000000000000e+06
2.507583000000000000e+06
1.956988000000000000e+06
3.232832000000000000e+06
4.825849000000000000e+06
3.978867000000000000e+06
3.789875000000000000e+06
4.302387000000000000e+06
4.876850000000000000e+06
4.965729000000000000e+06
5.134108000000000000e+06
4.911592000000000000e+06
6.871279000000000000e+06
5.143654000000000000e+06
4.968770000000000000e+06
5.268449000000000000e+06
5.135243000000000000e+06
4.466202000000000000e+06
4.541115000000000000e+06
3.485930000000000000e+06
2.902689000000000000e+06
2.841340000000000000e+06
2.839918000000000000e+06
2.002831000000000000e+06
4.613842000000000000e+06
2.089056000000000000e+06
1.691263000000000000e+06
1.782455000000000000e+06
2.067591000000000000e+06
1.024290000000000000e+06
1.885996000000000000e+06
2.271102000000000000e+06
1.546447000000000000e+06
1.584296000000000000e+06
2.362064000000000000e+06
2.187033000000000000e+06
4.130630000000000000e+06
1.765800000000000000e+06
2.234335000000000000e+06
2.978972000000000000e+06
2.779180000000000000e+06
2.712046000000000000e+06
3.287690000000000000e+06
1.782855000000000000e+06
1.430737000000000000e+06
2.015030000000000000e+06
1.385918000000000000e+06
2.162830000000000000e+06
4.212272000000000000e+06
2.129637000000000000e+06
1.937562000000000000e+06
1.987109000000000000e+06
1.908068000000000000e+06
6.415960000000000000e+05
1.960379000000000000e+06
1.744666000000000000e+06
1.823485000000000000e+06
2.083202000000000000e+06
2.224428000000000000e+06
2.562062000000000000e+06
