7.279330000000000000e+05
4.726530000000000000e+05
4.248950000000000000e+05
4.590310000000000000e+05
9.242870000000000000e+05
5.803740000000000000e+05
6.135670000000000000e+05
7.294350000000000000e+05
1.167367000000000000e+06
3.323145000000000000e+06
6.163130000000000000e+05
1.059190000000000000e+06
3.097920000000000000e+05
8.151530000000000000e+05
6.033870000000000000e+05
4.731270000000000000e+05
7.041500000000000000e+05
7.304430000000000000e+05
1.185112000000000000e+06
1.296852000000000000e+06
1.963198000000000000e+06
4.232190000000000000e+06
2.288971000000000000e+06
2.810564000000000000e+06
1.952573000000000000e+06
1.229005000000000000e+06
1.332899000000000000e+06
1.268457000000000000e+06
1.131734000000000000e+06
1.099426000000000000e+06
2.167971000000000000e+06
1.056744000000000000e+06
1.100287000000000000e+06
3.619137000000000000e+06
9.307490000000000000e+05
1.613197000000000000e+06
1.045476000000000000e+06
1.178030000000000000e+06
1.428417000000000000e+06
1.919800000000000000e+06
1.853542000000000000e+06
2.025992000000000000e+06
2.251024000000000000e+06
2.170920000000000000e+06
1.764582000000000000e+06
4.269482000000000000e+06
1.361281000000000000e+06
2.414727000000000000e+06
2.144559000000000000e+06
1.638372000000000000e+06
2.815413000000000000e+06
2.766315000000000000e+06
1.941497000000000000e+06
1.952143000000000000e+06
2.259137000000000000e+06
3.053807000000000000e+06
3.421251000000000000e+06
5.265496000000000000e+06
2.431444000000000000e+06
2.161162000000000000e+06
2.056326000000000000e+06
2.023699000000000000e+06
1.165339000000000000e+06
1.294463000000000000e+06
2.983564800000000000e+07
2.292800000000000000e+05
4.141150000000000000e+05
6.676150000000000000e+05
5.763750000000000000e+05
2.483555000000000000e+06
4.582800000000000000e+05
8.404490000000000000e+05
2.126450000000000000e+05
5.858120000000000000e+05
1.417910000000000000e+05
2.145240000000000000e+05
6.038320000000000000e+05
1.514390000000000000e+05
1.705840000000000000e+05
5.028060000000000000e+05
3.807330000000000000e+05
1.353463000000000000e+06
4.364140000000000000e+05
6.832710000000000000e+05
2.335680000000000000e+05
5.629940000000000000e+05
1.126660000000000000e+05
2.226990000000000000e+05
6.276030000000000000e+05
1.868420000000000000e+05
1.932320000000000000e+05
4.876490000000000000e+05
3.976040000000000000e+05
1.290561000000000000e+06
4.372210000000000000e+05
7.580740000000000000e+05
2.292040000000000000e+05
6.701750000000000000e+05
9.937600000000000000e+04
2.068590000000000000e+05
6.106660000000000000e+05
1.746750000000000000e+05
1.933410000000000000e+05
4.653090000000000000e+05
3.980860000000000000e+05
1.271124000000000000e+06
4.105420000000000000e+05
6.524630000000000000e+05
2.511690000000000000e+05
5.591560000000000000e+05
1.093920000000000000e+05
1.898310000000000000e+05
5.814710000000000000e+05
1.178830000000000000e+05
1.911210000000000000e+05
3.938660000000000000e+05
3.731730000000000000e+05
1.241596000000000000e+06
4.658050000000000000e+05
6.595190000000000000e+05
2.665710000000000000e+05
5.981730000000000000e+05
8.116100000000000000e+04
1.839450000000000000e+05
6.352800000000000000e+05
1.384380000000000000e+05
2.091690000000000000e+05
3.933960000000000000e+05
4.029210000000000000e+05
1.236353000000000000e+06
3.773840000000000000e+05
7.085790000000000000e+05
2.317670000000000000e+05
6.277720000000000000e+05
1.134530000000000000e+05
1.793940000000000000e+05
6.388730000000000000e+05
1.228450000000000000e+05
1.618170000000000000e+05
4.074300000000000000e+05
4.395540000000000000e+05
1.212810000000000000e+06
4.528670000000000000e+05
6.622250000000000000e+05
2.413520000000000000e+05
5.811960000000000000e+05
9.537400000000000000e+04
1.630820000000000000e+05
5.637030000000000000e+05
