4.482250000000000000e+05
6.903600000000000000e+04
1.508960000000000000e+05
3.586070000000000000e+05
1.797080000000000000e+05
1.952240000000000000e+05
3.288980000000000000e+05
9.478800000000000000e+04
1.062960000000000000e+05
1.098611000000000000e+06
1.826780000000000000e+05
4.009900000000000000e+05
3.899370000000000000e+05
9.022100000000000000e+04
1.101440000000000000e+05
4.439790000000000000e+05
1.231520000000000000e+05
2.287130000000000000e+05
3.183880000000000000e+05
8.117800000000000000e+04
9.997300000000000000e+04
1.063418000000000000e+06
1.721300000000000000e+05
3.615470000000000000e+05
4.109440000000000000e+05
6.966000000000000000e+04
1.546640000000000000e+05
3.392890000000000000e+05
1.578350000000000000e+05
2.066640000000000000e+05
3.622430000000000000e+05
7.171800000000000000e+04
1.316270000000000000e+05
1.042746000000000000e+06
1.954150000000000000e+05
4.354730000000000000e+05
4.397200000000000000e+05
8.721900000000000000e+04
1.112770000000000000e+05
4.193280000000000000e+05
1.537970000000000000e+05
2.150560000000000000e+05
3.807000000000000000e+05
7.517200000000000000e+04
1.376810000000000000e+05
1.152261000000000000e+06
1.635550000000000000e+05
4.246630000000000000e+05
3.457950000000000000e+05
5.043000000000000000e+04
2.374976500000000000e+07
2.206780000000000000e+06
1.992293000000000000e+06
2.382902000000000000e+06
2.397147000000000000e+06
2.386284000000000000e+06
1.249881000000000000e+06
1.576422000000000000e+06
1.876598000000000000e+06
1.125207000000000000e+06
7.616340000000000000e+05
8.398660000000000000e+05
4.006763000000000000e+06
1.657787000000000000e+06
1.166449000000000000e+06
1.851331000000000000e+06
1.879006000000000000e+06
1.168902000000000000e+06
1.543530000000000000e+06
2.090573000000000000e+06
9.204500000000000000e+05
1.671712000000000000e+06
2.264514000000000000e+06
2.216386000000000000e+06
4.260095000000000000e+06
2.470492000000000000e+06
1.414271000000000000e+06
1.741270000000000000e+06
1.900132000000000000e+06
1.832670000000000000e+06
2.591479000000000000e+06
3.630529000000000000e+06
2.288924000000000000e+06
1.597378000000000000e+06
1.592612000000000000e+06
1.350958000000000000e+06
3.936469000000000000e+06
1.480380000000000000e+06
5.329140000000000000e+05
3.540880000000000000e+05
6.095430000000000000e+05
6.094430000000000000e+05
5.416360000000000000e+05
1.037709000000000000e+06
1.729712000000000000e+06
2.548249000000000000e+06
1.284659000000000000e+06
5.568730000000000000e+05
3.643570000000000000e+06
2.315387000000000000e+06
2.119017000000000000e+06
1.428672000000000000e+06
1.676425000000000000e+06
7.933990000000000000e+05
1.842090000000000000e+06
1.721275000000000000e+06
3.391080000000000000e+06
4.033521000000000000e+06
4.559636000000000000e+06
3.648091000000000000e+06
4.594586000000000000e+06
1.500021000000000000e+06
2.259165000000000000e+06
3.282819000000000000e+06
2.590029000000000000e+06
2.377364000000000000e+06
2.350956000000000000e+06
1.190948000000000000e+06
8.131280000000000000e+05
1.116390000000000000e+06
5.785130000000000000e+05
4.802780000000000000e+05
3.566785000000000000e+06
8.684200000000000000e+05
1.186921000000000000e+06
1.662942000000000000e+06
1.160790000000000000e+06
1.322466000000000000e+06
1.154868000000000000e+06
1.344989000000000000e+06
1.013660000000000000e+06
1.603794000000000000e+06
1.106242000000000000e+06
8.302830000000000000e+05
3.573694000000000000e+06
1.558025000000000000e+06
1.273075000000000000e+06
1.952601000000000000e+06
1.399546000000000000e+06
6.724950000000000000e+05
5.960990000000000000e+05
1.071026000000000000e+06
1.772763000000000000e+06
1.709297000000000000e+06
1.228690000000000000e+06
1.802689000000000000e+06
3.487951000000000000e+06
1.455777000000000000e+06
8.613870000000000000e+05
