1.196202000000000000e+06
1.102800000000000000e+06
1.378602000000000000e+06
1.565194000000000000e+06
1.802943000000000000e+06
1.942679000000000000e+06
1.925677000000000000e+06
7.498250000000000000e+05
3.531912000000000000e+06
1.306418000000000000e+06
2.672761000000000000e+06
3.087760000000000000e+06
1.853258000000000000e+06
1.381870000000000000e+06
1.357677000000000000e+06
2.324510000000000000e+06
1.410771000000000000e+06
1.362165000000000000e+06
1.380169000000000000e+06
1.381104000000000000e+06
4.232275000000000000e+06
2.328856000000000000e+06
2.239845000000000000e+06
2.926018000000000000e+06
3.079851000000000000e+06
3.109539000000000000e+06
1.669890000000000000e+06
1.310267000000000000e+06
1.516057000000000000e+06
2.216231000000000000e+06
1.668227000000000000e+06
2.216448000000000000e+06
4.828462000000000000e+06
3.098921000000000000e+06
3.031870000000000000e+06
3.365731000000000000e+06
3.609457000000000000e+06
4.552105000000000000e+06
4.486061000000000000e+06
2.764879000000000000e+06
1.744246000000000000e+06
2.592966000000000000e+06
2.691687000000000000e+06
2.709862000000000000e+06
5.031542000000000000e+06
3.039021000000000000e+06
1.992567000000000000e+06
2.545366000000000000e+06
2.774037000000000000e+06
1.763107000000000000e+06
3.376699000000000000e+06
1.485555000000000000e+06
1.257995000000000000e+06
1.127838000000000000e+06
1.778612000000000000e+06
1.315945000000000000e+06
3.510187000000000000e+06
1.909662000000000000e+06
1.384398000000000000e+06
1.555167000000000000e+06
1.569300000000000000e+06
1.219445000000000000e+06
8.912030000000000000e+05
9.990240000000000000e+05
1.039037000000000000e+06
8.979280000000000000e+05
7.670850000000000000e+05
8.974050000000000000e+05
3.506700000000000000e+06
1.277254000000000000e+06
6.730140000000000000e+05
1.409762000000000000e+06
1.870607000000000000e+06
2.504047000000000000e+06
3.010113000000000000e+06
1.376090000000000000e+06
1.636629000000000000e+06
8.171700000000000000e+05
9.279580000000000000e+05
2.053649000000000000e+06
4.089869000000000000e+06
7.876960000000000000e+05
4.937100000000000000e+05
1.218506000000000000e+06
1.139672000000000000e+06
1.104505000000000000e+06
1.186913000000000000e+06
1.094559000000000000e+06
1.142136000000000000e+06
9.642290000000000000e+05
1.267656000000000000e+06
9.419460000000000000e+05
3.480296000000000000e+06
1.390492000000000000e+06
1.180412000000000000e+06
1.497681000000000000e+06
1.057552000000000000e+06
5.505860000000000000e+05
7.370930000000000000e+05
5.547860000000000000e+05
6.869940000000000000e+05
2.919080000000000000e+05
7.012300000000000000e+05
8.522120000000000000e+05
3.359063000000000000e+06
1.462563000000000000e+06
4.298340000000000000e+05
1.263769000000000000e+06
1.737952000000000000e+06
9.154140000000000000e+05
1.090818000000000000e+06
1.664332000000000000e+06
7.095530000000000000e+05
5.594280000000000000e+05
7.667820000000000000e+05
1.098881000000000000e+06
3.749133000000000000e+06
1.828688000000000000e+06
1.016117000000000000e+06
1.752889000000000000e+06
1.797729000000000000e+06
7.662590000000000000e+05
1.553630000000000000e+06
1.311732000000000000e+06
2.093662000000000000e+06
1.431182000000000000e+06
1.477960000000000000e+06
1.589294000000000000e+06
5.016900000000000000e+06
2.925059000000000000e+06
1.581086000000000000e+06
1.539039000000000000e+06
1.237422000000000000e+06
1.409656000000000000e+06
1.476638000000000000e+06
1.388882000000000000e+06
9.232330000000000000e+05
9.192780000000000000e+05
7.656340000000000000e+05
1.158366000000000000e+06
3.887880000000000000e+06
2.478825000000000000e+06
2.002019000000000000e+06
2.297007000000000000e+06
2.856837000000000000e+06
2.139131000000000000e+06
2.642770000000000000e+06
4.353446000000000000e+06
3.896689000000000000e+06
