2.109708000000000000e+06
1.460359000000000000e+06
4.466304000000000000e+06
1.518475000000000000e+06
1.379740000000000000e+06
2.955040000000000000e+05
3.602530000000000000e+05
1.101847000000000000e+06
7.011900000000000000e+05
9.186970000000000000e+05
1.511411000000000000e+06
2.174764000000000000e+06
1.930490000000000000e+06
2.401762000000000000e+06
4.248760000000000000e+06
1.777071000000000000e+06
9.654610000000000000e+05
7.448830000000000000e+05
1.828640000000000000e+06
2.289655000000000000e+06
3.401246000000000000e+06
2.984008000000000000e+06
1.471051000000000000e+06
2.048467000000000000e+06
1.781741000000000000e+06
6.122500000000000000e+05
3.889379000000000000e+06
1.089866000000000000e+06
1.229440000000000000e+06
1.154445000000000000e+06
7.670240000000000000e+05
1.004526000000000000e+06
1.719681000000000000e+06
2.124706000000000000e+06
3.238455000000000000e+06
3.889090000000000000e+06
3.295387000000000000e+06
3.507500000000000000e+06
5.371954000000000000e+06
4.320483000000000000e+06
3.910086000000000000e+06
2.050821000000000000e+06
2.217986000000000000e+06
1.985620000000000000e+06
1.826906000000000000e+06
2.059303000000000000e+06
2.218412000000000000e+06
2.644205000000000000e+06
2.230154000000000000e+06
2.032330000000000000e+06
4.458746000000000000e+06
1.921166000000000000e+06
7.483720000000000000e+05
1.185182000000000000e+06
1.071379000000000000e+06
1.665180000000000000e+06
1.578517000000000000e+06
2.180336000000000000e+06
2.362374000000000000e+06
2.523849000000000000e+06
1.826597000000000000e+06
1.060315000000000000e+06
4.421337000000000000e+06
1.737356000000000000e+06
2.118563000000000000e+06
8.242850000000000000e+05
1.029952000000000000e+06
1.343245000000000000e+06
1.264866000000000000e+06
1.724713000000000000e+06
1.253536000000000000e+06
1.440356000000000000e+06
9.458470000000000000e+05
1.008291000000000000e+06
3.908554000000000000e+06
1.166133000000000000e+06
1.701077000000000000e+06
1.331258000000000000e+06
5.278590000000000000e+05
7.579180000000000000e+05
5.964110000000000000e+05
9.553810000000000000e+05
8.631380000000000000e+05
2.740074000000000000e+06
3.315479000000000000e+06
3.274038000000000000e+06
4.861309000000000000e+06
2.099690000000000000e+06
2.683102000000000000e+06
1.823141000000000000e+06
1.709122000000000000e+06
2.355934000000000000e+06
2.817134000000000000e+06
1.349870000000000000e+06
1.137437000000000000e+06
2.095779000000000000e+06
8.779900000000000000e+05
1.038756000000000000e+06
4.575512000000000000e+06
2.188334000000000000e+06
2.239902000000000000e+06
1.903738000000000000e+06
2.546058000000000000e+06
1.916628000000000000e+06
2.408716000000000000e+06
2.785837000000000000e+06
2.112583000000000000e+06
2.857467000000000000e+06
3.154058000000000000e+06
3.704507000000000000e+06
6.428369000000000000e+06
4.776396000000000000e+06
4.329369000000000000e+06
4.274523000000000000e+06
3.322806000000000000e+06
2.310101000000000000e+06
2.519058000000000000e+06
2.879587000000000000e+06
3.050675000000000000e+06
3.236969000000000000e+06
2.454979000000000000e+06
2.008686000000000000e+06
5.281893000000000000e+06
3.281480000000000000e+06
2.999296000000000000e+06
3.048797000000000000e+06
2.214447000000000000e+06
2.075943000000000000e+06
1.727564000000000000e+06
1.634417000000000000e+06
1.831870000000000000e+06
2.639052000000000000e+06
1.854872000000000000e+06
1.792890000000000000e+06
4.726769000000000000e+06
2.548039000000000000e+06
2.562087000000000000e+06
1.917950000000000000e+06
2.034456000000000000e+06
1.987924000000000000e+06
2.213704000000000000e+06
2.266617000000000000e+06
1.945226000000000000e+06
2.502977000000000000e+06
2.108178000000000000e+06
1.902546000000000000e+06
4.611018000000000000e+06
2.072057000000000000e+06
1.665011000000000000e+06
