3.862782000000000000e+06
3.839093000000000000e+06
5.415799000000000000e+06
3.202432000000000000e+06
3.483105000000000000e+06
1.956860000000000000e+06
1.674829000000000000e+06
1.668181000000000000e+06
1.804807000000000000e+06
2.256532000000000000e+06
2.193192000000000000e+06
2.409456000000000000e+06
1.455531000000000000e+06
1.264134000000000000e+06
4.574436000000000000e+06
9.879440000000000000e+05
6.605950000000000000e+05
7.246730000000000000e+05
1.182895000000000000e+06
9.628370000000000000e+05
1.080902000000000000e+06
1.489690000000000000e+06
9.635980000000000000e+05
1.918379000000000000e+06
1.490298000000000000e+06
9.667350000000000000e+05
3.817609000000000000e+06
1.497025000000000000e+06
1.198041000000000000e+06
1.501342000000000000e+06
1.385355000000000000e+06
1.572549000000000000e+06
1.495484000000000000e+06
1.401547000000000000e+06
1.089485000000000000e+06
1.410094000000000000e+06
1.139343000000000000e+06
8.549160000000000000e+05
3.675072000000000000e+06
8.106450000000000000e+05
3.879120000000000000e+05
6.760320000000000000e+05
9.423670000000000000e+05
1.224130000000000000e+06
1.328856000000000000e+06
1.131848000000000000e+06
7.398240000000000000e+05
1.932893000000000000e+06
1.408539000000000000e+06
1.713354000000000000e+06
4.383896000000000000e+06
1.916527000000000000e+06
1.305967000000000000e+06
8.319720000000000000e+05
1.162281000000000000e+06
1.264396000000000000e+06
1.839375000000000000e+06
1.927817000000000000e+06
1.086718000000000000e+06
1.516667000000000000e+06
1.002305000000000000e+06
8.929070000000000000e+05
3.715023000000000000e+06
1.586584000000000000e+06
6.019490000000000000e+05
9.724030000000000000e+05
1.191235000000000000e+06
1.891806000000000000e+06
2.817047000000000000e+06
2.146893000000000000e+06
1.733405000000000000e+06
2.414494000000000000e+06
1.265182000000000000e+06
1.830037000000000000e+06
4.384719000000000000e+06
2.857942000000000000e+06
3.061036000000000000e+06
2.681172000000000000e+06
2.671735000000000000e+06
2.500064000000000000e+06
1.825462000000000000e+06
1.228486000000000000e+06
1.643188000000000000e+06
1.606494000000000000e+06
6.307100000000000000e+05
1.030281000000000000e+06
3.908357000000000000e+06
2.301616000000000000e+06
3.544684000000000000e+06
3.424152000000000000e+06
1.307936000000000000e+06
1.654697000000000000e+06
1.303410000000000000e+06
1.928395000000000000e+06
1.409285000000000000e+06
1.304723000000000000e+06
6.880440000000000000e+05
1.204418000000000000e+06
4.235918000000000000e+06
9.943810000000000000e+05
5.801550000000000000e+05
1.448100000000000000e+04
3.614940000000000000e+05
3.889490000000000000e+05
4.817110000000000000e+05
5.096950000000000000e+05
5.569550000000000000e+05
1.103039000000000000e+06
9.315680000000000000e+05
1.327608000000000000e+06
3.787334000000000000e+06
1.393554000000000000e+06
1.946177000000000000e+06
3.283370000000000000e+06
3.393186000000000000e+06
2.769881000000000000e+06
3.563485000000000000e+06
4.712443000000000000e+06
2.493850000000000000e+06
2.952255000000000000e+06
2.799313000000000000e+06
2.585531000000000000e+06
4.752241000000000000e+06
1.673175000000000000e+06
9.102970000000000000e+05
2.011915000000000000e+06
1.636493000000000000e+06
2.212533000000000000e+06
2.040927000000000000e+06
1.724844000000000000e+06
1.060445000000000000e+06
1.731925000000000000e+06
1.086587000000000000e+06
1.374772000000000000e+06
4.709988000000000000e+06
1.551176000000000000e+06
1.393263000000000000e+06
1.199844000000000000e+06
1.469758000000000000e+06
1.817304000000000000e+06
2.568054000000000000e+06
2.143651000000000000e+06
3.136977000000000000e+06
3.178862000000000000e+06
2.799163000000000000e+06
4.479934000000000000e+06
6.648238000000000000e+06
4.478509000000000000e+06
4.317651000000000000e+06
