2.770592000000000000e+06
4.024288000000000000e+06
3.632083000000000000e+06
2.977104000000000000e+06
3.194457000000000000e+06
2.606296000000000000e+06
1.095082000000000000e+06
1.429652000000000000e+06
4.404583000000000000e+06
1.052257000000000000e+06
1.626145000000000000e+06
1.748100000000000000e+06
1.252089000000000000e+06
9.225500000000000000e+05
1.384027000000000000e+06
8.701310000000000000e+05
7.192120000000000000e+05
1.448527000000000000e+06
1.255455000000000000e+06
5.429610000000000000e+05
3.849116000000000000e+06
1.810164000000000000e+06
9.931460000000000000e+05
1.401906000000000000e+06
7.623320000000000000e+05
1.094751000000000000e+06
1.972821000000000000e+06
2.230403000000000000e+06
2.431238000000000000e+06
3.013904000000000000e+06
3.609187000000000000e+06
3.002662000000000000e+06
5.068697000000000000e+06
3.556547000000000000e+06
2.327434000000000000e+06
2.302040000000000000e+06
2.219092000000000000e+06
2.277049000000000000e+06
2.656153000000000000e+06
2.903484000000000000e+06
3.891068000000000000e+06
4.854384000000000000e+06
4.475989000000000000e+06
3.382326000000000000e+06
4.803246000000000000e+06
1.187564000000000000e+06
1.764900000000000000e+06
2.712381000000000000e+06
2.570502000000000000e+06
2.794808000000000000e+06
2.051246000000000000e+06
2.218946000000000000e+06
2.098424000000000000e+06
2.621723000000000000e+06
2.953476000000000000e+06
2.873542000000000000e+06
5.849947000000000000e+06
2.543283000000000000e+06
2.633088000000000000e+06
3.657777000000000000e+06
2.170881000000000000e+06
2.596309000000000000e+06
2.998162000000000000e+06
1.545138000000000000e+06
1.271024000000000000e+06
1.372251000000000000e+06
1.506074000000000000e+06
1.297278000000000000e+06
4.783866000000000000e+06
1.218293000000000000e+06
1.905099000000000000e+06
3.641327000000000000e+06
2.904559000000000000e+06
2.039833000000000000e+06
1.373455000000000000e+06
1.463180000000000000e+06
1.496498000000000000e+06
1.819606000000000000e+06
1.312048000000000000e+06
6.953020000000000000e+05
4.263307000000000000e+06
1.176717000000000000e+06
1.520355000000000000e+06
2.424134000000000000e+06
2.260172000000000000e+06
1.835430000000000000e+06
1.597302000000000000e+06
2.438137000000000000e+06
1.920339000000000000e+06
1.370381000000000000e+06
1.566603000000000000e+06
1.308679000000000000e+06
4.124861000000000000e+06
1.340512000000000000e+06
2.317385000000000000e+06
2.935495000000000000e+06
1.704928000000000000e+06
2.378446000000000000e+06
3.066588000000000000e+06
1.468641000000000000e+06
1.271200000000000000e+06
1.481056000000000000e+06
9.221480000000000000e+05
1.311175000000000000e+06
4.174360000000000000e+06
1.424638000000000000e+06
2.224277000000000000e+06
2.757716000000000000e+06
3.931764000000000000e+06
3.521729000000000000e+06
3.237930000000000000e+06
3.304298000000000000e+06
3.568661000000000000e+06
3.573791000000000000e+06
4.738839000000000000e+06
4.094142000000000000e+06
6.381260000000000000e+06
4.310834000000000000e+06
5.537926000000000000e+06
5.534017000000000000e+06
4.427411000000000000e+06
3.440448000000000000e+06
4.105172000000000000e+06
3.953200000000000000e+06
4.207113000000000000e+06
3.430229000000000000e+06
3.164022000000000000e+06
2.610644000000000000e+06
5.873518000000000000e+06
2.730268000000000000e+06
2.409769000000000000e+06
3.688464000000000000e+06
3.303140000000000000e+06
2.476226000000000000e+06
2.863571000000000000e+06
3.493965000000000000e+06
4.118841000000000000e+06
4.188391000000000000e+06
4.758510000000000000e+06
4.500009000000000000e+06
6.013841000000000000e+06
3.511686000000000000e+06
2.704862000000000000e+06
3.718538000000000000e+06
3.555925000000000000e+06
3.531649000000000000e+06
3.863238000000000000e+06
3.323460000000000000e+06
2.581206000000000000e+06
