4.146138000000000000e+06
3.368748000000000000e+06
5.916278000000000000e+06
3.385252000000000000e+06
2.709882000000000000e+06
3.054449000000000000e+06
2.885637000000000000e+06
2.704315000000000000e+06
2.786629000000000000e+06
3.697210000000000000e+06
3.349788000000000000e+06
4.437374000000000000e+06
5.025122000000000000e+06
4.804588000000000000e+06
6.123396000000000000e+06
4.297745000000000000e+06
4.779740000000000000e+06
3.916962000000000000e+06
3.553758000000000000e+06
4.324844000000000000e+06
3.607810000000000000e+06
2.880669000000000000e+06
2.375647000000000000e+06
3.261485000000000000e+06
2.044819000000000000e+06
2.023706000000000000e+06
5.248136000000000000e+06
2.529828000000000000e+06
3.330246000000000000e+06
3.553975000000000000e+06
2.301463000000000000e+06
2.819581000000000000e+06
3.640654000000000000e+06
3.575044000000000000e+06
1.913980000000000000e+06
3.096825000000000000e+06
2.964648000000000000e+06
1.484988000000000000e+06
4.246544000000000000e+06
1.393699000000000000e+06
1.024527000000000000e+06
1.871643000000000000e+06
2.214336000000000000e+06
1.406665000000000000e+06
1.467983000000000000e+06
2.395467000000000000e+06
2.434418000000000000e+06
2.058900000000000000e+06
2.011193000000000000e+06
1.997475000000000000e+06
4.454185000000000000e+06
2.514572000000000000e+06
3.663658000000000000e+06
4.482124000000000000e+06
3.370326000000000000e+06
2.270112000000000000e+06
3.862789000000000000e+06
4.448271000000000000e+06
3.020434000000000000e+06
2.601529000000000000e+06
2.069623000000000000e+06
2.462742000000000000e+06
4.599904000000000000e+06
1.713196000000000000e+06
2.059196000000000000e+06
1.981243000000000000e+06
3.094781000000000000e+06
3.486294000000000000e+06
3.499698000000000000e+06
3.107062000000000000e+06
3.506773000000000000e+06
4.806568000000000000e+06
4.168530000000000000e+06
3.533728000000000000e+06
5.521458000000000000e+06
2.537223000000000000e+06
1.656073000000000000e+06
1.212971000000000000e+06
1.381080000000000000e+06
1.849582000000000000e+06
1.445987000000000000e+06
1.270936000000000000e+06
1.933021000000000000e+06
2.005599000000000000e+06
1.572539000000000000e+06
2.359171000000000000e+06
4.244143000000000000e+06
1.118000000000000000e+06
1.336731000000000000e+06
2.463746000000000000e+06
2.184083000000000000e+06
1.495883000000000000e+06
2.275052000000000000e+06
2.345229000000000000e+06
2.094909000000000000e+06
2.921169000000000000e+06
2.102758000000000000e+06
2.229159000000000000e+06
5.045842000000000000e+06
2.053099000000000000e+06
1.731521000000000000e+06
2.060791000000000000e+06
2.258507000000000000e+06
2.013322000000000000e+06
1.633708000000000000e+06
1.682876000000000000e+06
2.198141000000000000e+06
2.602115000000000000e+06
1.622883000000000000e+06
1.181812000000000000e+06
4.024034000000000000e+06
7.022430000000000000e+05
9.315360000000000000e+05
1.523416000000000000e+06
1.503253000000000000e+06
6.688950000000000000e+05
7.643810000000000000e+05
1.258283000000000000e+06
1.377234000000000000e+06
1.784992000000000000e+06
1.439380000000000000e+06
1.353078000000000000e+06
4.087326000000000000e+06
1.113658000000000000e+06
1.235254000000000000e+06
2.091970000000000000e+06
2.493168000000000000e+06
2.854262000000000000e+06
2.630205000000000000e+06
2.966163000000000000e+06
3.065222000000000000e+06
3.590113000000000000e+06
2.437612000000000000e+06
2.281931000000000000e+06
4.763319000000000000e+06
1.412655000000000000e+06
2.628400000000000000e+06
3.856330000000000000e+06
5.318072000000000000e+06
3.416536900000000000e+07
7.152580000000000000e+05
3.419726000000000000e+06
7.593150000000000000e+05
3.773731000000000000e+06
2.143364000000000000e+06
2.492323000000000000e+06
3.632287000000000000e+06
1.335567000000000000e+06
2.820013000000000000e+06
