4.035998000000000000e+06
4.113184000000000000e+06
7.583900000000000000e+05
3.445978000000000000e+06
6.716970000000000000e+05
3.981114000000000000e+06
2.268548000000000000e+06
2.523413000000000000e+06
3.743129000000000000e+06
1.182617000000000000e+06
2.778326000000000000e+06
1.146656000000000000e+06
3.977848000000000000e+06
4.123314000000000000e+06
7.067480000000000000e+05
3.559804000000000000e+06
7.968910000000000000e+05
3.840646000000000000e+06
2.119109000000000000e+06
2.521207000000000000e+06
3.944402000000000000e+06
1.137630000000000000e+06
2.819269000000000000e+06
1.076343000000000000e+06
3.899987000000000000e+06
3.979823000000000000e+06
7.542630000000000000e+05
3.567081000000000000e+06
6.931220000000000000e+05
3.890978000000000000e+06
2.189898000000000000e+06
2.459858000000000000e+06
4.032991000000000000e+06
1.109788000000000000e+06
2.864763000000000000e+06
1.271771000000000000e+06
3.811852000000000000e+06
4.081758000000000000e+06
7.752330000000000000e+05
3.520284000000000000e+06
6.876450000000000000e+05
3.923955000000000000e+06
2.255490000000000000e+06
2.422784000000000000e+06
3.945338000000000000e+06
1.189170000000000000e+06
2.827888000000000000e+06
1.159798000000000000e+06
3.962689000000000000e+06
4.133909000000000000e+06
7.358860000000000000e+05
3.578437000000000000e+06
6.549840000000000000e+05
3.971653000000000000e+06
2.225176000000000000e+06
2.583571000000000000e+06
3.914143000000000000e+06
1.198431000000000000e+06
2.822360000000000000e+06
1.146252000000000000e+06
3.898524000000000000e+06
3.835989000000000000e+06
7.756010000000000000e+05
3.788029000000000000e+06
5.512620000000000000e+05
4.104604000000000000e+06
2.233625000000000000e+06
2.498740000000000000e+06
3.817062000000000000e+06
1.347342000000000000e+06
2.815384000000000000e+06
1.307011000000000000e+06
3.849925000000000000e+06
4.322472000000000000e+06
8.377030000000000000e+05
3.638309000000000000e+06
6.137510000000000000e+05
4.046205000000000000e+06
2.182930000000000000e+06
2.505346000000000000e+06
4.016967000000000000e+06
1.281710000000000000e+06
2.948113000000000000e+06
1.136995000000000000e+06
3.948336000000000000e+06
4.260903000000000000e+06
8.627550000000000000e+05
3.537995000000000000e+06
6.766880000000000000e+05
4.139285000000000000e+06
2.040717000000000000e+06
2.956434700000000000e+07
1.591999000000000000e+06
1.598731000000000000e+06
1.090848000000000000e+06
7.880840000000000000e+05
8.390010000000000000e+05
7.933410000000000000e+05
5.732820000000000000e+05
1.087964000000000000e+06
1.108644000000000000e+06
1.609801000000000000e+06
1.442456000000000000e+06
4.212326000000000000e+06
1.696426000000000000e+06
9.334880000000000000e+05
7.840700000000000000e+05
1.515583000000000000e+06
1.798688000000000000e+06
2.502743000000000000e+06
1.710587000000000000e+06
2.361594000000000000e+06
3.243649000000000000e+06
4.312848000000000000e+06
3.782883000000000000e+06
4.745546000000000000e+06
1.549580000000000000e+06
1.132396000000000000e+06
1.733063000000000000e+06
1.333724000000000000e+06
8.358660000000000000e+05
9.630220000000000000e+05
9.645460000000000000e+05
1.136403000000000000e+06
1.191436000000000000e+06
9.710590000000000000e+05
2.270430000000000000e+06
4.511412000000000000e+06
2.077955000000000000e+06
2.505072000000000000e+06
2.136818000000000000e+06
1.705388000000000000e+06
1.083190000000000000e+06
2.129151000000000000e+06
2.547567000000000000e+06
2.142157000000000000e+06
1.621174000000000000e+06
1.585146000000000000e+06
1.838142000000000000e+06
4.694346000000000000e+06
2.964795000000000000e+06
3.766901000000000000e+06
2.875221000000000000e+06
1.993243000000000000e+06
3.988064000000000000e+06
4.163666000000000000e+06
4.217344000000000000e+06
3.245024000000000000e+06
2.075289000000000000e+06
