7.680000000000000000e+02
0.000000000000000000e+00
0.000000000000000000e+00
0.000000000000000000e+00
2.337468900000000000e+07
4.369660000000000000e+05
9.241800000000000000e+04
2.375880000000000000e+05
7.774500000000000000e+04
6.445300000000000000e+04
8.243200000000000000e+04
7.348900000000000000e+04
5.735500000000000000e+04
4.883900000000000000e+04
6.290500000000000000e+04
6.891900000000000000e+04
5.026550000000000000e+05
7.521100000000000000e+04
3.672300000000000000e+04
5.336600000000000000e+04
1.071980000000000000e+05
4.162800000000000000e+04
3.097000000000000000e+04
6.447600000000000000e+04
3.175800000000000000e+04
5.778900000000000000e+04
3.465200000000000000e+04
6.407000000000000000e+04
4.515800000000000000e+05
5.623800000000000000e+04
8.470000000000000000e+04
4.136500000000000000e+04
8.611800000000000000e+04
2.579100000000000000e+04
2.937100000000000000e+04
2.012600000000000000e+04
8.696600000000000000e+04
2.589900000000000000e+04
2.529000000000000000e+04
2.873700000000000000e+04
4.526880000000000000e+05
5.412600000000000000e+04
2.946900000000000000e+04
4.657600000000000000e+04
1.628200000000000000e+04
5.392700000000000000e+04
1.138000000000000000e+04
1.517000000000000000e+04
1.762100000000000000e+04
3.815800000000000000e+04
1.546000000000000000e+04
2.394600000000000000e+04
3.810280000000000000e+05
2.593400000000000000e+04
3.699900000000000000e+04
1.685200000000000000e+04
2.722300000000000000e+04
4.480000000000000000e+04
1.341800000000000000e+04
1.900200000000000000e+04
1.613500000000000000e+04
3.464800000000000000e+04
2.364400000000000000e+04
1.049092000000000000e+06
9.745890000000000000e+05
1.925800000000000000e+04
4.117800000000000000e+04
5.018900000000000000e+04
8.939300000000000000e+04
3.960800000000000000e+04
3.398100000000000000e+04
1.910800000000000000e+05
2.525000000000000000e+04
2.535400000000000000e+04
1.800740000000000000e+05
5.122300000000000000e+04
5.674840000000000000e+05
4.637300000000000000e+04
2.676700000000000000e+04
7.580100000000000000e+04
1.546900000000000000e+04
7.823500000000000000e+04
5.321600000000000000e+04
5.475900000000000000e+04
3.905800000000000000e+04
9.232900000000000000e+04
5.165300000000000000e+04
9.430000000000000000e+03
4.677620000000000000e+05
2.788400000000000000e+04
6.585000000000000000e+04
1.080600000000000000e+04
7.352000000000000000e+03
5.556700000000000000e+04
3.733700000000000000e+04
2.710000000000000000e+04
3.039300000000000000e+04
3.862300000000000000e+04
2.477000000000000000e+04
3.655700000000000000e+04
4.962870000000000000e+05
3.030400000000000000e+04
2.154200000000000000e+04
2.742500000000000000e+04
5.329000000000000000e+04
4.600200000000000000e+04
4.021800000000000000e+04
2.408600000000000000e+04
5.143200000000000000e+04
1.336600000000000000e+04
4.393300000000000000e+04
1.216300000000000000e+04
5.331750000000000000e+05
5.193700000000000000e+04
5.192000000000000000e+03
1.851800000000000000e+04
6.844700000000000000e+04
1.013900000000000000e+04
8.781000000000000000e+03
5.764800000000000000e+04
2.730500000000000000e+04
1.724200000000000000e+04
8.936400000000000000e+04
2.525500000000000000e+04
4.091880000000000000e+05
1.248400000000000000e+04
9.590000000000000000e+03
1.016724000000000000e+06
5.187010000000000000e+05
1.407800000000000000e+04
2.338327000000000000e+07
5.162500000000000000e+04
3.370200000000000000e+04
2.572000000000000000e+04
5.715900000000000000e+04
2.713000000000000000e+04
1.500690000000000000e+05
6.144000000000000000e+03
1.024000000000000000e+04
7.424000000000000000e+03
1.459200000000000000e+04
1.024000000000000000e+03
1.536000000000000000e+04
1.536000000000000000e+03
6.916558300000000000e+07
1.244550000000000000e+05
1.278782200000000000e+07
1.366237200000000000e+07
