2.383090000000000000e+05
1.970460000000000000e+05
1.360640000000000000e+05
1.526410000000000000e+05
1.533980000000000000e+05
1.487710000000000000e+05
1.717400000000000000e+05
3.325770000000000000e+05
1.526936000000000000e+06
2.370402800000000000e+07
1.949990000000000000e+05
2.420730000000000000e+05
3.081790000000000000e+05
5.226720000000000000e+05
9.169800000000000000e+05
1.563836000000000000e+06
2.309101000000000000e+06
1.168134000000000000e+06
1.138919000000000000e+06
1.178432000000000000e+06
1.179495000000000000e+06
1.484070000000000000e+06
1.225353000000000000e+06
1.230372000000000000e+06
1.220952000000000000e+06
1.271383000000000000e+06
1.245596000000000000e+06
1.290123000000000000e+06
1.372744000000000000e+06
1.352021000000000000e+06
1.297633000000000000e+06
1.260103000000000000e+06
1.328747000000000000e+06
1.444619000000000000e+06
1.442089000000000000e+06
1.361883000000000000e+06
1.453112000000000000e+06
1.392925000000000000e+06
1.425257000000000000e+06
1.376859000000000000e+06
1.433190000000000000e+06
1.380378000000000000e+06
1.446840000000000000e+06
1.306127000000000000e+06
1.360917000000000000e+06
1.557904000000000000e+06
1.338849000000000000e+06
1.280510000000000000e+06
1.274305000000000000e+06
1.243197000000000000e+06
2.140975000000000000e+06
1.605893000000000000e+06
9.828740000000000000e+05
5.899330000000000000e+05
4.048210000000000000e+05
2.918380000000000000e+05
1.352380000000000000e+05
2.450250000000000000e+05
7.471300000000000000e+04
1.949500000000000000e+04
1.556400000000000000e+04
1.402000000000000000e+04
1.877456400000000000e+07
7.253040000000000000e+05
9.491410000000000000e+05
1.989162000000000000e+06
2.195287000000000000e+06
1.495540000000000000e+05
1.622667000000000000e+06
1.507383000000000000e+06
1.440716000000000000e+06
1.305001000000000000e+06
2.015120000000000000e+05
9.441530000000000000e+05
1.660432000000000000e+06
7.672930000000000000e+05
7.375720000000000000e+05
1.187800000000000000e+05
2.044765000000000000e+06
3.524558000000000000e+06
5.289598000000000000e+06
3.850851000000000000e+06
9.549200000000000000e+04
2.623478000000000000e+06
2.145963000000000000e+06
2.329662000000000000e+06
2.729634000000000000e+06
2.614600000000000000e+05
9.630470000000000000e+05
5.447140000000000000e+05
3.727080000000000000e+05
3.726670000000000000e+05
1.002370000000000000e+05
1.397999300000000000e+07
6.738770000000000000e+06
6.270352000000000000e+06
6.332532000000000000e+06
6.550041000000000000e+06
1.761992000000000000e+06
6.606378000000000000e+06
6.258691000000000000e+06
6.028114000000000000e+06
7.042570000000000000e+06
6.442240000000000000e+05
7.100414000000000000e+06
7.029533000000000000e+06
7.083994000000000000e+06
7.228230000000000000e+06
5.123660000000000000e+05
7.303279000000000000e+06
7.611865000000000000e+06
6.594705000000000000e+06
6.294036000000000000e+06
6.746580000000000000e+05
5.664545000000000000e+06
5.191124000000000000e+06
5.058393000000000000e+06
4.515152000000000000e+06
4.529580000000000000e+05
4.077454000000000000e+06
3.125015000000000000e+06
2.684493000000000000e+06
2.860548000000000000e+06
3.135710000000000000e+05
6.113090000000000000e+05
2.971810000000000000e+05
2.976520000000000000e+05
3.114560000000000000e+05
1.475940000000000000e+05
2.835700000000000000e+05
2.572110000000000000e+05
2.304970000000000000e+05
2.984820000000000000e+05
1.236410000000000000e+05
1.635083000000000000e+06
2.743540000000000000e+05
1.509530000000000000e+05
9.673939000000000000e+06
1.779670000000000000e+05
3.127190000000000000e+05
4.629760000000000000e+05
8.860910000000000000e+05
1.592921000000000000e+06
2.540168000000000000e+06
3.715962000000000000e+06
1.237610000000000000e+06
1.519565000000000000e+06
1.253165000000000000e+06
