1.274222000000000000e+06
1.341894000000000000e+06
1.331070000000000000e+06
1.311490000000000000e+06
1.389890000000000000e+06
1.359089000000000000e+06
1.412194000000000000e+06
1.402578000000000000e+06
1.407575000000000000e+06
1.661789000000000000e+06
1.483026000000000000e+06
1.486547000000000000e+06
1.480211000000000000e+06
1.528359000000000000e+06
1.497805000000000000e+06
1.558901000000000000e+06
1.563002000000000000e+06
1.589636000000000000e+06
1.593829000000000000e+06
1.652008000000000000e+06
1.643802000000000000e+06
1.828875000000000000e+06
1.670014000000000000e+06
1.776342000000000000e+06
1.686298000000000000e+06
1.702108000000000000e+06
1.703029000000000000e+06
1.644324000000000000e+06
1.652247000000000000e+06
1.662520000000000000e+06
1.643044000000000000e+06
1.606508000000000000e+06
1.606792000000000000e+06
1.770062000000000000e+06
1.581519000000000000e+06
1.578340000000000000e+06
1.505137000000000000e+06
1.430505000000000000e+06
1.504017000000000000e+06
3.069252000000000000e+06
2.348370000000000000e+06
1.607695000000000000e+06
1.063661000000000000e+06
7.748070000000000000e+05
5.313640000000000000e+05
4.440990000000000000e+05
1.485820000000000000e+05
9.042262000000000000e+06
1.148373000000000000e+06
8.717410000000000000e+05
1.276170000000000000e+05
6.477620000000000000e+05
5.689810000000000000e+05
5.831460000000000000e+05
4.889160000000000000e+05
1.372050000000000000e+05
5.182670000000000000e+05
1.132465000000000000e+06
5.283820000000000000e+05
6.142810000000000000e+05
8.983500000000000000e+04
3.200060000000000000e+05
1.828310000000000000e+05
3.212570000000000000e+05
2.493740000000000000e+05
1.290790000000000000e+05
3.406470000000000000e+05
2.132290000000000000e+05
3.122940000000000000e+05
9.989310000000000000e+05
1.442200000000000000e+05
4.985480000000000000e+05
2.464300000000000000e+05
3.110610000000000000e+05
1.392668700000000000e+07
3.219670000000000000e+06
3.294574000000000000e+06
3.461962000000000000e+06
1.832120000000000000e+05
3.625048000000000000e+06
3.183196000000000000e+06
5.064181000000000000e+06
3.086233000000000000e+06
5.656180000000000000e+05
2.851514000000000000e+06
2.574069000000000000e+06
2.331293000000000000e+06
2.234586000000000000e+06
3.345650000000000000e+05
2.516682000000000000e+06
2.169470000000000000e+06
1.861984000000000000e+06
1.744302000000000000e+06
1.487777000000000000e+06
1.749169000000000000e+06
2.115632000000000000e+06
2.205954000000000000e+06
2.496006000000000000e+06
1.959780000000000000e+05
2.177957000000000000e+06
2.036182000000000000e+06
2.040501000000000000e+06
2.196801000000000000e+06
2.336030000000000000e+05
1.933786000000000000e+06
2.057535000000000000e+06
1.257739000000000000e+06
2.189841000000000000e+06
2.160980000000000000e+05
2.518727000000000000e+06
2.450802000000000000e+06
2.252979000000000000e+06
1.632880000000000000e+06
2.643000000000000000e+05
1.894626000000000000e+06
1.546286000000000000e+06
7.514646000000000000e+06
4.196330000000000000e+05
2.051480000000000000e+05
3.146780000000000000e+05
4.769720000000000000e+05
8.474360000000000000e+05
1.336457000000000000e+06
2.012542000000000000e+06
9.137470000000000000e+05
9.639370000000000000e+05
9.654520000000000000e+05
9.985120000000000000e+05
9.897890000000000000e+05
1.176767000000000000e+06
1.018071000000000000e+06
1.096581000000000000e+06
1.054278000000000000e+06
1.082989000000000000e+06
1.085552000000000000e+06
1.105191000000000000e+06
1.108783000000000000e+06
1.124992000000000000e+06
1.111513000000000000e+06
1.154409000000000000e+06
1.119894000000000000e+06
1.363113000000000000e+06
1.227977000000000000e+06
1.270728000000000000e+06
1.235131000000000000e+06
1.223753000000000000e+06
1.209783000000000000e+06
1.183775000000000000e+06
