1.150843000000000000e+06
1.195857000000000000e+06
1.150525000000000000e+06
1.136625000000000000e+06
1.266404000000000000e+06
1.114628000000000000e+06
1.069824000000000000e+06
1.082394000000000000e+06
1.827427000000000000e+06
1.420489000000000000e+06
8.964790000000000000e+05
6.383290000000000000e+05
4.032180000000000000e+05
3.131730000000000000e+05
1.621040000000000000e+05
1.216180000000000000e+05
8.178322000000000000e+06
2.091289000000000000e+06
2.703013000000000000e+06
2.391147000000000000e+06
1.084830000000000000e+05
1.770061000000000000e+06
1.265210000000000000e+06
1.127882000000000000e+06
1.331900000000000000e+06
1.533970000000000000e+05
1.217913000000000000e+06
1.616249000000000000e+06
2.780746000000000000e+06
1.982311000000000000e+06
1.233800000000000000e+05
2.371901000000000000e+06
2.248542000000000000e+06
1.086294000000000000e+06
8.475760000000000000e+05
1.085730000000000000e+05
1.362296000000000000e+06
1.317483000000000000e+06
1.508350000000000000e+06
1.368994000000000000e+06
1.118175000000000000e+06
1.361288000000000000e+06
1.443452000000000000e+06
1.472291000000000000e+06
1.026704000000000000e+06
9.948200000000000000e+04
8.881020000000000000e+05
5.359840000000000000e+05
4.906330000000000000e+05
4.600090000000000000e+05
1.156720000000000000e+05
5.385020000000000000e+05
1.326145000000000000e+06
6.457220000000000000e+05
7.193930000000000000e+05
1.250190000000000000e+05
9.085340000000000000e+05
9.534970000000000000e+05
1.031671000000000000e+06
1.007072000000000000e+06
8.622000000000000000e+04
8.584940000000000000e+05
7.232980000000000000e+05
8.514060000000000000e+05
1.523435000000000000e+06
1.179870000000000000e+05
4.955600000000000000e+05
3.247930000000000000e+05
2.956780000000000000e+05
2.832810000000000000e+05
6.714700000000000000e+04
3.334410000000000000e+05
2.153730000000000000e+05
1.671060000000000000e+05
2.730340000000000000e+05
2.778900000000000000e+04
1.203850000000000000e+06
3.813840000000000000e+05
2.662520000000000000e+05
2.228070000000000000e+05
1.511700000000000000e+05
5.096550000000000000e+05
1.273186500000000000e+07
5.987720000000000000e+05
3.761750000000000000e+05
8.900000000000000000e+04
2.434790000000000000e+05
4.403170000000000000e+05
7.761430000000000000e+05
6.455360000000000000e+05
1.095310000000000000e+05
6.586340000000000000e+05
6.110860000000000000e+05
5.635400000000000000e+05
1.162427000000000000e+06
1.346020000000000000e+05
4.148130000000000000e+05
3.143010000000000000e+05
3.467090000000000000e+05
3.268410000000000000e+05
3.930660000000000000e+05
3.228320000000000000e+05
2.838180000000000000e+05
1.389557800000000000e+07
3.093386000000000000e+06
4.896482000000000000e+06
5.331888000000000000e+06
5.427471000000000000e+06
3.392763000000000000e+06
4.773304000000000000e+06
2.864880000000000000e+06
3.415304000000000000e+06
2.861644000000000000e+06
2.358505000000000000e+06
2.042018000000000000e+06
1.970112000000000000e+06
1.705575000000000000e+06
2.039532000000000000e+06
1.641924000000000000e+06
9.531820000000000000e+05
1.385095000000000000e+06
1.351287000000000000e+06
1.198940000000000000e+06
1.538542000000000000e+06
1.359227000000000000e+06
3.201831000000000000e+06
1.919900000000000000e+06
2.457444000000000000e+06
1.238224000000000000e+06
8.940610000000000000e+05
4.981720000000000000e+05
7.970680000000000000e+05
6.481730000000000000e+05
5.615120000000000000e+05
5.311810000000000000e+05
2.187700000000000000e+05
5.877540000000000000e+05
2.310800000000000000e+05
3.749310000000000000e+05
8.276780000000000000e+05
5.490230000000000000e+05
3.113532100000000000e+07
2.506277000000000000e+06
1.521207000000000000e+06
2.569938000000000000e+06
1.502170000000000000e+06
2.639663000000000000e+06
2.533775000000000000e+06
