1.650430000000000000e+06
1.825676000000000000e+06
2.627850000000000000e+05
2.058427000000000000e+06
1.887902000000000000e+06
1.659924000000000000e+06
9.800320000000000000e+05
1.570030000000000000e+05
1.125158000000000000e+06
1.140169000000000000e+06
1.335658000000000000e+06
6.717560000000000000e+05
8.486500000000000000e+04
2.683180000000000000e+05
2.296560000000000000e+05
2.706270000000000000e+05
1.799440000000000000e+05
8.039000000000000000e+04
1.991910000000000000e+05
3.591100000000000000e+05
5.115440000000000000e+05
6.123490000000000000e+05
9.737400000000000000e+05
9.113220000000000000e+05
7.046530000000000000e+05
7.113220000000000000e+05
8.047930000000000000e+05
1.193060000000000000e+05
8.147840000000000000e+05
7.168610000000000000e+05
7.515350000000000000e+05
7.154090000000000000e+05
1.545900000000000000e+05
7.017710000000000000e+05
1.338856000000000000e+06
8.172650000000000000e+05
5.540060000000000000e+05
1.773348700000000000e+07
5.009010000000000000e+05
6.695100000000000000e+05
7.505250000000000000e+05
9.553350000000000000e+05
1.391005000000000000e+06
2.504407000000000000e+06
6.151479000000000000e+06
6.285800000000000000e+05
1.909683000000000000e+06
6.921840000000000000e+05
4.575350000000000000e+05
6.110740000000000000e+05
5.708850000000000000e+05
5.616880000000000000e+05
5.586660000000000000e+05
5.754720000000000000e+05
5.856790000000000000e+05
4.542120000000000000e+05
5.736930000000000000e+05
5.165510000000000000e+05
1.553570000000000000e+06
5.572730000000000000e+05
4.524040000000000000e+05
4.008490000000000000e+05
4.791430000000000000e+05
5.240550000000000000e+05
4.850570000000000000e+05
5.069220000000000000e+05
4.414350000000000000e+05
5.163490000000000000e+05
4.833600000000000000e+05
4.977490000000000000e+05
1.428377000000000000e+06
5.196800000000000000e+05
3.614310000000000000e+05
4.347300000000000000e+05
4.640130000000000000e+05
5.065040000000000000e+05
3.756720000000000000e+05
4.619790000000000000e+05
2.041555700000000000e+07
1.754503000000000000e+06
1.908848000000000000e+06
1.881758000000000000e+06
1.852634000000000000e+06
5.200860000000000000e+05
1.879274000000000000e+06
2.173970000000000000e+06
2.248224000000000000e+06
2.112973000000000000e+06
2.912940000000000000e+05
1.689611000000000000e+06
2.154859000000000000e+06
1.691383000000000000e+06
1.621030000000000000e+06
2.530470000000000000e+05
1.536239000000000000e+06
1.591279000000000000e+06
1.172884000000000000e+06
7.336230000000000000e+05
2.188420000000000000e+05
4.889970000000000000e+05
3.680300000000000000e+05
3.862500000000000000e+05
1.480135000000000000e+06
2.182750000000000000e+05
5.474600000000000000e+04
5.781900000000000000e+04
5.460300000000000000e+04
5.343870000000000000e+05
4.685400000000000000e+04
1.182660000000000000e+05
3.969450000000000000e+05
1.697022000000000000e+06
1.555291000000000000e+06
2.066664000000000000e+06
3.007341000000000000e+06
2.302823000000000000e+06
1.487777000000000000e+06
3.229278000000000000e+06
3.447980000000000000e+06
4.787203000000000000e+06
4.237622000000000000e+06
1.729758000000000000e+06
4.251849000000000000e+06
4.944221000000000000e+06
5.703409000000000000e+06
7.167922000000000000e+06
2.408188000000000000e+06
7.256902000000000000e+06
5.442225000000000000e+06
7.164291000000000000e+06
5.655487000000000000e+06
9.016380000000000000e+05
3.132995000000000000e+06
3.084322000000000000e+06
4.755877000000000000e+06
4.805844000000000000e+06
4.246060000000000000e+05
5.561023000000000000e+06
6.435215000000000000e+06
6.039418000000000000e+06
6.506803000000000000e+06
4.693390000000000000e+05
5.966333000000000000e+06
4.694510000000000000e+06
6.236247000000000000e+06
4.402406000000000000e+06
4.666070000000000000e+05
5.112000000000000000e+06
