4.856539000000000000e+06
6.321796000000000000e+06
4.300030000000000000e+05
4.236151000000000000e+06
5.629441000000000000e+06
4.594742000000000000e+06
5.534515000000000000e+06
3.958290000000000000e+05
6.041927000000000000e+06
3.773721000000000000e+06
4.648949000000000000e+06
5.097017000000000000e+06
3.690770000000000000e+05
4.384021000000000000e+06
4.646377000000000000e+06
4.744476000000000000e+06
5.422944000000000000e+06
3.783060000000000000e+05
4.180451000000000000e+06
5.069656000000000000e+06
5.807616000000000000e+06
4.739724000000000000e+06
3.660430000000000000e+05
5.686882000000000000e+06
4.865941000000000000e+06
5.433376000000000000e+06
5.131274000000000000e+06
6.041950000000000000e+05
4.952651000000000000e+06
5.491935000000000000e+06
4.976217000000000000e+06
5.326855000000000000e+06
3.009550000000000000e+05
6.198573000000000000e+06
4.312615000000000000e+06
5.465934000000000000e+06
4.589010000000000000e+06
2.103550000000000000e+06
4.355841000000000000e+06
5.040818000000000000e+06
4.341349000000000000e+06
4.716562000000000000e+06
5.564900000000000000e+05
4.307804000000000000e+06
4.815483000000000000e+06
6.366704000000000000e+06
4.647384000000000000e+06
7.775890000000000000e+05
5.410485000000000000e+06
5.027422000000000000e+06
4.619747000000000000e+06
5.008547000000000000e+06
5.692890000000000000e+05
5.915221000000000000e+06
5.309894000000000000e+06
4.285387000000000000e+06
5.123599000000000000e+06
2.400165200000000000e+07
3.113300000000000000e+05
2.542803000000000000e+06
2.500183000000000000e+06
3.776898000000000000e+06
2.184276000000000000e+06
3.372510000000000000e+05
2.847816000000000000e+06
1.835858000000000000e+06
2.091601000000000000e+06
3.083388000000000000e+06
6.163500000000000000e+05
3.233042000000000000e+06
3.742569000000000000e+06
2.098606000000000000e+06
1.526514000000000000e+06
2.662160000000000000e+05
2.913190000000000000e+06
1.748601000000000000e+06
2.540856000000000000e+06
2.127964000000000000e+06
4.640750000000000000e+05
2.288490000000000000e+06
2.205839000000000000e+06
3.356990000000000000e+06
2.521932000000000000e+06
7.416110000000000000e+05
1.169380000000000000e+06
2.077021000000000000e+06
1.793825000000000000e+06
1.631041000000000000e+06
3.021610000000000000e+05
1.940538000000000000e+06
2.541746000000000000e+06
2.330167000000000000e+06
1.090603000000000000e+06
2.347573000000000000e+06
1.458043000000000000e+06
2.066765000000000000e+06
2.129923000000000000e+06
1.912374000000000000e+06
2.130770000000000000e+05
9.521400000000000000e+05
4.935110000000000000e+05
1.565427000000000000e+06
2.145792000000000000e+06
3.963910000000000000e+05
3.130173000000000000e+06
3.656608000000000000e+06
3.070826000000000000e+06
1.949194000000000000e+06
2.426130000000000000e+05
1.840902000000000000e+06
8.078950000000000000e+05
1.222633000000000000e+06
9.870220000000000000e+05
3.466130000000000000e+05
1.649499000000000000e+06
1.030651000000000000e+06
1.735149000000000000e+06
3.019429000000000000e+06
1.276070000000000000e+06
2.469902000000000000e+06
2.679380000000000000e+05
3.837964000000000000e+06
2.709621000000000000e+06
2.305810000000000000e+06
2.076047000000000000e+06
3.575380000000000000e+05
2.672560000000000000e+06
1.604863000000000000e+06
3.232828000000000000e+06
4.367706000000000000e+06
3.968580000000000000e+05
1.767312000000000000e+06
8.751390000000000000e+05
2.236787000000000000e+06
1.381490000000000000e+06
4.174490000000000000e+05
2.594029000000000000e+06
1.537544000000000000e+06
2.559461000000000000e+06
2.569743000000000000e+06
3.676100000000000000e+05
3.958936000000000000e+06
2.017090000000000000e+06
2.629365000000000000e+06
2.456331000000000000e+06
5.238660000000000000e+05
2.432196000000000000e+06
1.544093000000000000e+06
