1.909410000000000000e+05
4.157760000000000000e+05
4.287580000000000000e+05
4.297560000000000000e+05
3.220940000000000000e+05
1.458699000000000000e+06
3.697640000000000000e+05
2.628220000000000000e+05
2.213470000000000000e+05
3.069860000000000000e+05
8.807400000000000000e+04
7.436520000000000000e+05
3.816190000000000000e+05
3.928920000000000000e+05
4.413560000000000000e+05
4.696100000000000000e+04
6.244400000000000000e+05
1.439393000000000000e+06
4.957230000000000000e+05
4.656610000000000000e+05
4.825000000000000000e+04
4.188700000000000000e+05
4.907890000000000000e+05
1.012691000000000000e+06
6.985510000000000000e+05
8.909100000000000000e+04
6.856840000000000000e+05
6.083130000000000000e+05
5.793730000000000000e+05
1.554159000000000000e+06
2.370680000000000000e+05
5.062050000000000000e+05
1.096454100000000000e+07
1.127565000000000000e+06
1.380732000000000000e+06
1.453015000000000000e+06
1.367270000000000000e+05
7.600110000000000000e+05
8.248550000000000000e+05
8.383170000000000000e+05
7.376280000000000000e+05
9.429600000000000000e+04
8.339260000000000000e+05
1.006391000000000000e+06
1.773836000000000000e+06
1.166479000000000000e+06
1.237390000000000000e+05
1.305529000000000000e+06
1.190376000000000000e+06
1.589988000000000000e+06
1.837173000000000000e+06
8.146600000000000000e+04
1.025267000000000000e+06
1.286735000000000000e+06
8.494970000000000000e+05
8.946810000000000000e+05
1.176848000000000000e+06
1.236417000000000000e+06
1.140109000000000000e+06
8.681760000000000000e+05
6.665150000000000000e+05
1.153280000000000000e+05
5.395200000000000000e+05
3.391430000000000000e+05
2.164060000000000000e+05
2.011290000000000000e+05
5.115300000000000000e+04
4.308850000000000000e+05
1.364703000000000000e+06
7.561940000000000000e+05
7.738040000000000000e+05
4.170520000000000000e+05
8.392500000000000000e+05
7.543520000000000000e+05
6.589630000000000000e+05
4.522070000000000000e+05
1.258870000000000000e+05
3.952360000000000000e+05
4.503300000000000000e+05
6.271250000000000000e+05
1.411169000000000000e+06
1.517490000000000000e+05
4.835660000000000000e+05
8.708620000000000000e+05
8.360100000000000000e+05
8.705620000000000000e+05
9.800400000000000000e+04
7.361680000000000000e+05
5.673380000000000000e+05
1.368124400000000000e+07
1.069770000000000000e+05
4.744800000000000000e+04
2.651484000000000000e+06
3.687907000000000000e+06
3.429600000000000000e+05
4.869908000000000000e+06
5.518383000000000000e+06
5.419697000000000000e+06
1.292376000000000000e+06
2.269920000000000000e+05
1.070634000000000000e+06
1.917547000000000000e+06
9.531770000000000000e+05
7.983830000000000000e+05
1.437380000000000000e+05
7.447750000000000000e+05
6.487200000000000000e+05
8.319460000000000000e+05
5.502190000000000000e+05
1.238350000000000000e+05
4.648050000000000000e+05
3.015590000000000000e+05
2.217820000000000000e+05
1.299681000000000000e+07
2.028562000000000000e+06
1.023550000000000000e+05
1.983007000000000000e+06
1.942574000000000000e+06
1.809268000000000000e+06
3.043764000000000000e+06
1.494390000000000000e+05
3.539823000000000000e+06
3.419787000000000000e+06
2.621254000000000000e+06
4.351370000000000000e+06
1.316651000000000000e+06
5.857150000000000000e+06
6.211893000000000000e+06
5.586406000000000000e+06
3.387557000000000000e+06
2.976880000000000000e+05
2.567382000000000000e+06
3.465384000000000000e+06
3.690918000000000000e+06
4.714059000000000000e+06
3.735110000000000000e+05
5.171060000000000000e+06
5.136932000000000000e+06
4.124649000000000000e+06
6.798974000000000000e+06
1.181430000000000000e+05
2.031690000000000000e+05
1.318070000000000000e+05
1.538800000000000000e+04
1.845830000000000000e+05
1.826260000000000000e+05
2.196320000000000000e+05
2.122140000000000000e+05
