6.925900000000000000e+05
9.101770000000000000e+05
8.941410000000000000e+05
9.495760000000000000e+05
4.732710000000000000e+05
5.534560000000000000e+05
4.570440000000000000e+05
1.030109000000000000e+06
5.153000000000000000e+05
1.639759000000000000e+06
1.559602000000000000e+06
1.688422000000000000e+06
2.307300000000000000e+04
1.068070000000000000e+05
3.784113000000000000e+06
2.067704600000000000e+07
2.086140300000000000e+07
3.576741000000000000e+06
2.261024500000000000e+07
2.073711500000000000e+07
3.490323000000000000e+06
1.291161000000000000e+06
1.073147600000000000e+07
1.086168900000000000e+07
2.247158200000000000e+07
2.996599000000000000e+06
1.465324300000000000e+07
2.017651000000000000e+07
4.686630000000000000e+06
4.971793000000000000e+06
4.537388000000000000e+06
5.913551000000000000e+06
2.134270000000000000e+05
1.291510000000000000e+05
1.372850000000000000e+05
3.916070000000000000e+05
4.330120000000000000e+05
2.325230000000000000e+05
2.669090000000000000e+05
2.340860000000000000e+05
2.447230000000000000e+05
1.934540000000000000e+05
5.139070000000000000e+05
1.164489000000000000e+06
2.544890000000000000e+05
2.930500000000000000e+05
2.050070000000000000e+05
4.411780000000000000e+05
2.162590000000000000e+05
2.299870000000000000e+05
1.865670000000000000e+05
1.477200000000000000e+05
1.646330000000000000e+05
1.290180000000000000e+05
2.019190000000000000e+05
7.892360000000000000e+05
1.170400000000000000e+05
3.112000000000000000e+03
3.623700000000000000e+04
2.709600000000000000e+05
4.458083000000000000e+06
8.912300000000000000e+04
5.124900000000000000e+04
2.568940000000000000e+05
1.752900000000000000e+05
2.402830000000000000e+05
2.777150000000000000e+05
8.992860000000000000e+05
1.647460000000000000e+05
3.760000000000000000e+04
4.413400000000000000e+04
3.729880000000000000e+05
3.203580000000000000e+05
9.915400000000000000e+04
1.075660000000000000e+05
2.230910000000000000e+05
1.025860000000000000e+05
6.611900000000000000e+04
2.164470000000000000e+05
8.986120000000000000e+05
1.740840000000000000e+05
4.866500000000000000e+04
4.625100000000000000e+04
4.965130000000000000e+05
6.259800000000000000e+04
1.487910000000000000e+05
1.375550000000000000e+05
2.757500000000000000e+04
4.806700000000000000e+04
6.923100000000000000e+04
2.632914900000000000e+07
2.138291000000000000e+06
2.463470000000000000e+05
2.329192000000000000e+06
2.344401000000000000e+06
2.579474000000000000e+06
2.433899000000000000e+06
3.636510000000000000e+05
2.892742000000000000e+06
3.095057000000000000e+06
3.111621000000000000e+06
2.313116000000000000e+06
1.818841000000000000e+06
1.574839000000000000e+06
6.547580000000000000e+05
7.258700000000000000e+05
8.324440000000000000e+05
6.950360000000000000e+05
1.188149000000000000e+06
2.186422000000000000e+06
4.391779000000000000e+06
4.583609000000000000e+06
2.213750000000000000e+05
5.248561000000000000e+06
5.167297000000000000e+06
4.654418000000000000e+06
3.602382000000000000e+06
3.003940000000000000e+05
3.033780000000000000e+06
2.875139000000000000e+06
2.774379000000000000e+06
3.217242000000000000e+06
2.338110000000000000e+05
4.196948000000000000e+06
6.009139000000000000e+06
6.609153000000000000e+06
7.690764000000000000e+06
1.503440000000000000e+05
7.033277000000000000e+06
8.136300000000000000e+06
6.683957000000000000e+06
4.851681000000000000e+06
1.255340000000000000e+05
1.681110800000000000e+07
2.117506000000000000e+06
2.385889000000000000e+06
2.692647000000000000e+06
2.546280000000000000e+06
2.694820000000000000e+05
1.647267000000000000e+06
8.920950000000000000e+05
5.159920000000000000e+05
5.003430000000000000e+05
6.484730000000000000e+05
5.581450000000000000e+05
1.831173000000000000e+06
2.778700000000000000e+05
1.358360000000000000e+05
