5.062060000000000000e+05
4.652740000000000000e+05
5.364480000000000000e+05
5.571240000000000000e+05
5.172760000000000000e+05
5.564060000000000000e+05
1.297667000000000000e+06
3.913910000000000000e+05
5.125610000000000000e+05
3.886900000000000000e+05
5.823600000000000000e+05
6.711670000000000000e+05
3.897470000000000000e+05
5.287710000000000000e+05
4.480920000000000000e+05
5.221650000000000000e+05
3.603750000000000000e+05
5.128590000000000000e+05
1.323537000000000000e+06
8.870796000000000000e+06
1.155505700000000000e+07
1.361117400000000000e+07
1.575227900000000000e+07
1.569557600000000000e+07
1.428254200000000000e+07
1.452442100000000000e+07
1.989037200000000000e+07
1.826753400000000000e+07
1.158920000000000000e+05
2.230390000000000000e+05
1.587390000000000000e+05
1.819830000000000000e+05
1.639070000000000000e+05
8.991600000000000000e+04
2.343600000000000000e+05
4.926460000000000000e+05
4.359770000000000000e+05
3.657360000000000000e+05
2.291570000000000000e+05
1.536542000000000000e+06
3.750520000000000000e+05
2.763420000000000000e+05
2.448680000000000000e+05
2.360860000000000000e+05
2.445800000000000000e+05
8.150600000000000000e+04
2.494020000000000000e+05
6.333330000000000000e+05
2.422640000000000000e+05
2.424750000000000000e+05
6.861700000000000000e+04
1.145121000000000000e+06
2.830260000000000000e+05
2.248300000000000000e+05
2.087060000000000000e+05
6.368100000000000000e+04
2.453240000000000000e+05
2.093550000000000000e+05
1.929940000000000000e+05
5.540000000000000000e+05
7.683500000000000000e+04
1.923530000000000000e+05
1.714443100000000000e+07
1.476907000000000000e+06
3.640630000000000000e+05
2.104894000000000000e+06
1.900763000000000000e+06
2.062722000000000000e+06
1.981722000000000000e+06
3.353250000000000000e+05
2.656871000000000000e+06
3.098975000000000000e+06
2.812688000000000000e+06
1.376564000000000000e+06
1.977444000000000000e+06
1.337387000000000000e+06
8.608270000000000000e+05
7.579660000000000000e+05
1.274693000000000000e+06
3.007170000000000000e+05
1.417089000000000000e+06
1.144307000000000000e+06
9.567210000000000000e+05
1.989328000000000000e+06
3.235140000000000000e+05
1.856641000000000000e+06
1.962371000000000000e+06
9.291870000000000000e+05
7.724450000000000000e+05
2.227000000000000000e+05
7.839590000000000000e+05
6.874800000000000000e+05
9.139250000000000000e+05
7.937790000000000000e+05
2.115700000000000000e+05
1.096508000000000000e+06
5.800220000000000000e+05
5.685660000000000000e+05
1.657602000000000000e+06
2.466990000000000000e+05
3.870980000000000000e+05
3.687480000000000000e+05
2.432620000000000000e+05
6.287897000000000000e+06
6.532855000000000000e+06
6.402041000000000000e+06
5.939005000000000000e+06
3.612662500000000000e+07
1.380300000000000000e+05
2.130260000000000000e+05
3.854710000000000000e+05
2.549820000000000000e+05
4.351230000000000000e+05
8.319200000000000000e+05
2.157901000000000000e+06
1.647110000000000000e+05
1.675240000000000000e+05
1.524600000000000000e+05
1.555160000000000000e+05
2.365950000000000000e+05
1.859960000000000000e+05
1.999360000000000000e+05
5.520930000000000000e+05
2.089350000000000000e+05
1.498970000000000000e+05
1.976850000000000000e+05
1.541320000000000000e+05
1.965430000000000000e+05
1.709990000000000000e+05
1.837310000000000000e+05
1.598040000000000000e+05
1.890850000000000000e+05
1.607370000000000000e+05
1.593860000000000000e+05
3.981830000000000000e+05
1.390790000000000000e+05
1.499650000000000000e+05
1.500640000000000000e+05
1.816100000000000000e+05
1.642800000000000000e+05
1.739260000000000000e+05
1.576770000000000000e+05
1.702480000000000000e+05
2.023820000000000000e+05
1.391340000000000000e+05
1.711090000000000000e+05
3.283650000000000000e+05
1.302190000000000000e+05
