1.536000000000000000e+03
0.000000000000000000e+00
0.000000000000000000e+00
0.000000000000000000e+00
2.385398000000000000e+07
4.832910000000000000e+05
1.149840000000000000e+05
2.863950000000000000e+05
1.049760000000000000e+05
8.902600000000000000e+04
1.034190000000000000e+05
9.585500000000000000e+04
7.908500000000000000e+04
7.332900000000000000e+04
8.372200000000000000e+04
7.971700000000000000e+04
3.383780000000000000e+05
9.489600000000000000e+04
7.297900000000000000e+04
9.044200000000000000e+04
1.589090000000000000e+05
4.116500000000000000e+04
3.845900000000000000e+04
1.226290000000000000e+05
4.051400000000000000e+04
9.855500000000000000e+04
4.373200000000000000e+04
9.880500000000000000e+04
3.118190000000000000e+05
5.769400000000000000e+04
1.139120000000000000e+05
5.384400000000000000e+04
1.041570000000000000e+05
3.216400000000000000e+04
3.825900000000000000e+04
2.433300000000000000e+04
1.703990000000000000e+05
3.445000000000000000e+04
3.271200000000000000e+04
3.438600000000000000e+04
3.226820000000000000e+05
6.872900000000000000e+04
3.660800000000000000e+04
5.809800000000000000e+04
2.396500000000000000e+04
1.089830000000000000e+05
1.454100000000000000e+04
1.771500000000000000e+04
2.428100000000000000e+04
7.595400000000000000e+04
1.861000000000000000e+04
5.457700000000000000e+04
2.561950000000000000e+05
4.111200000000000000e+04
5.115800000000000000e+04
2.102200000000000000e+04
3.329900000000000000e+04
9.725000000000000000e+04
1.776900000000000000e+04
2.411500000000000000e+04
2.083700000000000000e+04
7.146900000000000000e+04
2.463100000000000000e+04
1.132336000000000000e+06
1.045308000000000000e+06
2.305400000000000000e+04
4.876500000000000000e+04
4.856500000000000000e+04
1.072560000000000000e+05
4.941500000000000000e+04
4.196000000000000000e+04
2.309820000000000000e+05
2.371800000000000000e+04
2.952700000000000000e+04
1.876430000000000000e+05
5.512400000000000000e+04
4.724530000000000000e+05
5.245200000000000000e+04
3.611100000000000000e+04
8.966300000000000000e+04
1.705300000000000000e+04
8.140800000000000000e+04
6.261800000000000000e+04
5.831500000000000000e+04
4.777300000000000000e+04
1.115440000000000000e+05
6.254500000000000000e+04
1.184000000000000000e+04
3.986880000000000000e+05
4.081500000000000000e+04
7.730200000000000000e+04
1.187100000000000000e+04
9.057000000000000000e+03
6.845200000000000000e+04
4.603800000000000000e+04
3.598100000000000000e+04
3.694900000000000000e+04
4.777300000000000000e+04
3.157500000000000000e+04
4.443200000000000000e+04
4.020160000000000000e+05
4.136200000000000000e+04
3.282900000000000000e+04
4.119800000000000000e+04
5.099700000000000000e+04
4.778200000000000000e+04
4.621300000000000000e+04
3.108600000000000000e+04
7.060500000000000000e+04
1.520800000000000000e+04
5.452800000000000000e+04
1.620200000000000000e+04
4.292120000000000000e+05
6.559300000000000000e+04
5.663000000000000000e+03
2.285000000000000000e+04
8.013000000000000000e+04
1.163700000000000000e+04
1.388800000000000000e+04
7.221700000000000000e+04
2.351200000000000000e+04
1.888400000000000000e+04
9.323900000000000000e+04
2.973600000000000000e+04
3.552200000000000000e+05
1.741200000000000000e+04
1.034300000000000000e+04
1.137636000000000000e+06
6.434470000000000000e+05
1.024700000000000000e+04
2.362234300000000000e+07
1.112650000000000000e+05
7.907700000000000000e+04
5.059200000000000000e+04
8.459000000000000000e+04
4.849100000000000000e+04
1.540500000000000000e+05
6.208000000000000000e+03
9.856000000000000000e+03
7.360000000000000000e+03
2.574400000000000000e+04
6.288000000000000000e+03
3.280000000000000000e+04
2.736000000000000000e+03
6.953495700000000000e+07
1.257860000000000000e+05
1.277448100000000000e+07
1.356832500000000000e+07
5.457030000000000000e+06
6.971110000000000000e+05
9.121010000000000000e+05
8.943630000000000000e+05
9.534390000000000000e+05
4.777360000000000000e+05
5.599810000000000000e+05
4.655790000000000000e+05
1.074016000000000000e+06
5.068590000000000000e+05
1.643908000000000000e+06
1.572427000000000000e+06
1.604596000000000000e+06
2.634700000000000000e+04
1.235190000000000000e+05
3.850362000000000000e+06
2.089595600000000000e+07
2.106232300000000000e+07
3.500491000000000000e+06
2.280344200000000000e+07
2.096718200000000000e+07
3.406325000000000000e+06
1.286606000000000000e+06
1.081268900000000000e+07
1.088806900000000000e+07
2.265636500000000000e+07
2.986337000000000000e+06
1.468432100000000000e+07
2.026012300000000000e+07
4.730088000000000000e+06
4.933445000000000000e+06
4.584860000000000000e+06
6.030868000000000000e+06
2.109740000000000000e+05
1.307150000000000000e+05
1.466960000000000000e+05
2.207430000000000000e+05
4.897460000000000000e+05
2.364010000000000000e+05
2.788360000000000000e+05
2.352010000000000000e+05
2.487260000000000000e+05
1.960070000000000000e+05
5.817750000000000000e+05
1.264810000000000000e+06
2.514340000000000000e+05
2.476240000000000000e+05
2.043280000000000000e+05
2.195120000000000000e+05
2.192400000000000000e+05
2.326510000000000000e+05
1.914670000000000000e+05
1.523420000000000000e+05
1.663330000000000000e+05
1.290820000000000000e+05
2.164860000000000000e+05
8.797210000000000000e+05
1.170470000000000000e+05
1.235000000000000000e+03
3.905200000000000000e+04
5.623000000000000000e+04
4.507628000000000000e+06
9.468200000000000000e+04
5.309900000000000000e+04
2.639220000000000000e+05
1.822680000000000000e+05
2.276010000000000000e+05
2.531930000000000000e+05
1.023217000000000000e+06
1.305390000000000000e+05
3.546100000000000000e+04
4.413800000000000000e+04
8.639000000000000000e+04
3.123760000000000000e+05
1.010820000000000000e+05
1.077260000000000000e+05
2.161050000000000000e+05
1.074620000000000000e+05
6.926500000000000000e+04
2.100990000000000000e+05
1.039068000000000000e+06
1.291130000000000000e+05
4.434100000000000000e+04
4.629500000000000000e+04
2.199230000000000000e+05
5.982300000000000000e+04
1.443280000000000000e+05
1.251920000000000000e+05
3.211700000000000000e+04
4.955700000000000000e+04
6.864100000000000000e+04
2.651557200000000000e+07
2.202774000000000000e+06
2.609750000000000000e+05
2.378990000000000000e+06
2.392479000000000000e+06
2.523487000000000000e+06
2.478481000000000000e+06
3.694430000000000000e+05
2.949602000000000000e+06
3.140930000000000000e+06
3.162989000000000000e+06
2.353988000000000000e+06
2.006028000000000000e+06
1.544960000000000000e+06
6.380140000000000000e+05
7.222430000000000000e+05
8.391720000000000000e+05
2.975850000000000000e+05
1.208977000000000000e+06
2.219360000000000000e+06
4.444833000000000000e+06
4.645252000000000000e+06
2.217890000000000000e+05
5.331188000000000000e+06
5.307480000000000000e+06
4.702611000000000000e+06
3.655346000000000000e+06
3.044100000000000000e+05
3.083201000000000000e+06
2.776236000000000000e+06
2.824776000000000000e+06
3.280068000000000000e+06
2.310190000000000000e+05
4.274175000000000000e+06
6.104323000000000000e+06
6.668370000000000000e+06
7.821015000000000000e+06
1.150300000000000000e+05
7.088868000000000000e+06
8.211669000000000000e+06
6.750810000000000000e+06
4.711079000000000000e+06
1.232940000000000000e+05
1.694209000000000000e+07
2.119427000000000000e+06
2.402966000000000000e+06
2.719275000000000000e+06
2.561687000000000000e+06
2.654800000000000000e+05
1.658348000000000000e+06
9.013300000000000000e+05
5.215170000000000000e+05
5.148100000000000000e+05
3.035270000000000000e+05
5.657930000000000000e+05
2.025764000000000000e+06
2.338350000000000000e+05
1.262270000000000000e+05
8.827200000000000000e+04
2.081660000000000000e+05
1.956980000000000000e+05
1.363580000000000000e+05
1.470480000000000000e+05
1.565850000000000000e+05
1.492140000000000000e+05
1.777140000000000000e+05
3.432200000000000000e+05
1.688820000000000000e+06
2.409024200000000000e+07
2.605570000000000000e+05
2.690070000000000000e+05
3.406160000000000000e+05
5.318930000000000000e+05
9.299630000000000000e+05
1.583192000000000000e+06
2.345080000000000000e+06
1.187769000000000000e+06
1.158372000000000000e+06
1.199723000000000000e+06
1.200468000000000000e+06
1.603108000000000000e+06
1.275363000000000000e+06
1.252084000000000000e+06
1.238939000000000000e+06
1.291531000000000000e+06
1.267563000000000000e+06
1.313803000000000000e+06
1.421940000000000000e+06
1.399755000000000000e+06
1.320923000000000000e+06
1.284801000000000000e+06
1.352711000000000000e+06
1.536554000000000000e+06
1.509597000000000000e+06
1.392104000000000000e+06
1.492875000000000000e+06
1.417569000000000000e+06
1.447078000000000000e+06
1.400083000000000000e+06
1.465384000000000000e+06
1.408212000000000000e+06
1.483873000000000000e+06
1.330249000000000000e+06
1.380849000000000000e+06
1.732853000000000000e+06
1.364125000000000000e+06
1.297360000000000000e+06
1.291166000000000000e+06
1.263317000000000000e+06
2.170754000000000000e+06
1.631768000000000000e+06
1.000850000000000000e+06
6.027020000000000000e+05
4.138310000000000000e+05
3.067520000000000000e+05
1.418970000000000000e+05
3.623940000000000000e+05
8.690900000000000000e+04
2.755000000000000000e+04
1.973900000000000000e+04
2.156600000000000000e+04
1.920545900000000000e+07
7.621960000000000000e+05
9.689240000000000000e+05
2.019345000000000000e+06
2.229795000000000000e+06
1.534470000000000000e+05
1.661599000000000000e+06
1.535910000000000000e+06
1.472308000000000000e+06
1.336203000000000000e+06
2.081390000000000000e+05
9.679930000000000000e+05
1.702992000000000000e+06
7.819940000000000000e+05
7.520670000000000000e+05
1.229560000000000000e+05
2.078833000000000000e+06
3.559128000000000000e+06
5.339241000000000000e+06
3.892989000000000000e+06
9.062600000000000000e+04
2.657046000000000000e+06
2.179690000000000000e+06
2.360891000000000000e+06
2.805387000000000000e+06
2.685440000000000000e+05
9.741510000000000000e+05
5.520430000000000000e+05
3.854970000000000000e+05
3.860580000000000000e+05
1.051550000000000000e+05
1.413216900000000000e+07
6.869355000000000000e+06
6.381556000000000000e+06
6.465375000000000000e+06
6.678444000000000000e+06
1.890668000000000000e+06
6.718234000000000000e+06
6.355207000000000000e+06
6.104977000000000000e+06
7.132036000000000000e+06
6.460760000000000000e+05
7.197152000000000000e+06
7.127915000000000000e+06
7.178325000000000000e+06
7.321717000000000000e+06
5.020830000000000000e+05
7.407376000000000000e+06
7.739532000000000000e+06
6.681286000000000000e+06
6.376324000000000000e+06
6.773950000000000000e+05
5.735930000000000000e+06
5.262489000000000000e+06
5.143665000000000000e+06
4.595862000000000000e+06
4.536660000000000000e+05
4.157239000000000000e+06
3.178924000000000000e+06
2.730567000000000000e+06
2.986733000000000000e+06
3.231090000000000000e+05
6.216950000000000000e+05
3.081840000000000000e+05
3.073320000000000000e+05
3.252780000000000000e+05
1.597180000000000000e+05
2.951980000000000000e+05
2.737930000000000000e+05
2.384320000000000000e+05
3.111050000000000000e+05
1.346290000000000000e+05
1.717678000000000000e+06
2.870710000000000000e+05
1.562270000000000000e+05
9.994938000000000000e+06
2.391300000000000000e+05
3.349550000000000000e+05
4.683050000000000000e+05
8.950710000000000000e+05
1.612517000000000000e+06
2.570331000000000000e+06
3.760111000000000000e+06
1.254988000000000000e+06
1.666064000000000000e+06
1.270718000000000000e+06
1.305685000000000000e+06
1.288832000000000000e+06
1.360731000000000000e+06
1.350070000000000000e+06
1.329662000000000000e+06
1.411572000000000000e+06
1.381293000000000000e+06
1.435150000000000000e+06
1.425857000000000000e+06
1.430955000000000000e+06
1.919032000000000000e+06
1.512470000000000000e+06
1.497298000000000000e+06
1.500965000000000000e+06
1.553908000000000000e+06
1.524578000000000000e+06
1.588124000000000000e+06
1.593945000000000000e+06
1.622856000000000000e+06
1.625758000000000000e+06
1.683844000000000000e+06
1.677635000000000000e+06
1.893699000000000000e+06
1.703137000000000000e+06
1.791366000000000000e+06
1.704357000000000000e+06
1.725449000000000000e+06
1.727072000000000000e+06
1.670290000000000000e+06
1.677603000000000000e+06
1.687821000000000000e+06
1.679241000000000000e+06
1.632261000000000000e+06
1.633066000000000000e+06
2.019443000000000000e+06
1.634685000000000000e+06
1.579124000000000000e+06
1.523814000000000000e+06
1.449737000000000000e+06
1.525704000000000000e+06
3.112730000000000000e+06
2.388328000000000000e+06
1.630533000000000000e+06
1.082501000000000000e+06
7.879530000000000000e+05
5.409380000000000000e+05
6.505210000000000000e+05
1.908650000000000000e+05
9.298486000000000000e+06
1.168682000000000000e+06
8.871940000000000000e+05
1.302220000000000000e+05
6.625340000000000000e+05
5.849640000000000000e+05
5.937720000000000000e+05
5.015710000000000000e+05
1.421770000000000000e+05
5.330230000000000000e+05
1.264580000000000000e+06
5.418410000000000000e+05
4.155230000000000000e+05
7.733900000000000000e+04
3.158630000000000000e+05
1.822720000000000000e+05
3.277090000000000000e+05
2.498480000000000000e+05
1.324960000000000000e+05
3.458450000000000000e+05
2.184740000000000000e+05
3.332280000000000000e+05
1.135079000000000000e+06
1.373300000000000000e+05
3.099390000000000000e+05
2.385950000000000000e+05
3.079000000000000000e+05
1.411192600000000000e+07
3.259208000000000000e+06
3.340925000000000000e+06
3.505106000000000000e+06
1.823320000000000000e+05
3.667797000000000000e+06
3.215019000000000000e+06
5.182124000000000000e+06
3.084867000000000000e+06
2.494900000000000000e+05
2.866087000000000000e+06
2.594357000000000000e+06
2.358393000000000000e+06
2.267181000000000000e+06
3.338470000000000000e+05
2.541255000000000000e+06
2.202814000000000000e+06
1.889595000000000000e+06
1.768663000000000000e+06
1.616956000000000000e+06
1.729109000000000000e+06
1.969632000000000000e+06
2.227312000000000000e+06
2.525469000000000000e+06
1.911380000000000000e+05
2.201705000000000000e+06
2.058094000000000000e+06
2.058774000000000000e+06
2.228033000000000000e+06
2.319400000000000000e+05
1.964874000000000000e+06
2.186182000000000000e+06
1.238590000000000000e+06
2.054011000000000000e+06
2.126630000000000000e+05
2.542260000000000000e+06
2.484310000000000000e+06
2.285109000000000000e+06
1.657132000000000000e+06
2.700230000000000000e+05
1.922489000000000000e+06
1.572100000000000000e+06
7.808391000000000000e+06
6.018000000000000000e+05
2.126750000000000000e+05
2.628250000000000000e+05
4.876930000000000000e+05
8.631890000000000000e+05
1.356610000000000000e+06
2.037141000000000000e+06
9.325480000000000000e+05
9.834540000000000000e+05
9.876300000000000000e+05
1.020179000000000000e+06
1.011448000000000000e+06
1.359952000000000000e+06
1.037154000000000000e+06
1.065135000000000000e+06
1.073838000000000000e+06
1.102936000000000000e+06
1.104750000000000000e+06
1.122985000000000000e+06
1.129157000000000000e+06
1.144218000000000000e+06
1.128872000000000000e+06
1.175807000000000000e+06
1.139189000000000000e+06
1.470407000000000000e+06
1.260012000000000000e+06
1.256537000000000000e+06
1.254320000000000000e+06
1.244689000000000000e+06
1.229480000000000000e+06
1.204970000000000000e+06
1.262315000000000000e+06
1.167813000000000000e+06
1.213930000000000000e+06
1.171752000000000000e+06
1.155477000000000000e+06
1.342901000000000000e+06
1.140989000000000000e+06
1.081669000000000000e+06
1.092629000000000000e+06
1.850308000000000000e+06
1.440512000000000000e+06
9.114400000000000000e+05
6.121140000000000000e+05
4.116710000000000000e+05
3.331550000000000000e+05
1.721940000000000000e+05
1.364150000000000000e+05
8.576632000000000000e+06
2.157996000000000000e+06
2.745952000000000000e+06
2.420394000000000000e+06
1.062760000000000000e+05
1.794415000000000000e+06
1.288892000000000000e+06
1.152331000000000000e+06
1.362287000000000000e+06
1.570990000000000000e+05
1.240784000000000000e+06
1.643989000000000000e+06
2.864729000000000000e+06
2.015874000000000000e+06
1.245940000000000000e+05
2.400102000000000000e+06
2.280097000000000000e+06
1.097913000000000000e+06
8.542380000000000000e+05
1.085160000000000000e+05
1.384839000000000000e+06
1.343473000000000000e+06
1.529670000000000000e+06
1.387983000000000000e+06
1.169870000000000000e+06
1.394102000000000000e+06
1.471289000000000000e+06
1.494423000000000000e+06
1.044070000000000000e+06
9.882700000000000000e+04
9.066640000000000000e+05
5.476990000000000000e+05
5.070260000000000000e+05
4.710320000000000000e+05
1.155390000000000000e+05
5.567500000000000000e+05
1.364589000000000000e+06
6.676400000000000000e+05
7.374260000000000000e+05
1.277830000000000000e+05
9.205720000000000000e+05
9.675280000000000000e+05
1.052040000000000000e+06
1.021637000000000000e+06
9.076700000000000000e+04
8.717860000000000000e+05
7.383680000000000000e+05
8.741630000000000000e+05
1.555607000000000000e+06
1.344150000000000000e+05
5.007590000000000000e+05
3.302960000000000000e+05
3.050310000000000000e+05
2.909310000000000000e+05
7.328500000000000000e+04
3.456770000000000000e+05
2.212530000000000000e+05
1.741140000000000000e+05
2.807830000000000000e+05
2.873000000000000000e+04
1.260866000000000000e+06
4.092960000000000000e+05
2.770960000000000000e+05
2.300020000000000000e+05
1.787980000000000000e+05
5.551060000000000000e+05
1.295180400000000000e+07
6.270550000000000000e+05
3.866560000000000000e+05
8.873400000000000000e+04
2.500180000000000000e+05
4.505970000000000000e+05
6.108660000000000000e+05
6.443340000000000000e+05
1.053260000000000000e+05
6.641880000000000000e+05
6.193360000000000000e+05
5.718620000000000000e+05
1.259522000000000000e+06
1.251040000000000000e+05
4.124150000000000000e+05
3.110620000000000000e+05
3.466100000000000000e+05
3.264920000000000000e+05
7.588900000000000000e+04
3.217000000000000000e+05
2.860640000000000000e+05
1.412941400000000000e+07
3.174142000000000000e+06
5.001391000000000000e+06
5.442430000000000000e+06
5.535109000000000000e+06
3.466616000000000000e+06
4.857415000000000000e+06
2.926136000000000000e+06
3.501531000000000000e+06
2.912477000000000000e+06
2.442694000000000000e+06
2.128944000000000000e+06
2.124855000000000000e+06
1.765033000000000000e+06
2.108263000000000000e+06
1.680430000000000000e+06
9.841430000000000000e+05
1.422404000000000000e+06
1.386534000000000000e+06
1.222247000000000000e+06
1.556610000000000000e+06
1.318740000000000000e+06
3.225661000000000000e+06
1.936392000000000000e+06
2.585494000000000000e+06
1.244764000000000000e+06
8.938580000000000000e+05
4.968560000000000000e+05
8.053190000000000000e+05
6.619190000000000000e+05
5.742220000000000000e+05
5.468640000000000000e+05
2.268690000000000000e+05
4.878120000000000000e+05
2.272800000000000000e+05
3.802290000000000000e+05
9.321220000000000000e+05
5.527970000000000000e+05
3.131518000000000000e+07
2.533919000000000000e+06
1.538198000000000000e+06
2.595921000000000000e+06
1.520280000000000000e+06
2.660153000000000000e+06
2.559220000000000000e+06
1.541169000000000000e+06
2.806203000000000000e+06
1.587115000000000000e+06
2.764092000000000000e+06
2.812728000000000000e+06
3.159594000000000000e+06
2.699688000000000000e+06
1.711728000000000000e+06
2.828512000000000000e+06
2.888765000000000000e+06
1.787557000000000000e+06
3.074722000000000000e+06
1.924667000000000000e+06
3.232115000000000000e+06
3.192092000000000000e+06
2.028999000000000000e+06
3.334171000000000000e+06
3.603071000000000000e+06
3.436287000000000000e+06
3.758030000000000000e+06
2.365766000000000000e+06
3.795838000000000000e+06
2.461320000000000000e+06
4.307988000000000000e+06
4.878514000000000000e+06
3.132683000000000000e+06
4.963939000000000000e+06
2.995056000000000000e+06
4.983355000000000000e+06
5.622408000000000000e+06
2.640674000000000000e+06
4.477880000000000000e+06
2.679537000000000000e+06
4.961725000000000000e+06
5.002598000000000000e+06
2.898016000000000000e+06
4.815725000000000000e+06
2.763209000000000000e+06
4.612385000000000000e+06
4.706455000000000000e+06
2.837002000000000000e+06
5.686191000000000000e+06
2.829192000000000000e+06
2.430638100000000000e+07
1.132446000000000000e+06
1.391969000000000000e+06
1.349108000000000000e+06
1.785197000000000000e+06
2.565180000000000000e+05
2.457749000000000000e+06
2.418176000000000000e+06
1.504928000000000000e+06
1.150719000000000000e+06
2.218610000000000000e+05
9.654650000000000000e+05
1.943303000000000000e+06
7.963820000000000000e+05
7.062160000000000000e+05
8.476300000000000000e+04
6.457260000000000000e+05
5.575020000000000000e+05
5.048350000000000000e+05
4.493250000000000000e+05
1.130150000000000000e+05
7.167850000000000000e+05
7.589150000000000000e+05
8.103950000000000000e+05
1.554158000000000000e+06
1.341760000000000000e+05
9.372210000000000000e+05
6.368560000000000000e+05
7.860170000000000000e+05
6.485130000000000000e+05
1.363750000000000000e+05
5.726830000000000000e+05
6.775170000000000000e+05
8.445250000000000000e+05
5.869800000000000000e+05
9.595200000000000000e+04
1.497577000000000000e+06
1.102493000000000000e+06
1.173902000000000000e+06
6.786960000000000000e+05
6.361800000000000000e+04
1.424137600000000000e+07
1.964025000000000000e+06
2.190020000000000000e+05
2.408121000000000000e+06
2.350109000000000000e+06
2.691042000000000000e+06
2.780201000000000000e+06
2.598460000000000000e+05
2.943533000000000000e+06
2.815122000000000000e+06
3.270384000000000000e+06
3.301032000000000000e+06
2.150704000000000000e+06
3.556080000000000000e+06
3.436786000000000000e+06
3.588392000000000000e+06
3.409753000000000000e+06
3.537640000000000000e+05
3.648725000000000000e+06
3.469930000000000000e+06
3.897984000000000000e+06
4.058983000000000000e+06
3.082200000000000000e+05
4.183757000000000000e+06
5.010105000000000000e+06
4.865485000000000000e+06
5.043306000000000000e+06
3.286310000000000000e+05
5.128073000000000000e+06
5.220311000000000000e+06
5.389769000000000000e+06
5.464266000000000000e+06
3.968450000000000000e+05
5.436412000000000000e+06
5.398576000000000000e+06
5.350853000000000000e+06
5.800433000000000000e+06
3.975110000000000000e+05
5.169295000000000000e+06
4.806042000000000000e+06
1.931667300000000000e+07
1.089075000000000000e+06
1.156541000000000000e+06
2.481370000000000000e+05
1.254301000000000000e+06
1.306494000000000000e+06
1.293325000000000000e+06
1.232604000000000000e+06
1.865780000000000000e+05
1.328073000000000000e+06
1.197642000000000000e+06
1.176760000000000000e+06
2.104259000000000000e+06
1.760550000000000000e+05
1.087117000000000000e+06
9.705680000000000000e+05
8.468420000000000000e+05
1.105691000000000000e+06
1.420140000000000000e+05
2.329707000000000000e+06
3.269626000000000000e+06
4.592178000000000000e+06
4.051679000000000000e+06
1.757310000000000000e+05
3.015132000000000000e+06
1.736297000000000000e+06
1.634502000000000000e+06
1.838325000000000000e+06
2.720320000000000000e+05
2.068356000000000000e+06
1.908781000000000000e+06
1.673410000000000000e+06
9.911640000000000000e+05
1.574380000000000000e+05
1.134024000000000000e+06
1.152478000000000000e+06
1.485155000000000000e+06
4.593940000000000000e+05
6.968100000000000000e+04
2.700750000000000000e+05
2.347990000000000000e+05
2.859500000000000000e+05
1.866590000000000000e+05
9.162600000000000000e+04
2.061490000000000000e+05
3.718060000000000000e+05
5.251340000000000000e+05
6.247930000000000000e+05
1.106547000000000000e+06
7.420070000000000000e+05
6.899960000000000000e+05
7.200330000000000000e+05
8.209020000000000000e+05
1.193640000000000000e+05
8.314490000000000000e+05
7.282930000000000000e+05
7.608980000000000000e+05
7.216710000000000000e+05
1.557450000000000000e+05
7.080810000000000000e+05
1.442796000000000000e+06
6.372500000000000000e+05
5.398430000000000000e+05
1.795968300000000000e+07
5.165550000000000000e+05
6.984520000000000000e+05
7.769820000000000000e+05
9.858040000000000000e+05
1.428196000000000000e+06
2.555619000000000000e+06
6.227326000000000000e+06
6.446930000000000000e+05
2.132380000000000000e+06
4.519600000000000000e+05
4.724530000000000000e+05
6.288820000000000000e+05
5.932570000000000000e+05
5.829590000000000000e+05
5.734440000000000000e+05
6.010780000000000000e+05
6.138430000000000000e+05
4.720100000000000000e+05
5.942860000000000000e+05
5.370480000000000000e+05
1.749461000000000000e+06
3.506540000000000000e+05
4.599910000000000000e+05
4.219320000000000000e+05
5.081480000000000000e+05
5.471000000000000000e+05
5.083460000000000000e+05
5.295150000000000000e+05
4.628710000000000000e+05
5.426150000000000000e+05
5.026050000000000000e+05
5.338180000000000000e+05
1.641207000000000000e+06
3.222400000000000000e+05
3.711920000000000000e+05
4.564310000000000000e+05
4.981660000000000000e+05
5.409110000000000000e+05
3.967500000000000000e+05
4.873540000000000000e+05
2.061556900000000000e+07
1.794728000000000000e+06
1.916128000000000000e+06
1.890451000000000000e+06
1.861646000000000000e+06
2.711330000000000000e+05
1.882615000000000000e+06
2.185789000000000000e+06
2.271058000000000000e+06
2.125174000000000000e+06
2.916960000000000000e+05
1.696507000000000000e+06
2.277135000000000000e+06
1.669404000000000000e+06
1.616761000000000000e+06
2.447580000000000000e+05
1.532915000000000000e+06
1.387012000000000000e+06
1.162190000000000000e+06
7.265150000000000000e+05
2.176710000000000000e+05
4.947300000000000000e+05
3.690560000000000000e+05
3.949910000000000000e+05
1.624138000000000000e+06
1.980060000000000000e+05
5.623300000000000000e+04
5.728200000000000000e+04
5.532600000000000000e+04
1.207080000000000000e+05
1.614400000000000000e+04
1.220790000000000000e+05
4.264760000000000000e+05
1.695388000000000000e+06
1.577700000000000000e+06
2.081837000000000000e+06
3.102803000000000000e+06
2.270794000000000000e+06
1.478332000000000000e+06
3.210103000000000000e+06
3.470175000000000000e+06
4.695678000000000000e+06
4.245936000000000000e+06
1.723355000000000000e+06
4.278948000000000000e+06
4.961726000000000000e+06
5.730473000000000000e+06
7.222584000000000000e+06
2.584863000000000000e+06
7.274902000000000000e+06
5.462593000000000000e+06
7.199875000000000000e+06
5.691064000000000000e+06
5.580200000000000000e+05
3.150948000000000000e+06
3.110197000000000000e+06
4.792627000000000000e+06
4.832387000000000000e+06
4.156020000000000000e+05
5.596297000000000000e+06
6.522087000000000000e+06
6.069997000000000000e+06
6.558112000000000000e+06
4.530740000000000000e+05
6.016445000000000000e+06
4.587713000000000000e+06
6.270600000000000000e+06
4.432366000000000000e+06
4.637820000000000000e+05
5.145772000000000000e+06
4.340165000000000000e+06
4.892990000000000000e+06
6.432928000000000000e+06
3.774060000000000000e+05
4.259236000000000000e+06
5.683065000000000000e+06
4.638812000000000000e+06
5.575579000000000000e+06
3.929050000000000000e+05
6.081086000000000000e+06
3.809449000000000000e+06
4.689316000000000000e+06
5.023555000000000000e+06
3.712000000000000000e+05
4.447288000000000000e+06
4.646539000000000000e+06
4.773629000000000000e+06
5.474784000000000000e+06
3.636680000000000000e+05
4.220792000000000000e+06
5.113126000000000000e+06
5.867141000000000000e+06
4.796086000000000000e+06
3.573970000000000000e+05
5.640651000000000000e+06
4.886402000000000000e+06
5.499513000000000000e+06
5.149056000000000000e+06
5.962600000000000000e+05
4.983538000000000000e+06
5.540353000000000000e+06
5.002342000000000000e+06
5.363436000000000000e+06
2.987280000000000000e+05
6.250999000000000000e+06
4.351762000000000000e+06
5.408685000000000000e+06
4.615054000000000000e+06
2.190723000000000000e+06
4.350801000000000000e+06
5.076246000000000000e+06
4.379125000000000000e+06
4.766783000000000000e+06
5.475190000000000000e+05
4.344084000000000000e+06
4.849065000000000000e+06
6.416760000000000000e+06
4.691709000000000000e+06
4.162770000000000000e+05
5.435616000000000000e+06
5.093165000000000000e+06
4.637945000000000000e+06
5.052824000000000000e+06
5.543850000000000000e+05
5.965723000000000000e+06
5.351396000000000000e+06
4.325622000000000000e+06
5.163061000000000000e+06
2.419692300000000000e+07
2.894700000000000000e+05
2.466335000000000000e+06
2.518348000000000000e+06
3.810473000000000000e+06
2.200226000000000000e+06
3.343040000000000000e+05
2.884069000000000000e+06
1.853557000000000000e+06
2.114336000000000000e+06
3.131385000000000000e+06
6.201510000000000000e+05
3.352692000000000000e+06
3.733294000000000000e+06
1.908990000000000000e+06
1.529970000000000000e+06
2.614560000000000000e+05
2.934625000000000000e+06
1.762374000000000000e+06
2.576480000000000000e+06
2.151912000000000000e+06
4.669880000000000000e+05
2.320125000000000000e+06
2.235808000000000000e+06
3.477431000000000000e+06
2.501150000000000000e+06
2.581770000000000000e+05
1.161388000000000000e+06
2.090878000000000000e+06
1.808840000000000000e+06
1.649988000000000000e+06
3.011870000000000000e+05
1.958875000000000000e+06
2.575187000000000000e+06
2.356508000000000000e+06
1.098520000000000000e+06
2.508758000000000000e+06
1.431204000000000000e+06
1.863276000000000000e+06
2.133604000000000000e+06
1.910153000000000000e+06
2.123930000000000000e+05
9.605010000000000000e+05
5.011500000000000000e+05
1.577700000000000000e+06
2.161508000000000000e+06
3.989020000000000000e+05
3.163394000000000000e+06
3.839839000000000000e+06
3.062727000000000000e+06
1.704845000000000000e+06
2.342560000000000000e+05
1.831856000000000000e+06
8.085950000000000000e+05
1.228865000000000000e+06
9.933450000000000000e+05
3.455210000000000000e+05
1.664743000000000000e+06
1.038833000000000000e+06
1.755379000000000000e+06
3.171352000000000000e+06
1.257549000000000000e+06
2.341908000000000000e+06
2.582840000000000000e+05
3.884893000000000000e+06
2.741834000000000000e+06
2.332606000000000000e+06
2.100933000000000000e+06
3.565250000000000000e+05
2.705637000000000000e+06
1.622716000000000000e+06
3.275360000000000000e+06
4.518989000000000000e+06
3.371760000000000000e+05
1.537872000000000000e+06
8.717900000000000000e+05
2.245966000000000000e+06
1.394281000000000000e+06
4.177460000000000000e+05
2.624011000000000000e+06
1.559426000000000000e+06
2.594966000000000000e+06
2.601153000000000000e+06
3.681850000000000000e+05
4.078389000000000000e+06
1.995907000000000000e+06
2.501210000000000000e+06
2.464713000000000000e+06
5.241760000000000000e+05
2.452221000000000000e+06
1.561960000000000000e+06
2.740760000000000000e+06
2.393832000000000000e+06
3.946180000000000000e+05
2.958799000000000000e+06
4.281118000000000000e+06
4.396207000000000000e+06
3.088092000000000000e+06
4.082080000000000000e+05
1.616226000000000000e+06
2.094956000000000000e+06
1.494145000000000000e+06
3.550985000000000000e+06
1.838268700000000000e+07
5.535550000000000000e+05
1.076214000000000000e+06
5.164820000000000000e+05
2.823110000000000000e+05
1.631979000000000000e+06
1.916420000000000000e+06
2.690185000000000000e+06
9.628230000000000000e+05
1.949560000000000000e+05
1.272735000000000000e+06
1.933946000000000000e+06
3.523865000000000000e+06
1.968786000000000000e+06
2.995180000000000000e+05
1.458195000000000000e+06
1.220845000000000000e+06
1.060479000000000000e+06
1.458962000000000000e+06
1.125510000000000000e+05
8.488460000000000000e+05
2.698461000000000000e+06
1.572571000000000000e+06
1.206179000000000000e+06
2.111338000000000000e+06
3.694996000000000000e+06
1.470328000000000000e+06
9.762120000000000000e+05
1.229350000000000000e+06
2.464870000000000000e+05
1.226377000000000000e+06
2.162955000000000000e+06
2.062563000000000000e+06
2.894453000000000000e+06
4.571140000000000000e+05
1.495102000000000000e+06
2.722760000000000000e+06
2.313007000000000000e+06
2.227908000000000000e+06
2.446500000000000000e+05
1.911804100000000000e+07
2.045959000000000000e+06
3.650346000000000000e+06
2.208120000000000000e+05
3.587273000000000000e+06
3.533660000000000000e+06
2.895063000000000000e+06
3.532561000000000000e+06
2.937090000000000000e+05
2.688634000000000000e+06
3.520779000000000000e+06
3.936870000000000000e+06
5.682358000000000000e+06
2.489230000000000000e+05
4.171886000000000000e+06
4.148632000000000000e+06
3.846362000000000000e+06
4.320782000000000000e+06
5.717530000000000000e+05
3.522654000000000000e+06
3.717996000000000000e+06
4.062755000000000000e+06
3.618573000000000000e+06
4.572990000000000000e+05
3.502053000000000000e+06
1.999812000000000000e+06
2.287194000000000000e+06
1.844575000000000000e+06
3.029380000000000000e+05
1.721026000000000000e+06
1.679103000000000000e+06
1.822228000000000000e+06
1.337464000000000000e+06
2.655120000000000000e+05
1.015914000000000000e+06
1.323200000000000000e+06
3.509043000000000000e+06
3.049908000000000000e+06
2.849180000000000000e+05
1.770965300000000000e+07
1.979011000000000000e+06
4.607050000000000000e+05
2.809414000000000000e+06
2.021460000000000000e+06
1.867799000000000000e+06
1.683717000000000000e+06
3.397010000000000000e+05
1.874908000000000000e+06
2.903198000000000000e+06
2.947433000000000000e+06
1.510612000000000000e+06
1.754990000000000000e+05
3.780987000000000000e+06
1.343454000000000000e+06
1.629798000000000000e+06
1.302695000000000000e+06
2.158870000000000000e+05
1.157382000000000000e+06
8.684030000000000000e+05
1.341023000000000000e+06
4.413328000000000000e+06
3.171840000000000000e+05
1.419892000000000000e+06
2.313957000000000000e+06
3.781334000000000000e+06
3.565717000000000000e+06
3.828770000000000000e+05
2.153278100000000000e+07
1.902014000000000000e+06
2.399144000000000000e+06
7.069700000000000000e+04
2.546067000000000000e+06
3.026626000000000000e+06
3.262449000000000000e+06
3.800427000000000000e+06
9.883900000000000000e+04
2.620675000000000000e+06
2.386908000000000000e+06
2.591884000000000000e+06
3.174983000000000000e+06
1.413540000000000000e+05
1.923024000000000000e+06
2.495838000000000000e+06
2.443677000000000000e+06
2.695834000000000000e+06
2.237320000000000000e+05
2.363048000000000000e+06
2.434548000000000000e+06
2.003191000000000000e+06
1.948050000000000000e+06
2.766110000000000000e+05
1.513211900000000000e+07
3.734220000000000000e+05
5.919100000000000000e+04
2.713820000000000000e+05
3.260320000000000000e+05
3.038380000000000000e+05
3.477520000000000000e+05
1.405440000000000000e+05
4.257390000000000000e+05
4.403500000000000000e+05
4.388080000000000000e+05
3.301100000000000000e+05
1.595383000000000000e+06
3.622660000000000000e+05
2.668320000000000000e+05
2.269550000000000000e+05
3.156440000000000000e+05
8.885200000000000000e+04
4.002250000000000000e+05
3.737500000000000000e+05
4.006600000000000000e+05
4.514140000000000000e+05
4.828300000000000000e+04
6.395940000000000000e+05
1.565360000000000000e+06
5.010020000000000000e+05
4.826290000000000000e+05
4.863900000000000000e+04
4.273450000000000000e+05
5.031740000000000000e+05
6.983400000000000000e+05
7.099030000000000000e+05
9.260200000000000000e+04
7.020730000000000000e+05
6.191500000000000000e+05
5.920800000000000000e+05
1.705385000000000000e+06
2.286270000000000000e+05
5.091960000000000000e+05
1.116241600000000000e+07
1.147227000000000000e+06
1.401952000000000000e+06
1.344767000000000000e+06
1.335530000000000000e+05
7.782760000000000000e+05
8.437620000000000000e+05
8.587270000000000000e+05
7.538590000000000000e+05
9.049500000000000000e+04
8.528310000000000000e+05
1.025631000000000000e+06
1.906156000000000000e+06
1.167448000000000000e+06
1.165350000000000000e+05
1.113042000000000000e+06
1.203527000000000000e+06
1.612516000000000000e+06
1.865257000000000000e+06
7.913200000000000000e+04
1.042876000000000000e+06
1.312625000000000000e+06
8.626600000000000000e+05
9.135380000000000000e+05
1.297044000000000000e+06
1.233085000000000000e+06
1.147335000000000000e+06
6.538390000000000000e+05
6.691060000000000000e+05
1.132460000000000000e+05
5.493810000000000000e+05
3.433130000000000000e+05
2.235010000000000000e+05
2.010480000000000000e+05
4.906600000000000000e+04
4.528590000000000000e+05
1.513434000000000000e+06
7.491860000000000000e+05
7.771920000000000000e+05
1.165760000000000000e+05
8.443920000000000000e+05
7.641040000000000000e+05
6.685240000000000000e+05
4.573840000000000000e+05
1.281810000000000000e+05
4.005750000000000000e+05
4.570550000000000000e+05
6.360440000000000000e+05
1.516743000000000000e+06
1.469300000000000000e+05
4.854470000000000000e+05
6.248530000000000000e+05
8.403080000000000000e+05
8.911570000000000000e+05
9.888200000000000000e+04
7.569510000000000000e+05
5.834180000000000000e+05
1.386566000000000000e+07
1.027160000000000000e+05
4.832900000000000000e+04
2.705205000000000000e+06
3.754688000000000000e+06
3.468030000000000000e+05
4.878917000000000000e+06
5.573127000000000000e+06
5.483702000000000000e+06
1.312456000000000000e+06
2.252830000000000000e+05
1.088135000000000000e+06
2.084940000000000000e+06
9.299090000000000000e+05
7.893450000000000000e+05
1.357600000000000000e+05
7.413100000000000000e+05
6.472120000000000000e+05
5.649430000000000000e+05
5.416400000000000000e+05
1.134080000000000000e+05
4.674200000000000000e+05
3.122930000000000000e+05
2.299620000000000000e+05
1.323289400000000000e+07
2.123934000000000000e+06
1.191420000000000000e+05
2.059638000000000000e+06
2.006787000000000000e+06
1.868042000000000000e+06
3.111628000000000000e+06
1.497420000000000000e+05
3.623534000000000000e+06
3.495149000000000000e+06
2.696457000000000000e+06
4.449384000000000000e+06
1.485444000000000000e+06
5.974431000000000000e+06
6.297559000000000000e+06
5.661637000000000000e+06
3.442566000000000000e+06
2.898330000000000000e+05
2.615005000000000000e+06
3.525598000000000000e+06
3.752935000000000000e+06
4.791519000000000000e+06
3.721530000000000000e+05
5.258530000000000000e+06
5.282143000000000000e+06
4.226717000000000000e+06
6.984830000000000000e+06
1.134080000000000000e+05
2.071120000000000000e+05
1.347210000000000000e+05
1.653600000000000000e+04
1.936640000000000000e+05
1.852940000000000000e+05
2.287830000000000000e+05
2.188790000000000000e+05
1.478500000000000000e+05
1.147030000000000000e+06
1.858080000000000000e+05
1.899040000000000000e+05
2.370930000000000000e+05
1.498500000000000000e+04
2.211840000000000000e+05
2.512130000000000000e+05
2.162500000000000000e+05
2.123500000000000000e+05
2.448000000000000000e+04
5.875069000000000000e+06
1.523380000000000000e+05
8.312840000000000000e+05
6.672420000000000000e+05
8.638070000000000000e+05
1.041626000000000000e+06
8.170700000000000000e+04
1.722859000000000000e+06
2.024107000000000000e+06
2.071835000000000000e+06
1.911378000000000000e+06
1.635100000000000000e+05
1.777960000000000000e+06
1.332618000000000000e+06
1.881546000000000000e+06
1.196715000000000000e+06
1.119200000000000000e+05
1.122611000000000000e+06
8.021620000000000000e+05
8.032690000000000000e+05
8.244130000000000000e+05
9.137690000000000000e+05
5.567353000000000000e+06
1.707188000000000000e+06
1.554900000000000000e+06
9.148000000000000000e+04
1.607202000000000000e+06
1.510703000000000000e+06
1.542997000000000000e+06
1.923038000000000000e+06
7.593100000000000000e+04
2.554051000000000000e+06
2.459442000000000000e+06
3.234440000000000000e+06
2.097004000000000000e+06
9.955700000000000000e+04
1.118547000000000000e+06
1.029843000000000000e+06
1.044349000000000000e+06
9.258270000000000000e+05
2.227820000000000000e+05
7.390090000000000000e+05
5.984830000000000000e+05
5.840300000000000000e+05
5.618530000000000000e+05
1.004470000000000000e+05
1.348055000000000000e+06
5.392790000000000000e+05
4.345610000000000000e+05
9.624760000000000000e+05
1.944240000000000000e+05
7.525610000000000000e+05
1.032008000000000000e+06
1.709968000000000000e+06
1.765376000000000000e+06
1.390310000000000000e+05
1.604160000000000000e+06
1.296073000000000000e+06
1.105455900000000000e+07
7.501680000000000000e+05
8.663830000000000000e+05
8.309060000000000000e+05
1.302110000000000000e+05
9.981500000000000000e+05
8.368460000000000000e+05
7.817370000000000000e+05
7.512200000000000000e+05
1.425530000000000000e+05
1.214629000000000000e+06
3.299751000000000000e+06
2.886609000000000000e+06
2.038968000000000000e+06
1.862770000000000000e+05
2.078053000000000000e+06
1.888432000000000000e+06
1.563187000000000000e+06
1.359777000000000000e+06
1.733170000000000000e+05
1.277911000000000000e+06
1.246075000000000000e+06
1.132013000000000000e+06
1.115876000000000000e+06
1.558358200000000000e+07
1.697080000000000000e+05
1.769600000000000000e+05
2.076780000000000000e+05
6.244313000000000000e+06
8.537890000000000000e+06
9.590268000000000000e+06
8.501127000000000000e+06
2.637320000000000000e+05
7.965984000000000000e+06
7.142856000000000000e+06
6.947707000000000000e+06
6.878424000000000000e+06
4.287060000000000000e+05
5.005958000000000000e+06
4.699480000000000000e+06
8.175633000000000000e+06
1.087290600000000000e+07
2.644540000000000000e+05
8.610462000000000000e+06
6.126508000000000000e+06
6.276229000000000000e+06
4.111510000000000000e+06
5.003157000000000000e+06
4.978113000000000000e+06
1.124269700000000000e+07
3.975620000000000000e+06
1.601800000000000000e+05
4.170661000000000000e+06
3.398277000000000000e+06
2.845539000000000000e+06
2.302355000000000000e+06
2.072680000000000000e+05
1.891046000000000000e+06
1.707077000000000000e+06
1.307340000000000000e+06
1.963217000000000000e+06
7.151000000000000000e+04
8.928820000000000000e+05
2.771966000000000000e+06
4.005034000000000000e+06
3.639356000000000000e+06
1.896490000000000000e+05
4.036398000000000000e+06
4.535272000000000000e+06
4.339666000000000000e+06
6.191202000000000000e+06
9.882669000000000000e+06
6.431430000000000000e+05
9.243530000000000000e+05
9.700590000000000000e+05
1.255655000000000000e+06
1.909160000000000000e+05
1.301674000000000000e+06
9.160190000000000000e+05
8.345960000000000000e+05
5.251260000000000000e+05
1.773720000000000000e+05
1.021726000000000000e+06
2.210031000000000000e+06
1.392175000000000000e+06
1.475499000000000000e+06
2.066870000000000000e+05
1.270135000000000000e+06
1.385914700000000000e+07
2.559750000000000000e+05
1.441480000000000000e+05
9.789800000000000000e+04
2.457850000000000000e+05
1.878510000000000000e+05
1.414340000000000000e+05
2.413800000000000000e+05
5.131700000000000000e+04
1.313270000000000000e+05
2.276750000000000000e+05
1.447670000000000000e+05
1.570856000000000000e+06
9.392300000000000000e+04
1.051810000000000000e+05
9.796600000000000000e+04
9.691500000000000000e+04
1.471800000000000000e+05
3.126600000000000000e+04
1.131190000000000000e+05
1.008440000000000000e+05
1.108092300000000000e+07
1.417349000000000000e+06
1.921389000000000000e+06
2.860210000000000000e+06
2.221207000000000000e+06
1.290871000000000000e+06
3.404820000000000000e+06
8.225520000000000000e+05
9.513580000000000000e+05
8.839510000000000000e+05
2.884900000000000000e+05
6.877070000000000000e+05
3.329940000000000000e+05
2.547905000000000000e+06
3.336430000000000000e+05
1.866554000000000000e+06
4.061670000000000000e+05
2.121310000000000000e+05
1.872680000000000000e+05
6.761710000000000000e+05
2.511640000000000000e+05
2.626244000000000000e+06
3.004920000000000000e+05
2.029540000000000000e+06
5.473979000000000000e+06
7.467637000000000000e+06
8.642123000000000000e+06
1.652130800000000000e+07
8.488700000000000000e+04
2.066100000000000000e+04
4.179000000000000000e+04
8.143000000000000000e+03
2.684213000000000000e+06
1.349550000000000000e+05
1.753062000000000000e+06
2.380284000000000000e+06
4.091696000000000000e+06
1.456486000000000000e+06
9.752200000000000000e+04
9.078573000000000000e+06
2.829453000000000000e+06
1.640672000000000000e+06
1.750770000000000000e+06
1.534210000000000000e+05
1.921415000000000000e+06
2.017774000000000000e+06
9.795810000000000000e+05
7.767050000000000000e+05
1.235710000000000000e+05
1.254386000000000000e+06
9.567410000000000000e+05
2.002346000000000000e+06
9.413090000000000000e+05
1.242410000000000000e+05
5.888750000000000000e+05
4.895580000000000000e+05
4.604110000000000000e+05
2.214520000000000000e+05
2.459670000000000000e+05
2.559350000000000000e+05
8.629700000000000000e+04
2.815270000000000000e+05
1.991800000000000000e+05
1.285543000000000000e+06
1.010740200000000000e+07
5.961450000000000000e+05
5.321750000000000000e+05
8.422300000000000000e+04
5.824520000000000000e+05
6.436020000000000000e+05
7.369930000000000000e+05
6.654510000000000000e+05
1.203550000000000000e+05
5.009670000000000000e+05
4.208120000000000000e+05
1.119863000000000000e+06
3.982700000000000000e+05
3.175950000000000000e+05
3.131180000000000000e+05
1.007780000000000000e+05
3.299900000000000000e+05
2.488550000000000000e+05
2.643680000000000000e+05
2.178400000000000000e+05
8.378800000000000000e+04
3.022090000000000000e+05
2.580530000000000000e+05
9.492200000000000000e+05
6.114997000000000000e+06
4.199880000000000000e+05
7.416730000000000000e+05
8.437300000000000000e+04
8.757110000000000000e+05
7.074120000000000000e+05
3.859550000000000000e+05
1.051304000000000000e+06
8.312600000000000000e+04
1.330751000000000000e+06
1.162039000000000000e+06
1.171160000000000000e+06
7.867590000000000000e+05
9.955100000000000000e+04
8.060590000000000000e+05
4.669690000000000000e+05
1.792300000000000000e+05
2.660810000000000000e+05
8.339900000000000000e+04
2.375740000000000000e+05
2.270110000000000000e+05
1.474980000000000000e+05
1.159770000000000000e+05
7.527730000000000000e+05
1.961040000000000000e+05
1.607940000000000000e+05
1.538290000000000000e+05
1.168660000000000000e+05
3.857200000000000000e+04
1.391853100000000000e+07
2.241270000000000000e+05
4.073735000000000000e+06
3.549071000000000000e+06
3.097632000000000000e+06
2.721781000000000000e+06
1.650040000000000000e+05
1.836880000000000000e+06
1.715184000000000000e+06
1.518984000000000000e+06
1.279839000000000000e+06
2.244010000000000000e+05
1.894666000000000000e+06
1.156117000000000000e+06
1.123431000000000000e+06
1.033324000000000000e+06
1.385810000000000000e+05
1.040229000000000000e+06
1.718508100000000000e+07
2.388520000000000000e+05
5.487500000000000000e+04
1.820910000000000000e+05
2.104900000000000000e+05
2.631190000000000000e+05
2.690550000000000000e+05
1.162740000000000000e+05
3.078280000000000000e+05
2.557280000000000000e+05
3.364550000000000000e+05
3.064340000000000000e+05
1.065024000000000000e+06
3.841780000000000000e+05
2.315400000000000000e+05
2.626780000000000000e+05
2.420480000000000000e+05
6.905400000000000000e+04
1.974740000000000000e+05
1.197300000000000000e+05
1.436500000000000000e+05
1.523210000000000000e+05
3.731700000000000000e+04
1.535860000000000000e+05
2.103936400000000000e+07
1.193919000000000000e+06
1.330858000000000000e+06
1.579662000000000000e+06
2.825399000000000000e+06
3.771225000000000000e+06
1.951225000000000000e+06
5.898880000000000000e+05
4.546490000000000000e+05
6.038930000000000000e+05
6.067330000000000000e+05
8.091360000000000000e+05
2.117583000000000000e+06
1.776505000000000000e+06
4.625530000000000000e+05
5.297730000000000000e+05
5.281950000000000000e+05
6.111790000000000000e+05
3.387030000000000000e+05
1.065001000000000000e+06
5.113460000000000000e+05
1.943789000000000000e+06
5.386030000000000000e+05
3.406059000000000000e+06
8.011701000000000000e+06
1.124469500000000000e+07
1.328878700000000000e+07
1.809124000000000000e+07
2.216452000000000000e+06
3.101021000000000000e+06
3.696419000000000000e+06
2.946160000000000000e+05
2.972361000000000000e+06
2.657382000000000000e+06
3.050338000000000000e+06
3.009252000000000000e+06
2.396350000000000000e+05
2.475508000000000000e+06
3.300461000000000000e+06
4.676358000000000000e+06
3.398332000000000000e+06
1.677410000000000000e+05
2.215308000000000000e+06
1.370654000000000000e+06
1.271756000000000000e+06
1.192835000000000000e+06
2.735540000000000000e+05
1.051358000000000000e+06
8.603030000000000000e+05
8.696490000000000000e+05
7.775520000000000000e+05
1.581660000000000000e+06
7.766310000000000000e+05
6.880250000000000000e+05
6.429330000000000000e+05
1.823254200000000000e+07
3.069350000000000000e+05
3.049036000000000000e+06
2.254489000000000000e+06
1.102160000000000000e+06
6.041293000000000000e+06
1.854290000000000000e+05
5.242518000000000000e+06
2.548217000000000000e+06
4.701265000000000000e+06
3.145120000000000000e+06
3.241460000000000000e+05
3.194797000000000000e+06
1.328261000000000000e+06
1.462371000000000000e+06
4.439354000000000000e+06
2.252750000000000000e+05
3.846411000000000000e+06
4.699463000000000000e+06
5.292682000000000000e+06
5.162811000000000000e+06
1.459320000000000000e+05
2.124386400000000000e+07
1.921310000000000000e+05
8.436630000000000000e+05
8.687090000000000000e+05
9.405440000000000000e+05
1.009380000000000000e+06
1.139470000000000000e+05
1.016721000000000000e+06
9.941660000000000000e+05
1.043659000000000000e+06
1.123639000000000000e+06
1.555890000000000000e+05
1.831042000000000000e+06
1.164464000000000000e+06
1.401365000000000000e+06
1.769129000000000000e+06
1.731230000000000000e+05
2.012366000000000000e+06
2.345968000000000000e+06
2.963148000000000000e+06
3.696149000000000000e+06
2.562990000000000000e+05
3.956070000000000000e+06
3.620346000000000000e+06
4.629519000000000000e+06
3.571209000000000000e+06
1.973810000000000000e+05
3.467711000000000000e+06
3.181536000000000000e+06
3.069824000000000000e+06
3.080088000000000000e+06
3.915700000000000000e+04
2.290929000000000000e+06
7.313670000000000000e+05
1.549930000000000000e+05
2.732290000000000000e+05
1.007421000000000000e+06
2.143720000000000000e+05
2.089080000000000000e+05
2.162530000000000000e+05
2.692240000000000000e+05
4.326100000000000000e+04
3.029810000000000000e+05
4.924010000000000000e+05
1.858475900000000000e+07
1.396125000000000000e+06
1.565294000000000000e+06
1.888474000000000000e+06
1.534750000000000000e+05
1.847937000000000000e+06
1.374528000000000000e+06
5.965110000000000000e+05
6.060160000000000000e+05
1.981860000000000000e+05
6.805030000000000000e+05
4.428270000000000000e+05
1.850537000000000000e+06
6.045280000000000000e+05
1.232210000000000000e+05
7.408070000000000000e+05
1.007981000000000000e+06
1.098920000000000000e+06
1.121680000000000000e+06
1.515440000000000000e+05
1.382132300000000000e+07
6.164440000000000000e+05
6.217640000000000000e+05
6.471040000000000000e+05
6.610900000000000000e+05
1.576928000000000000e+06
7.224220000000000000e+05
3.012244000000000000e+06
6.469120000000000000e+05
6.079150000000000000e+05
6.374090000000000000e+05
6.296490000000000000e+05
2.711371000000000000e+06
4.743570000000000000e+05
2.653196000000000000e+06
2.697110000000000000e+05
3.390890000000000000e+05
3.662610000000000000e+05
2.984910000000000000e+05
3.452570000000000000e+05
1.048019000000000000e+06
1.998090000000000000e+05
2.875832000000000000e+06
2.788020000000000000e+05
1.938090000000000000e+06
3.795230000000000000e+05
1.408775000000000000e+06
3.561920000000000000e+06
3.791420000000000000e+06
6.669433000000000000e+06
1.449635700000000000e+07
1.052986000000000000e+06
1.235000000000000000e+05
5.707840000000000000e+05
5.382250000000000000e+05
6.700650000000000000e+05
6.681360000000000000e+05
1.504000000000000000e+05
5.768830000000000000e+05
4.978440000000000000e+05
5.357200000000000000e+05
5.190370000000000000e+05
1.551940000000000000e+06
5.162300000000000000e+05
4.416040000000000000e+05
6.246880000000000000e+05
6.426560000000000000e+05
1.278930000000000000e+05
6.262470000000000000e+05
4.474700000000000000e+05
5.705570000000000000e+05
9.257320000000000000e+05
1.443990000000000000e+05
1.069382700000000000e+07
6.396090000000000000e+05
6.186430000000000000e+05
7.284140000000000000e+05
1.003471000000000000e+06
1.444328000000000000e+06
2.503953000000000000e+06
6.219747000000000000e+06
6.416830000000000000e+05
7.018800000000000000e+05
7.502410000000000000e+05
6.764920000000000000e+05
2.025615000000000000e+06
3.888930000000000000e+05
5.184630000000000000e+05
5.711520000000000000e+05
5.324930000000000000e+05
5.611320000000000000e+05
5.079300000000000000e+05
5.964770000000000000e+05
5.827460000000000000e+05
5.839340000000000000e+05
6.367870000000000000e+05
4.767470000000000000e+05
1.609208000000000000e+06
3.767540000000000000e+05
4.391520000000000000e+05
4.881600000000000000e+05
5.255430000000000000e+05
5.081550000000000000e+05
4.348630000000000000e+05
5.312890000000000000e+05
4.841770000000000000e+05
5.357810000000000000e+05
4.116220000000000000e+05
5.403850000000000000e+05
1.598091000000000000e+06
3.622460000000000000e+05
4.470320000000000000e+05
4.893800000000000000e+05
4.224060000000000000e+05
5.281160000000000000e+05
4.486810000000000000e+05
4.343700000000000000e+05
5.168570000000000000e+05
5.052800000000000000e+05
4.214580000000000000e+05
5.127830000000000000e+05
1.379194000000000000e+06
3.286310000000000000e+05
3.152240000000000000e+05
4.814300000000000000e+05
4.485930000000000000e+05
4.193410000000000000e+05
5.303420000000000000e+05
4.672770000000000000e+05
3.683600000000000000e+05
5.443700000000000000e+05
4.611920000000000000e+05
3.535750000000000000e+05
1.413470000000000000e+06
4.344810000000000000e+05
5.164190000000000000e+05
5.486010000000000000e+05
6.063710000000000000e+05
4.751310000000000000e+05
4.536050000000000000e+05
4.904950000000000000e+05
5.680440000000000000e+05
5.871800000000000000e+05
5.628210000000000000e+05
5.867530000000000000e+05
1.554521000000000000e+06
3.845590000000000000e+05
5.268150000000000000e+05
4.036390000000000000e+05
6.099560000000000000e+05
4.992780000000000000e+05
4.116960000000000000e+05
5.607730000000000000e+05
4.730210000000000000e+05
5.519040000000000000e+05
3.803500000000000000e+05
5.340670000000000000e+05
1.550946000000000000e+06
8.941465000000000000e+06
1.165485800000000000e+07
1.371349100000000000e+07
1.585682600000000000e+07
1.571249700000000000e+07
1.431849100000000000e+07
1.457595600000000000e+07
1.995262600000000000e+07
1.841696600000000000e+07
1.142620000000000000e+05
2.229250000000000000e+05
1.581450000000000000e+05
1.819210000000000000e+05
1.650030000000000000e+05
9.128600000000000000e+04
2.361230000000000000e+05
3.088370000000000000e+05
4.410070000000000000e+05
3.693800000000000000e+05
2.370500000000000000e+05
1.723617000000000000e+06
3.406950000000000000e+05
2.755900000000000000e+05
2.481470000000000000e+05
2.409760000000000000e+05
2.471040000000000000e+05
8.518800000000000000e+04
2.518950000000000000e+05
2.500050000000000000e+05
2.397520000000000000e+05
2.454730000000000000e+05
6.893600000000000000e+04
1.290204000000000000e+06
2.729220000000000000e+05
2.235850000000000000e+05
2.137670000000000000e+05
6.549800000000000000e+04
2.483610000000000000e+05
2.121060000000000000e+05
1.987870000000000000e+05
2.009270000000000000e+05
7.648500000000000000e+04
1.951200000000000000e+05
1.726386200000000000e+07
1.478888000000000000e+06
3.564150000000000000e+05
2.107960000000000000e+06
1.908544000000000000e+06
2.065541000000000000e+06
1.984828000000000000e+06
3.298050000000000000e+05
2.660408000000000000e+06
2.890609000000000000e+06
2.814716000000000000e+06
1.371907000000000000e+06
2.084105000000000000e+06
1.269124000000000000e+06
8.327550000000000000e+05
7.357090000000000000e+05
1.260135000000000000e+06
2.925240000000000000e+05
1.405638000000000000e+06
1.145559000000000000e+06
9.591890000000000000e+05
1.753245000000000000e+06
3.194820000000000000e+05
1.856260000000000000e+06
2.074294000000000000e+06
8.845930000000000000e+05
7.545280000000000000e+05
2.324890000000000000e+05
7.718730000000000000e+05
6.830410000000000000e+05
9.143840000000000000e+05
7.896200000000000000e+05
2.065760000000000000e+05
8.363710000000000000e+05
5.802110000000000000e+05
5.667350000000000000e+05
1.769083000000000000e+06
2.190510000000000000e+05
3.741070000000000000e+05
3.578820000000000000e+05
2.375820000000000000e+05
6.308896000000000000e+06
6.561208000000000000e+06
6.412150000000000000e+06
5.960801000000000000e+06
3.653613900000000000e+07
1.526720000000000000e+05
2.349610000000000000e+05
6.151540000000000000e+05
2.614410000000000000e+05
4.418640000000000000e+05
8.433150000000000000e+05
2.183782000000000000e+06
1.666620000000000000e+05
1.678190000000000000e+05
1.568290000000000000e+05
1.595120000000000000e+05
2.065650000000000000e+05
1.950850000000000000e+05
2.060180000000000000e+05
8.110260000000000000e+05
3.112320000000000000e+05
1.563470000000000000e+05
2.102110000000000000e+05
1.593360000000000000e+05
1.987970000000000000e+05
1.776080000000000000e+05
1.940430000000000000e+05
1.688990000000000000e+05
1.504210000000000000e+05
1.694070000000000000e+05
1.661850000000000000e+05
5.571740000000000000e+05
1.427770000000000000e+05
1.553480000000000000e+05
1.512940000000000000e+05
1.852230000000000000e+05
1.684150000000000000e+05
1.770070000000000000e+05
1.627190000000000000e+05
1.732410000000000000e+05
1.803650000000000000e+05
1.450260000000000000e+05
1.770220000000000000e+05
5.739960000000000000e+05
1.332430000000000000e+05
1.632370000000000000e+05
1.767420000000000000e+05
1.363660000000000000e+05
1.748110000000000000e+05
1.707930000000000000e+05
1.686590000000000000e+05
1.766190000000000000e+05
1.923750000000000000e+05
1.161000000000000000e+05
7.288700000000000000e+04
3.607425000000000000e+06
4.420708000000000000e+06
6.022601000000000000e+06
6.454940000000000000e+06
7.902991000000000000e+06
1.139001100000000000e+07
1.807827400000000000e+07
2.735432100000000000e+07
2.477669600000000000e+07
1.466240000000000000e+05
3.334400000000000000e+04
1.249280000000000000e+05
2.816000000000000000e+03
1.024000000000000000e+03
3.072000000000000000e+03
3.520000000000000000e+03
9.856000000000000000e+03
8.576000000000000000e+03
