1.992854617890857469e-03
1.358143975134609585e-03
1.457455369080005135e-03
1.620648831737284655e-03
2.276346797034854187e-03
1.852079962386566020e-03
1.717362436307530741e-03
2.245761585884353817e-03
1.769870965659212959e-03
1.461646346007885577e-03
1.828751596463780915e-03
1.589704857391565024e-03
1.899586242883383744e-03
2.209843259279419946e-03
1.670210215510154307e-03
1.466142401403310253e-03
1.477374673700656942e-03
2.612699294576839495e-03
3.269833934550382595e-03
2.457349478792981989e-03
1.695040942860298388e-03
2.207214005139409175e-03
1.942296579581539702e-03
1.974520715726475924e-03
1.648825366480820764e-03
1.604744852805624258e-03
1.435085218779894815e-03
1.231122341285757543e-03
3.653086448202327950e-03
4.372641180648284553e-03
3.647853565864822394e-03
2.230839340054259143e-03
1.973258232583804950e-03
2.120048172619877838e-03
1.697447510803637817e-03
1.824983934155937791e-03
1.944036548640452194e-03
1.294268718382128201e-03
1.495910826183500771e-03
1.259382241437224242e-03
1.656981228160209338e-03
1.518096729200713512e-03
1.527324014780472678e-03
1.724569489355800905e-03
2.828399502501195706e-03
4.407262153365985174e-03
1.320433697732938463e-03
2.587929874861321505e-03
8.889303726403891557e-04
1.887072673460253331e-03
1.486932988069495417e-03
2.430472082021285091e-03
1.791043670809998887e-03
2.147867241684271473e-03
1.309239458875591190e-03
1.536017859063181033e-03
1.812299092610677011e-03
1.459184309252265378e-03
1.745912331302149848e-03
1.494274496221218058e-03
1.684680925745542322e-03
1.318673698269591044e-03
1.520316779208021095e-03
1.237368178205425218e-03
1.484071316362238274e-03
1.650025082283279425e-03
2.317404909198786910e-03
3.882894710618622555e-03
3.009204475247129976e-03
2.322353797704995032e-03
1.301896977586811067e-03
2.979034631430697421e-03
3.919239433444275840e-03
2.356059859399082038e-03
1.965516602911916624e-03
2.091563964376644356e-03
1.285958046815833351e-03
1.515034104691070872e-03
1.066931899713010170e-03
9.683914736014645561e-04
1.326531536725102664e-03
1.145483441904288644e-03
4.098373854241403949e-03
3.218336494601502576e-03
1.937142196966677330e-03
1.223724877753225391e-03
1.344500431398145280e-03
1.237936652436548391e-03
1.464766709982943471e-03
1.800579603026513341e-03
2.204623514292191472e-03
1.520431771570322430e-03
1.819696880522228468e-03
1.591207705387452740e-03
1.124656768072219027e-03
1.027628515853362895e-03
1.220576454993008023e-03
1.026062332853979082e-03
4.580079292764468839e-03
3.312167342828244501e-03
2.409849199308019239e-03
1.878583025770122440e-03
1.005843383114354232e-03
1.434583080058195225e-03
1.824538237383576452e-03
1.459225181008682844e-03
1.704928988502139170e-03
1.566620748870226803e-03
9.726457855328410947e-04
8.611599604288737051e-04
8.215688523792085080e-04
7.830451134921742173e-04
1.077996143678418674e-03
7.703695167489603771e-04
2.396470835419739400e-03
2.638394816392133219e-03
1.600539278821880296e-03
1.687663266447936685e-03
1.595338834386293529e-03
1.310921039711050468e-03
7.871035815907173605e-04
1.248074875396936205e-03
1.550201818245608822e-03
1.423059515401619559e-03
1.029518348019139214e-03
1.372952363928970059e-03
1.002612405893753885e-03
1.042611826033819182e-03
1.024570432649988790e-03
1.103856774414477705e-03
4.564106869859760676e-03
3.648407605229591916e-03
3.102449819344241504e-03
2.825007146718550542e-03
1.816157094475363398e-03
1.787756900398098682e-03
2.511294196252109034e-03
2.225109022490832401e-03
1.602501123129916084e-03
1.287622435563275537e-03
1.096408221186423882e-03
1.366595508289986018e-03
1.448450931886426530e-03
1.333042877871973893e-03
1.457114122351821622e-03
1.085846197037469794e-03
1.214750445618921438e-03
1.575545226635576002e-03
2.072314826809629890e-03
1.756613270766070123e-03
