8.055904284626448295e-04
2.972970690046037798e-03
7.262628905627192518e-04
3.026005767640613524e-04
3.445135492856810804e-04
2.730024104215661006e-03
1.001941184608303803e-03
9.020999175350682790e-04
8.015054423792832613e-04
1.479315595561955148e-03
3.122016037402509936e-03
1.384166957569771131e-03
2.843933446066720006e-04
2.585259830059648311e-04
4.622292356426212830e-04
1.024502637434978767e-03
1.281683947764286364e-03
9.334837498308039272e-04
3.500369130348672422e-04
3.667798982996519144e-04
1.334732405993403325e-03
4.506814398733125990e-03
3.467653235610650576e-03
2.949212521922831443e-03
1.384614114047718692e-03
5.922817454046133082e-04
2.954746184705876744e-04
2.492421135610463595e-04
2.670395333750718138e-04
2.461963364867125834e-04
1.933425462164846333e-04
2.327925088454265996e-04
2.225815438899864226e-04
2.096256634005072843e-04
3.039250568467743324e-04
2.970713944662184674e-04
3.537432677080842207e-04
2.665622704694060137e-04
2.221796382852152111e-04
2.741559833085455838e-04
3.622970613492589292e-04
2.712993800234632380e-04
2.592737982873202763e-04
2.197238863730917151e-04
3.179977540256214937e-04
5.566729169313599677e-04
2.488395186508593959e-04
2.552931000586269893e-04
3.850315703826696781e-04
3.606288611483411568e-04
5.155855295609454870e-04
2.617484452773113490e-04
2.268262866402969878e-04
2.710970080628687150e-04
2.591768900553385272e-04
2.524611090316253564e-04
3.059129122974110445e-04
2.611595757153569635e-04
2.230771544839249120e-04
2.145966705010861884e-04
3.434247305604065464e-04
3.063681174297721828e-04
4.072444779532296394e-04
2.418036160825871969e-04
2.907389280747394215e-04
2.251094701338787426e-04
2.628740810212635008e-04
2.885503428322928215e-04
2.415811123491144578e-04
2.543101099883617847e-04
2.910074733552478758e-04
3.242132615069953736e-04
2.522726448214783848e-04
2.278735240300496510e-04
2.067223900840395908e-04
2.505776225304116975e-04
2.247141332042460447e-04
2.412213760168373906e-04
2.822516929535638522e-04
2.365898721072138590e-04
3.223882240503012650e-04
2.288162911019357823e-04
7.023384781921802400e-04
3.872261566369711978e-04
3.480917742463196431e-04
4.140157277892235802e-04
1.733653237219570523e-03
4.193985543283475725e-04
9.217417969995615181e-04
1.974603594565877990e-03
9.401396018307225108e-04
2.417056090166779751e-03
7.594157887153884894e-03
3.997507549467540881e-03
4.895404893524792252e-04
1.404928187934719819e-03
2.487037944144943318e-03
1.629504865529585872e-03
1.908866118411628595e-04
2.668670245579311058e-04
2.201551320601482804e-03
1.108377417739556808e-02
1.214343479701450977e-02
8.321192475403247843e-03
4.146973616411897198e-03
5.320496299639850988e-04
1.117646775278104436e-03
6.320817129952567429e-04
2.571232667585619607e-04
2.126388160549864525e-03
2.657300598767339123e-03
1.702717696728349569e-03
1.744567455888605548e-03
1.479021059412534639e-03
8.986033549925096604e-04
3.265010459082466968e-04
2.751510767709641064e-04
3.619814405635911857e-04
2.053914629683202553e-04
3.037775049404222404e-04
8.010638814394165433e-04
1.894923943240626411e-03
1.128634546889739762e-03
4.469037866916786110e-04
3.740303775891154871e-04
6.740052683823773930e-04
1.573693346815044272e-03
3.714150149806015946e-03
5.286689031691778340e-03
7.404566784294284477e-03
3.985161359618310042e-03
2.540349149379600609e-03
2.534585907345726554e-03
1.260441582219130278e-03
1.090160194708376549e-03
2.633362238098974767e-03
1.817044919850875021e-03
7.558032768924219554e-04
5.027527711829360597e-04
3.201746413496886902e-04
5.022376978478464539e-04
3.685258683704194346e-04
5.431156093571461695e-03
7.106167280755075477e-03
8.339564654291892198e-03
5.587137961874202516e-03
5.447023985337238073e-04
3.602555008972583217e-04
8.949737970520850027e-04
3.703437208318385940e-03
