8.361600000000000000e+05
5.202826000000000000e+06
1.482000000000000000e+03
5.442969000000000000e+06
7.194000000000000000e+03
5.325463000000000000e+06
1.289800000000000000e+04
5.730240000000000000e+06
2.696300000000000000e+04
5.691871000000000000e+06
2.128400000000000000e+04
5.681066000000000000e+06
5.496500000000000000e+04
5.746653000000000000e+06
7.683400000000000000e+04
5.666706000000000000e+06
5.862000000000000000e+03
5.539058000000000000e+06
8.113700000000000000e+04
5.512339000000000000e+06
1.101390000000000000e+05
6.295672000000000000e+06
1.748900000000000000e+05
5.243634000000000000e+06
1.197620000000000000e+05
5.797316000000000000e+06
1.537230000000000000e+05
6.643502000000000000e+06
3.055270000000000000e+05
5.258635000000000000e+06
1.572550000000000000e+05
6.712105000000000000e+06
2.440460000000000000e+05
4.910995000000000000e+06
1.446960000000000000e+05
5.291023000000000000e+06
2.038160000000000000e+05
6.144923000000000000e+06
1.906090000000000000e+05
7.506960000000000000e+06
2.874930000000000000e+05
4.640586000000000000e+06
2.859340000000000000e+05
5.447910000000000000e+05
2.620210000000000000e+05
1.205419000000000000e+06
2.060380000000000000e+05
5.668610000000000000e+05
1.442260000000000000e+05
5.378570000000000000e+05
4.576580000000000000e+05
3.363662000000000000e+06
2.627240000000000000e+05
1.309760000000000000e+05
7.915000000000000000e+03
3.809300000000000000e+04
3.641300000000000000e+04
4.283020000000000000e+05
1.140050000000000000e+05
4.933400000000000000e+04
1.370290000000000000e+05
6.661500000000000000e+04
2.001230000000000000e+05
2.505240000000000000e+06
1.613200000000000000e+05
4.532300000000000000e+04
1.949000000000000000e+03
1.259900000000000000e+04
4.411100000000000000e+04
2.342900000000000000e+04
5.291900000000000000e+04
6.619000000000000000e+04
4.467000000000000000e+03
6.280800000000000000e+04
3.549900000000000000e+04
1.779809000000000000e+06
1.500000000000000000e+05
3.315100000000000000e+04
3.038400000000000000e+04
8.677000000000000000e+03
3.840000000000000000e+02
4.129300000000000000e+04
1.211700000000000000e+04
1.945300000000000000e+04
5.335100000000000000e+04
6.099200000000000000e+04
1.435800000000000000e+04
1.845320000000000000e+06
6.079700000000000000e+04
3.251500000000000000e+04
4.950000000000000000e+02
8.197000000000000000e+03
1.448000000000000000e+03
6.914000000000000000e+03
1.200000000000000000e+02
5.835900000000000000e+04
1.401000000000000000e+04
1.923000000000000000e+04
2.305200000000000000e+04
1.348107000000000000e+06
2.811000000000000000e+04
6.746000000000000000e+03
1.720000000000000000e+03
9.885000000000000000e+03
1.430000000000000000e+03
1.148400000000000000e+04
0.000000000000000000e+00
3.175400000000000000e+04
6.810000000000000000e+02
8.020000000000000000e+03
9.344000000000000000e+03
1.052206000000000000e+06
8.791000000000000000e+03
4.474000000000000000e+03
2.100000000000000000e+02
7.138000000000000000e+03
0.000000000000000000e+00
4.718130000000000000e+05
3.589500000000000000e+04
1.841200000000000000e+04
4.800000000000000000e+02
1.099700000000000000e+04
1.662000000000000000e+03
1.675719000000000000e+06
6.952000000000000000e+03
3.540000000000000000e+03
9.970000000000000000e+02
1.200000000000000000e+03
3.600000000000000000e+02
6.960000000000000000e+02
7.420000000000000000e+03
8.640000000000000000e+02
1.131000000000000000e+03
3.503000000000000000e+03
0.000000000000000000e+00
9.285340000000000000e+05
6.423000000000000000e+03
2.090700000000000000e+04
2.400000000000000000e+02
1.574000000000000000e+03
0.000000000000000000e+00
1.704000000000000000e+03
0.000000000000000000e+00
5.798000000000000000e+03
0.000000000000000000e+00
6.600000000000000000e+02
0.000000000000000000e+00
7.999850000000000000e+05
1.699200000000000000e+04
