5.413270000000000000e+05
2.082270000000000000e+05
7.624000000000000000e+03
1.538540000000000000e+05
8.645000000000000000e+03
2.039011000000000000e+06
1.972630000000000000e+05
1.534310000000000000e+05
9.304000000000000000e+04
7.170300000000000000e+04
5.133000000000000000e+03
6.993770000000000000e+05
1.145000000000000000e+04
1.189040000000000000e+05
9.598000000000000000e+03
7.253000000000000000e+04
2.982000000000000000e+03
1.827935000000000000e+06
4.957840000000000000e+05
1.993780000000000000e+05
8.594000000000000000e+03
4.875600000000000000e+04
5.877000000000000000e+03
6.828480000000000000e+05
9.815800000000000000e+04
1.836270000000000000e+05
6.472600000000000000e+04
1.172450000000000000e+05
1.376800000000000000e+04
2.366743000000000000e+06
2.478220000000000000e+05
8.456700000000000000e+04
5.135000000000000000e+03
6.354000000000000000e+04
4.451000000000000000e+03
7.222130000000000000e+05
1.008510000000000000e+05
1.554580000000000000e+05
1.719360000000000000e+05
2.658300000000000000e+04
0.000000000000000000e+00
1.473508000000000000e+06
2.623510000000000000e+05
1.347510000000000000e+05
4.510000000000000000e+03
4.742400000000000000e+04
4.772000000000000000e+03
6.757230000000000000e+05
1.589470000000000000e+05
2.144140000000000000e+05
4.842000000000000000e+03
5.393200000000000000e+04
2.120000000000000000e+03
2.684487000000000000e+06
4.369060000000000000e+05
1.271660000000000000e+05
9.539000000000000000e+03
1.030900000000000000e+05
1.036800000000000000e+04
6.940340000000000000e+05
1.079500000000000000e+04
1.178990000000000000e+05
1.456970000000000000e+05
4.448230000000000000e+05
4.660000000000000000e+03
2.577546000000000000e+06
2.282500000000000000e+05
9.961200000000000000e+04
5.754000000000000000e+03
5.157600000000000000e+04
2.675000000000000000e+03
6.732950000000000000e+05
2.656400000000000000e+04
1.283160000000000000e+05
3.953510000000000000e+05
3.946950000000000000e+05
3.786000000000000000e+03
5.491830000000000000e+05
2.296410000000000000e+05
1.120950000000000000e+05
0.000000000000000000e+00
5.632300000000000000e+04
6.011000000000000000e+03
1.824960000000000000e+05
1.584600000000000000e+04
1.157400000000000000e+05
4.463670000000000000e+05
4.130030000000000000e+05
3.584000000000000000e+03
8.216810000000000000e+05
2.333190000000000000e+05
1.083130000000000000e+05
9.120000000000000000e+02
2.105800000000000000e+04
0.000000000000000000e+00
2.655210000000000000e+05
1.486500000000000000e+04
1.480900000000000000e+04
1.082800000000000000e+04
4.538610000000000000e+05
1.265590000000000000e+05
2.684023000000000000e+06
3.011770000000000000e+05
1.927500000000000000e+04
3.042000000000000000e+03
6.028000000000000000e+03
0.000000000000000000e+00
6.650610000000000000e+05
2.159000000000000000e+03
2.083900000000000000e+04
6.072000000000000000e+03
1.362500000000000000e+04
1.250560000000000000e+05
2.469488000000000000e+06
5.838850000000000000e+05
6.949400000000000000e+04
2.393000000000000000e+04
4.741000000000000000e+04
2.222000000000000000e+03
6.864770000000000000e+05
8.752000000000000000e+03
8.110900000000000000e+04
1.306300000000000000e+04
1.404780000000000000e+05
1.250000000000000000e+04
2.701497000000000000e+06
2.301320000000000000e+05
2.214300000000000000e+05
6.240000000000000000e+03
1.414780000000000000e+05
1.158900000000000000e+04
6.905130000000000000e+05
7.188000000000000000e+03
3.431320000000000000e+05
9.150000000000000000e+03
2.268500000000000000e+05
1.663400000000000000e+04
1.494705000000000000e+06
2.425680000000000000e+05
3.061550000000000000e+05
2.089000000000000000e+04
1.659650000000000000e+05
7.144000000000000000e+03
5.882360000000000000e+05
1.052600000000000000e+04
2.950620000000000000e+05
1.494100000000000000e+04
2.840630000000000000e+05
2.924700000000000000e+04
