1.147976000000000000e+06
1.830800000000000000e+05
1.210800000000000000e+04
1.358420000000000000e+05
1.206600000000000000e+04
1.067300000000000000e+04
0.000000000000000000e+00
2.779640000000000000e+05
6.023000000000000000e+03
2.215240000000000000e+05
9.195000000000000000e+03
1.040243000000000000e+06
4.504800000000000000e+05
3.149660000000000000e+05
1.304100000000000000e+04
8.892200000000000000e+04
7.928000000000000000e+03
4.378000000000000000e+03
0.000000000000000000e+00
2.454150000000000000e+05
1.251400000000000000e+04
3.489000000000000000e+04
2.106000000000000000e+03
6.377690000000000000e+05
4.339420000000000000e+05
6.025900000000000000e+04
8.550000000000000000e+03
5.477600000000000000e+04
2.973000000000000000e+03
1.823000000000000000e+03
0.000000000000000000e+00
7.811800000000000000e+04
8.363000000000000000e+03
4.073200000000000000e+04
6.426000000000000000e+03
8.233510000000000000e+05
4.609340000000000000e+05
8.609800000000000000e+04
9.157000000000000000e+03
2.523500000000000000e+04
0.000000000000000000e+00
4.858000000000000000e+03
0.000000000000000000e+00
8.741300000000000000e+04
6.539000000000000000e+03
6.429800000000000000e+04
8.649000000000000000e+03
5.921280000000000000e+05
4.414760000000000000e+05
9.359100000000000000e+04
1.317500000000000000e+04
1.820000000000000000e+04
0.000000000000000000e+00
3.833000000000000000e+03
5.140000000000000000e+03
4.953700000000000000e+04
0.000000000000000000e+00
8.366300000000000000e+04
6.817000000000000000e+03
1.769566000000000000e+06
4.614620000000000000e+05
1.265740000000000000e+05
1.083400000000000000e+04
1.150430000000000000e+05
1.046400000000000000e+04
8.267000000000000000e+03
0.000000000000000000e+00
1.927280000000000000e+05
1.284400000000000000e+04
7.322900000000000000e+04
3.371000000000000000e+03
6.764570000000000000e+05
4.550250000000000000e+05
3.248460000000000000e+05
1.719300000000000000e+04
1.524380000000000000e+05
1.095000000000000000e+04
6.334000000000000000e+03
0.000000000000000000e+00
1.850120000000000000e+05
1.844000000000000000e+04
8.643900000000000000e+04
9.522000000000000000e+03
7.429780000000000000e+05
4.415320000000000000e+05
1.078870000000000000e+05
7.731000000000000000e+03
8.003700000000000000e+04
5.414000000000000000e+03
1.344000000000000000e+03
0.000000000000000000e+00
8.326600000000000000e+04
4.021000000000000000e+03
3.766800000000000000e+04
1.569000000000000000e+03
1.051975000000000000e+06
4.575950000000000000e+05
1.263410000000000000e+05
5.486000000000000000e+03
8.196000000000000000e+04
0.000000000000000000e+00
1.561700000000000000e+04
0.000000000000000000e+00
1.577870000000000000e+05
4.695000000000000000e+03
1.176340000000000000e+05
2.868000000000000000e+03
7.205610000000000000e+05
4.702150000000000000e+05
1.750300000000000000e+05
1.342300000000000000e+04
9.618800000000000000e+04
1.514000000000000000e+04
1.135000000000000000e+04
0.000000000000000000e+00
1.294000000000000000e+05
9.153000000000000000e+03
8.732200000000000000e+04
4.038000000000000000e+03
9.780180000000000000e+05
4.413510000000000000e+05
6.156200000000000000e+04
1.382300000000000000e+04
2.004900000000000000e+04
1.362000000000000000e+03
5.849000000000000000e+03
0.000000000000000000e+00
2.493900000000000000e+04
1.392000000000000000e+03
3.774100000000000000e+04
0.000000000000000000e+00
6.635350000000000000e+05
4.419920000000000000e+05
1.007540000000000000e+05
5.281000000000000000e+03
4.702600000000000000e+04
7.620000000000000000e+02
1.475300000000000000e+04
3.832000000000000000e+03
1.513940000000000000e+05
1.842000000000000000e+03
1.049940000000000000e+05
8.418000000000000000e+03
7.167330000000000000e+05
4.418030000000000000e+05
2.180720000000000000e+05
1.091400000000000000e+04
2.182380000000000000e+05
1.267300000000000000e+04
