8.498880000000000000e+05
3.135560000000000000e+05
8.212000000000000000e+03
2.650850000000000000e+05
1.524000000000000000e+04
1.554408000000000000e+06
4.965590000000000000e+05
3.593570000000000000e+05
1.340400000000000000e+04
2.224220000000000000e+05
2.138400000000000000e+04
5.614350000000000000e+05
0.000000000000000000e+00
2.597920000000000000e+05
2.447400000000000000e+04
1.487790000000000000e+05
1.032500000000000000e+04
7.862680000000000000e+05
5.031470000000000000e+05
1.565270000000000000e+05
9.106000000000000000e+03
6.245400000000000000e+04
2.263000000000000000e+03
1.804220000000000000e+05
2.627000000000000000e+03
2.121680000000000000e+05
1.016200000000000000e+04
2.360910000000000000e+05
1.428600000000000000e+04
8.686970000000000000e+05
5.131870000000000000e+05
3.431780000000000000e+05
1.216400000000000000e+04
2.631330000000000000e+05
1.477600000000000000e+04
2.166670000000000000e+05
4.241000000000000000e+03
3.619130000000000000e+05
1.250600000000000000e+04
2.208840000000000000e+05
1.528700000000000000e+04
8.245930000000000000e+05
4.853230000000000000e+05
3.490820000000000000e+05
2.160900000000000000e+04
1.786010000000000000e+05
1.061400000000000000e+04
1.859500000000000000e+05
2.575000000000000000e+03
1.802890000000000000e+05
1.863500000000000000e+04
8.334400000000000000e+04
8.648000000000000000e+03
7.922450000000000000e+05
4.813000000000000000e+05
1.887840000000000000e+05
4.517000000000000000e+03
1.478450000000000000e+05
1.355600000000000000e+04
1.670540000000000000e+05
9.660000000000000000e+02
2.487780000000000000e+05
7.514000000000000000e+03
1.468030000000000000e+05
5.123000000000000000e+03
1.059351000000000000e+06
4.632330000000000000e+05
2.271870000000000000e+05
1.582400000000000000e+04
1.336410000000000000e+05
9.069000000000000000e+03
2.879090000000000000e+05
3.450000000000000000e+02
1.877350000000000000e+05
1.221600000000000000e+04
9.154400000000000000e+04
8.072000000000000000e+03
8.051890000000000000e+05
4.700440000000000000e+05
2.204020000000000000e+05
1.998600000000000000e+04
1.328480000000000000e+05
1.777400000000000000e+04
1.787830000000000000e+05
4.691000000000000000e+03
2.425940000000000000e+05
1.163300000000000000e+04
1.791170000000000000e+05
1.482500000000000000e+04
1.044735000000000000e+06
4.558900000000000000e+05
1.837440000000000000e+05
2.700500000000000000e+04
7.852200000000000000e+04
5.066000000000000000e+03
2.696820000000000000e+05
1.434000000000000000e+03
1.075770000000000000e+05
4.962000000000000000e+03
6.907000000000000000e+04
1.118000000000000000e+03
7.805050000000000000e+05
4.583950000000000000e+05
9.949600000000000000e+04
1.086400000000000000e+04
8.423600000000000000e+04
1.708000000000000000e+03
1.638990000000000000e+05
0.000000000000000000e+00
6.518600000000000000e+04
5.221000000000000000e+03
2.729700000000000000e+04
2.878000000000000000e+03
7.381710000000000000e+05
4.677000000000000000e+05
4.849600000000000000e+04
4.299000000000000000e+03
6.938300000000000000e+04
8.083000000000000000e+03
1.543890000000000000e+05
2.291000000000000000e+03
1.193200000000000000e+04
0.000000000000000000e+00
6.532400000000000000e+04
5.851000000000000000e+03
1.530184000000000000e+06
4.133190000000000000e+05
2.721610000000000000e+05
1.800700000000000000e+04
3.057140000000000000e+05
2.219400000000000000e+04
3.749670000000000000e+05
3.447000000000000000e+03
2.640580000000000000e+05
1.740700000000000000e+04
8.643000000000000000e+04
7.979000000000000000e+03
6.443730000000000000e+05
4.122970000000000000e+05
8.507300000000000000e+04
4.121000000000000000e+03
3.786000000000000000e+04
2.485000000000000000e+03
1.267590000000000000e+05
1.959000000000000000e+03
7.018400000000000000e+04
1.914000000000000000e+03
4.794200000000000000e+04
8.870000000000000000e+03
