1.133570000000000000e+06
6.814300000000000000e+04
4.811000000000000000e+03
1.635600000000000000e+04
0.000000000000000000e+00
5.733000000000000000e+03
0.000000000000000000e+00
3.268000000000000000e+03
0.000000000000000000e+00
5.133000000000000000e+03
0.000000000000000000e+00
9.112150000000000000e+05
4.127400000000000000e+05
3.835600000000000000e+04
4.290000000000000000e+03
7.412200000000000000e+04
9.076000000000000000e+03
1.349900000000000000e+04
3.380000000000000000e+03
1.949690000000000000e+05
1.089000000000000000e+04
1.325910000000000000e+05
2.727100000000000000e+04
7.375880000000000000e+05
4.052840000000000000e+05
3.435450000000000000e+05
2.354500000000000000e+04
4.461940000000000000e+05
5.630000000000000000e+04
1.945600000000000000e+04
0.000000000000000000e+00
4.869680000000000000e+05
2.963800000000000000e+04
3.441160000000000000e+05
3.103700000000000000e+04
1.156466000000000000e+06
3.966490000000000000e+05
1.280350000000000000e+05
1.091500000000000000e+04
8.877400000000000000e+04
0.000000000000000000e+00
5.103000000000000000e+03
0.000000000000000000e+00
1.074440000000000000e+05
1.396000000000000000e+03
5.699900000000000000e+04
1.787000000000000000e+03
6.619040000000000000e+05
4.151720000000000000e+05
7.838000000000000000e+04
7.538000000000000000e+03
2.677700000000000000e+04
0.000000000000000000e+00
3.584000000000000000e+03
0.000000000000000000e+00
3.194300000000000000e+04
0.000000000000000000e+00
5.170500000000000000e+04
8.640000000000000000e+02
8.178230000000000000e+05
4.099480000000000000e+05
3.849700000000000000e+04
7.356000000000000000e+03
2.711700000000000000e+04
0.000000000000000000e+00
8.933000000000000000e+03
0.000000000000000000e+00
4.027600000000000000e+04
0.000000000000000000e+00
1.040000000000000000e+04
6.018000000000000000e+03
4.940240000000000000e+05
4.051670000000000000e+05
3.191800000000000000e+04
4.320000000000000000e+03
5.524300000000000000e+04
0.000000000000000000e+00
1.650200000000000000e+04
0.000000000000000000e+00
1.281520000000000000e+05
7.816000000000000000e+03
6.448400000000000000e+04
4.572000000000000000e+03
7.298720000000000000e+05
4.023790000000000000e+05
1.125810000000000000e+05
5.292000000000000000e+03
1.405830000000000000e+05
8.721000000000000000e+03
7.673000000000000000e+03
0.000000000000000000e+00
9.679100000000000000e+04
6.472000000000000000e+03
7.547400000000000000e+04
2.869000000000000000e+03
1.720190000000000000e+06
4.694050000000000000e+05
8.147400000000000000e+04
5.278000000000000000e+03
2.816800000000000000e+04
0.000000000000000000e+00
1.415600000000000000e+04
0.000000000000000000e+00
6.790400000000000000e+04
6.043000000000000000e+03
1.937700000000000000e+04
4.225000000000000000e+03
7.396810000000000000e+05
4.649490000000000000e+05
2.708300000000000000e+04
5.278000000000000000e+03
1.416000000000000000e+03
0.000000000000000000e+00
2.782000000000000000e+03
0.000000000000000000e+00
9.905000000000000000e+03
4.069000000000000000e+03
2.214300000000000000e+04
1.104000000000000000e+03
8.701410000000000000e+05
4.523450000000000000e+05
2.275600000000000000e+04
5.497000000000000000e+03
5.239000000000000000e+03
0.000000000000000000e+00
1.081000000000000000e+04
0.000000000000000000e+00
1.005700000000000000e+04
0.000000000000000000e+00
1.138700000000000000e+04
0.000000000000000000e+00
5.570040000000000000e+05
4.537160000000000000e+05
1.749600000000000000e+04
5.278000000000000000e+03
2.858000000000000000e+03
0.000000000000000000e+00
1.221000000000000000e+03
0.000000000000000000e+00
2.501400000000000000e+04
1.518000000000000000e+03
6.307000000000000000e+03
2.252000000000000000e+03
5.619050000000000000e+05
4.574040000000000000e+05
4.296600000000000000e+04
5.278000000000000000e+03
1.516500000000000000e+04
0.000000000000000000e+00
