8.332540000000000000e+05
3.425300000000000000e+04
1.725000000000000000e+03
1.458500000000000000e+04
0.000000000000000000e+00
8.444590000000000000e+05
4.675160000000000000e+05
3.323000000000000000e+04
5.121000000000000000e+03
4.494000000000000000e+03
0.000000000000000000e+00
5.083570000000000000e+05
1.759000000000000000e+03
3.907000000000000000e+03
0.000000000000000000e+00
4.952000000000000000e+03
0.000000000000000000e+00
5.360800000000000000e+05
4.639190000000000000e+05
2.809600000000000000e+04
5.137000000000000000e+03
1.237000000000000000e+03
0.000000000000000000e+00
1.231280000000000000e+05
1.239000000000000000e+03
2.277000000000000000e+03
0.000000000000000000e+00
2.744700000000000000e+04
0.000000000000000000e+00
7.502650000000000000e+05
4.650890000000000000e+05
2.552900000000000000e+04
5.099000000000000000e+03
1.510000000000000000e+03
0.000000000000000000e+00
1.840370000000000000e+05
1.194000000000000000e+03
0.000000000000000000e+00
0.000000000000000000e+00
0.000000000000000000e+00
0.000000000000000000e+00
5.126720000000000000e+05
4.608370000000000000e+05
3.512300000000000000e+04
5.222000000000000000e+03
1.996900000000000000e+04
0.000000000000000000e+00
1.109860000000000000e+05
1.461000000000000000e+03
2.211400000000000000e+04
0.000000000000000000e+00
3.178000000000000000e+03
0.000000000000000000e+00
5.604520000000000000e+05
4.679150000000000000e+05
3.930200000000000000e+04
6.564000000000000000e+03
5.556100000000000000e+04
0.000000000000000000e+00
1.258570000000000000e+05
2.109000000000000000e+03
1.828700000000000000e+04
0.000000000000000000e+00
1.862500000000000000e+04
1.326000000000000000e+03
1.466068000000000000e+06
4.696830000000000000e+05
4.714900000000000000e+04
3.435000000000000000e+03
4.487000000000000000e+03
0.000000000000000000e+00
3.586650000000000000e+05
1.329000000000000000e+03
3.335500000000000000e+04
3.273000000000000000e+03
9.549000000000000000e+03
0.000000000000000000e+00
5.759150000000000000e+05
4.511710000000000000e+05
2.939500000000000000e+04
3.378000000000000000e+03
9.395000000000000000e+03
0.000000000000000000e+00
1.275650000000000000e+05
5.880000000000000000e+02
2.734600000000000000e+04
0.000000000000000000e+00
1.667500000000000000e+04
0.000000000000000000e+00
7.029380000000000000e+05
4.609790000000000000e+05
1.756300000000000000e+04
3.378000000000000000e+03
6.387000000000000000e+03
0.000000000000000000e+00
1.531020000000000000e+05
8.220000000000000000e+02
1.381600000000000000e+04
0.000000000000000000e+00
3.701000000000000000e+03
0.000000000000000000e+00
5.260620000000000000e+05
4.474060000000000000e+05
1.756300000000000000e+04
3.378000000000000000e+03
6.280000000000000000e+03
0.000000000000000000e+00
1.226160000000000000e+05
6.670000000000000000e+02
1.195800000000000000e+04
2.728000000000000000e+03
3.321200000000000000e+04
0.000000000000000000e+00
5.389130000000000000e+05
4.591000000000000000e+05
9.030400000000000000e+04
7.728000000000000000e+03
8.619800000000000000e+04
0.000000000000000000e+00
1.315130000000000000e+05
1.017000000000000000e+03
1.230070000000000000e+05
2.349700000000000000e+04
1.312890000000000000e+05
5.096000000000000000e+03
7.539490000000000000e+05
4.602040000000000000e+05
2.251280000000000000e+05
1.946800000000000000e+04
1.998850000000000000e+05
2.205400000000000000e+04
1.854290000000000000e+05
1.050000000000000000e+03
3.674080000000000000e+05
3.399500000000000000e+04
3.212740000000000000e+05
2.061200000000000000e+04
7.632040000000000000e+05
4.692730000000000000e+05
4.465810000000000000e+05
2.853200000000000000e+04
3.132210000000000000e+05
3.134800000000000000e+04
1.802950000000000000e+05
0.000000000000000000e+00
4.212870000000000000e+05
2.453400000000000000e+04
3.414780000000000000e+05
4.901400000000000000e+04
