1.114717000000000000e+06
3.486150000000000000e+05
2.674300000000000000e+04
1.642730000000000000e+05
7.093000000000000000e+03
1.122200000000000000e+04
0.000000000000000000e+00
2.026710000000000000e+05
1.396200000000000000e+04
1.075020000000000000e+05
9.759000000000000000e+03
1.060204000000000000e+06
4.617210000000000000e+05
1.527000000000000000e+05
2.264000000000000000e+03
7.315600000000000000e+04
2.947000000000000000e+03
4.912000000000000000e+03
0.000000000000000000e+00
1.548360000000000000e+05
1.059900000000000000e+04
1.233170000000000000e+05
1.304900000000000000e+04
6.772470000000000000e+05
4.613310000000000000e+05
1.995160000000000000e+05
1.425100000000000000e+04
1.240200000000000000e+05
8.503000000000000000e+03
3.358000000000000000e+03
9.200000000000000000e+02
1.832220000000000000e+05
1.891100000000000000e+04
1.292330000000000000e+05
1.350100000000000000e+04
9.378740000000000000e+05
4.405540000000000000e+05
2.461800000000000000e+05
1.717800000000000000e+04
1.968960000000000000e+05
6.256000000000000000e+03
1.122000000000000000e+04
0.000000000000000000e+00
4.111350000000000000e+05
2.080200000000000000e+04
3.267410000000000000e+05
2.333200000000000000e+04
7.536700000000000000e+05
4.378080000000000000e+05
3.841120000000000000e+05
2.288100000000000000e+04
2.133810000000000000e+05
9.054000000000000000e+03
1.136300000000000000e+04
3.602000000000000000e+03
2.475880000000000000e+05
3.308700000000000000e+04
1.612320000000000000e+05
1.059900000000000000e+04
9.162810000000000000e+05
4.290980000000000000e+05
1.558020000000000000e+05
1.464800000000000000e+04
1.007740000000000000e+05
1.349000000000000000e+04
1.038700000000000000e+04
0.000000000000000000e+00
1.161530000000000000e+05
1.126100000000000000e+04
9.078600000000000000e+04
7.992000000000000000e+03
7.044520000000000000e+05
4.216470000000000000e+05
1.355420000000000000e+05
6.572000000000000000e+03
9.410100000000000000e+04
3.957000000000000000e+03
1.161900000000000000e+04
1.247000000000000000e+03
1.553880000000000000e+05
3.395000000000000000e+03
7.626700000000000000e+04
6.317000000000000000e+03
7.380520000000000000e+05
4.236460000000000000e+05
1.641020000000000000e+05
1.081600000000000000e+04
8.630600000000000000e+04
4.824000000000000000e+03
1.306400000000000000e+04
0.000000000000000000e+00
1.608410000000000000e+05
7.416000000000000000e+03
6.774700000000000000e+04
1.327000000000000000e+03
1.028770000000000000e+06
4.577270000000000000e+05
1.195120000000000000e+05
9.274000000000000000e+03
6.237700000000000000e+04
2.444000000000000000e+03
1.193600000000000000e+04
0.000000000000000000e+00
1.331860000000000000e+05
4.061000000000000000e+03
2.694100000000000000e+04
0.000000000000000000e+00
7.388430000000000000e+05
4.300060000000000000e+05
1.796140000000000000e+05
6.103000000000000000e+03
6.990300000000000000e+04
0.000000000000000000e+00
1.656900000000000000e+04
0.000000000000000000e+00
1.733580000000000000e+05
8.858000000000000000e+03
1.439710000000000000e+05
1.262100000000000000e+04
1.693081000000000000e+06
4.544120000000000000e+05
2.073220000000000000e+05
3.368000000000000000e+03
9.122800000000000000e+04
4.425000000000000000e+03
5.827000000000000000e+03
0.000000000000000000e+00
1.977760000000000000e+05
5.667000000000000000e+03
1.384230000000000000e+05
1.413400000000000000e+04
7.088010000000000000e+05
4.519220000000000000e+05
2.253970000000000000e+05
1.790100000000000000e+04
1.638300000000000000e+05
1.529600000000000000e+04
5.965000000000000000e+03
0.000000000000000000e+00
2.488110000000000000e+05
1.763100000000000000e+04
1.630340000000000000e+05
1.884700000000000000e+04
7.345270000000000000e+05
4.624870000000000000e+05
2.939040000000000000e+05
1.646200000000000000e+04
1.663960000000000000e+05
1.587900000000000000e+04
