9.155890000000000000e+05
1.764800000000000000e+04
4.062000000000000000e+03
4.690000000000000000e+02
0.000000000000000000e+00
6.760000000000000000e+02
0.000000000000000000e+00
2.822000000000000000e+03
4.220000000000000000e+02
1.107710000000000000e+05
1.288200000000000000e+04
8.106072900000000000e+07
5.531000000000000000e+03
8.505600000000000000e+04
0.000000000000000000e+00
6.622500000000000000e+04
0.000000000000000000e+00
1.701100000000000000e+04
7.230000000000000000e+02
1.200990000000000000e+05
2.681000000000000000e+03
9.316900000000000000e+04
7.590000000000000000e+02
1.568590000000000000e+06
1.876800000000000000e+04
2.437990000000000000e+05
7.497000000000000000e+03
2.739770000000000000e+05
1.485600000000000000e+04
3.741800000000000000e+04
4.432000000000000000e+03
2.026470000000000000e+05
5.147000000000000000e+03
2.452700000000000000e+05
7.262000000000000000e+03
2.016500000000000000e+06
2.172180000000000000e+05
4.435510000000000000e+05
6.829200000000000000e+04
2.568680000000000000e+05
7.640000000000000000e+03
6.404000000000000000e+04
4.436100000000000000e+04
4.185170000000000000e+05
2.344400000000000000e+04
2.988510000000000000e+05
1.280200000000000000e+04
1.545666000000000000e+06
1.658140000000000000e+05
7.026740000000000000e+05
7.362300000000000000e+04
3.093980000000000000e+05
6.046400000000000000e+04
9.159400000000000000e+04
3.706000000000000000e+03
4.049690000000000000e+05
2.065700000000000000e+04
3.515990000000000000e+05
8.194500000000000000e+04
2.297273000000000000e+06
2.025130000000000000e+05
5.335380000000000000e+05
3.756000000000000000e+04
2.170220000000000000e+05
1.396100000000000000e+04
3.387900000000000000e+04
3.382800000000000000e+04
3.675900000000000000e+05
3.264700000000000000e+04
7.878800000000000000e+04
7.961700000000000000e+04
2.236884000000000000e+06
4.051970000000000000e+05
1.361380000000000000e+05
9.737000000000000000e+03
3.214400000000000000e+04
4.628000000000000000e+03
1.541000000000000000e+04
1.064600000000000000e+04
7.252800000000000000e+04
5.830000000000000000e+03
4.634500000000000000e+04
1.438600000000000000e+04
1.842110000000000000e+06
2.755190000000000000e+05
8.453400000000000000e+04
2.315400000000000000e+04
1.212170000000000000e+05
9.298000000000000000e+03
7.539000000000000000e+03
2.888300000000000000e+04
3.939200000000000000e+04
2.626800000000000000e+04
3.152600000000000000e+04
1.226000000000000000e+03
1.961172000000000000e+06
2.508840000000000000e+05
1.082820000000000000e+05
7.264300000000000000e+04
3.290500000000000000e+04
0.000000000000000000e+00
2.692500000000000000e+04
0.000000000000000000e+00
7.388700000000000000e+04
7.168000000000000000e+03
4.214100000000000000e+04
2.058000000000000000e+03
4.067170000000000000e+05
2.599560000000000000e+05
2.179110000000000000e+05
7.944300000000000000e+04
6.189800000000000000e+04
1.217000000000000000e+03
2.629400000000000000e+04
7.041000000000000000e+03
1.421600000000000000e+05
7.063000000000000000e+03
1.215520000000000000e+05
9.748000000000000000e+03
1.567885000000000000e+06
4.305860000000000000e+05
1.935200000000000000e+05
1.315300000000000000e+04
7.097500000000000000e+04
4.262000000000000000e+03
1.961000000000000000e+04
2.081000000000000000e+03
1.355290000000000000e+05
7.227000000000000000e+03
8.974900000000000000e+04
4.037000000000000000e+03
7.041570000000000000e+05
4.280180000000000000e+05
2.969875500000000000e+07
1.098520000000000000e+05
1.353110000000000000e+05
1.866300000000000000e+04
2.108200000000000000e+04
1.422600000000000000e+04
1.135750000000000000e+05
3.665300000000000000e+04
7.450100000000000000e+04
2.399000000000000000e+04
2.498858000000000000e+06
1.422660000000000000e+05
1.989640000000000000e+05
7.954000000000000000e+03
1.577990000000000000e+05
9.485000000000000000e+03
