8.732290000000000000e+05
3.190440000000000000e+05
1.026000000000000000e+04
2.574730000000000000e+05
1.473100000000000000e+04
8.527310000000000000e+05
4.613590000000000000e+05
4.180930000000000000e+05
2.189700000000000000e+04
2.670090000000000000e+05
1.897200000000000000e+04
5.428700000000000000e+05
1.226000000000000000e+03
4.108090000000000000e+05
3.237800000000000000e+04
2.734640000000000000e+05
1.321400000000000000e+04
7.344930000000000000e+05
4.670340000000000000e+05
4.521300000000000000e+05
2.286100000000000000e+04
2.936110000000000000e+05
2.797000000000000000e+04
1.699680000000000000e+05
2.258000000000000000e+03
3.881510000000000000e+05
4.623400000000000000e+04
2.724380000000000000e+05
2.659300000000000000e+04
9.573570000000000000e+05
4.856130000000000000e+05
3.086690000000000000e+05
1.591500000000000000e+04
1.675240000000000000e+05
1.816700000000000000e+04
2.339670000000000000e+05
4.155000000000000000e+03
2.782590000000000000e+05
3.953900000000000000e+04
1.626550000000000000e+05
8.386000000000000000e+03
7.965080000000000000e+05
4.904250000000000000e+05
2.161160000000000000e+05
1.362800000000000000e+04
8.469700000000000000e+04
2.956000000000000000e+03
1.703190000000000000e+05
2.096000000000000000e+03
9.939600000000000000e+04
6.549000000000000000e+03
4.869800000000000000e+04
1.420000000000000000e+03
7.905920000000000000e+05
4.745110000000000000e+05
8.366800000000000000e+04
0.000000000000000000e+00
4.047500000000000000e+04
4.186000000000000000e+03
1.528340000000000000e+05
3.435000000000000000e+03
7.413600000000000000e+04
6.508000000000000000e+03
8.249700000000000000e+04
7.606000000000000000e+03
8.790290000000000000e+05
4.645230000000000000e+05
1.969820000000000000e+05
9.469000000000000000e+03
1.518360000000000000e+05
8.766000000000000000e+03
2.194670000000000000e+05
1.634000000000000000e+03
3.056260000000000000e+05
1.101600000000000000e+04
2.168640000000000000e+05
1.194800000000000000e+04
6.854720000000000000e+05
4.780170000000000000e+05
3.570150000000000000e+05
1.562200000000000000e+04
2.211980000000000000e+05
1.169600000000000000e+04
1.441810000000000000e+05
1.442000000000000000e+03
3.086750000000000000e+05
1.512000000000000000e+04
2.217900000000000000e+05
1.455500000000000000e+04
1.509383000000000000e+06
5.006680000000000000e+05
2.685870000000000000e+05
2.322600000000000000e+04
1.650470000000000000e+05
1.821500000000000000e+04
3.794430000000000000e+05
1.238000000000000000e+03
1.981180000000000000e+05
2.205300000000000000e+04
1.119820000000000000e+05
2.383000000000000000e+03
6.989110000000000000e+05
5.106080000000000000e+05
9.479500000000000000e+04
1.296700000000000000e+04
2.758200000000000000e+04
2.517000000000000000e+03
1.604280000000000000e+05
1.719000000000000000e+03
7.890600000000000000e+04
5.789000000000000000e+03
4.925500000000000000e+04
6.286000000000000000e+03
6.596140000000000000e+05
4.887250000000000000e+05
7.571300000000000000e+04
9.205000000000000000e+03
9.559900000000000000e+04
5.123000000000000000e+03
1.426500000000000000e+05
2.040000000000000000e+02
1.033220000000000000e+05
6.086000000000000000e+03
5.159500000000000000e+04
9.966000000000000000e+03
8.175570000000000000e+05
4.929260000000000000e+05
1.163080000000000000e+05
2.101100000000000000e+04
7.559900000000000000e+04
2.835000000000000000e+03
1.916610000000000000e+05
7.440000000000000000e+02
1.431830000000000000e+05
6.228000000000000000e+03
1.417560000000000000e+05
7.717000000000000000e+03
6.533950000000000000e+05
5.023820000000000000e+05
2.907750000000000000e+05
2.484300000000000000e+04
2.045200000000000000e+05
9.742000000000000000e+03
1.477390000000000000e+05
2.040000000000000000e+02
3.101930000000000000e+05
1.199600000000000000e+04
2.417450000000000000e+05
1.006700000000000000e+04
