1.191602000000000000e+06
3.611220000000000000e+05
1.519200000000000000e+04
2.323100000000000000e+05
1.805400000000000000e+04
0.000000000000000000e+00
0.000000000000000000e+00
3.215120000000000000e+05
2.039800000000000000e+04
2.207820000000000000e+05
2.035800000000000000e+04
1.069235000000000000e+06
4.996040000000000000e+05
3.001850000000000000e+05
2.543200000000000000e+04
1.420500000000000000e+05
1.074700000000000000e+04
5.759000000000000000e+03
0.000000000000000000e+00
1.461880000000000000e+05
9.312000000000000000e+03
3.617900000000000000e+04
3.110000000000000000e+03
7.017970000000000000e+05
5.053720000000000000e+05
1.384830000000000000e+05
1.968500000000000000e+04
1.453030000000000000e+05
1.780600000000000000e+04
8.483000000000000000e+03
0.000000000000000000e+00
2.480940000000000000e+05
2.028400000000000000e+04
1.887590000000000000e+05
1.513000000000000000e+04
8.451100000000000000e+05
4.923400000000000000e+05
2.924400000000000000e+05
2.854400000000000000e+04
6.032300000000000000e+04
7.385000000000000000e+03
1.104000000000000000e+03
0.000000000000000000e+00
2.355130000000000000e+05
1.753400000000000000e+04
7.433300000000000000e+04
0.000000000000000000e+00
6.515640000000000000e+05
4.979680000000000000e+05
1.186370000000000000e+05
1.375300000000000000e+04
1.564900000000000000e+04
1.056000000000000000e+03
7.837000000000000000e+03
0.000000000000000000e+00
6.518900000000000000e+04
0.000000000000000000e+00
4.608000000000000000e+04
8.640000000000000000e+02
1.393236000000000000e+06
4.547030000000000000e+05
2.621700000000000000e+04
8.640000000000000000e+02
1.055000000000000000e+03
0.000000000000000000e+00
0.000000000000000000e+00
0.000000000000000000e+00
3.457000000000000000e+03
1.392000000000000000e+03
9.361000000000000000e+03
0.000000000000000000e+00
5.053840000000000000e+05
4.614850000000000000e+05
3.754800000000000000e+04
2.262000000000000000e+03
5.134000000000000000e+03
1.542000000000000000e+03
0.000000000000000000e+00
0.000000000000000000e+00
1.368000000000000000e+04
3.402000000000000000e+03
5.217000000000000000e+03
0.000000000000000000e+00
5.195420000000000000e+05
4.534630000000000000e+05
3.305100000000000000e+04
8.640000000000000000e+02
1.356000000000000000e+04
0.000000000000000000e+00
0.000000000000000000e+00
0.000000000000000000e+00
1.532700000000000000e+04
0.000000000000000000e+00
3.311941000000000000e+07
1.795840000000000000e+05
3.691333000000000000e+06
9.663930000000000000e+05
9.950000000000000000e+04
6.484000000000000000e+03
6.718200000000000000e+04
8.154000000000000000e+03
1.329000000000000000e+03
0.000000000000000000e+00
1.359050000000000000e+05
1.539900000000000000e+04
6.597200000000000000e+04
6.965000000000000000e+03
1.290133000000000000e+06
9.509890000000000000e+05
1.067300000000000000e+05
6.781000000000000000e+03
5.255600000000000000e+04
1.584000000000000000e+03
1.952700000000000000e+04
0.000000000000000000e+00
1.671540000000000000e+05
9.655000000000000000e+03
2.223200000000000000e+05
4.208000000000000000e+03
1.936775000000000000e+06
9.880520000000000000e+05
2.058330000000000000e+05
1.519900000000000000e+04
1.136690000000000000e+05
1.140100000000000000e+04
2.129500000000000000e+04
3.804000000000000000e+03
1.357790000000000000e+05
5.160000000000000000e+03
6.148200000000000000e+04
2.103000000000000000e+03
1.368059000000000000e+06
9.808920000000000000e+05
6.532900000000000000e+04
5.854000000000000000e+03
5.651800000000000000e+04
6.942000000000000000e+03
1.811300000000000000e+04
0.000000000000000000e+00
1.229930000000000000e+05
7.941000000000000000e+03
7.166600000000000000e+04
7.462000000000000000e+03
1.291336000000000000e+06
9.854770000000000000e+05
1.521110000000000000e+05
8.316000000000000000e+03
2.107130000000000000e+05
9.869000000000000000e+03
