3.622200000000000000e+05
1.766950000000000000e+05
1.522100000000000000e+04
9.570900000000000000e+04
6.713000000000000000e+03
2.270066000000000000e+06
1.040690000000000000e+06
5.939600000000000000e+04
3.067000000000000000e+03
4.537900000000000000e+04
1.424000000000000000e+03
4.301680000000000000e+05
4.153000000000000000e+03
9.604900000000000000e+04
6.393000000000000000e+03
8.059600000000000000e+04
3.229000000000000000e+03
1.221600000000000000e+06
1.031464000000000000e+06
9.100100000000000000e+04
1.049800000000000000e+04
4.519300000000000000e+04
0.000000000000000000e+00
1.676490000000000000e+05
8.146000000000000000e+03
6.262000000000000000e+04
7.279000000000000000e+03
6.094600000000000000e+04
0.000000000000000000e+00
1.321129000000000000e+06
1.055183000000000000e+06
7.741300000000000000e+04
2.029000000000000000e+03
7.275700000000000000e+04
1.780000000000000000e+03
1.840310000000000000e+05
6.555000000000000000e+03
1.555930000000000000e+05
1.237800000000000000e+04
1.131780000000000000e+05
7.771000000000000000e+03
1.230089000000000000e+06
1.034441000000000000e+06
2.370530000000000000e+05
1.635800000000000000e+04
2.012500000000000000e+05
1.346900000000000000e+04
1.727200000000000000e+05
3.744000000000000000e+03
2.726160000000000000e+05
1.926400000000000000e+04
1.547300000000000000e+05
9.766000000000000000e+03
1.233174000000000000e+06
1.043904000000000000e+06
1.938460000000000000e+05
3.979000000000000000e+03
1.507140000000000000e+05
1.218300000000000000e+04
1.787870000000000000e+05
6.140000000000000000e+03
1.394970000000000000e+05
9.276000000000000000e+03
9.347900000000000000e+04
6.196000000000000000e+03
1.378627000000000000e+06
1.007247000000000000e+06
1.182700000000000000e+05
1.182600000000000000e+04
5.735300000000000000e+04
2.054000000000000000e+03
1.961770000000000000e+05
5.603000000000000000e+03
6.122500000000000000e+04
2.091000000000000000e+03
3.222500000000000000e+04
0.000000000000000000e+00
1.178651000000000000e+06
1.001930000000000000e+06
4.914100000000000000e+04
2.511000000000000000e+03
2.311100000000000000e+04
0.000000000000000000e+00
1.425640000000000000e+05
4.218000000000000000e+03
4.313300000000000000e+04
1.887000000000000000e+03
5.342000000000000000e+04
0.000000000000000000e+00
1.281530000000000000e+06
1.026386000000000000e+06
1.885100000000000000e+04
1.920000000000000000e+02
1.273800000000000000e+04
0.000000000000000000e+00
1.710940000000000000e+05
3.277000000000000000e+03
3.035600000000000000e+04
0.000000000000000000e+00
1.213000000000000000e+04
0.000000000000000000e+00
1.138837000000000000e+06
1.004399000000000000e+06
5.608700000000000000e+04
2.220000000000000000e+02
2.705700000000000000e+04
2.871000000000000000e+03
1.537210000000000000e+05
5.607000000000000000e+03
1.095380000000000000e+05
8.718000000000000000e+03
2.942900000000000000e+04
4.659000000000000000e+03
1.293499000000000000e+06
1.014052000000000000e+06
1.833180000000000000e+05
1.312600000000000000e+04
2.661510000000000000e+05
1.934200000000000000e+04
1.829780000000000000e+05
2.896000000000000000e+03
2.373220000000000000e+05
1.927200000000000000e+04
1.012940000000000000e+05
1.446900000000000000e+04
2.082357000000000000e+06
1.040453000000000000e+06
1.166870000000000000e+05
5.283000000000000000e+03
7.251900000000000000e+04
1.278100000000000000e+04
3.437770000000000000e+05
3.198000000000000000e+03
1.560250000000000000e+05
4.664000000000000000e+03
1.476310000000000000e+05
1.508800000000000000e+04
1.326610000000000000e+06
1.029699000000000000e+06
1.818610000000000000e+05
1.971000000000000000e+03
1.685850000000000000e+05
2.072600000000000000e+04
1.847140000000000000e+05
2.793000000000000000e+03
2.110040000000000000e+05
2.786700000000000000e+04
1.644290000000000000e+05
2.357300000000000000e+04
