1.320456000000000000e+06
1.417200000000000000e+05
4.951000000000000000e+03
8.456300000000000000e+04
2.648000000000000000e+03
6.928000000000000000e+03
0.000000000000000000e+00
2.491060000000000000e+05
1.833100000000000000e+04
2.066300000000000000e+05
3.444100000000000000e+04
1.476761000000000000e+06
1.005620000000000000e+06
3.125330000000000000e+05
1.844600000000000000e+04
2.677270000000000000e+05
2.740400000000000000e+04
6.440000000000000000e+03
2.377000000000000000e+03
3.558800000000000000e+05
3.162000000000000000e+04
2.463960000000000000e+05
1.766200000000000000e+04
1.228253000000000000e+06
1.014364000000000000e+06
3.259570000000000000e+05
1.358000000000000000e+04
2.254890000000000000e+05
2.222700000000000000e+04
1.307900000000000000e+04
2.111000000000000000e+03
2.130960000000000000e+05
1.532100000000000000e+04
7.715100000000000000e+04
5.796000000000000000e+03
1.494582000000000000e+06
1.010880000000000000e+06
1.090640000000000000e+05
1.450600000000000000e+04
4.320200000000000000e+04
6.073000000000000000e+03
1.855700000000000000e+04
1.653000000000000000e+03
6.214400000000000000e+04
8.718000000000000000e+03
3.626400000000000000e+04
0.000000000000000000e+00
1.189630000000000000e+06
1.006534000000000000e+06
6.818000000000000000e+04
1.542000000000000000e+03
3.774200000000000000e+04
0.000000000000000000e+00
8.974000000000000000e+03
3.278000000000000000e+03
7.574700000000000000e+04
4.801000000000000000e+03
9.040900000000000000e+04
2.889000000000000000e+03
1.349856000000000000e+06
1.028988000000000000e+06
7.570600000000000000e+04
2.512000000000000000e+03
3.872800000000000000e+04
0.000000000000000000e+00
1.282200000000000000e+04
0.000000000000000000e+00
1.424790000000000000e+05
8.601000000000000000e+03
9.455300000000000000e+04
2.443000000000000000e+03
1.241853000000000000e+06
9.993430000000000000e+05
1.279770000000000000e+05
1.110700000000000000e+04
7.789100000000000000e+04
3.466000000000000000e+03
1.409000000000000000e+04
0.000000000000000000e+00
1.485170000000000000e+05
1.351000000000000000e+04
8.695800000000000000e+04
1.828000000000000000e+03
1.218558000000000000e+06
1.007954000000000000e+06
1.197820000000000000e+05
7.344000000000000000e+03
1.540160000000000000e+05
8.008000000000000000e+03
8.554000000000000000e+03
0.000000000000000000e+00
1.611770000000000000e+05
1.311600000000000000e+04
1.084530000000000000e+05
4.881000000000000000e+03
1.954428000000000000e+06
1.019215000000000000e+06
1.499060000000000000e+05
5.251000000000000000e+03
1.075880000000000000e+05
2.280000000000000000e+02
7.222000000000000000e+03
0.000000000000000000e+00
1.413360000000000000e+05
1.536700000000000000e+04
6.045700000000000000e+04
5.581000000000000000e+03
1.182842000000000000e+06
1.024310000000000000e+06
4.063100000000000000e+04
6.376000000000000000e+03
1.735400000000000000e+04
0.000000000000000000e+00
9.660000000000000000e+03
0.000000000000000000e+00
8.076200000000000000e+04
3.908000000000000000e+03
6.064300000000000000e+04
2.069000000000000000e+03
1.345197000000000000e+06
1.030412000000000000e+06
4.996800000000000000e+04
1.311000000000000000e+03
1.915800000000000000e+04
1.171000000000000000e+03
4.879000000000000000e+03
0.000000000000000000e+00
4.856100000000000000e+04
0.000000000000000000e+00
3.844000000000000000e+04
8.016000000000000000e+03
1.198563000000000000e+06
1.021528000000000000e+06
6.176400000000000000e+04
6.780000000000000000e+02
4.263600000000000000e+04
0.000000000000000000e+00
4.713000000000000000e+03
0.000000000000000000e+00
7.034800000000000000e+04
0.000000000000000000e+00
3.791900000000000000e+04
0.000000000000000000e+00
1.159618000000000000e+06
1.008859000000000000e+06
2.255800000000000000e+04
1.227000000000000000e+03
4.935500000000000000e+04
1.479000000000000000e+03
