1.273855000000000000e+06
8.410500000000000000e+04
5.388000000000000000e+03
3.278000000000000000e+04
7.007000000000000000e+03
7.704000000000000000e+03
0.000000000000000000e+00
7.151600000000000000e+04
5.752000000000000000e+03
3.395300000000000000e+04
0.000000000000000000e+00
1.378168000000000000e+06
9.832400000000000000e+05
5.719000000000000000e+04
1.890000000000000000e+02
1.225700000000000000e+04
3.057000000000000000e+03
7.695000000000000000e+03
0.000000000000000000e+00
5.456700000000000000e+04
5.468000000000000000e+03
1.763500000000000000e+04
0.000000000000000000e+00
1.158955000000000000e+06
9.839620000000000000e+05
3.974400000000000000e+04
6.450000000000000000e+02
3.769900000000000000e+04
1.923000000000000000e+03
0.000000000000000000e+00
0.000000000000000000e+00
3.538000000000000000e+04
3.120000000000000000e+02
1.003000000000000000e+04
4.377000000000000000e+03
1.347492000000000000e+06
9.709500000000000000e+05
5.899500000000000000e+04
9.090000000000000000e+02
3.903400000000000000e+04
0.000000000000000000e+00
7.723000000000000000e+03
0.000000000000000000e+00
1.007740000000000000e+05
4.976000000000000000e+03
5.788100000000000000e+04
2.130000000000000000e+02
1.167595000000000000e+06
9.693200000000000000e+05
7.979200000000000000e+04
1.002000000000000000e+03
5.030100000000000000e+04
0.000000000000000000e+00
3.904000000000000000e+03
0.000000000000000000e+00
8.858400000000000000e+04
2.498000000000000000e+03
7.356800000000000000e+04
7.522000000000000000e+03
1.268198000000000000e+06
9.840640000000000000e+05
8.844100000000000000e+04
3.512000000000000000e+03
5.706300000000000000e+04
7.825000000000000000e+03
4.394000000000000000e+03
0.000000000000000000e+00
1.110630000000000000e+05
4.045000000000000000e+03
9.989000000000000000e+04
6.367000000000000000e+03
1.189816000000000000e+06
9.944920000000000000e+05
1.627070000000000000e+05
6.450000000000000000e+03
1.258010000000000000e+05
8.513000000000000000e+03
1.062600000000000000e+04
0.000000000000000000e+00
2.049310000000000000e+05
2.211400000000000000e+04
1.324690000000000000e+05
6.132000000000000000e+03
1.192450000000000000e+06
9.935530000000000000e+05
1.447050000000000000e+05
4.486000000000000000e+03
8.226600000000000000e+04
2.224000000000000000e+03
1.536000000000000000e+03
0.000000000000000000e+00
5.187000000000000000e+04
6.963000000000000000e+03
5.322900000000000000e+04
0.000000000000000000e+00
1.234457000000000000e+06
9.990010000000000000e+05
8.260200000000000000e+04
1.900000000000000000e+03
5.923900000000000000e+04
0.000000000000000000e+00
9.371000000000000000e+03
0.000000000000000000e+00
7.607100000000000000e+04
6.039000000000000000e+03
5.311700000000000000e+04
5.879000000000000000e+03
1.153126000000000000e+06
1.000438000000000000e+06
6.087500000000000000e+04
2.784000000000000000e+03
1.020000000000000000e+04
0.000000000000000000e+00
5.422000000000000000e+03
0.000000000000000000e+00
6.452500000000000000e+04
2.652000000000000000e+03
9.400300000000000000e+04
5.744000000000000000e+03
1.938119000000000000e+06
9.894780000000000000e+05
1.101110000000000000e+05
1.739000000000000000e+03
9.154100000000000000e+04
1.086000000000000000e+04
2.538000000000000000e+03
1.920000000000000000e+02
1.132230000000000000e+05
2.227000000000000000e+03
3.504000000000000000e+04
2.013000000000000000e+03
1.123494000000000000e+06
9.875230000000000000e+05
1.505660000000000000e+05
9.379000000000000000e+03
5.415300000000000000e+04
0.000000000000000000e+00
4.043000000000000000e+03
0.000000000000000000e+00
5.858500000000000000e+04
0.000000000000000000e+00
2.304100000000000000e+04
0.000000000000000000e+00
1.168293000000000000e+06
9.927600000000000000e+05
5.450600000000000000e+04
1.890000000000000000e+02
1.814000000000000000e+04
0.000000000000000000e+00
