3.863730000000000000e+05
1.595100000000000000e+04
1.440000000000000000e+03
1.385500000000000000e+04
1.304000000000000000e+03
1.232142000000000000e+06
9.870040000000000000e+05
2.873900000000000000e+04
0.000000000000000000e+00
2.550000000000000000e+03
0.000000000000000000e+00
3.941530000000000000e+05
3.004000000000000000e+03
2.185000000000000000e+04
5.968000000000000000e+03
2.376200000000000000e+04
5.280000000000000000e+02
1.087493000000000000e+06
9.825160000000000000e+05
7.201000000000000000e+04
1.015500000000000000e+04
5.255500000000000000e+04
1.591100000000000000e+04
1.529600000000000000e+05
3.004000000000000000e+03
6.382900000000000000e+04
7.861000000000000000e+03
7.977200000000000000e+04
1.206800000000000000e+04
1.232754000000000000e+06
1.005461000000000000e+06
7.075100000000000000e+04
1.824000000000000000e+03
1.578400000000000000e+04
0.000000000000000000e+00
1.847050000000000000e+05
2.473000000000000000e+03
1.541500000000000000e+04
2.423000000000000000e+03
1.308300000000000000e+04
0.000000000000000000e+00
1.115191000000000000e+06
1.009993000000000000e+06
2.295500000000000000e+04
1.960000000000000000e+02
6.603000000000000000e+03
0.000000000000000000e+00
1.624600000000000000e+05
4.536000000000000000e+03
5.059400000000000000e+04
1.402700000000000000e+04
6.725700000000000000e+04
9.814000000000000000e+03
1.124170000000000000e+06
1.007721000000000000e+06
1.452530000000000000e+05
1.439400000000000000e+04
1.266940000000000000e+05
1.802500000000000000e+04
1.586080000000000000e+05
3.466000000000000000e+03
1.299430000000000000e+05
1.223600000000000000e+04
9.546300000000000000e+04
8.755000000000000000e+03
1.258242000000000000e+06
1.010704000000000000e+06
1.198150000000000000e+05
1.070700000000000000e+04
5.170100000000000000e+04
5.068000000000000000e+03
1.806780000000000000e+05
3.410000000000000000e+03
4.741500000000000000e+04
1.278000000000000000e+03
2.564700000000000000e+04
5.844000000000000000e+03
1.159441000000000000e+06
1.009422000000000000e+06
3.415500000000000000e+04
2.629000000000000000e+03
9.328000000000000000e+03
0.000000000000000000e+00
1.691430000000000000e+05
5.836000000000000000e+03
1.072400000000000000e+04
2.624000000000000000e+03
4.334400000000000000e+04
0.000000000000000000e+00
1.742394000000000000e+06
1.024908000000000000e+06
2.504900000000000000e+04
1.960000000000000000e+02
0.000000000000000000e+00
0.000000000000000000e+00
3.106410000000000000e+05
7.065000000000000000e+03
1.273300000000000000e+04
0.000000000000000000e+00
2.031000000000000000e+03
0.000000000000000000e+00
1.086773000000000000e+06
1.019174000000000000e+06
4.530400000000000000e+04
2.299000000000000000e+03
1.635700000000000000e+04
0.000000000000000000e+00
1.666810000000000000e+05
2.616000000000000000e+03
4.601000000000000000e+04
0.000000000000000000e+00
8.043000000000000000e+03
0.000000000000000000e+00
1.121699000000000000e+06
1.019675000000000000e+06
2.174600000000000000e+04
1.990000000000000000e+02
1.947600000000000000e+04
3.618000000000000000e+03
1.635010000000000000e+05
5.117000000000000000e+03
0.000000000000000000e+00
0.000000000000000000e+00
0.000000000000000000e+00
0.000000000000000000e+00
1.253557000000000000e+06
9.979470000000000000e+05
3.679900000000000000e+04
1.990000000000000000e+02
1.544100000000000000e+04
0.000000000000000000e+00
2.001610000000000000e+05
5.263000000000000000e+03
4.621500000000000000e+04
6.519000000000000000e+03
1.188200000000000000e+04
2.507000000000000000e+03
1.100635000000000000e+06
1.007592000000000000e+06
3.713600000000000000e+04
9.020000000000000000e+02
1.548700000000000000e+04
2.052000000000000000e+03
1.625380000000000000e+05
3.986000000000000000e+03
2.172100000000000000e+04
0.000000000000000000e+00
3.650900000000000000e+04
0.000000000000000000e+00
