1.262452000000000000e+06
1.205270000000000000e+05
1.311700000000000000e+04
1.367860000000000000e+05
6.156000000000000000e+03
3.487000000000000000e+03
4.170000000000000000e+02
1.853680000000000000e+05
8.343000000000000000e+03
8.638400000000000000e+04
3.442000000000000000e+03
1.425368000000000000e+06
9.768640000000000000e+05
1.205620000000000000e+05
1.640900000000000000e+04
5.290900000000000000e+04
3.914000000000000000e+03
1.360800000000000000e+04
0.000000000000000000e+00
4.955300000000000000e+04
9.313000000000000000e+03
1.179800000000000000e+04
0.000000000000000000e+00
1.151381000000000000e+06
9.903380000000000000e+05
1.292500000000000000e+04
1.910000000000000000e+02
3.050300000000000000e+04
0.000000000000000000e+00
0.000000000000000000e+00
0.000000000000000000e+00
1.046900000000000000e+04
0.000000000000000000e+00
1.765700000000000000e+04
0.000000000000000000e+00
1.228395000000000000e+06
9.797180000000000000e+05
2.808300000000000000e+04
0.000000000000000000e+00
2.690300000000000000e+04
4.067000000000000000e+03
6.059000000000000000e+03
3.075000000000000000e+03
6.115700000000000000e+04
7.085000000000000000e+03
4.945800000000000000e+04
4.882000000000000000e+03
1.110741000000000000e+06
9.930270000000000000e+05
9.013000000000000000e+04
5.929000000000000000e+03
6.868600000000000000e+04
7.313000000000000000e+03
6.219000000000000000e+03
0.000000000000000000e+00
1.272110000000000000e+05
5.000000000000000000e+03
1.765160000000000000e+05
2.185300000000000000e+04
1.778399000000000000e+06
9.952810000000000000e+05
1.783120000000000000e+05
1.725900000000000000e+04
1.049210000000000000e+05
8.396000000000000000e+03
1.415300000000000000e+04
9.720000000000000000e+02
7.175400000000000000e+04
6.527000000000000000e+03
2.352900000000000000e+04
0.000000000000000000e+00
1.172535000000000000e+06
1.000963000000000000e+06
3.416500000000000000e+04
1.857000000000000000e+03
1.166300000000000000e+04
0.000000000000000000e+00
4.990000000000000000e+03
0.000000000000000000e+00
1.005800000000000000e+04
0.000000000000000000e+00
5.934000000000000000e+03
0.000000000000000000e+00
1.092128000000000000e+06
9.984580000000000000e+05
2.560300000000000000e+04
1.890000000000000000e+02
2.158300000000000000e+04
2.193000000000000000e+03
0.000000000000000000e+00
0.000000000000000000e+00
5.193000000000000000e+03
0.000000000000000000e+00
8.434000000000000000e+03
0.000000000000000000e+00
1.257937000000000000e+06
1.015449000000000000e+06
3.414400000000000000e+04
4.107000000000000000e+03
3.361000000000000000e+03
0.000000000000000000e+00
5.531000000000000000e+03
0.000000000000000000e+00
5.067000000000000000e+03
4.230000000000000000e+02
5.219000000000000000e+03
0.000000000000000000e+00
1.101439000000000000e+06
1.002260000000000000e+06
1.749400000000000000e+04
1.563000000000000000e+03
4.690000000000000000e+03
2.214000000000000000e+03
2.031000000000000000e+03
0.000000000000000000e+00
1.434100000000000000e+04
0.000000000000000000e+00
2.977500000000000000e+04
1.846000000000000000e+03
1.241465000000000000e+06
9.945790000000000000e+05
1.950200000000000000e+04
2.250000000000000000e+02
0.000000000000000000e+00
0.000000000000000000e+00
0.000000000000000000e+00
0.000000000000000000e+00
6.666000000000000000e+03
0.000000000000000000e+00
4.777000000000000000e+03
0.000000000000000000e+00
1.032112000000000000e+06
9.957770000000000000e+05
1.136300000000000000e+04
2.250000000000000000e+02
2.082000000000000000e+03
0.000000000000000000e+00
3.335000000000000000e+03
0.000000000000000000e+00
1.571700000000000000e+04
0.000000000000000000e+00
1.986000000000000000e+03
0.000000000000000000e+00
1.070365000000000000e+06
9.997500000000000000e+05
1.506100000000000000e+04
2.230000000000000000e+02
5.143300000000000000e+04
3.636000000000000000e+03
