1.847488000000000000e+06
5.356353000000000000e+06
1.739600000000000000e+04
5.581718000000000000e+06
4.054700000000000000e+04
5.321116000000000000e+06
3.177100000000000000e+04
5.777053000000000000e+06
3.279100000000000000e+04
5.667699000000000000e+06
1.684700000000000000e+04
5.602677000000000000e+06
5.633600000000000000e+04
5.715368000000000000e+06
7.871300000000000000e+04
5.633291000000000000e+06
3.010300000000000000e+04
5.537789000000000000e+06
9.868700000000000000e+04
5.628231000000000000e+06
1.004590000000000000e+05
6.197814000000000000e+06
1.624320000000000000e+05
5.290803000000000000e+06
1.255430000000000000e+05
5.665511000000000000e+06
1.295660000000000000e+05
6.681364000000000000e+06
3.661100000000000000e+05
5.252606000000000000e+06
1.368360000000000000e+05
6.744764000000000000e+06
2.195110000000000000e+05
4.805912000000000000e+06
1.268740000000000000e+05
5.285350000000000000e+06
1.922910000000000000e+05
6.154366000000000000e+06
1.747900000000000000e+05
7.611030000000000000e+06
2.945490000000000000e+05
4.662359000000000000e+06
2.697520000000000000e+05
5.347940000000000000e+05
2.595260000000000000e+05
1.208598000000000000e+06
2.011010000000000000e+05
5.660840000000000000e+05
1.388260000000000000e+05
5.394230000000000000e+05
4.602100000000000000e+05
3.426452000000000000e+06
2.951430000000000000e+05
1.349390000000000000e+05
1.034200000000000000e+04
3.914300000000000000e+04
3.323300000000000000e+04
4.198250000000000000e+05
1.143820000000000000e+05
5.068000000000000000e+04
1.408770000000000000e+05
6.414700000000000000e+04
2.129580000000000000e+05
2.469664000000000000e+06
2.046890000000000000e+05
4.126900000000000000e+04
5.245000000000000000e+03
2.032800000000000000e+04
3.743800000000000000e+04
2.258000000000000000e+04
6.708500000000000000e+04
5.722700000000000000e+04
6.073000000000000000e+03
6.874700000000000000e+04
3.633200000000000000e+04
1.715662000000000000e+06
1.909320000000000000e+05
5.718700000000000000e+04
3.152200000000000000e+04
1.116200000000000000e+04
6.270000000000000000e+02
3.254900000000000000e+04
1.803400000000000000e+04
3.054100000000000000e+04
5.510000000000000000e+04
7.500400000000000000e+04
1.414800000000000000e+04
1.736191000000000000e+06
1.087340000000000000e+05
4.457300000000000000e+04
3.471000000000000000e+03
8.279000000000000000e+03
1.735000000000000000e+03
1.354500000000000000e+04
0.000000000000000000e+00
5.252500000000000000e+04
1.966700000000000000e+04
2.154600000000000000e+04
2.088100000000000000e+04
1.238467000000000000e+06
7.227100000000000000e+04
2.885000000000000000e+04
1.871000000000000000e+03
5.846000000000000000e+03
1.990000000000000000e+03
7.664000000000000000e+03
2.990000000000000000e+02
3.853000000000000000e+04
2.482000000000000000e+03
9.469000000000000000e+03
1.454400000000000000e+04
9.435180000000000000e+05
3.946500000000000000e+04
1.240900000000000000e+04
3.581000000000000000e+03
1.453800000000000000e+04
6.160000000000000000e+02
4.971030000000000000e+05
4.464800000000000000e+04
2.329000000000000000e+04
1.270000000000000000e+03
1.355000000000000000e+04
3.131000000000000000e+03
1.584119000000000000e+06
4.537300000000000000e+04
2.088800000000000000e+04
3.348000000000000000e+03
3.116000000000000000e+03
3.360000000000000000e+02
9.780000000000000000e+02
8.726000000000000000e+03
1.331000000000000000e+03
5.037000000000000000e+03
4.487000000000000000e+03
1.850000000000000000e+02
8.398670000000000000e+05
3.856100000000000000e+04
2.435400000000000000e+04
3.072000000000000000e+03
2.846000000000000000e+03
0.000000000000000000e+00
2.621000000000000000e+03
1.660000000000000000e+02
9.506000000000000000e+03
4.560000000000000000e+02
2.236000000000000000e+03
4.790000000000000000e+02
7.304690000000000000e+05
5.005900000000000000e+04
3.243200000000000000e+04
3.650000000000000000e+03
3.503000000000000000e+03
3.115000000000000000e+03
0.000000000000000000e+00
0.000000000000000000e+00
1.143000000000000000e+03
0.000000000000000000e+00
2.529000000000000000e+03
3.840000000000000000e+02
1.263140000000000000e+05
5.806400000000000000e+04
8.154579800000000000e+07
1.540900000000000000e+04
8.971500000000000000e+04
0.000000000000000000e+00
6.727700000000000000e+04
0.000000000000000000e+00
1.935500000000000000e+04
1.065000000000000000e+03
1.218460000000000000e+05
3.101000000000000000e+03
9.978400000000000000e+04
1.440000000000000000e+03
1.372527000000000000e+06
3.314100000000000000e+04
2.447790000000000000e+05
8.566000000000000000e+03
2.851520000000000000e+05
1.637900000000000000e+04
4.079500000000000000e+04
4.478000000000000000e+03
2.025220000000000000e+05
5.294000000000000000e+03
2.458820000000000000e+05
7.059000000000000000e+03
1.970223000000000000e+06
3.262300000000000000e+05
4.524050000000000000e+05
6.987500000000000000e+04
2.563280000000000000e+05
7.466000000000000000e+03
5.693800000000000000e+04
4.500700000000000000e+04
4.162000000000000000e+05
2.527200000000000000e+04
3.070130000000000000e+05
1.424600000000000000e+04
1.499525000000000000e+06
2.529360000000000000e+05
7.661780000000000000e+05
1.273250000000000000e+05
3.674480000000000000e+05
1.162790000000000000e+05
1.468540000000000000e+05
3.814000000000000000e+03
4.059150000000000000e+05
1.931900000000000000e+04
3.502780000000000000e+05
1.374590000000000000e+05
2.247487000000000000e+06
1.828690000000000000e+05
5.749770000000000000e+05
3.710100000000000000e+04
2.202370000000000000e+05
1.342000000000000000e+04
3.497700000000000000e+04
3.521800000000000000e+04
3.676110000000000000e+05
3.739300000000000000e+04
8.024200000000000000e+04
8.772300000000000000e+04
2.236073000000000000e+06
4.229910000000000000e+05
1.359990000000000000e+05
1.016200000000000000e+04
3.149500000000000000e+04
5.169000000000000000e+03
1.641500000000000000e+04
1.061000000000000000e+04
7.368900000000000000e+04
6.464000000000000000e+03
4.629400000000000000e+04
1.694000000000000000e+04
1.696712000000000000e+06
2.211700000000000000e+05
9.378200000000000000e+04
2.113100000000000000e+04
1.178030000000000000e+05
9.932000000000000000e+03
7.068000000000000000e+03
3.010300000000000000e+04
4.013100000000000000e+04
2.695800000000000000e+04
3.456700000000000000e+04
1.717000000000000000e+03
1.935508000000000000e+06
3.895950000000000000e+05
1.579050000000000000e+05
6.878300000000000000e+04
3.068000000000000000e+04
0.000000000000000000e+00
2.513700000000000000e+04
1.379000000000000000e+03
7.188700000000000000e+04
7.444000000000000000e+03
4.330500000000000000e+04
2.342000000000000000e+03
4.898160000000000000e+05
3.970420000000000000e+05
2.675120000000000000e+05
7.563000000000000000e+04
6.054700000000000000e+04
1.251000000000000000e+03
2.469200000000000000e+04
9.650000000000000000e+03
1.424870000000000000e+05
8.086000000000000000e+03
1.218560000000000000e+05
1.017600000000000000e+04
1.512431000000000000e+06
4.445280000000000000e+05
1.946940000000000000e+05
1.336200000000000000e+04
7.226300000000000000e+04
4.310000000000000000e+03
2.142600000000000000e+04
2.570000000000000000e+03
1.336790000000000000e+05
1.097700000000000000e+04
8.863300000000000000e+04
4.672000000000000000e+03
6.990910000000000000e+05
4.446090000000000000e+05
2.975953000000000000e+07
9.466100000000000000e+04
1.366830000000000000e+05
1.710600000000000000e+04
2.001300000000000000e+04
1.720100000000000000e+04
1.145700000000000000e+05
4.254500000000000000e+04
7.353100000000000000e+04
2.117900000000000000e+04
2.350927000000000000e+06
1.499090000000000000e+05
2.016560000000000000e+05
7.367000000000000000e+03
1.551300000000000000e+05
8.413000000000000000e+03
1.479600000000000000e+04
1.368000000000000000e+04
1.943220000000000000e+05
5.866000000000000000e+03
1.516080000000000000e+05
8.102000000000000000e+03
2.126712000000000000e+06
1.479520000000000000e+05
1.436060000000000000e+05
7.722100000000000000e+04
6.789700000000000000e+04
4.810000000000000000e+03
5.977600000000000000e+04
7.605000000000000000e+03
1.128640000000000000e+05
9.011000000000000000e+03
6.812800000000000000e+04
2.997000000000000000e+03
2.012894000000000000e+06
5.251630000000000000e+05
1.876770000000000000e+05
7.863000000000000000e+03
4.648700000000000000e+04
5.411000000000000000e+03
1.559500000000000000e+04
1.288490000000000000e+05
2.086330000000000000e+05
6.514300000000000000e+04
1.130920000000000000e+05
1.289700000000000000e+04
2.442328000000000000e+06
1.988120000000000000e+05
7.861400000000000000e+04
4.680000000000000000e+03
5.784500000000000000e+04
4.146000000000000000e+03
1.619100000000000000e+04
8.197600000000000000e+04
1.930310000000000000e+05
1.594610000000000000e+05
2.314500000000000000e+04
0.000000000000000000e+00
1.551552000000000000e+06
2.710790000000000000e+05
1.256090000000000000e+05
1.923000000000000000e+03
4.523500000000000000e+04
4.074000000000000000e+03
1.590560000000000000e+05
1.508300000000000000e+05
2.435790000000000000e+05
4.134000000000000000e+03
5.089300000000000000e+04
2.062000000000000000e+03
2.753402000000000000e+06
4.222730000000000000e+05
1.161310000000000000e+05
8.405000000000000000e+03
9.516000000000000000e+04
9.753000000000000000e+03
1.644400000000000000e+04
9.298000000000000000e+03
1.095220000000000000e+05
1.460590000000000000e+05
4.473550000000000000e+05
4.198000000000000000e+03
2.639681000000000000e+06
1.821360000000000000e+05
8.859400000000000000e+04
5.023000000000000000e+03
4.531600000000000000e+04
1.607000000000000000e+03
3.354300000000000000e+04
2.587000000000000000e+04
1.206340000000000000e+05
3.808390000000000000e+05
3.943930000000000000e+05
3.740000000000000000e+03
5.201740000000000000e+05
2.120530000000000000e+05
1.040500000000000000e+05
0.000000000000000000e+00
5.406200000000000000e+04
6.456000000000000000e+03
2.712500000000000000e+04
1.357200000000000000e+04
1.098710000000000000e+05
4.297660000000000000e+05
4.154680000000000000e+05
3.328000000000000000e+03
8.148420000000000000e+05
2.137930000000000000e+05
9.902000000000000000e+04
0.000000000000000000e+00
1.915100000000000000e+04
0.000000000000000000e+00
6.979000000000000000e+03
1.385900000000000000e+04
1.439100000000000000e+04
1.139000000000000000e+04
3.796880000000000000e+05
1.233120000000000000e+05
2.745162000000000000e+06
2.849210000000000000e+05
1.636400000000000000e+04
2.176000000000000000e+03
5.859000000000000000e+03
0.000000000000000000e+00
4.983000000000000000e+03
0.000000000000000000e+00
1.940100000000000000e+04
5.489000000000000000e+03
1.377300000000000000e+04
1.224960000000000000e+05
2.593360000000000000e+06
5.899830000000000000e+05
5.898600000000000000e+04
1.855400000000000000e+04
4.540000000000000000e+04
2.277000000000000000e+03
1.536000000000000000e+03
9.038000000000000000e+03
7.950200000000000000e+04
1.181200000000000000e+04
1.408180000000000000e+05
1.233800000000000000e+04
2.732268000000000000e+06
1.910390000000000000e+05
2.147500000000000000e+05
5.444000000000000000e+03
1.360150000000000000e+05
1.025200000000000000e+04
1.662900000000000000e+04
4.424000000000000000e+03
3.391190000000000000e+05
9.099000000000000000e+03
2.246710000000000000e+05
1.491200000000000000e+04
1.625078000000000000e+06
2.041590000000000000e+05
2.930780000000000000e+05
1.877000000000000000e+04
1.605420000000000000e+05
5.987000000000000000e+03
2.588300000000000000e+04
9.451000000000000000e+03
2.867000000000000000e+05
1.377900000000000000e+04
2.765550000000000000e+05
2.695100000000000000e+04
2.928874000000000000e+06
1.906580000000000000e+05
2.719750000000000000e+05
6.426000000000000000e+03
1.619850000000000000e+05
4.962000000000000000e+03
8.073000000000000000e+03
7.584000000000000000e+03
1.317780000000000000e+05
3.174000000000000000e+03
3.208200000000000000e+04
9.600000000000000000e+02
3.002651000000000000e+06
1.738740000000000000e+05
1.699300000000000000e+04
3.508000000000000000e+03
3.212300000000000000e+04
0.000000000000000000e+00
1.051000000000000000e+04
0.000000000000000000e+00
6.688700000000000000e+04
7.248000000000000000e+03
6.647400000000000000e+04
1.949000000000000000e+03
3.568810000000000000e+05
2.067330000000000000e+05
1.515550000000000000e+05
1.125800000000000000e+04
1.644030000000000000e+05
1.140900000000000000e+04
3.045000000000000000e+03
9.030000000000000000e+03
1.868330000000000000e+05
1.941200000000000000e+04
1.162540000000000000e+05
1.494200000000000000e+04
2.889284000000000000e+06
3.985920000000000000e+05
1.331740000000000000e+05
7.970000000000000000e+03
2.295800000000000000e+04
0.000000000000000000e+00
6.599000000000000000e+03
4.056000000000000000e+03
5.618100000000000000e+04
7.972000000000000000e+03
4.383300000000000000e+04
6.990000000000000000e+03
2.351233000000000000e+06
2.227020000000000000e+05
8.864100000000000000e+04
2.702000000000000000e+03
3.337400000000000000e+04
0.000000000000000000e+00
7.092000000000000000e+03
7.660000000000000000e+02
4.852400000000000000e+04
4.947000000000000000e+03
5.742300000000000000e+04
1.140400000000000000e+04
2.512779000000000000e+06
4.076660000000000000e+05
1.083250000000000000e+05
1.701000000000000000e+03
4.596700000000000000e+04
0.000000000000000000e+00
2.816000000000000000e+03
6.720000000000000000e+02
7.583400000000000000e+04
7.747000000000000000e+03
4.707000000000000000e+04
2.700000000000000000e+03
6.327710000000000000e+05
1.228830000000000000e+05
5.362400000000000000e+04
0.000000000000000000e+00
3.316600000000000000e+04
0.000000000000000000e+00
1.776500000000000000e+04
0.000000000000000000e+00
7.442800000000000000e+04
6.775000000000000000e+03
4.029000000000000000e+04
8.129000000000000000e+03
4.033600000000000000e+05
5.337110000000000000e+05
5.255200000000000000e+04
6.644000000000000000e+03
6.037400000000000000e+04
8.960000000000000000e+02
1.536000000000000000e+03
0.000000000000000000e+00
7.109000000000000000e+04
2.665000000000000000e+03
4.181900000000000000e+04
0.000000000000000000e+00
2.204782000000000000e+06
1.908520000000000000e+05
6.719500000000000000e+04
0.000000000000000000e+00
4.607400000000000000e+04
0.000000000000000000e+00
1.156100000000000000e+04
0.000000000000000000e+00
1.359860000000000000e+05
5.138000000000000000e+03
1.044330000000000000e+05
1.217200000000000000e+04
2.499447000000000000e+06
2.046990000000000000e+05
2.465020000000000000e+05
1.431600000000000000e+04
2.139470000000000000e+05
1.138000000000000000e+04
1.010600000000000000e+04
3.720000000000000000e+03
4.187770000000000000e+05
2.329700000000000000e+04
3.750960000000000000e+05
2.151300000000000000e+04
2.999981000000000000e+06
2.345060000000000000e+05
4.704120000000000000e+05
2.572300000000000000e+04
2.779860000000000000e+05
1.273200000000000000e+04
7.635000000000000000e+03
0.000000000000000000e+00
3.423880000000000000e+05
1.432900000000000000e+04
1.611190000000000000e+05
1.679000000000000000e+04
2.860097000000000000e+06
1.649620000000000000e+05
1.616680000000000000e+05
9.300000000000000000e+03
5.521200000000000000e+04
3.360000000000000000e+02
9.224000000000000000e+03
3.066000000000000000e+03
5.956100000000000000e+04
1.381400000000000000e+04
5.204400000000000000e+04
5.117000000000000000e+03
2.260365000000000000e+06
1.707270000000000000e+05
4.974700000000000000e+04
9.760000000000000000e+02
6.456100000000000000e+04
0.000000000000000000e+00
2.373000000000000000e+03
1.032000000000000000e+03
8.462300000000000000e+04
7.681000000000000000e+03
5.211200000000000000e+04
3.018000000000000000e+03
2.552015000000000000e+06
2.024670000000000000e+05
9.781400000000000000e+04
3.520000000000000000e+03
6.095600000000000000e+04
4.120000000000000000e+03
1.251900000000000000e+04
0.000000000000000000e+00
1.103310000000000000e+05
6.633000000000000000e+03
4.217800000000000000e+04
1.031000000000000000e+03
2.530220000000000000e+06
1.681800000000000000e+05
1.364600000000000000e+05
4.386000000000000000e+03
5.671600000000000000e+04
1.335000000000000000e+03
2.312600000000000000e+04
0.000000000000000000e+00
1.595740000000000000e+05
1.050500000000000000e+04
1.353560000000000000e+05
8.687000000000000000e+03
2.324217000000000000e+06
1.612360000000000000e+05
1.582780000000000000e+05
4.114000000000000000e+03
1.211630000000000000e+05
6.696000000000000000e+03
1.378800000000000000e+04
5.227000000000000000e+03
2.223330000000000000e+05
2.136200000000000000e+04
1.269990000000000000e+05
9.438000000000000000e+03
4.732110000000000000e+05
1.778130000000000000e+05
2.043710000000000000e+05
1.220800000000000000e+04
7.664500000000000000e+04
2.841000000000000000e+03
2.839500000000000000e+04
2.089000000000000000e+03
1.869620000000000000e+05
1.150000000000000000e+04
1.006790000000000000e+05
4.610000000000000000e+02
6.043350000000000000e+05
1.625060000000000000e+05
1.269190000000000000e+05
9.720000000000000000e+02
1.249580000000000000e+05
1.625700000000000000e+04
4.854000000000000000e+03
2.124000000000000000e+03
1.437840000000000000e+05
1.413200000000000000e+04
9.483200000000000000e+04
6.356000000000000000e+03
9.427570000000000000e+05
1.464790000000000000e+05
1.736320000000000000e+05
2.136000000000000000e+03
1.000340000000000000e+05
3.034000000000000000e+03
1.303400000000000000e+04
9.591000000000000000e+03
1.786760000000000000e+05
1.792200000000000000e+04
1.022140000000000000e+05
1.349900000000000000e+04
4.345930000000000000e+05
1.515860000000000000e+05
1.168780000000000000e+05
1.770000000000000000e+04
5.671800000000000000e+04
6.125000000000000000e+03
1.516500000000000000e+04
5.569000000000000000e+03
9.771700000000000000e+04
1.217300000000000000e+04
1.649100000000000000e+05
2.097600000000000000e+04
3.207995000000000000e+06
2.597230000000000000e+05
4.832200000000000000e+04
1.809000000000000000e+03
3.930800000000000000e+04
6.144000000000000000e+03
2.719900000000000000e+04
2.486000000000000000e+03
7.775400000000000000e+04
2.590000000000000000e+03
4.685587600000000000e+07
8.179630000000000000e+05
3.552990000000000000e+06
3.901310000000000000e+05
5.160600000000000000e+04
0.000000000000000000e+00
3.692000000000000000e+04
0.000000000000000000e+00
1.207200000000000000e+04
2.552000000000000000e+03
4.978300000000000000e+04
0.000000000000000000e+00
2.636100000000000000e+04
2.204000000000000000e+03
8.048040000000000000e+05
3.967370000000000000e+05
4.937700000000000000e+04
5.028000000000000000e+03
1.062650000000000000e+05
9.377000000000000000e+03
1.571100000000000000e+04
0.000000000000000000e+00
5.394100000000000000e+04
3.752000000000000000e+03
5.170300000000000000e+04
1.620000000000000000e+03
1.387878000000000000e+06
4.357000000000000000e+05
6.869600000000000000e+04
1.002100000000000000e+04
2.672100000000000000e+04
1.263000000000000000e+03
2.253100000000000000e+04
3.909000000000000000e+03
8.265600000000000000e+04
1.032000000000000000e+03
3.468300000000000000e+04
4.234000000000000000e+03
7.026880000000000000e+05
4.337780000000000000e+05
8.088900000000000000e+04
1.134000000000000000e+04
6.132500000000000000e+04
3.060000000000000000e+03
7.508000000000000000e+03
1.344000000000000000e+03
1.052790000000000000e+05
3.310000000000000000e+03
1.160710000000000000e+05
1.738700000000000000e+04
1.125545000000000000e+06
4.377090000000000000e+05
1.647540000000000000e+05
1.023200000000000000e+04
1.328920000000000000e+05
1.224000000000000000e+04
1.009800000000000000e+04
0.000000000000000000e+00
2.741930000000000000e+05
6.089000000000000000e+03
2.184290000000000000e+05
7.962000000000000000e+03
6.382780000000000000e+05
4.409600000000000000e+05
3.147600000000000000e+05
1.285100000000000000e+04
8.845500000000000000e+04
8.004000000000000000e+03
4.207000000000000000e+03
0.000000000000000000e+00
2.437870000000000000e+05
1.220400000000000000e+04
3.501900000000000000e+04
2.067000000000000000e+03
6.213720000000000000e+05
4.246650000000000000e+05
6.089100000000000000e+04
8.435000000000000000e+03
5.541900000000000000e+04
2.905000000000000000e+03
1.684000000000000000e+03
0.000000000000000000e+00
7.782400000000000000e+04
8.331000000000000000e+03
4.027800000000000000e+04
7.217000000000000000e+03
7.759340000000000000e+05
4.510130000000000000e+05
8.621100000000000000e+04
8.973000000000000000e+03
2.510600000000000000e+04
0.000000000000000000e+00
4.900000000000000000e+03
0.000000000000000000e+00
8.729000000000000000e+04
6.548000000000000000e+03
6.379800000000000000e+04
8.817000000000000000e+03
5.832570000000000000e+05
4.315340000000000000e+05
9.255700000000000000e+04
1.315300000000000000e+04
1.823900000000000000e+04
0.000000000000000000e+00
3.887000000000000000e+03
5.177000000000000000e+03
4.915700000000000000e+04
0.000000000000000000e+00
8.228400000000000000e+04
6.737000000000000000e+03
1.673937000000000000e+06
4.560950000000000000e+05
1.256060000000000000e+05
1.035800000000000000e+04
1.153050000000000000e+05
1.060800000000000000e+04
8.104000000000000000e+03
0.000000000000000000e+00
1.936510000000000000e+05
1.281900000000000000e+04
7.333100000000000000e+04
3.434000000000000000e+03
6.610400000000000000e+05
4.492400000000000000e+05
3.229370000000000000e+05
1.662400000000000000e+04
1.511520000000000000e+05
1.096800000000000000e+04
6.388000000000000000e+03
0.000000000000000000e+00
1.834290000000000000e+05
1.750300000000000000e+04
8.451300000000000000e+04
9.649000000000000000e+03
7.187640000000000000e+05
4.344690000000000000e+05
1.077170000000000000e+05
7.403000000000000000e+03
7.994600000000000000e+04
5.434000000000000000e+03
1.344000000000000000e+03
0.000000000000000000e+00
8.187400000000000000e+04
4.019000000000000000e+03
3.755100000000000000e+04
1.618000000000000000e+03
9.959020000000000000e+05
4.512310000000000000e+05
1.254420000000000000e+05
5.196000000000000000e+03
8.225900000000000000e+04
1.456000000000000000e+03
1.404600000000000000e+04
0.000000000000000000e+00
1.572910000000000000e+05
4.373000000000000000e+03
1.153110000000000000e+05
2.817000000000000000e+03
7.036460000000000000e+05
4.624670000000000000e+05
1.730950000000000000e+05
1.315600000000000000e+04
9.573600000000000000e+04
1.515700000000000000e+04
1.104500000000000000e+04
0.000000000000000000e+00
1.288040000000000000e+05
8.976000000000000000e+03
8.634200000000000000e+04
4.077000000000000000e+03
9.254630000000000000e+05
4.334960000000000000e+05
6.077600000000000000e+04
1.367700000000000000e+04
2.032900000000000000e+04
1.467000000000000000e+03
5.406000000000000000e+03
0.000000000000000000e+00
2.455800000000000000e+04
1.320000000000000000e+03
3.860700000000000000e+04
0.000000000000000000e+00
6.433950000000000000e+05
4.333420000000000000e+05
1.009600000000000000e+05
4.980000000000000000e+03
4.757800000000000000e+04
8.040000000000000000e+02
1.475100000000000000e+04
3.646000000000000000e+03
1.525960000000000000e+05
1.547000000000000000e+03
1.058350000000000000e+05
9.388000000000000000e+03
6.917020000000000000e+05
4.334870000000000000e+05
2.157530000000000000e+05
1.096500000000000000e+04
2.150360000000000000e+05
1.219900000000000000e+04
3.685000000000000000e+03
0.000000000000000000e+00
2.989120000000000000e+05
7.385000000000000000e+03
2.594020000000000000e+05
1.411100000000000000e+04
1.539983000000000000e+06
4.583820000000000000e+05
3.514740000000000000e+05
1.222600000000000000e+04
2.166750000000000000e+05
2.119200000000000000e+04
1.078500000000000000e+04
0.000000000000000000e+00
2.550860000000000000e+05
2.355100000000000000e+04
1.458800000000000000e+05
9.893000000000000000e+03
7.721320000000000000e+05
4.756440000000000000e+05
1.492400000000000000e+05
7.550000000000000000e+03
5.721100000000000000e+04
2.240000000000000000e+03
1.883900000000000000e+04
1.440000000000000000e+03
2.094660000000000000e+05
8.438000000000000000e+03
2.335390000000000000e+05
1.337300000000000000e+04
8.506500000000000000e+05
4.887280000000000000e+05
3.322130000000000000e+05
1.042400000000000000e+04
2.541640000000000000e+05
1.371600000000000000e+04
1.685100000000000000e+04
3.365000000000000000e+03
3.523660000000000000e+05
1.116700000000000000e+04
2.155140000000000000e+05
1.403900000000000000e+04
8.084650000000000000e+05
4.639250000000000000e+05
3.364530000000000000e+05
1.891900000000000000e+04
1.709630000000000000e+05
9.793000000000000000e+03
1.576400000000000000e+04
0.000000000000000000e+00
1.730140000000000000e+05
1.628200000000000000e+04
7.935600000000000000e+04
8.136000000000000000e+03
7.859240000000000000e+05
4.650320000000000000e+05
1.794900000000000000e+05
3.289000000000000000e+03
1.437680000000000000e+05
1.260600000000000000e+04
4.781000000000000000e+03
0.000000000000000000e+00
2.413910000000000000e+05
6.619000000000000000e+03
1.433450000000000000e+05
4.081000000000000000e+03
1.059492000000000000e+06
4.383820000000000000e+05
2.162630000000000000e+05
1.311800000000000000e+04
1.280890000000000000e+05
8.966000000000000000e+03
9.100000000000000000e+03
0.000000000000000000e+00
1.819790000000000000e+05
1.189200000000000000e+04
8.994300000000000000e+04
7.877000000000000000e+03
7.923590000000000000e+05
4.509630000000000000e+05
2.097220000000000000e+05
1.803900000000000000e+04
1.256970000000000000e+05
1.518300000000000000e+04
1.408700000000000000e+04
4.759000000000000000e+03
2.346850000000000000e+05
1.143700000000000000e+04
1.728490000000000000e+05
1.501400000000000000e+04
1.032063000000000000e+06
4.303340000000000000e+05
1.734670000000000000e+05
2.533900000000000000e+04
7.483500000000000000e+04
5.030000000000000000e+03
2.337200000000000000e+04
7.230000000000000000e+02
9.881200000000000000e+04
4.621000000000000000e+03
6.577600000000000000e+04
1.041000000000000000e+03
7.592810000000000000e+05
4.366360000000000000e+05
9.402600000000000000e+04
9.460000000000000000e+03
7.943100000000000000e+04
1.593000000000000000e+03
7.963000000000000000e+03
0.000000000000000000e+00
6.191800000000000000e+04
4.883000000000000000e+03
2.583600000000000000e+04
2.598000000000000000e+03
7.161430000000000000e+05
4.486990000000000000e+05
4.659600000000000000e+04
3.299000000000000000e+03
6.658400000000000000e+04
7.677000000000000000e+03
4.591000000000000000e+03
0.000000000000000000e+00
1.162500000000000000e+04
0.000000000000000000e+00
6.304500000000000000e+04
5.831000000000000000e+03
1.528155000000000000e+06
3.928310000000000000e+05
2.720370000000000000e+05
1.667200000000000000e+04
3.048570000000000000e+05
2.087700000000000000e+04
9.759000000000000000e+03
1.437000000000000000e+03
2.653670000000000000e+05
1.678000000000000000e+04
8.383600000000000000e+04
7.834000000000000000e+03
6.294910000000000000e+05
3.973000000000000000e+05
8.189300000000000000e+04
4.210000000000000000e+03
3.365100000000000000e+04
2.236000000000000000e+03
0.000000000000000000e+00
0.000000000000000000e+00
6.616000000000000000e+04
1.758000000000000000e+03
4.673200000000000000e+04
8.727000000000000000e+03
8.289870000000000000e+05
4.167040000000000000e+05
5.627300000000000000e+04
4.205000000000000000e+03
1.589000000000000000e+04
0.000000000000000000e+00
5.727000000000000000e+03
0.000000000000000000e+00
3.255000000000000000e+03
0.000000000000000000e+00
5.790000000000000000e+03
0.000000000000000000e+00
5.078730000000000000e+05
4.012080000000000000e+05
3.880000000000000000e+04
4.205000000000000000e+03
7.343200000000000000e+04
8.841000000000000000e+03
1.322200000000000000e+04
3.536000000000000000e+03
1.945750000000000000e+05
1.071800000000000000e+04
1.333340000000000000e+05
2.703700000000000000e+04
7.165410000000000000e+05
3.979730000000000000e+05
3.404800000000000000e+05
2.307400000000000000e+04
4.380260000000000000e+05
5.503100000000000000e+04
1.783700000000000000e+04
0.000000000000000000e+00
4.802460000000000000e+05
2.818100000000000000e+04
3.366240000000000000e+05
2.986600000000000000e+04
1.084472000000000000e+06
3.894420000000000000e+05
1.279310000000000000e+05
9.719000000000000000e+03
8.794500000000000000e+04
0.000000000000000000e+00
5.060000000000000000e+03
0.000000000000000000e+00
1.058330000000000000e+05
1.397000000000000000e+03
5.715700000000000000e+04
1.827000000000000000e+03
6.367210000000000000e+05
4.069650000000000000e+05
7.882200000000000000e+04
7.344000000000000000e+03
2.697500000000000000e+04
0.000000000000000000e+00
3.584000000000000000e+03
0.000000000000000000e+00
3.196600000000000000e+04
0.000000000000000000e+00
5.179000000000000000e+04
7.110000000000000000e+02
7.678370000000000000e+05
4.024130000000000000e+05
3.859000000000000000e+04
7.199000000000000000e+03
2.684200000000000000e+04
0.000000000000000000e+00
8.929000000000000000e+03
0.000000000000000000e+00
4.077600000000000000e+04
0.000000000000000000e+00
1.042400000000000000e+04
6.090000000000000000e+03
4.798910000000000000e+05
3.982260000000000000e+05
3.179500000000000000e+04
4.254000000000000000e+03
5.433200000000000000e+04
0.000000000000000000e+00
1.575400000000000000e+04
0.000000000000000000e+00
1.276600000000000000e+05
8.253000000000000000e+03
6.429300000000000000e+04
4.355000000000000000e+03
7.061150000000000000e+05
3.968020000000000000e+05
1.128600000000000000e+05
5.241000000000000000e+03
1.384630000000000000e+05
8.578000000000000000e+03
7.182000000000000000e+03
0.000000000000000000e+00
9.587600000000000000e+04
5.985000000000000000e+03
7.511000000000000000e+04
1.769000000000000000e+03
1.616335000000000000e+06
4.596390000000000000e+05
7.957800000000000000e+04
5.002000000000000000e+03
2.824800000000000000e+04
0.000000000000000000e+00
1.409700000000000000e+04
0.000000000000000000e+00
6.715100000000000000e+04
6.369000000000000000e+03
1.767000000000000000e+04
3.856000000000000000e+03
7.171120000000000000e+05
4.540760000000000000e+05
2.676700000000000000e+04
5.002000000000000000e+03
1.464000000000000000e+03
0.000000000000000000e+00
2.684000000000000000e+03
0.000000000000000000e+00
1.002800000000000000e+04
4.013000000000000000e+03
2.323300000000000000e+04
1.080000000000000000e+03
8.192480000000000000e+05
4.401000000000000000e+05
2.025500000000000000e+04
5.002000000000000000e+03
4.255000000000000000e+03
0.000000000000000000e+00
1.065700000000000000e+04
0.000000000000000000e+00
8.893000000000000000e+03
0.000000000000000000e+00
1.119200000000000000e+04
0.000000000000000000e+00
5.352150000000000000e+05
4.417920000000000000e+05
1.736000000000000000e+04
5.002000000000000000e+03
3.136000000000000000e+03
0.000000000000000000e+00
1.185000000000000000e+03
0.000000000000000000e+00
2.487100000000000000e+04
0.000000000000000000e+00
6.109000000000000000e+03
2.358000000000000000e+03
5.404970000000000000e+05
4.464610000000000000e+05
4.290700000000000000e+04
5.002000000000000000e+03
1.481800000000000000e+04
0.000000000000000000e+00
5.358000000000000000e+03
0.000000000000000000e+00
2.031900000000000000e+04
0.000000000000000000e+00
1.387800000000000000e+04
0.000000000000000000e+00
8.113610000000000000e+05
4.443860000000000000e+05
2.914000000000000000e+04
5.002000000000000000e+03
4.494000000000000000e+03
0.000000000000000000e+00
3.630000000000000000e+03
0.000000000000000000e+00
3.514000000000000000e+03
0.000000000000000000e+00
4.420000000000000000e+03
0.000000000000000000e+00
5.132940000000000000e+05
4.510850000000000000e+05
2.783700000000000000e+04
5.002000000000000000e+03
1.253000000000000000e+03
0.000000000000000000e+00
4.956000000000000000e+03
0.000000000000000000e+00
2.187000000000000000e+03
0.000000000000000000e+00
2.653400000000000000e+04
0.000000000000000000e+00
7.249530000000000000e+05
4.490250000000000000e+05
2.465300000000000000e+04
4.967000000000000000e+03
1.255000000000000000e+03
0.000000000000000000e+00
0.000000000000000000e+00
0.000000000000000000e+00
0.000000000000000000e+00
0.000000000000000000e+00
0.000000000000000000e+00
0.000000000000000000e+00
4.872220000000000000e+05
4.469900000000000000e+05
3.405500000000000000e+04
4.967000000000000000e+03
1.970800000000000000e+04
0.000000000000000000e+00
2.231000000000000000e+03
0.000000000000000000e+00
2.123200000000000000e+04
0.000000000000000000e+00
3.171000000000000000e+03
0.000000000000000000e+00
5.365310000000000000e+05
4.520240000000000000e+05
3.734300000000000000e+04
6.087000000000000000e+03
5.301100000000000000e+04
0.000000000000000000e+00
2.048000000000000000e+03
0.000000000000000000e+00
1.636000000000000000e+04
0.000000000000000000e+00
1.658200000000000000e+04
1.266000000000000000e+03
1.473509000000000000e+06
4.487500000000000000e+05
4.340100000000000000e+04
3.402000000000000000e+03
4.418000000000000000e+03
0.000000000000000000e+00
5.075000000000000000e+03
0.000000000000000000e+00
3.172500000000000000e+04
3.447000000000000000e+03
9.329000000000000000e+03
0.000000000000000000e+00
5.509910000000000000e+05
4.425810000000000000e+05
2.809300000000000000e+04
3.402000000000000000e+03
8.167000000000000000e+03
0.000000000000000000e+00
5.024000000000000000e+03
0.000000000000000000e+00
2.572200000000000000e+04
0.000000000000000000e+00
1.536300000000000000e+04
0.000000000000000000e+00
6.714430000000000000e+05
4.465980000000000000e+05
1.681300000000000000e+04
3.402000000000000000e+03
5.127000000000000000e+03
0.000000000000000000e+00
2.048000000000000000e+03
0.000000000000000000e+00
1.279200000000000000e+04
0.000000000000000000e+00
3.055000000000000000e+03
0.000000000000000000e+00
5.020360000000000000e+05
4.370030000000000000e+05
1.681300000000000000e+04
3.402000000000000000e+03
5.819000000000000000e+03
0.000000000000000000e+00
4.478000000000000000e+03
0.000000000000000000e+00
1.049900000000000000e+04
2.766000000000000000e+03
3.041000000000000000e+04
0.000000000000000000e+00
5.157410000000000000e+05
4.463140000000000000e+05
8.759300000000000000e+04
7.941000000000000000e+03
8.405800000000000000e+04
0.000000000000000000e+00
4.400000000000000000e+03
0.000000000000000000e+00
1.195950000000000000e+05
2.188600000000000000e+04
1.302730000000000000e+05
4.330000000000000000e+03
7.351190000000000000e+05
4.443440000000000000e+05
2.178230000000000000e+05
1.817900000000000000e+04
1.947480000000000000e+05
2.121100000000000000e+04
1.895500000000000000e+04
7.210000000000000000e+02
3.631390000000000000e+05
3.266700000000000000e+04
3.171110000000000000e+05
2.008100000000000000e+04
7.487000000000000000e+05
4.530710000000000000e+05
4.361370000000000000e+05
2.673300000000000000e+04
3.048690000000000000e+05
2.915800000000000000e+04
1.193900000000000000e+04
0.000000000000000000e+00
4.144960000000000000e+05
2.455000000000000000e+04
3.384760000000000000e+05
4.774100000000000000e+04
1.563654000000000000e+06
4.287160000000000000e+05
3.367280000000000000e+05
2.551600000000000000e+04
1.628330000000000000e+05
6.843000000000000000e+03
1.060400000000000000e+04
0.000000000000000000e+00
2.014020000000000000e+05
1.346800000000000000e+04
1.062590000000000000e+05
9.829000000000000000e+03
6.619330000000000000e+05
4.539980000000000000e+05
1.527770000000000000e+05
2.012000000000000000e+03
7.210100000000000000e+04
2.353000000000000000e+03
4.400000000000000000e+03
0.000000000000000000e+00
1.547160000000000000e+05
1.063000000000000000e+04
1.219400000000000000e+05
1.317000000000000000e+04
6.613820000000000000e+05
4.520170000000000000e+05
1.982170000000000000e+05
1.441100000000000000e+04
1.225690000000000000e+05
8.334000000000000000e+03
2.872000000000000000e+03
0.000000000000000000e+00
1.821790000000000000e+05
1.868900000000000000e+04
1.282600000000000000e+05
1.319600000000000000e+04
8.889520000000000000e+05
4.313890000000000000e+05
2.456420000000000000e+05
1.679500000000000000e+04
1.961020000000000000e+05
6.243000000000000000e+03
1.097400000000000000e+04
0.000000000000000000e+00
4.123830000000000000e+05
2.015600000000000000e+04
3.263340000000000000e+05
2.294100000000000000e+04
7.347540000000000000e+05
4.280270000000000000e+05
3.833700000000000000e+05
2.282200000000000000e+04
2.112590000000000000e+05
9.054000000000000000e+03
9.419000000000000000e+03
3.444000000000000000e+03
2.468940000000000000e+05
3.301000000000000000e+04
1.589530000000000000e+05
1.061800000000000000e+04
8.718670000000000000e+05
4.206890000000000000e+05
1.555270000000000000e+05
1.479800000000000000e+04
1.002670000000000000e+05
1.332700000000000000e+04
9.796000000000000000e+03
0.000000000000000000e+00
1.158560000000000000e+05
1.116800000000000000e+04
8.989600000000000000e+04
8.205000000000000000e+03
6.737080000000000000e+05
4.128990000000000000e+05
1.321980000000000000e+05
6.361000000000000000e+03
9.184900000000000000e+04
2.954000000000000000e+03
1.094600000000000000e+04
1.241000000000000000e+03
1.517570000000000000e+05
3.624000000000000000e+03
7.536000000000000000e+04
6.314000000000000000e+03
7.105680000000000000e+05
4.183970000000000000e+05
1.605260000000000000e+05
1.089300000000000000e+04
8.415900000000000000e+04
4.939000000000000000e+03
1.256000000000000000e+04
0.000000000000000000e+00
1.572700000000000000e+05
7.950000000000000000e+03
6.555000000000000000e+04
1.271000000000000000e+03
9.619450000000000000e+05
4.489270000000000000e+05
1.185550000000000000e+05
9.506000000000000000e+03
6.122800000000000000e+04
2.303000000000000000e+03
1.156100000000000000e+04
0.000000000000000000e+00
1.325540000000000000e+05
3.767000000000000000e+03
2.625900000000000000e+04
0.000000000000000000e+00
7.080130000000000000e+05
4.209560000000000000e+05
1.780670000000000000e+05
6.139000000000000000e+03
6.991700000000000000e+04
0.000000000000000000e+00
1.616000000000000000e+04
0.000000000000000000e+00
1.710830000000000000e+05
8.784000000000000000e+03
1.405720000000000000e+05
1.259200000000000000e+04
1.594324000000000000e+06
4.435380000000000000e+05
2.059710000000000000e+05
3.112000000000000000e+03
9.158000000000000000e+04
4.505000000000000000e+03
5.858000000000000000e+03
0.000000000000000000e+00
1.962310000000000000e+05
5.259000000000000000e+03
1.385550000000000000e+05
1.411700000000000000e+04
6.883160000000000000e+05
4.401000000000000000e+05
2.252550000000000000e+05
1.774000000000000000e+04
1.631700000000000000e+05
1.521900000000000000e+04
6.125000000000000000e+03
0.000000000000000000e+00
2.478850000000000000e+05
1.753400000000000000e+04
1.626140000000000000e+05
1.916900000000000000e+04
7.106510000000000000e+05
4.524760000000000000e+05
2.915370000000000000e+05
1.590800000000000000e+04
1.668550000000000000e+05
1.673100000000000000e+04
3.507000000000000000e+03
0.000000000000000000e+00
3.035700000000000000e+05
6.846000000000000000e+03
2.532910000000000000e+05
1.342400000000000000e+04
8.298190000000000000e+05
4.349580000000000000e+05
4.135520000000000000e+05
1.965000000000000000e+04
2.565870000000000000e+05
1.677400000000000000e+04
1.146400000000000000e+04
0.000000000000000000e+00
4.057640000000000000e+05
3.158600000000000000e+04
2.694460000000000000e+05
1.237300000000000000e+04
7.164080000000000000e+05
4.484490000000000000e+05
4.431690000000000000e+05
1.985500000000000000e+04
2.877400000000000000e+05
2.633600000000000000e+04
1.961600000000000000e+04
0.000000000000000000e+00
3.799510000000000000e+05
4.520400000000000000e+04
2.702380000000000000e+05
2.607800000000000000e+04
9.506790000000000000e+05
4.628060000000000000e+05
2.963490000000000000e+05
1.376900000000000000e+04
1.597600000000000000e+05
1.634600000000000000e+04
2.291800000000000000e+04
0.000000000000000000e+00
2.683310000000000000e+05
3.814100000000000000e+04
1.563490000000000000e+05
8.020000000000000000e+03
7.913580000000000000e+05
4.709930000000000000e+05
2.061640000000000000e+05
1.301100000000000000e+04
8.085500000000000000e+04
2.696000000000000000e+03
5.680000000000000000e+03
0.000000000000000000e+00
9.470200000000000000e+04
5.978000000000000000e+03
4.825200000000000000e+04
1.280000000000000000e+03
7.662040000000000000e+05
4.567230000000000000e+05
8.072500000000000000e+04
0.000000000000000000e+00
3.820700000000000000e+04
3.421000000000000000e+03
1.311000000000000000e+03
0.000000000000000000e+00
7.174500000000000000e+04
6.113000000000000000e+03
8.048300000000000000e+04
7.505000000000000000e+03
8.614860000000000000e+05
4.461710000000000000e+05
1.871830000000000000e+05
8.963000000000000000e+03
1.426660000000000000e+05
8.214000000000000000e+03
4.533000000000000000e+03
0.000000000000000000e+00
2.981990000000000000e+05
1.045200000000000000e+04
2.113720000000000000e+05
1.077700000000000000e+04
6.661810000000000000e+05
4.611110000000000000e+05
3.469860000000000000e+05
1.429300000000000000e+04
2.112260000000000000e+05
1.029100000000000000e+04
0.000000000000000000e+00
0.000000000000000000e+00
3.044340000000000000e+05
1.461300000000000000e+04
2.168410000000000000e+05
1.461200000000000000e+04
1.515464000000000000e+06
4.763220000000000000e+05
2.584690000000000000e+05
2.124400000000000000e+04
1.546530000000000000e+05
1.753500000000000000e+04
0.000000000000000000e+00
0.000000000000000000e+00
1.904220000000000000e+05
2.043900000000000000e+04
1.066340000000000000e+05
2.361000000000000000e+03
6.845370000000000000e+05
4.889110000000000000e+05
9.251500000000000000e+04
1.215400000000000000e+04
2.579000000000000000e+04
1.770000000000000000e+03
1.227400000000000000e+04
0.000000000000000000e+00
7.528900000000000000e+04
5.737000000000000000e+03
4.825500000000000000e+04
5.961000000000000000e+03
6.447340000000000000e+05
4.706990000000000000e+05
7.310100000000000000e+04
8.878000000000000000e+03
9.224300000000000000e+04
4.706000000000000000e+03
0.000000000000000000e+00
0.000000000000000000e+00
1.026270000000000000e+05
5.972000000000000000e+03
5.118900000000000000e+04
1.010600000000000000e+04
8.027470000000000000e+05
4.785330000000000000e+05
1.130460000000000000e+05
2.038500000000000000e+04
7.363200000000000000e+04
2.592000000000000000e+03
1.025000000000000000e+04
0.000000000000000000e+00
1.400610000000000000e+05
6.119000000000000000e+03
1.385380000000000000e+05
7.588000000000000000e+03
6.436260000000000000e+05
4.842800000000000000e+05
2.818630000000000000e+05
2.470400000000000000e+04
1.958590000000000000e+05
9.239000000000000000e+03
3.103000000000000000e+03
0.000000000000000000e+00
3.041950000000000000e+05
1.125400000000000000e+04
2.387930000000000000e+05
9.744000000000000000e+03
8.311280000000000000e+05
4.956780000000000000e+05
3.498710000000000000e+05
1.374200000000000000e+04
2.303110000000000000e+05
1.830100000000000000e+04
0.000000000000000000e+00
0.000000000000000000e+00
3.176820000000000000e+05
1.957500000000000000e+04
2.178670000000000000e+05
2.030900000000000000e+04
6.702790000000000000e+05
4.893090000000000000e+05
2.989060000000000000e+05
2.534100000000000000e+04
1.416230000000000000e+05
1.037700000000000000e+04
5.726000000000000000e+03
0.000000000000000000e+00
1.455150000000000000e+05
9.319000000000000000e+03
3.642800000000000000e+04
3.057000000000000000e+03
6.789130000000000000e+05
4.938380000000000000e+05
1.366160000000000000e+05
1.939600000000000000e+04
1.438810000000000000e+05
1.769900000000000000e+04
8.971000000000000000e+03
0.000000000000000000e+00
2.481570000000000000e+05
2.032200000000000000e+04
1.891410000000000000e+05
1.527100000000000000e+04
8.055390000000000000e+05
4.824860000000000000e+05
2.906870000000000000e+05
2.788700000000000000e+04
5.965500000000000000e+04
7.393000000000000000e+03
1.142000000000000000e+03
0.000000000000000000e+00
2.338040000000000000e+05
1.752500000000000000e+04
7.348100000000000000e+04
0.000000000000000000e+00
6.344980000000000000e+05
4.881080000000000000e+05
1.180940000000000000e+05
1.344800000000000000e+04
1.557800000000000000e+04
1.017000000000000000e+03
7.826000000000000000e+03
0.000000000000000000e+00
6.496900000000000000e+04
0.000000000000000000e+00
4.508100000000000000e+04
7.200000000000000000e+02
1.304783000000000000e+06
4.445990000000000000e+05
2.570200000000000000e+04
7.200000000000000000e+02
1.022000000000000000e+03
0.000000000000000000e+00
0.000000000000000000e+00
0.000000000000000000e+00
3.378000000000000000e+03
1.323000000000000000e+03
9.311000000000000000e+03
0.000000000000000000e+00
4.885930000000000000e+05
4.513310000000000000e+05
3.597000000000000000e+04
2.022000000000000000e+03
5.175000000000000000e+03
1.524000000000000000e+03
0.000000000000000000e+00
0.000000000000000000e+00
1.383000000000000000e+04
3.408000000000000000e+03
4.725000000000000000e+03
4.350000000000000000e+02
5.074890000000000000e+05
4.440320000000000000e+05
3.250900000000000000e+04
7.200000000000000000e+02
1.301500000000000000e+04
0.000000000000000000e+00
0.000000000000000000e+00
0.000000000000000000e+00
1.533500000000000000e+04
0.000000000000000000e+00
3.317074600000000000e+07
1.694470000000000000e+05
3.619120000000000000e+06
9.646780000000000000e+05
9.981800000000000000e+04
6.365000000000000000e+03
6.799000000000000000e+04
8.055000000000000000e+03
1.323000000000000000e+03
0.000000000000000000e+00
1.360690000000000000e+05
1.496300000000000000e+04
6.659500000000000000e+04
6.955000000000000000e+03
1.270717000000000000e+06
9.485210000000000000e+05
1.061360000000000000e+05
6.494000000000000000e+03
5.299200000000000000e+04
1.479000000000000000e+03
1.987500000000000000e+04
0.000000000000000000e+00
1.667060000000000000e+05
9.747000000000000000e+03
2.200110000000000000e+05
4.092000000000000000e+03
1.855217000000000000e+06
9.866970000000000000e+05
2.020040000000000000e+05
1.498300000000000000e+04
1.136630000000000000e+05
1.148500000000000000e+04
2.068500000000000000e+04
4.148000000000000000e+03
1.339250000000000000e+05
5.160000000000000000e+03
5.999200000000000000e+04
2.102000000000000000e+03
1.345508000000000000e+06
9.790520000000000000e+05
6.375300000000000000e+04
5.767000000000000000e+03
5.473500000000000000e+04
7.071000000000000000e+03
1.654400000000000000e+04
0.000000000000000000e+00
1.224680000000000000e+05
8.112000000000000000e+03
7.070900000000000000e+04
7.357000000000000000e+03
1.272244000000000000e+06
9.842810000000000000e+05
1.489790000000000000e+05
7.775000000000000000e+03
2.078420000000000000e+05
9.873000000000000000e+03
1.203400000000000000e+04
0.000000000000000000e+00
1.602770000000000000e+05
1.056300000000000000e+04
9.326700000000000000e+04
5.467000000000000000e+03
2.234255000000000000e+06
1.014827000000000000e+06
5.504600000000000000e+04
2.852000000000000000e+03
4.305400000000000000e+04
9.150000000000000000e+02
7.333000000000000000e+03
0.000000000000000000e+00
9.232000000000000000e+04
6.305000000000000000e+03
7.729100000000000000e+04
2.920000000000000000e+03
1.200962000000000000e+06
1.013919000000000000e+06
8.752100000000000000e+04
1.035100000000000000e+04
4.300700000000000000e+04
0.000000000000000000e+00
8.592000000000000000e+03
1.528000000000000000e+03
6.027300000000000000e+04
6.840000000000000000e+03
5.939800000000000000e+04
0.000000000000000000e+00
1.299694000000000000e+06
1.038546000000000000e+06
6.904200000000000000e+04
1.241000000000000000e+03
6.679600000000000000e+04
1.628000000000000000e+03
3.653000000000000000e+03
0.000000000000000000e+00
1.480320000000000000e+05
1.098500000000000000e+04
1.084220000000000000e+05
7.276000000000000000e+03
1.210237000000000000e+06
1.012734000000000000e+06
2.275200000000000000e+05
1.241700000000000000e+04
1.941540000000000000e+05
1.294900000000000000e+04
4.484000000000000000e+03
0.000000000000000000e+00
2.664120000000000000e+05
1.851100000000000000e+04
1.526140000000000000e+05
9.835000000000000000e+03
1.208308000000000000e+06
1.021324000000000000e+06
1.851270000000000000e+05
3.178000000000000000e+03
1.461410000000000000e+05
1.136600000000000000e+04
1.664500000000000000e+04
1.353000000000000000e+03
1.333520000000000000e+05
8.334000000000000000e+03
8.908900000000000000e+04
6.153000000000000000e+03
1.352092000000000000e+06
9.896150000000000000e+05
1.094170000000000000e+05
1.068100000000000000e+04
5.314500000000000000e+04
1.279000000000000000e+03
5.663000000000000000e+03
0.000000000000000000e+00
5.655900000000000000e+04
1.929000000000000000e+03
3.142600000000000000e+04
0.000000000000000000e+00
1.152741000000000000e+06
9.875490000000000000e+05
4.641800000000000000e+04
1.382000000000000000e+03
2.237200000000000000e+04
0.000000000000000000e+00
5.748000000000000000e+03
0.000000000000000000e+00
4.120400000000000000e+04
1.778000000000000000e+03
5.168400000000000000e+04
0.000000000000000000e+00
1.257551000000000000e+06
1.008878000000000000e+06
1.705100000000000000e+04
0.000000000000000000e+00
1.044400000000000000e+04
0.000000000000000000e+00
1.116700000000000000e+04
0.000000000000000000e+00
2.716100000000000000e+04
0.000000000000000000e+00
1.070000000000000000e+04
0.000000000000000000e+00
1.105186000000000000e+06
9.879330000000000000e+05
5.320400000000000000e+04
0.000000000000000000e+00
2.539500000000000000e+04
2.642000000000000000e+03
1.502800000000000000e+04
0.000000000000000000e+00
1.026090000000000000e+05
8.393000000000000000e+03
2.675800000000000000e+04
3.728000000000000000e+03
1.267346000000000000e+06
9.947280000000000000e+05
1.772980000000000000e+05
1.223600000000000000e+04
2.618880000000000000e+05
1.789700000000000000e+04
1.333200000000000000e+04
0.000000000000000000e+00
2.354950000000000000e+05
1.751400000000000000e+04
9.964500000000000000e+04
1.421100000000000000e+04
2.047526000000000000e+06
1.012758000000000000e+06
1.092320000000000000e+05
4.706000000000000000e+03
6.593500000000000000e+04
1.149600000000000000e+04
1.289700000000000000e+04
0.000000000000000000e+00
1.514400000000000000e+05
4.428000000000000000e+03
1.448130000000000000e+05
1.365900000000000000e+04
1.307958000000000000e+06
1.010759000000000000e+06
1.768680000000000000e+05
1.172000000000000000e+03
1.633680000000000000e+05
1.936300000000000000e+04
1.065200000000000000e+04
0.000000000000000000e+00
2.065410000000000000e+05
2.719000000000000000e+04
1.630500000000000000e+05
2.289700000000000000e+04
1.471390000000000000e+06
1.031379000000000000e+06
1.372750000000000000e+05
4.241000000000000000e+03
8.280500000000000000e+04
2.628000000000000000e+03
6.224000000000000000e+03
0.000000000000000000e+00
2.462530000000000000e+05
1.786600000000000000e+04
2.053190000000000000e+05
3.340900000000000000e+04
1.256148000000000000e+06
1.003539000000000000e+06
3.119300000000000000e+05
1.799600000000000000e+04
2.649530000000000000e+05
2.694900000000000000e+04
6.085000000000000000e+03
2.400000000000000000e+03
3.531820000000000000e+05
3.123200000000000000e+04
2.454280000000000000e+05
1.770900000000000000e+04
1.222871000000000000e+06
1.012454000000000000e+06
3.228350000000000000e+05
1.360400000000000000e+04
2.265670000000000000e+05
2.215800000000000000e+04
1.414300000000000000e+04
2.127000000000000000e+03
2.117620000000000000e+05
1.470500000000000000e+04
7.665300000000000000e+04
5.144000000000000000e+03
1.460367000000000000e+06
1.009886000000000000e+06
1.087690000000000000e+05
1.454200000000000000e+04
4.254800000000000000e+04
5.964000000000000000e+03
1.796500000000000000e+04
2.030000000000000000e+03
6.135600000000000000e+04
8.764000000000000000e+03
3.576700000000000000e+04
0.000000000000000000e+00
1.186969000000000000e+06
1.006134000000000000e+06
6.760700000000000000e+04
1.904000000000000000e+03
3.713900000000000000e+04
0.000000000000000000e+00
7.337000000000000000e+03
3.261000000000000000e+03
7.435100000000000000e+04
4.898000000000000000e+03
9.169400000000000000e+04
3.058000000000000000e+03
1.334857000000000000e+06
1.027075000000000000e+06
7.361900000000000000e+04
2.538000000000000000e+03
3.732000000000000000e+04
0.000000000000000000e+00
1.105700000000000000e+04
0.000000000000000000e+00
1.404990000000000000e+05
8.768000000000000000e+03
9.272400000000000000e+04
2.286000000000000000e+03
1.234424000000000000e+06
9.978710000000000000e+05
1.263510000000000000e+05
1.118700000000000000e+04
7.587400000000000000e+04
3.441000000000000000e+03
1.241500000000000000e+04
0.000000000000000000e+00
1.462190000000000000e+05
1.351200000000000000e+04
8.348300000000000000e+04
1.933000000000000000e+03
1.198610000000000000e+06
1.005970000000000000e+06
1.170280000000000000e+05
7.328000000000000000e+03
1.512000000000000000e+05
7.539000000000000000e+03
9.465000000000000000e+03
0.000000000000000000e+00
1.594330000000000000e+05
1.260400000000000000e+04
1.067040000000000000e+05
4.726000000000000000e+03
1.879748000000000000e+06
1.016560000000000000e+06
1.485530000000000000e+05
5.264000000000000000e+03
1.058830000000000000e+05
0.000000000000000000e+00
6.728000000000000000e+03
0.000000000000000000e+00
1.403080000000000000e+05
1.483900000000000000e+04
5.970000000000000000e+04
5.438000000000000000e+03
1.174496000000000000e+06
1.020614000000000000e+06
3.941400000000000000e+04
6.314000000000000000e+03
1.721700000000000000e+04
0.000000000000000000e+00
9.468000000000000000e+03
0.000000000000000000e+00
7.925900000000000000e+04
3.839000000000000000e+03
6.113000000000000000e+04
2.082000000000000000e+03
1.308103000000000000e+06
1.027091000000000000e+06
4.786500000000000000e+04
1.263000000000000000e+03
1.878600000000000000e+04
1.158000000000000000e+03
4.386000000000000000e+03
0.000000000000000000e+00
4.697000000000000000e+04
0.000000000000000000e+00
3.786600000000000000e+04
8.046000000000000000e+03
1.180762000000000000e+06
1.016837000000000000e+06
5.960700000000000000e+04
7.160000000000000000e+02
4.044300000000000000e+04
0.000000000000000000e+00
5.127000000000000000e+03
0.000000000000000000e+00
6.837200000000000000e+04
0.000000000000000000e+00
3.705700000000000000e+04
0.000000000000000000e+00
1.146337000000000000e+06
1.003487000000000000e+06
2.149600000000000000e+04
1.200000000000000000e+03
4.961900000000000000e+04
1.382000000000000000e+03
5.632000000000000000e+03
0.000000000000000000e+00
1.258400000000000000e+04
0.000000000000000000e+00
1.173700000000000000e+04
0.000000000000000000e+00
1.281996000000000000e+06
1.015168000000000000e+06
1.390400000000000000e+04
0.000000000000000000e+00
6.616000000000000000e+03
0.000000000000000000e+00
4.096000000000000000e+03
0.000000000000000000e+00
1.402200000000000000e+04
0.000000000000000000e+00
7.554000000000000000e+03
0.000000000000000000e+00
1.087990000000000000e+06
1.003028000000000000e+06
2.047500000000000000e+04
2.501000000000000000e+03
1.536800000000000000e+04
0.000000000000000000e+00
1.503900000000000000e+04
0.000000000000000000e+00
3.962000000000000000e+04
4.890000000000000000e+02
6.515700000000000000e+04
5.568000000000000000e+03
1.257276000000000000e+06
1.022757000000000000e+06
3.530200000000000000e+04
2.912000000000000000e+03
1.852500000000000000e+04
0.000000000000000000e+00
1.214000000000000000e+04
0.000000000000000000e+00
3.163700000000000000e+04
2.120000000000000000e+03
4.042000000000000000e+04
1.766000000000000000e+03
1.156925000000000000e+06
1.007911000000000000e+06
6.331700000000000000e+05
3.855200000000000000e+04
8.645200000000000000e+04
1.303000000000000000e+03
2.601800000000000000e+04
0.000000000000000000e+00
1.382520000000000000e+05
1.545000000000000000e+04
1.269780000000000000e+05
3.697000000000000000e+03
1.627004000000000000e+06
9.901410000000000000e+05
1.900740000000000000e+05
1.828800000000000000e+04
2.461670000000000000e+05
2.140300000000000000e+04
5.361000000000000000e+03
0.000000000000000000e+00
2.437000000000000000e+05
2.194800000000000000e+04
1.530620000000000000e+05
1.232100000000000000e+04
2.188443000000000000e+06
9.899080000000000000e+05
1.881530000000000000e+05
6.670000000000000000e+03
5.964400000000000000e+04
2.626000000000000000e+03
4.118000000000000000e+03
0.000000000000000000e+00
8.606600000000000000e+04
4.693000000000000000e+03
5.520800000000000000e+04
6.259000000000000000e+03
1.190888000000000000e+06
9.864990000000000000e+05
5.018400000000000000e+04
0.000000000000000000e+00
1.152200000000000000e+04
0.000000000000000000e+00
1.702000000000000000e+04
2.827000000000000000e+03
3.074700000000000000e+04
0.000000000000000000e+00
4.242300000000000000e+04
1.477000000000000000e+03
1.375691000000000000e+06
9.698270000000000000e+05
2.149700000000000000e+04
0.000000000000000000e+00
1.092700000000000000e+04
0.000000000000000000e+00
6.778000000000000000e+03
0.000000000000000000e+00
5.641000000000000000e+04
4.740000000000000000e+03
5.958300000000000000e+04
0.000000000000000000e+00
1.101568000000000000e+06
9.726870000000000000e+05
7.726500000000000000e+04
7.528000000000000000e+03
4.898800000000000000e+04
4.574000000000000000e+03
8.996000000000000000e+03
0.000000000000000000e+00
8.136500000000000000e+04
4.081000000000000000e+03
4.064700000000000000e+04
0.000000000000000000e+00
1.152043000000000000e+06
9.794520000000000000e+05
6.852700000000000000e+04
3.741000000000000000e+03
7.284600000000000000e+04
1.720000000000000000e+03
1.536000000000000000e+03
0.000000000000000000e+00
7.750000000000000000e+04
6.760000000000000000e+03
3.588800000000000000e+04
0.000000000000000000e+00
1.324027000000000000e+06
9.885740000000000000e+05
6.328800000000000000e+04
6.751000000000000000e+03
7.704000000000000000e+03
0.000000000000000000e+00
2.474100000000000000e+04
2.213000000000000000e+03
3.660000000000000000e+04
9.600000000000000000e+02
1.188600000000000000e+04
0.000000000000000000e+00
1.155598000000000000e+06
9.831670000000000000e+05
5.479400000000000000e+04
2.642000000000000000e+03
2.861900000000000000e+04
0.000000000000000000e+00
1.610700000000000000e+04
0.000000000000000000e+00
8.286000000000000000e+04
5.092000000000000000e+03
8.798000000000000000e+04
6.476000000000000000e+03
1.981347000000000000e+06
9.981010000000000000e+05
7.989400000000000000e+04
3.851000000000000000e+03
3.273000000000000000e+04
6.997000000000000000e+03
7.804000000000000000e+03
0.000000000000000000e+00
7.086000000000000000e+04
6.317000000000000000e+03
3.375800000000000000e+04
0.000000000000000000e+00
1.152855000000000000e+06
9.915880000000000000e+05
5.529600000000000000e+04
0.000000000000000000e+00
1.212500000000000000e+04
3.089000000000000000e+03
7.969000000000000000e+03
0.000000000000000000e+00
5.416200000000000000e+04
5.909000000000000000e+03
1.738600000000000000e+04
0.000000000000000000e+00
1.155370000000000000e+06
9.909500000000000000e+05
3.903900000000000000e+04
8.810000000000000000e+02
3.760700000000000000e+04
1.840000000000000000e+03
0.000000000000000000e+00
0.000000000000000000e+00
3.436200000000000000e+04
4.800000000000000000e+02
9.963000000000000000e+03
4.332000000000000000e+03
1.324134000000000000e+06
9.769930000000000000e+05
5.776700000000000000e+04
5.440000000000000000e+02
3.939400000000000000e+04
0.000000000000000000e+00
7.506000000000000000e+03
0.000000000000000000e+00
1.006300000000000000e+05
4.926000000000000000e+03
5.796600000000000000e+04
0.000000000000000000e+00
1.169146000000000000e+06
9.752360000000000000e+05
7.840200000000000000e+04
7.980000000000000000e+02
5.003000000000000000e+04
0.000000000000000000e+00
3.819000000000000000e+03
0.000000000000000000e+00
8.803700000000000000e+04
2.417000000000000000e+03
7.353500000000000000e+04
7.362000000000000000e+03
1.251221000000000000e+06
9.899300000000000000e+05
8.599300000000000000e+04
3.209000000000000000e+03
5.659200000000000000e+04
7.915000000000000000e+03
4.262000000000000000e+03
0.000000000000000000e+00
1.110230000000000000e+05
4.009000000000000000e+03
9.964600000000000000e+04
6.300000000000000000e+03
1.188435000000000000e+06
9.995870000000000000e+05
1.612870000000000000e+05
6.246000000000000000e+03
1.253870000000000000e+05
8.540000000000000000e+03
1.064200000000000000e+04
0.000000000000000000e+00
2.041370000000000000e+05
2.205700000000000000e+04
1.314530000000000000e+05
5.992000000000000000e+03
1.190588000000000000e+06
1.000021000000000000e+06
1.436980000000000000e+05
4.462000000000000000e+03
8.127500000000000000e+04
2.479000000000000000e+03
1.499000000000000000e+03
0.000000000000000000e+00
4.966100000000000000e+04
6.833000000000000000e+03
5.213700000000000000e+04
0.000000000000000000e+00
1.225208000000000000e+06
1.003401000000000000e+06
8.165700000000000000e+04
1.802000000000000000e+03
5.898900000000000000e+04
0.000000000000000000e+00
9.362000000000000000e+03
0.000000000000000000e+00
7.581600000000000000e+04
6.027000000000000000e+03
5.333500000000000000e+04
5.693000000000000000e+03
1.150608000000000000e+06
1.005646000000000000e+06
6.026500000000000000e+04
2.551000000000000000e+03
1.006900000000000000e+04
0.000000000000000000e+00
5.378000000000000000e+03
0.000000000000000000e+00
6.526500000000000000e+04
2.703000000000000000e+03
9.231900000000000000e+04
5.627000000000000000e+03
1.870168000000000000e+06
9.949480000000000000e+05
1.097860000000000000e+05
1.731000000000000000e+03
9.139500000000000000e+04
1.092000000000000000e+04
2.595000000000000000e+03
0.000000000000000000e+00
1.129810000000000000e+05
1.789000000000000000e+03
3.402300000000000000e+04
1.467000000000000000e+03
1.124706000000000000e+06
9.937990000000000000e+05
1.479410000000000000e+05
8.880000000000000000e+03
5.335700000000000000e+04
0.000000000000000000e+00
4.047000000000000000e+03
0.000000000000000000e+00
5.751100000000000000e+04
0.000000000000000000e+00
2.240800000000000000e+04
0.000000000000000000e+00
1.163340000000000000e+06
9.989120000000000000e+05
5.338600000000000000e+04
0.000000000000000000e+00
1.822600000000000000e+04
0.000000000000000000e+00
3.036000000000000000e+03
0.000000000000000000e+00
4.514000000000000000e+03
0.000000000000000000e+00
1.357000000000000000e+04
1.259000000000000000e+03
1.198703000000000000e+06
9.815330000000000000e+05
2.732100000000000000e+04
0.000000000000000000e+00
2.553000000000000000e+03
0.000000000000000000e+00
1.850000000000000000e+03
0.000000000000000000e+00
2.235800000000000000e+04
5.780000000000000000e+03
2.277800000000000000e+04
6.070000000000000000e+02
1.075379000000000000e+06
9.764420000000000000e+05
7.020400000000000000e+04
9.313000000000000000e+03
5.120000000000000000e+04
1.572100000000000000e+04
4.392000000000000000e+03
0.000000000000000000e+00
6.260500000000000000e+04
7.808000000000000000e+03
7.804700000000000000e+04
1.178900000000000000e+04
1.218921000000000000e+06
9.987220000000000000e+05
6.658700000000000000e+04
0.000000000000000000e+00
1.468000000000000000e+04
0.000000000000000000e+00
0.000000000000000000e+00
0.000000000000000000e+00
1.430800000000000000e+04
2.471000000000000000e+03
1.323600000000000000e+04
0.000000000000000000e+00
1.099745000000000000e+06
1.002926000000000000e+06
2.249100000000000000e+04
0.000000000000000000e+00
6.281000000000000000e+03
0.000000000000000000e+00
7.446000000000000000e+03
0.000000000000000000e+00
4.908400000000000000e+04
1.363900000000000000e+04
6.790300000000000000e+04
9.974000000000000000e+03
1.109994000000000000e+06
1.000238000000000000e+06
1.422600000000000000e+05
1.353400000000000000e+04
1.239290000000000000e+05
1.702200000000000000e+04
0.000000000000000000e+00
0.000000000000000000e+00
1.276890000000000000e+05
1.205700000000000000e+04
9.514000000000000000e+04
8.885000000000000000e+03
1.241717000000000000e+06
1.000691000000000000e+06
1.174650000000000000e+05
9.738000000000000000e+03
5.104600000000000000e+04
4.830000000000000000e+03
2.271000000000000000e+03
0.000000000000000000e+00
4.671700000000000000e+04
9.480000000000000000e+02
2.539100000000000000e+04
5.864000000000000000e+03
1.140021000000000000e+06
9.980080000000000000e+05
3.234800000000000000e+04
2.027000000000000000e+03
8.150000000000000000e+03
0.000000000000000000e+00
8.072000000000000000e+03
3.303000000000000000e+03
9.555000000000000000e+03
2.609000000000000000e+03
3.886400000000000000e+04
0.000000000000000000e+00
1.721419000000000000e+06
1.015510000000000000e+06
2.217000000000000000e+04
0.000000000000000000e+00
0.000000000000000000e+00
0.000000000000000000e+00
2.467000000000000000e+03
1.784000000000000000e+03
1.251600000000000000e+04
0.000000000000000000e+00
2.075000000000000000e+03
0.000000000000000000e+00
1.073835000000000000e+06
1.013047000000000000e+06
4.347300000000000000e+04
1.988000000000000000e+03
1.572700000000000000e+04
0.000000000000000000e+00
7.878000000000000000e+03
0.000000000000000000e+00
4.443100000000000000e+04
0.000000000000000000e+00
7.676000000000000000e+03
0.000000000000000000e+00
1.110727000000000000e+06
1.012719000000000000e+06
2.004300000000000000e+04
0.000000000000000000e+00
1.866100000000000000e+04
3.557000000000000000e+03
0.000000000000000000e+00
0.000000000000000000e+00
0.000000000000000000e+00
0.000000000000000000e+00
0.000000000000000000e+00
0.000000000000000000e+00
1.235061000000000000e+06
9.944720000000000000e+05
3.517600000000000000e+04
0.000000000000000000e+00
1.485700000000000000e+04
0.000000000000000000e+00
3.397000000000000000e+03
0.000000000000000000e+00
4.489000000000000000e+04
5.318000000000000000e+03
1.166600000000000000e+04
2.460000000000000000e+03
1.090887000000000000e+06
1.002902000000000000e+06
3.480400000000000000e+04
0.000000000000000000e+00
1.373200000000000000e+04
2.007000000000000000e+03
5.923000000000000000e+03
0.000000000000000000e+00
2.042300000000000000e+04
0.000000000000000000e+00
3.541700000000000000e+04
0.000000000000000000e+00
1.257380000000000000e+06
9.908880000000000000e+05
1.120350000000000000e+05
1.167100000000000000e+04
1.346230000000000000e+05
5.941000000000000000e+03
3.299000000000000000e+03
0.000000000000000000e+00
1.838900000000000000e+05
8.311000000000000000e+03
8.583300000000000000e+04
3.225000000000000000e+03
1.184443000000000000e+06
9.833760000000000000e+05
1.191970000000000000e+05
1.670700000000000000e+04
5.324000000000000000e+04
4.024000000000000000e+03
1.288400000000000000e+04
0.000000000000000000e+00
4.975200000000000000e+04
9.311000000000000000e+03
1.117000000000000000e+04
0.000000000000000000e+00
1.149413000000000000e+06
9.965390000000000000e+05
1.192200000000000000e+04
0.000000000000000000e+00
3.050500000000000000e+04
0.000000000000000000e+00
0.000000000000000000e+00
0.000000000000000000e+00
1.045600000000000000e+04
0.000000000000000000e+00
1.756900000000000000e+04
0.000000000000000000e+00
1.205432000000000000e+06
9.864080000000000000e+05
2.687300000000000000e+04
0.000000000000000000e+00
2.710300000000000000e+04
4.077000000000000000e+03
6.093000000000000000e+03
3.080000000000000000e+03
6.102100000000000000e+04
7.379000000000000000e+03
4.939100000000000000e+04
4.995000000000000000e+03
1.114217000000000000e+06
9.993450000000000000e+05
8.946200000000000000e+04
5.907000000000000000e+03
6.833200000000000000e+04
7.099000000000000000e+03
5.185000000000000000e+03
0.000000000000000000e+00
1.256370000000000000e+05
4.951000000000000000e+03
1.737190000000000000e+05
2.075100000000000000e+04
1.713715000000000000e+06
1.001596000000000000e+06
1.765890000000000000e+05
1.583700000000000000e+04
1.035110000000000000e+05
8.166000000000000000e+03
1.404500000000000000e+04
0.000000000000000000e+00
7.036900000000000000e+04
6.612000000000000000e+03
2.293000000000000000e+04
0.000000000000000000e+00
1.163952000000000000e+06
1.006856000000000000e+06
3.338000000000000000e+04
1.644000000000000000e+03
1.134900000000000000e+04
0.000000000000000000e+00
4.915000000000000000e+03
0.000000000000000000e+00
9.929000000000000000e+03
0.000000000000000000e+00
5.911000000000000000e+03
0.000000000000000000e+00
1.094513000000000000e+06
1.003358000000000000e+06
2.443100000000000000e+04
0.000000000000000000e+00
2.141800000000000000e+04
2.114000000000000000e+03
0.000000000000000000e+00
0.000000000000000000e+00
5.197000000000000000e+03
0.000000000000000000e+00
8.219000000000000000e+03
0.000000000000000000e+00
1.233029000000000000e+06
1.023232000000000000e+06
3.309100000000000000e+04
3.425000000000000000e+03
3.493000000000000000e+03
0.000000000000000000e+00
5.009000000000000000e+03
0.000000000000000000e+00
4.908000000000000000e+03
8.080000000000000000e+02
5.223000000000000000e+03
0.000000000000000000e+00
1.102044000000000000e+06
1.008753000000000000e+06
1.592100000000000000e+04
1.104000000000000000e+03
4.790000000000000000e+03
2.301000000000000000e+03
1.988000000000000000e+03
0.000000000000000000e+00
1.423600000000000000e+04
0.000000000000000000e+00
2.993300000000000000e+04
1.880000000000000000e+03
1.222630000000000000e+06
1.000767000000000000e+06
1.813700000000000000e+04
0.000000000000000000e+00
0.000000000000000000e+00
0.000000000000000000e+00
0.000000000000000000e+00
0.000000000000000000e+00
6.350000000000000000e+03
0.000000000000000000e+00
4.666000000000000000e+03
0.000000000000000000e+00
1.033003000000000000e+06
9.985010000000000000e+05
1.044100000000000000e+04
0.000000000000000000e+00
2.074000000000000000e+03
0.000000000000000000e+00
3.246000000000000000e+03
0.000000000000000000e+00
1.549400000000000000e+04
0.000000000000000000e+00
2.024000000000000000e+03
0.000000000000000000e+00
1.068992000000000000e+06
1.001334000000000000e+06
1.449000000000000000e+04
0.000000000000000000e+00
5.062600000000000000e+04
2.395000000000000000e+03
