2.431606000000000000e+06
2.168858000000000000e+06
2.074043000000000000e+06
2.213669000000000000e+06
2.263222000000000000e+06
2.461898000000000000e+06
2.376619000000000000e+06
4.243360000000000000e+06
2.131714000000000000e+06
1.890963000000000000e+06
1.805336000000000000e+06
2.606658000000000000e+06
1.780947000000000000e+06
1.678714000000000000e+06
1.667277000000000000e+06
1.405418000000000000e+06
1.402279000000000000e+06
1.354780000000000000e+06
1.212316000000000000e+06
4.318529000000000000e+06
1.056374000000000000e+06
5.231280000000000000e+05
4.398500000000000000e+05
1.269415000000000000e+06
4.138320000000000000e+05
3.949570000000000000e+05
3.731940000000000000e+05
4.314890000000000000e+05
3.676510000000000000e+05
5.722690000000000000e+05
2.865460000000000000e+05
3.392513000000000000e+06
9.116400000000000000e+05
6.478350000000000000e+05
8.068900000000000000e+05
1.539707000000000000e+06
1.097048000000000000e+06
1.015144000000000000e+06
9.733300000000000000e+05
1.063699000000000000e+06
8.932120000000000000e+05
1.148987000000000000e+06
6.913570000000000000e+05
3.686315000000000000e+06
9.166970000000000000e+05
3.367810000000000000e+05
3.611730000000000000e+05
1.036426000000000000e+06
3.445350000000000000e+05
2.845470000000000000e+05
2.499370000000000000e+05
2.162180000000000000e+05
1.841440000000000000e+05
1.983300000000000000e+05
1.487370000000000000e+05
3.953778000000000000e+06
6.330230000000000000e+05
3.661530000000000000e+05
5.519480000000000000e+05
1.395731000000000000e+06
6.430960000000000000e+05
6.184460000000000000e+05
5.780540000000000000e+05
5.091380000000000000e+05
6.018020000000000000e+05
6.100150000000000000e+05
6.828240000000000000e+05
2.829022000000000000e+06
8.656460000000000000e+05
4.909160000000000000e+05
5.335530000000000000e+05
1.080285000000000000e+06
6.321230000000000000e+05
4.413360000000000000e+05
5.750080000000000000e+05
4.547630000000000000e+05
5.598430000000000000e+05
6.278090000000000000e+05
6.948970000000000000e+05
3.418516000000000000e+06
8.956130000000000000e+05
5.929800000000000000e+05
6.537750000000000000e+05
1.351321000000000000e+06
6.234790000000000000e+05
5.134460000000000000e+05
4.358010000000000000e+05
3.117490000000000000e+05
3.199270000000000000e+05
4.650970000000000000e+05
2.809670000000000000e+05
3.161487000000000000e+06
7.237900000000000000e+05
1.851230000000000000e+05
1.609860000000000000e+05
9.242290000000000000e+05
2.346320000000000000e+05
3.085000000000000000e+05
3.723960000000000000e+05
4.968390000000000000e+05
5.312600000000000000e+05
5.963340000000000000e+05
5.904070000000000000e+05
2.664211000000000000e+06
9.714860000000000000e+05
5.954690000000000000e+05
6.926190000000000000e+05
1.087702000000000000e+06
6.086390000000000000e+05
4.391860000000000000e+05
4.798730000000000000e+05
4.965180000000000000e+05
6.461120000000000000e+05
7.457320000000000000e+05
8.973210000000000000e+05
4.314111000000000000e+06
1.234855000000000000e+06
9.548600000000000000e+05
1.157921000000000000e+06
2.053416000000000000e+06
1.378916000000000000e+06
1.271639000000000000e+06
1.152249000000000000e+06
1.089104000000000000e+06
1.058023000000000000e+06
9.778190000000000000e+05
7.193600000000000000e+05
2.892954000000000000e+06
6.662010000000000000e+05
3.076800000000000000e+05
4.653490000000000000e+05
1.183490000000000000e+06
8.067510000000000000e+05
8.994950000000000000e+05
9.047550000000000000e+05
7.542000000000000000e+05
8.035570000000000000e+05
7.720850000000000000e+05
7.362700000000000000e+05
2.754728000000000000e+06
9.403260000000000000e+05
5.020930000000000000e+05
4.482870000000000000e+05
9.579440000000000000e+05
4.351010000000000000e+05
4.063000000000000000e+05
4.407260000000000000e+05
4.977410000000000000e+05
5.619660000000000000e+05
