9.723870000000000000e+05
5.440000000000000000e+05
5.104160000000000000e+05
4.822850000000000000e+05
5.369130000000000000e+05
4.779410000000000000e+05
4.756960000000000000e+05
2.937184000000000000e+06
9.240510000000000000e+05
5.834180000000000000e+05
6.932010000000000000e+05
1.502026000000000000e+06
9.900780000000000000e+05
1.072469000000000000e+06
1.060392000000000000e+06
7.791500000000000000e+05
7.362790000000000000e+05
5.946520000000000000e+05
5.484940000000000000e+05
3.153039000000000000e+06
7.997360000000000000e+05
1.879020000000000000e+05
2.381190000000000000e+05
9.472450000000000000e+05
2.918720000000000000e+05
3.050670000000000000e+05
2.022990000000000000e+05
2.512040000000000000e+05
2.249040000000000000e+05
3.676890000000000000e+05
1.458960000000000000e+05
3.498496000000000000e+06
6.720670000000000000e+05
2.296860000000000000e+05
2.800810000000000000e+05
9.626520000000000000e+05
3.466080000000000000e+05
2.601970000000000000e+05
2.255910000000000000e+05
2.926830000000000000e+05
3.343030000000000000e+05
3.583930000000000000e+05
4.066900000000000000e+05
2.912783000000000000e+06
8.719410000000000000e+05
3.009360000000000000e+05
2.750470000000000000e+05
8.717570000000000000e+05
2.563520000000000000e+05
1.961860000000000000e+05
2.120900000000000000e+05
2.605400000000000000e+05
2.900270000000000000e+05
2.340220000000000000e+05
2.526880000000000000e+05
2.720658000000000000e+06
6.742490000000000000e+05
1.288490000000000000e+05
1.337790000000000000e+05
8.447620000000000000e+05
1.481150000000000000e+05
1.261570000000000000e+05
1.793630000000000000e+05
1.938650000000000000e+05
1.650290000000000000e+05
2.556940000000000000e+05
4.882000000000000000e+05
2.863886000000000000e+06
1.451289000000000000e+06
1.136555000000000000e+06
1.153515000000000000e+06
1.561351000000000000e+06
9.581000000000000000e+05
9.622110000000000000e+05
8.426710000000000000e+05
8.933230000000000000e+05
9.334250000000000000e+05
1.115458000000000000e+06
1.223823000000000000e+06
3.036181000000000000e+06
1.300684000000000000e+06
7.580090000000000000e+05
6.067800000000000000e+05
1.018460000000000000e+06
4.723520000000000000e+05
4.094100000000000000e+05
3.263350000000000000e+05
2.959680000000000000e+05
2.258430000000000000e+05
4.418350000000000000e+05
1.136800000000000000e+05
3.386553000000000000e+06
6.401760000000000000e+05
1.645520000000000000e+05
2.136690000000000000e+05
1.002033000000000000e+06
5.848920000000000000e+05
7.745280000000000000e+05
7.229720000000000000e+05
6.684640000000000000e+05
6.733950000000000000e+05
7.013440000000000000e+05
6.074480000000000000e+05
2.388544000000000000e+06
1.015952000000000000e+06
5.705590000000000000e+05
4.897650000000000000e+05
1.001047000000000000e+06
5.221780000000000000e+05
4.822130000000000000e+05
4.596680000000000000e+05
4.088480000000000000e+05
3.961440000000000000e+05
3.939720000000000000e+05
3.795440000000000000e+05
2.355495000000000000e+06
6.579870000000000000e+05
3.423320000000000000e+05
2.831770000000000000e+05
8.622730000000000000e+05
3.739960000000000000e+05
4.134550000000000000e+05
5.448870000000000000e+05
5.438730000000000000e+05
6.120020000000000000e+05
7.635430000000000000e+05
8.231290000000000000e+05
2.454564000000000000e+06
1.450511000000000000e+06
1.327395000000000000e+06
1.343701000000000000e+06
1.702756000000000000e+06
1.505009000000000000e+06
1.598462000000000000e+06
1.462147000000000000e+06
1.583682530000000000e+08
5.051000000000000000e+03
0.000000000000000000e+00
0.000000000000000000e+00
0.000000000000000000e+00
0.000000000000000000e+00
0.000000000000000000e+00
0.000000000000000000e+00
0.000000000000000000e+00
0.000000000000000000e+00
0.000000000000000000e+00
0.000000000000000000e+00
8.551000000000000000e+03
5.051000000000000000e+03
