1.267810000000000000e+05
7.602000000000000000e+03
6.180000000000000000e+02
0.000000000000000000e+00
0.000000000000000000e+00
0.000000000000000000e+00
0.000000000000000000e+00
0.000000000000000000e+00
2.948800000000000000e+04
2.740200000000000000e+04
2.160000000000000000e+02
1.412300000000000000e+05
2.600000000000000000e+02
0.000000000000000000e+00
0.000000000000000000e+00
0.000000000000000000e+00
0.000000000000000000e+00
0.000000000000000000e+00
0.000000000000000000e+00
0.000000000000000000e+00
1.580440000000000000e+05
3.377600000000000000e+04
1.650000000000000000e+02
8.094900000000000000e+04
9.460000000000000000e+02
0.000000000000000000e+00
0.000000000000000000e+00
0.000000000000000000e+00
0.000000000000000000e+00
0.000000000000000000e+00
0.000000000000000000e+00
0.000000000000000000e+00
4.391900000000000000e+04
2.459300000000000000e+04
0.000000000000000000e+00
1.906000000000000000e+04
0.000000000000000000e+00
0.000000000000000000e+00
3.004257300000000000e+07
7.392000000000000000e+05
4.807590000000000000e+05
3.999190000000000000e+05
5.357650000000000000e+05
3.342180000000000000e+05
1.266707000000000000e+06
4.380440000000000000e+05
2.002270000000000000e+05
4.324370000000000000e+05
4.538160000000000000e+05
2.702180000000000000e+05
4.206440000000000000e+05
2.547470000000000000e+05
1.951810000000000000e+05
2.203640000000000000e+05
6.037050000000000000e+05
3.846520000000000000e+05
4.852260000000000000e+05
2.191610000000000000e+05
2.291490000000000000e+05
3.994070000000000000e+05
2.265790000000000000e+05
3.692670000000000000e+05
2.600630000000000000e+05
2.437690000000000000e+05
2.416570000000000000e+05
3.179010000000000000e+05
2.505840000000000000e+05
3.601970000000000000e+05
4.861450000000000000e+05
3.312610000000000000e+05
1.413520000000000000e+05
6.220520000000000000e+05
2.041990000000000000e+05
6.849250000000000000e+05
1.971540000000000000e+05
3.198830000000000000e+05
2.621840000000000000e+05
2.607270000000000000e+05
2.742920000000000000e+05
2.603720000000000000e+05
4.749740000000000000e+05
1.962890000000000000e+05
1.449640000000000000e+05
4.040570000000000000e+05
1.681540000000000000e+05
2.368940000000000000e+05
5.395850000000000000e+05
3.652020000000000000e+05
2.383840000000000000e+05
6.651070000000000000e+05
3.680070000000000000e+05
3.086380000000000000e+05
4.166870000000000000e+05
1.774660000000000000e+05
2.732100000000000000e+05
5.955820000000000000e+05
6.031810000000000000e+05
5.897500000000000000e+05
6.438630000000000000e+05
5.245110000000000000e+05
2.297600000000000000e+05
6.281300000000000000e+05
3.168900000000000000e+05
2.475150000000000000e+05
4.137020000000000000e+05
4.025820000000000000e+05
1.858960000000000000e+05
2.365480000000000000e+05
2.887090000000000000e+05
2.146670000000000000e+05
2.055600000000000000e+05
2.291860000000000000e+05
5.862540000000000000e+05
4.265380000000000000e+05
9.182550000000000000e+05
2.942930000000000000e+05
5.503120000000000000e+05
4.320500000000000000e+05
1.831530000000000000e+05
3.724510000000000000e+05
6.720030000000000000e+05
7.096510000000000000e+05
3.610710000000000000e+05
3.822710000000000000e+05
3.530070000000000000e+05
2.137560000000000000e+05
2.319510000000000000e+05
2.136600000000000000e+05
4.938310000000000000e+05
5.311220000000000000e+05
3.484290000000000000e+05
1.980590000000000000e+05
2.439200000000000000e+05
5.202470000000000000e+05
4.939690000000000000e+05
2.871660000000000000e+05
1.620040000000000000e+05
2.043970000000000000e+05
3.779350000000000000e+05
2.720110000000000000e+05
5.445320000000000000e+05
1.422230000000000000e+05
2.392550000000000000e+05
3.331570000000000000e+05
4.024590000000000000e+05
5.720550000000000000e+05
4.848150000000000000e+05
4.363840000000000000e+05
6.517900000000000000e+05
