3.461700000000000000e+05
1.759570000000000000e+05
4.503530000000000000e+05
3.126090000000000000e+05
5.522580000000000000e+05
1.915790000000000000e+05
4.474440000000000000e+05
3.017330000000000000e+05
4.650510000000000000e+05
3.461260000000000000e+05
3.118440000000000000e+05
2.414710000000000000e+05
1.988780000000000000e+05
3.069580000000000000e+05
2.248860000000000000e+05
4.047600000000000000e+05
4.389860000000000000e+05
2.761730000000000000e+05
1.379830000000000000e+05
2.879170000000000000e+05
9.926790000000000000e+05
1.833610000000000000e+05
1.540660000000000000e+05
1.970410000000000000e+05
1.626150000000000000e+05
3.061860000000000000e+05
5.160010000000000000e+05
1.331270000000000000e+05
6.252440000000000000e+05
2.130890000000000000e+05
5.176620000000000000e+05
2.420050000000000000e+05
4.029200000000000000e+05
2.748730000000000000e+05
3.865130000000000000e+05
2.966220000000000000e+05
2.458100000000000000e+05
3.062710000000000000e+05
3.838070000000000000e+05
1.489600000000000000e+05
2.752880000000000000e+05
1.776210000000000000e+05
3.259230000000000000e+05
3.455430000000000000e+05
5.207310000000000000e+05
2.860100000000000000e+05
1.626340000000000000e+05
3.700230000000000000e+05
3.948190000000000000e+05
2.363880000000000000e+05
3.513320000000000000e+05
4.925630000000000000e+05
2.586770000000000000e+05
2.996700000000000000e+05
3.007260000000000000e+05
3.496980000000000000e+05
5.181040000000000000e+05
7.152010000000000000e+05
4.410050000000000000e+05
5.428100000000000000e+05
5.305660000000000000e+05
2.537450000000000000e+05
3.180700000000000000e+05
3.744800000000000000e+05
3.585080000000000000e+05
4.173200000000000000e+05
6.352370000000000000e+05
3.626440000000000000e+05
6.159080000000000000e+05
2.721280000000000000e+05
2.663150000000000000e+05
2.424570000000000000e+05
1.560430000000000000e+05
1.704770000000000000e+05
4.255500000000000000e+05
1.461020000000000000e+05
3.505140000000000000e+05
2.053110000000000000e+05
2.257340000000000000e+05
2.102540000000000000e+05
8.766720000000000000e+05
2.293240000000000000e+05
3.520990000000000000e+05
4.539030000000000000e+05
1.633310000000000000e+05
6.178170000000000000e+05
6.747420000000000000e+05
7.893970000000000000e+05
2.449940000000000000e+05
1.951390000000000000e+05
3.558830000000000000e+05
3.634260000000000000e+05
4.440430000000000000e+05
3.537090000000000000e+05
3.985880000000000000e+05
3.712240000000000000e+05
1.855300000000000000e+05
1.476770000000000000e+05
5.727040000000000000e+05
9.510420000000000000e+05
4.950850000000000000e+05
5.001750000000000000e+05
2.613860000000000000e+05
2.864310000000000000e+05
6.501560000000000000e+05
2.268330000000000000e+05
2.373570000000000000e+05
3.081840000000000000e+05
2.639940000000000000e+05
2.477130000000000000e+05
6.151810000000000000e+05
7.949730000000000000e+05
1.410280000000000000e+05
1.842850000000000000e+05
7.312600000000000000e+04
2.470980000000000000e+05
4.548470000000000000e+05
3.355250000000000000e+05
3.932770000000000000e+05
1.632500000000000000e+05
2.260420000000000000e+05
1.661760000000000000e+05
3.935800000000000000e+05
2.827410000000000000e+05
5.168550000000000000e+05
1.112140000000000000e+05
1.697750000000000000e+05
3.838360000000000000e+05
4.797340000000000000e+05
3.721690000000000000e+05
2.746800000000000000e+05
2.818110000000000000e+05
3.561450000000000000e+05
5.586660000000000000e+05
5.385580000000000000e+05
6.835030000000000000e+05
3.583560000000000000e+05
1.713520000000000000e+05
2.012280000000000000e+05
1.539110000000000000e+05
5.032050000000000000e+05
2.790850000000000000e+05
6.637320000000000000e+05
5.688220000000000000e+05
3.186820000000000000e+05
2.920020000000000000e+05
6.501540000000000000e+05
2.815080000000000000e+05
3.907000000000000000e+05
