2.751300000000000000e+05
3.329830000000000000e+05
6.168770000000000000e+05
4.967050000000000000e+05
7.483920000000000000e+05
1.784920000000000000e+05
2.995220000000000000e+05
2.758310000000000000e+05
2.596780000000000000e+05
1.969690000000000000e+05
2.128490000000000000e+05
3.081320000000000000e+05
1.320890000000000000e+05
3.640070000000000000e+05
5.682880000000000000e+05
8.984450000000000000e+05
2.144320000000000000e+05
3.006400000000000000e+05
4.244830000000000000e+05
2.888710000000000000e+05
3.472680000000000000e+05
2.695800000000000000e+05
3.819760000000000000e+05
2.263650000000000000e+05
1.734310000000000000e+05
2.506120000000000000e+05
4.754030000000000000e+05
3.599440000000000000e+05
1.908070000000000000e+05
2.356280000000000000e+05
1.174110000000000000e+05
2.192140000000000000e+05
4.351600000000000000e+05
9.240850000000000000e+05
1.756300000000000000e+05
2.867460000000000000e+05
3.183430000000000000e+05
3.241360000000000000e+05
5.322370000000000000e+05
4.106030000000000000e+05
2.682550000000000000e+05
2.799160000000000000e+05
4.424700000000000000e+05
7.878500000000000000e+05
5.731850000000000000e+05
9.134770000000000000e+05
3.822370000000000000e+05
2.062310000000000000e+05
4.910090000000000000e+05
6.791800000000000000e+05
4.390090000000000000e+05
7.103440000000000000e+05
4.494870000000000000e+05
1.721940000000000000e+05
2.146650000000000000e+05
1.308980000000000000e+05
2.509120000000000000e+05
8.439290000000000000e+05
8.579000000000000000e+05
5.114960000000000000e+05
1.271620000000000000e+05
3.073420000000000000e+05
5.600760000000000000e+05
3.484430000000000000e+05
3.894370000000000000e+05
1.821290000000000000e+05
3.438370000000000000e+05
2.252360000000000000e+05
1.707960000000000000e+05
3.014410000000000000e+05
2.453630000000000000e+05
2.404340000000000000e+05
2.776090000000000000e+05
2.025450000000000000e+05
6.205250000000000000e+05
3.930610000000000000e+05
1.942760000000000000e+05
1.425430000000000000e+05
2.485050000000000000e+05
4.574150000000000000e+05
2.302990000000000000e+05
7.328980000000000000e+05
5.097520000000000000e+05
4.518340000000000000e+05
4.664510000000000000e+05
4.318730000000000000e+05
1.056191000000000000e+06
2.585980000000000000e+05
5.967360000000000000e+05
3.336710000000000000e+05
4.855720000000000000e+05
1.973870000000000000e+05
3.586940000000000000e+05
3.535410000000000000e+05
3.118950000000000000e+05
3.450780000000000000e+05
2.961910000000000000e+05
3.132490000000000000e+05
7.410180000000000000e+05
3.860000000000000000e+04
1.037440000000000000e+05
1.283010000000000000e+05
1.395720000000000000e+05
2.871900000000000000e+04
2.054000000000000000e+03
0.000000000000000000e+00
0.000000000000000000e+00
0.000000000000000000e+00
0.000000000000000000e+00
0.000000000000000000e+00
0.000000000000000000e+00
0.000000000000000000e+00
8.320000000000000000e+02
9.320000000000000000e+03
5.561400000000000000e+04
9.522700000000000000e+04
1.526880000000000000e+05
1.634790000000000000e+05
2.224340000000000000e+05
2.243640000000000000e+05
3.026310000000000000e+05
3.826920000000000000e+05
4.719920000000000000e+05
1.305510000000000000e+05
2.370190000000000000e+05
1.919310000000000000e+05
4.935170000000000000e+05
1.880720000000000000e+05
1.992520000000000000e+05
1.940410000000000000e+05
2.029190000000000000e+05
1.034042000000000000e+06
8.430200000000000000e+04
3.945200000000000000e+04
5.376630000000000000e+05
3.442900000000000000e+04
2.450570000000000000e+05
2.223600000000000000e+04
0.000000000000000000e+00
0.000000000000000000e+00
3.962230000000000000e+05
2.365100000000000000e+04
9.629000000000000000e+03
1.130810000000000000e+05
5.970000000000000000e+03
5.201100000000000000e+05
3.799650000000000000e+05
4.601500000000000000e+04
1.926000000000000000e+03
