3.340070000000000000e+05
3.259700000000000000e+04
3.912000000000000000e+03
0.000000000000000000e+00
0.000000000000000000e+00
6.499970000000000000e+05
3.929000000000000000e+04
5.859000000000000000e+03
3.564790000000000000e+05
4.705100000000000000e+04
4.082470000000000000e+05
1.205300000000000000e+05
3.719000000000000000e+03
0.000000000000000000e+00
3.340950000000000000e+05
3.855900000000000000e+04
2.541000000000000000e+03
0.000000000000000000e+00
0.000000000000000000e+00
7.298420000000000000e+05
3.176930000000000000e+05
2.929300000000000000e+04
2.661000000000000000e+03
6.494400000000000000e+04
4.584550000000000000e+05
1.730100000000000000e+04
1.467000000000000000e+03
0.000000000000000000e+00
0.000000000000000000e+00
2.464130000000000000e+05
5.841400000000000000e+04
9.393000000000000000e+03
3.163940000000000000e+05
3.189500000000000000e+04
4.265810000000000000e+05
9.095900000000000000e+04
2.906000000000000000e+03
0.000000000000000000e+00
4.291490000000000000e+05
2.739900000000000000e+04
1.407000000000000000e+03
0.000000000000000000e+00
0.000000000000000000e+00
3.009290000000000000e+05
3.372780000000000000e+05
4.640700000000000000e+04
3.384000000000000000e+03
6.786500000000000000e+04
4.695000000000000000e+05
2.232300000000000000e+04
0.000000000000000000e+00
0.000000000000000000e+00
0.000000000000000000e+00
4.390930000000000000e+05
2.499100000000000000e+04
4.536000000000000000e+03
3.020110000000000000e+05
4.178710000000000000e+05
1.196300000000000000e+04
7.564200000000000000e+04
2.142600000000000000e+04
2.079000000000000000e+03
5.081240000000000000e+05
2.923400000000000000e+04
2.979000000000000000e+03
0.000000000000000000e+00
1.575000000000000000e+03
2.993580000000000000e+05
3.439080000000000000e+05
4.463800000000000000e+04
1.210000000000000000e+03
8.896500000000000000e+04
4.688340000000000000e+05
3.152400000000000000e+04
3.051000000000000000e+03
4.188000000000000000e+03
0.000000000000000000e+00
3.145000000000000000e+05
2.840700000000000000e+04
1.467800000000000000e+04
2.907260000000000000e+05
6.123620000000000000e+05
2.187700000000000000e+04
7.259500000000000000e+04
3.510000000000000000e+03
2.670000000000000000e+02
8.886380000000000000e+05
3.587100000000000000e+04
5.430000000000000000e+03
1.314000000000000000e+03
1.722600000000000000e+04
2.814210000000000000e+05
3.079650000000000000e+05
3.730700000000000000e+04
1.433000000000000000e+03
6.911200000000000000e+04
8.369280000000000000e+05
3.762700000000000000e+04
3.231000000000000000e+03
0.000000000000000000e+00
2.160000000000000000e+02
2.575370000000000000e+05
3.311800000000000000e+04
8.238000000000000000e+03
3.140540000000000000e+05
7.634360000000000000e+05
2.703600000000000000e+04
6.596200000000000000e+04
4.800000000000000000e+02
0.000000000000000000e+00
4.006290000000000000e+05
3.075100000000000000e+04
2.988000000000000000e+03
0.000000000000000000e+00
0.000000000000000000e+00
3.321680000000000000e+05
3.419720000000000000e+05
3.089200000000000000e+04
4.830000000000000000e+02
6.885800000000000000e+04
3.518500000000000000e+05
2.047500000000000000e+04
3.321000000000000000e+03
0.000000000000000000e+00
0.000000000000000000e+00
3.285340000000000000e+05
4.027200000000000000e+04
3.246000000000000000e+03
3.535430000000000000e+05
2.940500000000000000e+05
2.221100000000000000e+04
9.417900000000000000e+04
9.600000000000000000e+02
0.000000000000000000e+00
4.924490000000000000e+05
2.542500000000000000e+04
8.292000000000000000e+03
2.520000000000000000e+02
0.000000000000000000e+00
2.106050000000000000e+05
2.913920000000000000e+05
3.919100000000000000e+04
2.598000000000000000e+03
5.965600000000000000e+04
2.773390000000000000e+05
1.949100000000000000e+04
1.288500000000000000e+04
6.057000000000000000e+03
0.000000000000000000e+00
