2.339000000000000000e+04
1.099000000000000000e+03
3.616020000000000000e+05
2.928800000000000000e+04
1.092500000000000000e+04
0.000000000000000000e+00
0.000000000000000000e+00
2.817300000000000000e+05
3.345750000000000000e+05
3.090100000000000000e+04
2.519000000000000000e+03
8.960700000000000000e+04
2.405410000000000000e+05
1.798200000000000000e+04
1.733000000000000000e+03
1.506200000000000000e+04
4.229070000000000000e+05
1.656300000000000000e+04
0.000000000000000000e+00
0.000000000000000000e+00
3.189620000000000000e+05
7.974600000000000000e+05
3.032700000000000000e+04
9.205200000000000000e+04
2.912000000000000000e+03
0.000000000000000000e+00
2.723200000000000000e+05
2.878500000000000000e+04
2.775000000000000000e+03
3.181000000000000000e+03
2.007700000000000000e+04
3.008040000000000000e+05
3.468720000000000000e+05
2.923500000000000000e+04
1.959000000000000000e+03
7.944700000000000000e+04
6.241470000000000000e+05
2.207400000000000000e+04
6.900000000000000000e+03
0.000000000000000000e+00
6.349400000000000000e+05
4.088800000000000000e+04
4.842000000000000000e+03
0.000000000000000000e+00
3.165320000000000000e+05
4.122210000000000000e+05
3.110100000000000000e+04
6.831900000000000000e+04
1.212000000000000000e+03
0.000000000000000000e+00
3.650320000000000000e+05
3.081300000000000000e+04
6.321000000000000000e+03
0.000000000000000000e+00
1.065000000000000000e+03
4.615800000000000000e+05
3.067450000000000000e+05
2.491200000000000000e+04
2.487000000000000000e+03
5.977500000000000000e+04
3.161790000000000000e+05
1.266100000000000000e+04
1.314000000000000000e+03
0.000000000000000000e+00
3.990450000000000000e+05
1.676400000000000000e+04
8.320000000000000000e+02
0.000000000000000000e+00
3.092550000000000000e+05
2.515670000000000000e+05
1.024900000000000000e+04
7.527500000000000000e+04
1.920000000000000000e+02
2.079000000000000000e+03
5.695500000000000000e+05
2.958100000000000000e+04
4.328000000000000000e+03
1.434000000000000000e+03
0.000000000000000000e+00
5.995220000000000000e+05
3.179520000000000000e+05
3.240000000000000000e+04
4.680000000000000000e+02
6.584400000000000000e+04
6.625250000000000000e+05
1.423300000000000000e+04
0.000000000000000000e+00
0.000000000000000000e+00
7.704280000000000000e+05
2.894600000000000000e+04
2.040400000000000000e+04
0.000000000000000000e+00
3.364080000000000000e+05
8.313450000000000000e+05
2.617600000000000000e+04
9.298400000000000000e+04
2.074000000000000000e+03
0.000000000000000000e+00
8.348640000000000000e+05
2.503900000000000000e+04
0.000000000000000000e+00
0.000000000000000000e+00
0.000000000000000000e+00
0.000000000000000000e+00
1.428261000000000000e+06
3.091700000000000000e+04
4.811000000000000000e+03
6.981700000000000000e+04
1.902000000000000000e+03
7.384340000000000000e+05
3.758700000000000000e+04
7.559000000000000000e+03
0.000000000000000000e+00
5.405640000000000000e+05
3.124200000000000000e+04
2.271000000000000000e+03
3.113900000000000000e+05
3.325300000000000000e+04
3.884190000000000000e+05
8.685800000000000000e+04
6.095000000000000000e+03
6.516000000000000000e+03
6.075000000000000000e+03
6.599280000000000000e+05
3.159100000000000000e+04
3.120000000000000000e+03
1.410000000000000000e+03
0.000000000000000000e+00
7.070080000000000000e+05
2.864200000000000000e+04
5.730000000000000000e+02
5.914200000000000000e+04
4.050000000000000000e+02
2.511170000000000000e+05
2.010200000000000000e+04
8.320000000000000000e+02
1.102400000000000000e+04
5.700110000000000000e+05
2.865600000000000000e+04
5.472000000000000000e+03
3.290350000000000000e+05
1.707500000000000000e+04
5.135000000000000000e+05
1.114270000000000000e+05
7.784000000000000000e+03
1.161000000000000000e+03
0.000000000000000000e+00
3.701280000000000000e+05
2.965200000000000000e+04
