2.631897800000000000e+07
3.083200000000000000e+04
1.107500000000000000e+04
3.729000000000000000e+03
1.030000000000000000e+03
1.335000000000000000e+03
6.560000000000000000e+02
3.600000000000000000e+02
1.146000000000000000e+03
3.307000000000000000e+03
7.660000000000000000e+02
1.278390000000000000e+05
5.875000000000000000e+03
9.194000000000000000e+03
5.345300000000000000e+04
2.154600000000000000e+04
1.570300000000000000e+04
1.377000000000000000e+03
6.000000000000000000e+01
6.064000000000000000e+03
8.148000000000000000e+03
1.503400000000000000e+04
1.618200000000000000e+04
1.213120000000000000e+05
5.036000000000000000e+03
1.236000000000000000e+03
2.322000000000000000e+03
1.376000000000000000e+03
8.738000000000000000e+03
4.867700000000000000e+04
2.654200000000000000e+04
3.384000000000000000e+03
4.833000000000000000e+03
9.160000000000000000e+03
8.714000000000000000e+03
1.082630000000000000e+05
4.181000000000000000e+03
1.978600000000000000e+04
2.126000000000000000e+03
2.339900000000000000e+04
1.661900000000000000e+04
4.940000000000000000e+03
3.780000000000000000e+02
3.252000000000000000e+03
6.281600000000000000e+04
2.679200000000000000e+04
9.864000000000000000e+03
3.602210000000000000e+05
3.327000000000000000e+03
2.520000000000000000e+02
7.600000000000000000e+01
0.000000000000000000e+00
0.000000000000000000e+00
1.340000000000000000e+02
0.000000000000000000e+00
0.000000000000000000e+00
1.980000000000000000e+02
7.108000000000000000e+03
2.293000000000000000e+03
8.141680000000000000e+05
5.532000000000000000e+03
1.243000000000000000e+03
5.470000000000000000e+02
2.280000000000000000e+02
0.000000000000000000e+00
0.000000000000000000e+00
0.000000000000000000e+00
0.000000000000000000e+00
0.000000000000000000e+00
0.000000000000000000e+00
0.000000000000000000e+00
4.084570000000000000e+05
3.797000000000000000e+03
1.321600000000000000e+04
2.506400000000000000e+04
5.426200000000000000e+04
1.068250000000000000e+05
1.792240000000000000e+05
2.313180000000000000e+05
3.506990000000000000e+05
4.837230000000000000e+05
4.490450000000000000e+05
7.275260000000000000e+05
3.295752000000000000e+06
2.778980000000000000e+05
6.094790000000000000e+05
1.112627000000000000e+06
9.538830000000000000e+05
1.223012000000000000e+06
1.361179000000000000e+06
1.026524000000000000e+06
1.176504000000000000e+06
1.181591000000000000e+06
1.257918000000000000e+06
1.326069000000000000e+06
3.679642000000000000e+06
5.510370000000000000e+05
8.316570000000000000e+05
1.185083000000000000e+06
9.740770000000000000e+05
1.015384000000000000e+06
1.156696000000000000e+06
1.065433000000000000e+06
1.143832000000000000e+06
1.950119000000000000e+06
7.046430000000000000e+05
6.573540000000000000e+05
1.249455000000000000e+06
1.787000000000000000e+05
5.491400000000000000e+04
4.239800000000000000e+04
3.909000000000000000e+03
3.890000000000000000e+02
0.000000000000000000e+00
0.000000000000000000e+00
7.281256100000000000e+07
1.801462000000000000e+06
1.685829000000000000e+06
1.968786000000000000e+06
1.726165000000000000e+06
1.577505000000000000e+06
1.338642000000000000e+06
1.372078000000000000e+06
1.336920000000000000e+06
1.369005000000000000e+06
1.323260000000000000e+06
1.140321000000000000e+06
3.391280000000000000e+06
1.219970000000000000e+06
8.196090000000000000e+05
8.634510000000000000e+05
7.178060000000000000e+05
8.154940000000000000e+05
6.052860000000000000e+05
8.256650000000000000e+05
8.260430000000000000e+05
7.925780000000000000e+05
9.137040000000000000e+05
7.284840000000000000e+05
3.707045000000000000e+06
8.783430000000000000e+05
5.044280000000000000e+05
5.179950000000000000e+05
3.603080000000000000e+05
3.123270000000000000e+05
2.868540000000000000e+05
4.208920000000000000e+05
3.631240000000000000e+05
4.595120000000000000e+05
5.204650000000000000e+05
2.516110000000000000e+05
3.305291000000000000e+06
6.946460000000000000e+05
4.316800000000000000e+05
5.855930000000000000e+05
5.461310000000000000e+05
5.353790000000000000e+05
5.791260000000000000e+05
5.729790000000000000e+05
4.921480000000000000e+05
5.537020000000000000e+05
5.320670000000000000e+05
4.747900000000000000e+05
2.991646000000000000e+06
9.300160000000000000e+05
3.962330000000000000e+05
4.470470000000000000e+05
4.883570000000000000e+05
2.780830000000000000e+05
3.504870000000000000e+05
3.736060000000000000e+05
5.244650000000000000e+05
6.593830000000000000e+05
7.174840000000000000e+05
8.658990000000000000e+05
4.051019000000000000e+06
9.008770000000000000e+05
5.393940000000000000e+05
5.089760000000000000e+05
5.393620000000000000e+05
3.684990000000000000e+05
4.020600000000000000e+05
3.619010000000000000e+05
3.753920000000000000e+05
3.798670000000000000e+05
3.561390000000000000e+05
3.393730000000000000e+05
2.536211000000000000e+06
6.449830000000000000e+05
3.205230000000000000e+05
3.950390000000000000e+05
3.615160000000000000e+05
3.808340000000000000e+05
4.573080000000000000e+05
6.026850000000000000e+05
5.627440000000000000e+05
8.628450000000000000e+05
9.351240000000000000e+05
9.278300000000000000e+05
2.713113000000000000e+06
9.524800000000000000e+05
6.635870000000000000e+05
5.602080000000000000e+05
5.376940000000000000e+05
4.649330000000000000e+05
4.472370000000000000e+05
4.605780000000000000e+05
4.911950000000000000e+05
5.560880000000000000e+05
6.511330000000000000e+05
4.505950000000000000e+05
2.431220000000000000e+06
7.225540000000000000e+05
4.168640000000000000e+05
4.584570000000000000e+05
6.129210000000000000e+05
5.334810000000000000e+05
4.501640000000000000e+05
4.268850000000000000e+05
3.552590000000000000e+05
5.432920000000000000e+05
7.360360000000000000e+05
7.271570000000000000e+05
2.226112000000000000e+06
9.328870000000000000e+05
5.803440000000000000e+05
5.639220000000000000e+05
4.340440000000000000e+05
4.415490000000000000e+05
4.654120000000000000e+05
4.741390000000000000e+05
5.161960000000000000e+05
5.901820000000000000e+05
5.399170000000000000e+05
4.924980000000000000e+05
3.567159000000000000e+06
5.995550000000000000e+05
4.971090000000000000e+05
5.209190000000000000e+05
5.503190000000000000e+05
4.056870000000000000e+05
4.408370000000000000e+05
3.570210000000000000e+05
4.194230000000000000e+05
3.909120000000000000e+05
3.658330000000000000e+05
3.942900000000000000e+05
2.159431000000000000e+06
6.761060000000000000e+05
3.687950000000000000e+05
4.957930000000000000e+05
5.439670000000000000e+05
4.943070000000000000e+05
4.324190000000000000e+05
5.978820000000000000e+05
4.103510000000000000e+05
4.036840000000000000e+05
3.291590000000000000e+05
3.110840000000000000e+05
2.178219000000000000e+06
7.596420000000000000e+05
4.247410000000000000e+05
4.809400000000000000e+05
5.457630000000000000e+05
4.191550000000000000e+05
4.375740000000000000e+05
3.589640000000000000e+05
3.801430000000000000e+05
2.795690000000000000e+05
3.690910000000000000e+05
2.394840000000000000e+05
2.166103000000000000e+06
7.210760000000000000e+05
3.216730000000000000e+05
2.223060000000000000e+05
3.358130000000000000e+05
3.348360000000000000e+05
3.880450000000000000e+05
5.632360000000000000e+05
6.036950000000000000e+05
8.169520000000000000e+05
9.351340000000000000e+05
1.248694000000000000e+06
2.602467000000000000e+06
1.530475000000000000e+06
1.186878000000000000e+06
1.402379000000000000e+06
1.473115000000000000e+06
1.252660000000000000e+06
1.202375000000000000e+06
1.174955000000000000e+06
1.074702000000000000e+06
9.634730000000000000e+05
8.671330000000000000e+05
1.155945000000000000e+06
4.296934000000000000e+06
1.431832000000000000e+06
1.530833000000000000e+06
1.698420000000000000e+06
2.081291000000000000e+06
2.017517000000000000e+06
2.138398000000000000e+06
2.057078000000000000e+06
2.205565000000000000e+06
2.257769000000000000e+06
2.459895000000000000e+06
2.372215000000000000e+06
4.261621000000000000e+06
2.049975000000000000e+06
1.843814000000000000e+06
1.773176000000000000e+06
2.057866000000000000e+06
1.748023000000000000e+06
1.661704000000000000e+06
1.647935000000000000e+06
1.397676000000000000e+06
1.398051000000000000e+06
1.345489000000000000e+06
1.207507000000000000e+06
4.403751000000000000e+06
9.720830000000000000e+05
4.982300000000000000e+05
4.256100000000000000e+05
4.977250000000000000e+05
3.998000000000000000e+05
3.920120000000000000e+05
3.702720000000000000e+05
4.277780000000000000e+05
3.651400000000000000e+05
5.668150000000000000e+05
2.806970000000000000e+05
3.461235000000000000e+06
8.597190000000000000e+05
6.260960000000000000e+05
7.897590000000000000e+05
9.556590000000000000e+05
1.065436000000000000e+06
1.002312000000000000e+06
9.643500000000000000e+05
1.048456000000000000e+06
8.837420000000000000e+05
1.139772000000000000e+06
6.853420000000000000e+05
3.750608000000000000e+06
8.525730000000000000e+05
3.204280000000000000e+05
3.465520000000000000e+05
2.788940000000000000e+05
3.146740000000000000e+05
2.788320000000000000e+05
2.468760000000000000e+05
2.109110000000000000e+05
1.840230000000000000e+05
1.965810000000000000e+05
1.463840000000000000e+05
4.011556000000000000e+06
5.704160000000000000e+05
3.537130000000000000e+05
5.382200000000000000e+05
7.186920000000000000e+05
6.235150000000000000e+05
6.046670000000000000e+05
5.711020000000000000e+05
5.033880000000000000e+05
5.958960000000000000e+05
6.083920000000000000e+05
6.820370000000000000e+05
2.867344000000000000e+06
8.098870000000000000e+05
4.704100000000000000e+05
5.218600000000000000e+05
5.145370000000000000e+05
6.049630000000000000e+05
4.336230000000000000e+05
5.663540000000000000e+05
4.476260000000000000e+05
5.534540000000000000e+05
6.251500000000000000e+05
6.907310000000000000e+05
3.485532000000000000e+06
8.340080000000000000e+05
5.696640000000000000e+05
6.339790000000000000e+05
7.106900000000000000e+05
5.969690000000000000e+05
5.026460000000000000e+05
4.247280000000000000e+05
3.088530000000000000e+05
3.163930000000000000e+05
4.601440000000000000e+05
2.752820000000000000e+05
3.218705000000000000e+06
6.607670000000000000e+05
1.759130000000000000e+05
1.524560000000000000e+05
2.121350000000000000e+05
2.185210000000000000e+05
2.995240000000000000e+05
3.678050000000000000e+05
4.909610000000000000e+05
5.243580000000000000e+05
5.897430000000000000e+05
5.880000000000000000e+05
2.694639000000000000e+06
9.130850000000000000e+05
5.860290000000000000e+05
6.816850000000000000e+05
5.129270000000000000e+05
5.821870000000000000e+05
4.337380000000000000e+05
4.764650000000000000e+05
4.920140000000000000e+05
6.463660000000000000e+05
7.452650000000000000e+05
8.926980000000000000e+05
4.371801000000000000e+06
1.174036000000000000e+06
9.364540000000000000e+05
1.144257000000000000e+06
1.400135000000000000e+06
1.352777000000000000e+06
1.268995000000000000e+06
1.145947000000000000e+06
1.081912000000000000e+06
1.056254000000000000e+06
9.713930000000000000e+05
7.121270000000000000e+05
2.920688000000000000e+06
6.021460000000000000e+05
2.949370000000000000e+05
4.590480000000000000e+05
6.797870000000000000e+05
7.889400000000000000e+05
8.933700000000000000e+05
9.012580000000000000e+05
7.507630000000000000e+05
8.039370000000000000e+05
7.713580000000000000e+05
7.373890000000000000e+05
2.772372000000000000e+06
8.826270000000000000e+05
4.864460000000000000e+05
4.361990000000000000e+05
4.157790000000000000e+05
4.180160000000000000e+05
3.977890000000000000e+05
4.374420000000000000e+05
4.932390000000000000e+05
5.592800000000000000e+05
9.075920000000000000e+05
8.330810000000000000e+05
3.997437000000000000e+06
1.036645000000000000e+06
6.554330000000000000e+05
7.017240000000000000e+05
9.286310000000000000e+05
8.217690000000000000e+05
8.348580000000000000e+05
7.092730000000000000e+05
7.002920000000000000e+05
6.521530000000000000e+05
6.257640000000000000e+05
5.441360000000000000e+05
2.213367000000000000e+06
7.202150000000000000e+05
3.825150000000000000e+05
3.636980000000000000e+05
3.927660000000000000e+05
4.309210000000000000e+05
4.201150000000000000e+05
3.850150000000000000e+05
2.683740000000000000e+05
2.272330000000000000e+05
2.460930000000000000e+05
1.716420000000000000e+05
2.260472000000000000e+06
5.199730000000000000e+05
1.340830000000000000e+05
1.116750000000000000e+05
2.385050000000000000e+05
7.411300000000000000e+04
1.098190000000000000e+05
8.689900000000000000e+04
6.742900000000000000e+04
8.553200000000000000e+04
8.487500000000000000e+04
1.326910000000000000e+05
2.185555000000000000e+06
5.439270000000000000e+05
6.446700000000000000e+04
6.775400000000000000e+04
9.163600000000000000e+04
7.322100000000000000e+04
3.039400000000000000e+04
1.968540000000000000e+05
4.999600000000000000e+04
1.029010000000000000e+05
1.472020000000000000e+05
1.221680000000000000e+05
1.909522000000000000e+06
5.800980000000000000e+05
1.576040000000000000e+05
1.170340000000000000e+05
1.213250000000000000e+05
1.100670000000000000e+05
1.023180000000000000e+05
9.436800000000000000e+04
1.059380000000000000e+05
1.076040000000000000e+05
3.660940000000000000e+05
1.246490000000000000e+05
3.095435000000000000e+06
6.241870000000000000e+05
3.500910000000000000e+05
4.142220000000000000e+05
5.164430000000000000e+05
4.655040000000000000e+05
4.187600000000000000e+05
2.890390000000000000e+05
2.823460000000000000e+05
2.768390000000000000e+05
2.478810000000000000e+05
2.230280000000000000e+05
2.052385000000000000e+06
6.094180000000000000e+05
3.271800000000000000e+05
4.976840000000000000e+05
7.074720000000000000e+05
1.008594000000000000e+06
8.167720000000000000e+05
7.385860000000000000e+05
6.450570000000000000e+05
6.498530000000000000e+05
5.940460000000000000e+05
7.122030000000000000e+05
2.834307000000000000e+06
8.598540000000000000e+05
5.767180000000000000e+05
6.142630000000000000e+05
8.066070000000000000e+05
7.874910000000000000e+05
9.524850000000000000e+05
7.916950000000000000e+05
7.969480000000000000e+05
8.361680000000000000e+05
8.387920000000000000e+05
1.165059000000000000e+06
3.710696000000000000e+06
1.263021000000000000e+06
9.347840000000000000e+05
1.058608000000000000e+06
1.190162000000000000e+06
1.132190000000000000e+06
1.110739000000000000e+06
1.145153000000000000e+06
8.390500000000000000e+05
8.253640000000000000e+05
7.746090000000000000e+05
6.779880000000000000e+05
3.908658000000000000e+06
9.138550000000000000e+05
4.059540000000000000e+05
4.583670000000000000e+05
4.607660000000000000e+05
6.171810000000000000e+05
5.412840000000000000e+05
3.778860000000000000e+05
3.933390000000000000e+05
4.286320000000000000e+05
7.543230000000000000e+05
3.518160000000000000e+05
4.370337000000000000e+06
7.533770000000000000e+05
3.586040000000000000e+05
3.717460000000000000e+05
3.885600000000000000e+05
5.409160000000000000e+05
3.625110000000000000e+05
3.758670000000000000e+05
3.798920000000000000e+05
3.482620000000000000e+05
4.316540000000000000e+05
4.574130000000000000e+05
2.948081000000000000e+06
8.628690000000000000e+05
3.120990000000000000e+05
3.322290000000000000e+05
3.533010000000000000e+05
3.755390000000000000e+05
3.545550000000000000e+05
2.105350000000000000e+05
2.345610000000000000e+05
1.754960000000000000e+05
2.566260000000000000e+05
4.386410000000000000e+05
3.131984000000000000e+06
9.026310000000000000e+05
5.298610000000000000e+05
4.576050000000000000e+05
5.437040000000000000e+05
4.863750000000000000e+05
5.198800000000000000e+05
5.066980000000000000e+05
4.810460000000000000e+05
5.299810000000000000e+05
4.755730000000000000e+05
4.727510000000000000e+05
2.975252000000000000e+06
8.706730000000000000e+05
5.680740000000000000e+05
6.849360000000000000e+05
8.644030000000000000e+05
9.667500000000000000e+05
1.055531000000000000e+06
1.053778000000000000e+06
7.723750000000000000e+05
7.326590000000000000e+05
5.865350000000000000e+05
5.439800000000000000e+05
3.215130000000000000e+06
7.394590000000000000e+05
1.790280000000000000e+05
2.310510000000000000e+05
2.805000000000000000e+05
2.698900000000000000e+05
3.002480000000000000e+05
2.011200000000000000e+05
2.474310000000000000e+05
2.234480000000000000e+05
3.627640000000000000e+05
1.452640000000000000e+05
3.553650000000000000e+06
6.206450000000000000e+05
2.219210000000000000e+05
2.767100000000000000e+05
2.797370000000000000e+05
3.231260000000000000e+05
2.585000000000000000e+05
2.234650000000000000e+05
2.886270000000000000e+05
3.326630000000000000e+05
3.566960000000000000e+05
4.075430000000000000e+05
2.959034000000000000e+06
8.255660000000000000e+05
2.947190000000000000e+05
2.693400000000000000e+05
2.126680000000000000e+05
2.380440000000000000e+05
1.915510000000000000e+05
2.071070000000000000e+05
2.566080000000000000e+05
2.852600000000000000e+05
2.281060000000000000e+05
2.516060000000000000e+05
2.748858000000000000e+06
6.313910000000000000e+05
1.261790000000000000e+05
1.320090000000000000e+05
2.358900000000000000e+05
1.308930000000000000e+05
1.221050000000000000e+05
1.787160000000000000e+05
1.883630000000000000e+05
1.624270000000000000e+05
2.546530000000000000e+05
4.866380000000000000e+05
2.876140000000000000e+06
1.409019000000000000e+06
1.125005000000000000e+06
1.145561000000000000e+06
1.099974000000000000e+06
9.378370000000000000e+05
9.583720000000000000e+05
8.411040000000000000e+05
8.944690000000000000e+05
9.343090000000000000e+05
1.117898000000000000e+06
1.226978000000000000e+06
3.037656000000000000e+06
1.252284000000000000e+06
7.384340000000000000e+05
5.928010000000000000e+05
5.012190000000000000e+05
4.555560000000000000e+05
4.047010000000000000e+05
3.227540000000000000e+05
2.931050000000000000e+05
2.206580000000000000e+05
4.377390000000000000e+05
1.117450000000000000e+05
3.441981000000000000e+06
5.913820000000000000e+05
1.557390000000000000e+05
2.062720000000000000e+05
3.337280000000000000e+05
5.647900000000000000e+05
7.662500000000000000e+05
7.172230000000000000e+05
6.664140000000000000e+05
6.691210000000000000e+05
6.999040000000000000e+05
6.071350000000000000e+05
2.392632000000000000e+06
9.641290000000000000e+05
5.521560000000000000e+05
4.766310000000000000e+05
5.641090000000000000e+05
4.992450000000000000e+05
4.732150000000000000e+05
4.576000000000000000e+05
4.037530000000000000e+05
3.956910000000000000e+05
3.947180000000000000e+05
3.757030000000000000e+05
2.367656000000000000e+06
6.096190000000000000e+05
3.312200000000000000e+05
2.723770000000000000e+05
4.062040000000000000e+05
3.553610000000000000e+05
4.024940000000000000e+05
5.355810000000000000e+05
5.357840000000000000e+05
6.066200000000000000e+05
7.577490000000000000e+05
8.177790000000000000e+05
2.457722000000000000e+06
1.389300000000000000e+06
1.300350000000000000e+06
1.317184000000000000e+06
1.385284000000000000e+06
1.471847000000000000e+06
1.576747000000000000e+06
1.446798000000000000e+06
1.598769600000000000e+08
4.263000000000000000e+03
0.000000000000000000e+00
0.000000000000000000e+00
0.000000000000000000e+00
0.000000000000000000e+00
0.000000000000000000e+00
0.000000000000000000e+00
0.000000000000000000e+00
0.000000000000000000e+00
0.000000000000000000e+00
0.000000000000000000e+00
7.676000000000000000e+03
4.263000000000000000e+03
0.000000000000000000e+00
0.000000000000000000e+00
0.000000000000000000e+00
0.000000000000000000e+00
0.000000000000000000e+00
0.000000000000000000e+00
0.000000000000000000e+00
0.000000000000000000e+00
0.000000000000000000e+00
0.000000000000000000e+00
9.298000000000000000e+03
4.263000000000000000e+03
0.000000000000000000e+00
0.000000000000000000e+00
0.000000000000000000e+00
0.000000000000000000e+00
0.000000000000000000e+00
0.000000000000000000e+00
0.000000000000000000e+00
0.000000000000000000e+00
0.000000000000000000e+00
0.000000000000000000e+00
7.050000000000000000e+03
4.263000000000000000e+03
0.000000000000000000e+00
0.000000000000000000e+00
0.000000000000000000e+00
0.000000000000000000e+00
0.000000000000000000e+00
0.000000000000000000e+00
0.000000000000000000e+00
0.000000000000000000e+00
0.000000000000000000e+00
0.000000000000000000e+00
9.251000000000000000e+03
4.263000000000000000e+03
0.000000000000000000e+00
0.000000000000000000e+00
0.000000000000000000e+00
0.000000000000000000e+00
0.000000000000000000e+00
0.000000000000000000e+00
0.000000000000000000e+00
0.000000000000000000e+00
0.000000000000000000e+00
0.000000000000000000e+00
2.525200000000000000e+05
7.401000000000000000e+03
1.677000000000000000e+03
0.000000000000000000e+00
0.000000000000000000e+00
0.000000000000000000e+00
0.000000000000000000e+00
0.000000000000000000e+00
0.000000000000000000e+00
0.000000000000000000e+00
0.000000000000000000e+00
0.000000000000000000e+00
6.544000000000000000e+03
7.401000000000000000e+03
1.677000000000000000e+03
0.000000000000000000e+00
0.000000000000000000e+00
0.000000000000000000e+00
0.000000000000000000e+00
0.000000000000000000e+00
0.000000000000000000e+00
0.000000000000000000e+00
0.000000000000000000e+00
0.000000000000000000e+00
6.544000000000000000e+03
7.401000000000000000e+03
1.677000000000000000e+03
0.000000000000000000e+00
0.000000000000000000e+00
0.000000000000000000e+00
0.000000000000000000e+00
0.000000000000000000e+00
0.000000000000000000e+00
0.000000000000000000e+00
0.000000000000000000e+00
0.000000000000000000e+00
6.544000000000000000e+03
7.401000000000000000e+03
1.677000000000000000e+03
0.000000000000000000e+00
0.000000000000000000e+00
0.000000000000000000e+00
0.000000000000000000e+00
0.000000000000000000e+00
0.000000000000000000e+00
0.000000000000000000e+00
0.000000000000000000e+00
0.000000000000000000e+00
6.544000000000000000e+03
7.401000000000000000e+03
1.677000000000000000e+03
0.000000000000000000e+00
0.000000000000000000e+00
0.000000000000000000e+00
0.000000000000000000e+00
0.000000000000000000e+00
0.000000000000000000e+00
0.000000000000000000e+00
0.000000000000000000e+00
0.000000000000000000e+00
8.550808000000000000e+06
0.000000000000000000e+00
0.000000000000000000e+00
0.000000000000000000e+00
0.000000000000000000e+00
0.000000000000000000e+00
0.000000000000000000e+00
0.000000000000000000e+00
0.000000000000000000e+00
0.000000000000000000e+00
0.000000000000000000e+00
0.000000000000000000e+00
6.132000000000000000e+03
0.000000000000000000e+00
0.000000000000000000e+00
0.000000000000000000e+00
0.000000000000000000e+00
0.000000000000000000e+00
0.000000000000000000e+00
0.000000000000000000e+00
0.000000000000000000e+00
0.000000000000000000e+00
0.000000000000000000e+00
0.000000000000000000e+00
3.027000000000000000e+03
0.000000000000000000e+00
0.000000000000000000e+00
0.000000000000000000e+00
0.000000000000000000e+00
0.000000000000000000e+00
0.000000000000000000e+00
0.000000000000000000e+00
0.000000000000000000e+00
0.000000000000000000e+00
0.000000000000000000e+00
0.000000000000000000e+00
0.000000000000000000e+00
0.000000000000000000e+00
0.000000000000000000e+00
0.000000000000000000e+00
0.000000000000000000e+00
0.000000000000000000e+00
0.000000000000000000e+00
0.000000000000000000e+00
0.000000000000000000e+00
0.000000000000000000e+00
0.000000000000000000e+00
0.000000000000000000e+00
1.082790000000000000e+05
0.000000000000000000e+00
0.000000000000000000e+00
0.000000000000000000e+00
0.000000000000000000e+00
0.000000000000000000e+00
0.000000000000000000e+00
0.000000000000000000e+00
0.000000000000000000e+00
0.000000000000000000e+00
0.000000000000000000e+00
0.000000000000000000e+00
5.274000000000000000e+03
0.000000000000000000e+00
0.000000000000000000e+00
0.000000000000000000e+00
0.000000000000000000e+00
0.000000000000000000e+00
0.000000000000000000e+00
0.000000000000000000e+00
0.000000000000000000e+00
0.000000000000000000e+00
0.000000000000000000e+00
0.000000000000000000e+00
5.268000000000000000e+03
0.000000000000000000e+00
0.000000000000000000e+00
0.000000000000000000e+00
0.000000000000000000e+00
0.000000000000000000e+00
0.000000000000000000e+00
0.000000000000000000e+00
0.000000000000000000e+00
0.000000000000000000e+00
0.000000000000000000e+00
0.000000000000000000e+00
3.462300000000000000e+04
0.000000000000000000e+00
0.000000000000000000e+00
0.000000000000000000e+00
0.000000000000000000e+00
0.000000000000000000e+00
6.756589000000000000e+06
1.943300000000000000e+04
6.402000000000000000e+03
0.000000000000000000e+00
0.000000000000000000e+00
0.000000000000000000e+00
5.050620000000000000e+05
8.923000000000000000e+03
0.000000000000000000e+00
0.000000000000000000e+00
0.000000000000000000e+00
0.000000000000000000e+00
0.000000000000000000e+00
0.000000000000000000e+00
0.000000000000000000e+00
0.000000000000000000e+00
0.000000000000000000e+00
0.000000000000000000e+00
1.299990000000000000e+05
9.213000000000000000e+03
0.000000000000000000e+00
0.000000000000000000e+00
0.000000000000000000e+00
0.000000000000000000e+00
0.000000000000000000e+00
0.000000000000000000e+00
0.000000000000000000e+00
0.000000000000000000e+00
0.000000000000000000e+00
0.000000000000000000e+00
7.084000000000000000e+04
9.184000000000000000e+03
0.000000000000000000e+00
0.000000000000000000e+00
0.000000000000000000e+00
0.000000000000000000e+00
0.000000000000000000e+00
0.000000000000000000e+00
0.000000000000000000e+00
0.000000000000000000e+00
0.000000000000000000e+00
0.000000000000000000e+00
9.184000000000000000e+03
9.184000000000000000e+03
0.000000000000000000e+00
0.000000000000000000e+00
0.000000000000000000e+00
0.000000000000000000e+00
0.000000000000000000e+00
0.000000000000000000e+00
0.000000000000000000e+00
0.000000000000000000e+00
0.000000000000000000e+00
0.000000000000000000e+00
9.184000000000000000e+03
9.184000000000000000e+03
0.000000000000000000e+00
0.000000000000000000e+00
0.000000000000000000e+00
0.000000000000000000e+00
0.000000000000000000e+00
0.000000000000000000e+00
0.000000000000000000e+00
0.000000000000000000e+00
0.000000000000000000e+00
0.000000000000000000e+00
1.258790000000000000e+05
1.386100000000000000e+04
0.000000000000000000e+00
0.000000000000000000e+00
0.000000000000000000e+00
0.000000000000000000e+00
0.000000000000000000e+00
0.000000000000000000e+00
0.000000000000000000e+00
0.000000000000000000e+00
0.000000000000000000e+00
0.000000000000000000e+00
8.628400000000000000e+04
1.088300000000000000e+04
0.000000000000000000e+00
0.000000000000000000e+00
0.000000000000000000e+00
0.000000000000000000e+00
0.000000000000000000e+00
0.000000000000000000e+00
0.000000000000000000e+00
0.000000000000000000e+00
0.000000000000000000e+00
0.000000000000000000e+00
7.203100000000000000e+04
1.176700000000000000e+04
0.000000000000000000e+00
0.000000000000000000e+00
0.000000000000000000e+00
0.000000000000000000e+00
0.000000000000000000e+00
0.000000000000000000e+00
0.000000000000000000e+00
0.000000000000000000e+00
0.000000000000000000e+00
0.000000000000000000e+00
1.176700000000000000e+04
1.176700000000000000e+04
0.000000000000000000e+00
0.000000000000000000e+00
0.000000000000000000e+00
0.000000000000000000e+00
0.000000000000000000e+00
0.000000000000000000e+00
0.000000000000000000e+00
0.000000000000000000e+00
0.000000000000000000e+00
0.000000000000000000e+00
1.176700000000000000e+04
1.176700000000000000e+04
0.000000000000000000e+00
0.000000000000000000e+00
0.000000000000000000e+00
0.000000000000000000e+00
0.000000000000000000e+00
0.000000000000000000e+00
0.000000000000000000e+00
0.000000000000000000e+00
0.000000000000000000e+00
0.000000000000000000e+00
1.232800000000000000e+05
1.885600000000000000e+04
0.000000000000000000e+00
0.000000000000000000e+00
0.000000000000000000e+00
0.000000000000000000e+00
0.000000000000000000e+00
0.000000000000000000e+00
0.000000000000000000e+00
0.000000000000000000e+00
0.000000000000000000e+00
0.000000000000000000e+00
2.368800000000000000e+04
1.885600000000000000e+04
0.000000000000000000e+00
0.000000000000000000e+00
0.000000000000000000e+00
0.000000000000000000e+00
0.000000000000000000e+00
0.000000000000000000e+00
0.000000000000000000e+00
0.000000000000000000e+00
0.000000000000000000e+00
9.266338000000000000e+06
9.261000000000000000e+05
2.906400000000000000e+04
0.000000000000000000e+00
0.000000000000000000e+00
0.000000000000000000e+00
0.000000000000000000e+00
0.000000000000000000e+00
0.000000000000000000e+00
0.000000000000000000e+00
0.000000000000000000e+00
0.000000000000000000e+00
0.000000000000000000e+00
3.074300000000000000e+04
3.030100000000000000e+04
0.000000000000000000e+00
0.000000000000000000e+00
0.000000000000000000e+00
0.000000000000000000e+00
0.000000000000000000e+00
0.000000000000000000e+00
0.000000000000000000e+00
0.000000000000000000e+00
0.000000000000000000e+00
0.000000000000000000e+00
5.550300000000000000e+04
3.030100000000000000e+04
0.000000000000000000e+00
0.000000000000000000e+00
0.000000000000000000e+00
0.000000000000000000e+00
0.000000000000000000e+00
0.000000000000000000e+00
0.000000000000000000e+00
0.000000000000000000e+00
0.000000000000000000e+00
0.000000000000000000e+00
4.075800000000000000e+04
3.030100000000000000e+04
0.000000000000000000e+00
0.000000000000000000e+00
0.000000000000000000e+00
0.000000000000000000e+00
0.000000000000000000e+00
0.000000000000000000e+00
0.000000000000000000e+00
0.000000000000000000e+00
0.000000000000000000e+00
0.000000000000000000e+00
3.046100000000000000e+04
3.030100000000000000e+04
0.000000000000000000e+00
0.000000000000000000e+00
0.000000000000000000e+00
0.000000000000000000e+00
0.000000000000000000e+00
0.000000000000000000e+00
0.000000000000000000e+00
0.000000000000000000e+00
0.000000000000000000e+00
8.401000000000000000e+03
2.599770000000000000e+05
3.571100000000000000e+04
0.000000000000000000e+00
0.000000000000000000e+00
0.000000000000000000e+00
0.000000000000000000e+00
0.000000000000000000e+00
0.000000000000000000e+00
0.000000000000000000e+00
0.000000000000000000e+00
0.000000000000000000e+00
0.000000000000000000e+00
3.587900000000000000e+04
3.571100000000000000e+04
0.000000000000000000e+00
0.000000000000000000e+00
0.000000000000000000e+00
0.000000000000000000e+00
0.000000000000000000e+00
0.000000000000000000e+00
0.000000000000000000e+00
0.000000000000000000e+00
0.000000000000000000e+00
0.000000000000000000e+00
1.244390000000000000e+05
3.582300000000000000e+04
0.000000000000000000e+00
0.000000000000000000e+00
0.000000000000000000e+00
0.000000000000000000e+00
0.000000000000000000e+00
0.000000000000000000e+00
0.000000000000000000e+00
0.000000000000000000e+00
0.000000000000000000e+00
0.000000000000000000e+00
4.731000000000000000e+04
3.591000000000000000e+04
0.000000000000000000e+00
0.000000000000000000e+00
0.000000000000000000e+00
0.000000000000000000e+00
0.000000000000000000e+00
0.000000000000000000e+00
0.000000000000000000e+00
0.000000000000000000e+00
0.000000000000000000e+00
0.000000000000000000e+00
3.591000000000000000e+04
3.591000000000000000e+04
0.000000000000000000e+00
0.000000000000000000e+00
0.000000000000000000e+00
0.000000000000000000e+00
0.000000000000000000e+00
0.000000000000000000e+00
0.000000000000000000e+00
0.000000000000000000e+00
0.000000000000000000e+00
0.000000000000000000e+00
2.172950000000000000e+05
3.538600000000000000e+04
2.508000000000000000e+03
0.000000000000000000e+00
0.000000000000000000e+00
0.000000000000000000e+00
0.000000000000000000e+00
0.000000000000000000e+00
0.000000000000000000e+00
0.000000000000000000e+00
0.000000000000000000e+00
0.000000000000000000e+00
3.858400000000000000e+04
3.538600000000000000e+04
2.508000000000000000e+03
0.000000000000000000e+00
0.000000000000000000e+00
0.000000000000000000e+00
0.000000000000000000e+00
0.000000000000000000e+00
0.000000000000000000e+00
0.000000000000000000e+00
0.000000000000000000e+00
0.000000000000000000e+00
4.647100000000000000e+04
3.540700000000000000e+04
2.508000000000000000e+03
0.000000000000000000e+00
0.000000000000000000e+00
1.192562500000000000e+07
1.071700000000000000e+05
4.160500000000000000e+04
5.048000000000000000e+03
0.000000000000000000e+00
0.000000000000000000e+00
0.000000000000000000e+00
1.035902000000000000e+06
1.454900000000000000e+04
0.000000000000000000e+00
0.000000000000000000e+00
0.000000000000000000e+00
0.000000000000000000e+00
0.000000000000000000e+00
0.000000000000000000e+00
0.000000000000000000e+00
0.000000000000000000e+00
0.000000000000000000e+00
0.000000000000000000e+00
3.676100000000000000e+04
2.319900000000000000e+04
0.000000000000000000e+00
0.000000000000000000e+00
0.000000000000000000e+00
0.000000000000000000e+00
0.000000000000000000e+00
0.000000000000000000e+00
0.000000000000000000e+00
0.000000000000000000e+00
0.000000000000000000e+00
0.000000000000000000e+00
3.405800000000000000e+04
2.542300000000000000e+04
0.000000000000000000e+00
0.000000000000000000e+00
0.000000000000000000e+00
0.000000000000000000e+00
0.000000000000000000e+00
0.000000000000000000e+00
0.000000000000000000e+00
0.000000000000000000e+00
0.000000000000000000e+00
0.000000000000000000e+00
2.542300000000000000e+04
2.542300000000000000e+04
0.000000000000000000e+00
0.000000000000000000e+00
0.000000000000000000e+00
0.000000000000000000e+00
0.000000000000000000e+00
0.000000000000000000e+00
0.000000000000000000e+00
0.000000000000000000e+00
0.000000000000000000e+00
0.000000000000000000e+00
2.542300000000000000e+04
2.542300000000000000e+04
0.000000000000000000e+00
0.000000000000000000e+00
0.000000000000000000e+00
5.767000000000000000e+03
0.000000000000000000e+00
0.000000000000000000e+00
0.000000000000000000e+00
0.000000000000000000e+00
0.000000000000000000e+00
0.000000000000000000e+00
2.889640000000000000e+05
2.448600000000000000e+04
0.000000000000000000e+00
0.000000000000000000e+00
0.000000000000000000e+00
0.000000000000000000e+00
0.000000000000000000e+00
0.000000000000000000e+00
0.000000000000000000e+00
0.000000000000000000e+00
0.000000000000000000e+00
0.000000000000000000e+00
1.292470000000000000e+05
2.785600000000000000e+04
0.000000000000000000e+00
0.000000000000000000e+00
0.000000000000000000e+00
0.000000000000000000e+00
0.000000000000000000e+00
0.000000000000000000e+00
0.000000000000000000e+00
0.000000000000000000e+00
0.000000000000000000e+00
0.000000000000000000e+00
3.458700000000000000e+04
2.785600000000000000e+04
0.000000000000000000e+00
0.000000000000000000e+00
0.000000000000000000e+00
0.000000000000000000e+00
0.000000000000000000e+00
0.000000000000000000e+00
0.000000000000000000e+00
0.000000000000000000e+00
0.000000000000000000e+00
0.000000000000000000e+00
2.795700000000000000e+04
2.785100000000000000e+04
0.000000000000000000e+00
0.000000000000000000e+00
0.000000000000000000e+00
0.000000000000000000e+00
0.000000000000000000e+00
0.000000000000000000e+00
0.000000000000000000e+00
0.000000000000000000e+00
0.000000000000000000e+00
0.000000000000000000e+00
2.211770000000000000e+05
3.054000000000000000e+04
0.000000000000000000e+00
0.000000000000000000e+00
0.000000000000000000e+00
0.000000000000000000e+00
0.000000000000000000e+00
0.000000000000000000e+00
0.000000000000000000e+00
0.000000000000000000e+00
0.000000000000000000e+00
0.000000000000000000e+00
4.848500000000000000e+04
2.970800000000000000e+04
0.000000000000000000e+00
0.000000000000000000e+00
0.000000000000000000e+00
0.000000000000000000e+00
0.000000000000000000e+00
0.000000000000000000e+00
0.000000000000000000e+00
0.000000000000000000e+00
0.000000000000000000e+00
0.000000000000000000e+00
3.920100000000000000e+04
2.952900000000000000e+04
0.000000000000000000e+00
0.000000000000000000e+00
6.561600000000000000e+04
1.993843300000000000e+08
2.106800000000000000e+04
0.000000000000000000e+00
0.000000000000000000e+00
0.000000000000000000e+00
0.000000000000000000e+00
0.000000000000000000e+00
0.000000000000000000e+00
0.000000000000000000e+00
0.000000000000000000e+00
0.000000000000000000e+00
0.000000000000000000e+00
8.258200000000000000e+04
1.937200000000000000e+04
0.000000000000000000e+00
0.000000000000000000e+00
0.000000000000000000e+00
0.000000000000000000e+00
0.000000000000000000e+00
0.000000000000000000e+00
0.000000000000000000e+00
0.000000000000000000e+00
0.000000000000000000e+00
0.000000000000000000e+00
5.181800000000000000e+04
2.036800000000000000e+04
0.000000000000000000e+00
0.000000000000000000e+00
0.000000000000000000e+00
0.000000000000000000e+00
0.000000000000000000e+00
0.000000000000000000e+00
0.000000000000000000e+00
0.000000000000000000e+00
0.000000000000000000e+00
0.000000000000000000e+00
2.036800000000000000e+04
2.036800000000000000e+04
0.000000000000000000e+00
0.000000000000000000e+00
0.000000000000000000e+00
0.000000000000000000e+00
0.000000000000000000e+00
0.000000000000000000e+00
0.000000000000000000e+00
0.000000000000000000e+00
0.000000000000000000e+00
0.000000000000000000e+00
2.036800000000000000e+04
2.036800000000000000e+04
0.000000000000000000e+00
0.000000000000000000e+00
0.000000000000000000e+00
0.000000000000000000e+00
0.000000000000000000e+00
0.000000000000000000e+00
0.000000000000000000e+00
0.000000000000000000e+00
0.000000000000000000e+00
0.000000000000000000e+00
1.138770000000000000e+05
2.207900000000000000e+04
0.000000000000000000e+00
0.000000000000000000e+00
0.000000000000000000e+00
0.000000000000000000e+00
0.000000000000000000e+00
0.000000000000000000e+00
0.000000000000000000e+00
0.000000000000000000e+00
0.000000000000000000e+00
0.000000000000000000e+00
1.040030000000000000e+05
2.616600000000000000e+04
0.000000000000000000e+00
0.000000000000000000e+00
0.000000000000000000e+00
0.000000000000000000e+00
0.000000000000000000e+00
0.000000000000000000e+00
0.000000000000000000e+00
0.000000000000000000e+00
0.000000000000000000e+00
0.000000000000000000e+00
7.976300000000000000e+04
2.373600000000000000e+04
4.800000000000000000e+02
0.000000000000000000e+00
0.000000000000000000e+00
0.000000000000000000e+00
0.000000000000000000e+00
0.000000000000000000e+00
0.000000000000000000e+00
0.000000000000000000e+00
0.000000000000000000e+00
0.000000000000000000e+00
2.421600000000000000e+04
2.373600000000000000e+04
4.800000000000000000e+02
0.000000000000000000e+00
0.000000000000000000e+00
0.000000000000000000e+00
0.000000000000000000e+00
0.000000000000000000e+00
0.000000000000000000e+00
0.000000000000000000e+00
0.000000000000000000e+00
0.000000000000000000e+00
2.421600000000000000e+04
2.373600000000000000e+04
4.800000000000000000e+02
0.000000000000000000e+00
0.000000000000000000e+00
0.000000000000000000e+00
0.000000000000000000e+00
0.000000000000000000e+00
0.000000000000000000e+00
0.000000000000000000e+00
0.000000000000000000e+00
0.000000000000000000e+00
2.421600000000000000e+04
2.423100000000000000e+04
1.440000000000000000e+02
0.000000000000000000e+00
0.000000000000000000e+00
0.000000000000000000e+00
0.000000000000000000e+00
0.000000000000000000e+00
0.000000000000000000e+00
0.000000000000000000e+00
0.000000000000000000e+00
0.000000000000000000e+00
1.659590000000000000e+05
2.769900000000000000e+04
0.000000000000000000e+00
0.000000000000000000e+00
0.000000000000000000e+00
0.000000000000000000e+00
0.000000000000000000e+00
0.000000000000000000e+00
0.000000000000000000e+00
0.000000000000000000e+00
0.000000000000000000e+00
0.000000000000000000e+00
4.100100000000000000e+04
2.292300000000000000e+04
0.000000000000000000e+00
0.000000000000000000e+00
0.000000000000000000e+00
0.000000000000000000e+00
3.045998800000000000e+07
7.485480000000000000e+05
4.863510000000000000e+05
4.100280000000000000e+05
5.467500000000000000e+05
3.375750000000000000e+05
1.309116000000000000e+06
4.135710000000000000e+05
1.935240000000000000e+05
3.024330000000000000e+05
4.502730000000000000e+05
2.711280000000000000e+05
4.195560000000000000e+05
2.535690000000000000e+05
1.978650000000000000e+05
2.222100000000000000e+05
6.085290000000000000e+05
3.877230000000000000e+05
5.320110000000000000e+05
2.010450000000000000e+05
2.202930000000000000e+05
3.059310000000000000e+05
2.234070000000000000e+05
3.717030000000000000e+05
2.622540000000000000e+05
2.452500000000000000e+05
2.441100000000000000e+05
3.243480000000000000e+05
2.548740000000000000e+05
3.655500000000000000e+05
5.297490000000000000e+05
3.151140000000000000e+05
1.349700000000000000e+05
5.611050000000000000e+05
1.939740000000000000e+05
6.909180000000000000e+05
1.953480000000000000e+05
3.193260000000000000e+05
2.630940000000000000e+05
2.622300000000000000e+05
2.770260000000000000e+05
2.623080000000000000e+05
5.195940000000000000e+05
1.796670000000000000e+05
1.392270000000000000e+05
3.259170000000000000e+05
1.671240000000000000e+05
2.354730000000000000e+05
5.450610000000000000e+05
3.682230000000000000e+05
2.349870000000000000e+05
6.727650000000000000e+05
3.776730000000000000e+05
3.127980000000000000e+05
4.532940000000000000e+05
1.634940000000000000e+05
2.627340000000000000e+05
5.762280000000000000e+05
6.076800000000000000e+05
5.973510000000000000e+05
6.504720000000000000e+05
5.356410000000000000e+05
2.320950000000000000e+05
6.346230000000000000e+05
3.263220000000000000e+05
2.486130000000000000e+05
4.538730000000000000e+05
3.927780000000000000e+05
1.752780000000000000e+05
1.937850000000000000e+05
2.859600000000000000e+05
2.146530000000000000e+05
2.037270000000000000e+05
2.291340000000000000e+05
5.916240000000000000e+05
4.285170000000000000e+05
9.251820000000000000e+05
2.970390000000000000e+05
5.911440000000000000e+05
4.138470000000000000e+05
1.699830000000000000e+05
3.009150000000000000e+05
6.810930000000000000e+05
7.181700000000000000e+05
3.628260000000000000e+05
3.866130000000000000e+05
3.572040000000000000e+05
2.171790000000000000e+05
2.366880000000000000e+05
2.183250000000000000e+05
5.369700000000000000e+05
5.205750000000000000e+05
3.392970000000000000e+05
1.123650000000000000e+05
2.436330000000000000e+05
5.194320000000000000e+05
4.965660000000000000e+05
2.921490000000000000e+05
1.628640000000000000e+05
2.072670000000000000e+05
3.800460000000000000e+05
2.793120000000000000e+05
5.961630000000000000e+05
1.244730000000000000e+05
2.331180000000000000e+05
2.524230000000000000e+05
3.987840000000000000e+05
5.726640000000000000e+05
4.899060000000000000e+05
4.382460000000000000e+05
6.617130000000000000e+05
8.517330000000000000e+05
9.982170000000000000e+05
5.987220000000000000e+05
6.237660000000000000e+05
2.662530000000000000e+05
2.012250000000000000e+05
2.807100000000000000e+05
4.225410000000000000e+05
2.311770000000000000e+05
4.329930000000000000e+05
3.818610000000000000e+05
2.261670000000000000e+05
2.635290000000000000e+05
4.535580000000000000e+05
1.114221000000000000e+06
5.888610000000000000e+05
2.285250000000000000e+05
2.467230000000000000e+05
2.702670000000000000e+05
3.603240000000000000e+05
6.525750000000000000e+05
5.939280000000000000e+05
3.199590000000000000e+05
2.552520000000000000e+05
4.334490000000000000e+05
3.269910000000000000e+05
4.257300000000000000e+05
5.379210000000000000e+05
1.466580000000000000e+05
1.715640000000000000e+05
5.658000000000000000e+05
5.312940000000000000e+05
1.034181000000000000e+06
2.367960000000000000e+05
2.427120000000000000e+05
2.155590000000000000e+05
1.352400000000000000e+05
6.228660000000000000e+05
3.373170000000000000e+05
4.737000000000000000e+05
4.667190000000000000e+05
3.287460000000000000e+05
1.922820000000000000e+05
4.532820000000000000e+05
4.043220000000000000e+05
2.141010000000000000e+05
6.265020000000000000e+05
5.131620000000000000e+05
2.018700000000000000e+05
8.922240000000000000e+05
8.617560000000000000e+05
7.928010000000000000e+05
4.808790000000000000e+05
2.359860000000000000e+05
2.206200000000000000e+05
2.922960000000000000e+05
3.890580000000000000e+05
2.686980000000000000e+05
2.166930000000000000e+05
2.160210000000000000e+05
5.740680000000000000e+05
6.454140000000000000e+05
4.005000000000000000e+05
5.332080000000000000e+05
1.711260000000000000e+05
1.829490000000000000e+05
1.458810000000000000e+05
4.917930000000000000e+05
7.711680000000000000e+05
3.291990000000000000e+05
4.016430000000000000e+05
1.865670000000000000e+05
1.800780000000000000e+05
3.607620000000000000e+05
5.681190000000000000e+05
6.048810000000000000e+05
5.766180000000000000e+05
6.499260000000000000e+05
3.534450000000000000e+05
3.449940000000000000e+05
5.746140000000000000e+05
3.579390000000000000e+05
2.590020000000000000e+05
4.546770000000000000e+05
6.234900000000000000e+05
5.056740000000000000e+05
6.172620000000000000e+05
6.996600000000000000e+05
2.324220000000000000e+05
2.469090000000000000e+05
1.469580000000000000e+05
2.021400000000000000e+05
3.161640000000000000e+05
8.852460000000000000e+05
1.956300000000000000e+05
2.047380000000000000e+05
2.109870000000000000e+05
3.151800000000000000e+05
3.325380000000000000e+05
5.138130000000000000e+05
4.287180000000000000e+05
2.574600000000000000e+05
1.607580000000000000e+05
2.810010000000000000e+05
2.087940000000000000e+05
3.771780000000000000e+05
3.649530000000000000e+05
2.714700000000000000e+05
2.335290000000000000e+05
3.590220000000000000e+05
2.449410000000000000e+05
6.634200000000000000e+05
5.123580000000000000e+05
3.372600000000000000e+05
2.061900000000000000e+05
2.533920000000000000e+05
3.138900000000000000e+05
5.798400000000000000e+05
2.119980000000000000e+05
1.783320000000000000e+05
1.438020000000000000e+05
2.654670000000000000e+05
7.139400000000000000e+05
5.846760000000000000e+05
2.707650000000000000e+05
2.324100000000000000e+05
2.710050000000000000e+05
3.983790000000000000e+05
5.352000000000000000e+05
5.184750000000000000e+05
2.071860000000000000e+05
1.359780000000000000e+05
2.119110000000000000e+05
3.188520000000000000e+05
2.730510000000000000e+05
4.532250000000000000e+05
7.713990000000000000e+05
1.756170000000000000e+05
6.706650000000000000e+05
3.383910000000000000e+05
2.188830000000000000e+05
3.555690000000000000e+05
2.975190000000000000e+05
1.704000000000000000e+05
1.097550000000000000e+05
2.415990000000000000e+05
6.156960000000000000e+05
5.394360000000000000e+05
3.016740000000000000e+05
7.594770000000000000e+05
4.477410000000000000e+05
2.826060000000000000e+05
1.656690000000000000e+05
4.526550000000000000e+05
3.166710000000000000e+05
5.551980000000000000e+05
1.883670000000000000e+05
4.542780000000000000e+05
3.065610000000000000e+05
5.021610000000000000e+05
3.369990000000000000e+05
3.063210000000000000e+05
1.105110000000000000e+05
1.932750000000000000e+05
3.065760000000000000e+05
2.289390000000000000e+05
4.139280000000000000e+05
4.424340000000000000e+05
2.773470000000000000e+05
1.385670000000000000e+05
2.944980000000000000e+05
1.032888000000000000e+06
1.707540000000000000e+05
1.493280000000000000e+05
1.525230000000000000e+05
1.627200000000000000e+05
3.108900000000000000e+05
5.270430000000000000e+05
1.339770000000000000e+05
6.318990000000000000e+05
2.128920000000000000e+05
5.227350000000000000e+05
2.419890000000000000e+05
4.439910000000000000e+05
2.583330000000000000e+05
3.757350000000000000e+05
2.550330000000000000e+05
2.416410000000000000e+05
3.032880000000000000e+05
3.841290000000000000e+05
1.467870000000000000e+05
2.717580000000000000e+05
1.789200000000000000e+05
3.320640000000000000e+05
3.503190000000000000e+05
5.553030000000000000e+05
2.723580000000000000e+05
1.533900000000000000e+05
3.373920000000000000e+05
3.930930000000000000e+05
2.377230000000000000e+05
3.518100000000000000e+05
4.926780000000000000e+05
2.575110000000000000e+05
2.983470000000000000e+05
3.029070000000000000e+05
3.522240000000000000e+05
5.529030000000000000e+05
7.188270000000000000e+05
4.347660000000000000e+05
5.258190000000000000e+05
5.402190000000000000e+05
2.524770000000000000e+05
3.241140000000000000e+05
3.727950000000000000e+05
3.600450000000000000e+05
4.231470000000000000e+05
6.421230000000000000e+05
3.659700000000000000e+05
6.648300000000000000e+05
2.568210000000000000e+05
2.569020000000000000e+05
1.405140000000000000e+05
1.526010000000000000e+05
1.731900000000000000e+05
4.274460000000000000e+05
1.495950000000000000e+05
3.485070000000000000e+05
2.016480000000000000e+05
2.268930000000000000e+05
2.096700000000000000e+05
9.115380000000000000e+05
2.237940000000000000e+05
3.467670000000000000e+05
4.286940000000000000e+05
1.594950000000000000e+05
6.201930000000000000e+05
6.842430000000000000e+05
7.905840000000000000e+05
2.520600000000000000e+05
1.962420000000000000e+05
3.590070000000000000e+05
3.682800000000000000e+05
4.815180000000000000e+05
3.363960000000000000e+05
3.871710000000000000e+05
3.437520000000000000e+05
1.839990000000000000e+05
1.486080000000000000e+05
5.797710000000000000e+05
9.665880000000000000e+05
4.972290000000000000e+05
5.000040000000000000e+05
2.618430000000000000e+05
2.978130000000000000e+05
6.876090000000000000e+05
2.221500000000000000e+05
2.273700000000000000e+05
2.783670000000000000e+05
2.607870000000000000e+05
2.464740000000000000e+05
6.185250000000000000e+05
8.100420000000000000e+05
1.425150000000000000e+05
1.852680000000000000e+05
7.534800000000000000e+04
2.456490000000000000e+05
4.914060000000000000e+05
3.283140000000000000e+05
3.852630000000000000e+05
1.150650000000000000e+05
2.270940000000000000e+05
1.664010000000000000e+05
3.975720000000000000e+05
2.875980000000000000e+05
5.196180000000000000e+05
1.113450000000000000e+05
1.686660000000000000e+05
3.882480000000000000e+05
5.206650000000000000e+05
3.679890000000000000e+05
2.666790000000000000e+05
2.319870000000000000e+05
3.553620000000000000e+05
5.651070000000000000e+05
5.544120000000000000e+05
7.022790000000000000e+05
3.631020000000000000e+05
1.688430000000000000e+05
2.101290000000000000e+05
1.569660000000000000e+05
5.423280000000000000e+05
2.665530000000000000e+05
6.612480000000000000e+05
5.503590000000000000e+05
3.184890000000000000e+05
2.959020000000000000e+05
6.578670000000000000e+05
2.823990000000000000e+05
3.933300000000000000e+05
2.263170000000000000e+05
2.121090000000000000e+05
3.245760000000000000e+05
6.583620000000000000e+05
4.915920000000000000e+05
7.623870000000000000e+05
1.778160000000000000e+05
3.035280000000000000e+05
2.779530000000000000e+05
2.612550000000000000e+05
2.007960000000000000e+05
2.141310000000000000e+05
1.966830000000000000e+05
1.319670000000000000e+05
3.672120000000000000e+05
6.041970000000000000e+05
9.095130000000000000e+05
2.118450000000000000e+05
2.997930000000000000e+05
4.239870000000000000e+05
2.849550000000000000e+05
3.501330000000000000e+05
2.756160000000000000e+05
3.827130000000000000e+05
1.912860000000000000e+05
1.740900000000000000e+05
2.531910000000000000e+05
5.095890000000000000e+05
3.548820000000000000e+05
1.832340000000000000e+05
2.314350000000000000e+05
1.153680000000000000e+05
2.151060000000000000e+05
4.316490000000000000e+05
9.382020000000000000e+05
1.717440000000000000e+05
2.612880000000000000e+05
3.211470000000000000e+05
3.250680000000000000e+05
5.801490000000000000e+05
4.081020000000000000e+05
2.688330000000000000e+05
2.784930000000000000e+05
4.512810000000000000e+05
7.987020000000000000e+05
5.802120000000000000e+05
9.161010000000000000e+05
3.870630000000000000e+05
1.366350000000000000e+05
4.894320000000000000e+05
6.830310000000000000e+05
4.786470000000000000e+05
7.090920000000000000e+05
4.538370000000000000e+05
1.668450000000000000e+05
2.115390000000000000e+05
1.290630000000000000e+05
2.532300000000000000e+05
8.560380000000000000e+05
8.656200000000000000e+05
5.007390000000000000e+05
1.319100000000000000e+05
3.097260000000000000e+05
6.039120000000000000e+05
3.432630000000000000e+05
3.889470000000000000e+05
1.825590000000000000e+05
3.421530000000000000e+05
2.218800000000000000e+05
1.713150000000000000e+05
3.015390000000000000e+05
2.472420000000000000e+05
2.044560000000000000e+05
2.769360000000000000e+05
2.021430000000000000e+05
6.533190000000000000e+05
3.918480000000000000e+05
1.870830000000000000e+05
1.402710000000000000e+05
2.474220000000000000e+05
4.598580000000000000e+05
2.380890000000000000e+05
7.519950000000000000e+05
5.246070000000000000e+05
3.939600000000000000e+05
4.860420000000000000e+05
4.515780000000000000e+05
1.108758000000000000e+06
2.501850000000000000e+05
6.174750000000000000e+05
3.359700000000000000e+05
4.866660000000000000e+05
1.966800000000000000e+05
3.632550000000000000e+05
3.586710000000000000e+05
3.129930000000000000e+05
2.987250000000000000e+05
3.077490000000000000e+05
3.241650000000000000e+05
7.415130000000000000e+05
4.023000000000000000e+04
1.070490000000000000e+05
1.322640000000000000e+05
1.450860000000000000e+05
3.128100000000000000e+04
2.592000000000000000e+03
1.800000000000000000e+01
0.000000000000000000e+00
0.000000000000000000e+00
0.000000000000000000e+00
0.000000000000000000e+00
6.000000000000000000e+00
0.000000000000000000e+00
3.072000000000000000e+03
1.666200000000000000e+04
7.266000000000000000e+04
1.122900000000000000e+05
1.757310000000000000e+05
1.738140000000000000e+05
2.323860000000000000e+05
2.154690000000000000e+05
3.117600000000000000e+05
3.976680000000000000e+05
4.910520000000000000e+05
1.164900000000000000e+05
2.394090000000000000e+05
1.912740000000000000e+05
5.259600000000000000e+05
1.883520000000000000e+05
2.060310000000000000e+05
1.939860000000000000e+05
2.183940000000000000e+05
1.039395000000000000e+06
8.808000000000000000e+04
3.789300000000000000e+04
5.981100000000000000e+05
2.406600000000000000e+04
2.456040000000000000e+05
1.970700000000000000e+04
0.000000000000000000e+00
0.000000000000000000e+00
4.014840000000000000e+05
2.114400000000000000e+04
9.381000000000000000e+03
0.000000000000000000e+00
2.037000000000000000e+03
5.314740000000000000e+05
4.291560000000000000e+05
3.344100000000000000e+04
1.368000000000000000e+03
1.713000000000000000e+03
3.276750000000000000e+05
3.016800000000000000e+04
3.873000000000000000e+03
0.000000000000000000e+00
0.000000000000000000e+00
6.559650000000000000e+05
3.888000000000000000e+04
5.664000000000000000e+03
3.992850000000000000e+05
3.683700000000000000e+04
4.048920000000000000e+05
2.888700000000000000e+04
2.526000000000000000e+03
0.000000000000000000e+00
3.330030000000000000e+05
3.627000000000000000e+04
1.959000000000000000e+03
0.000000000000000000e+00
0.000000000000000000e+00
7.339260000000000000e+05
3.597060000000000000e+05
1.974300000000000000e+04
1.788000000000000000e+03
0.000000000000000000e+00
4.622040000000000000e+05
1.754400000000000000e+04
1.590000000000000000e+03
0.000000000000000000e+00
0.000000000000000000e+00
2.497890000000000000e+05
6.047100000000000000e+04
9.432000000000000000e+03
3.603990000000000000e+05
2.525400000000000000e+04
4.273620000000000000e+05
2.631000000000000000e+04
1.632000000000000000e+03
0.000000000000000000e+00
4.397820000000000000e+05
2.640000000000000000e+04
1.038000000000000000e+03
0.000000000000000000e+00
0.000000000000000000e+00
3.106260000000000000e+05
3.808320000000000000e+05
3.356700000000000000e+04
2.298000000000000000e+03
0.000000000000000000e+00
4.740270000000000000e+05
2.147400000000000000e+04
0.000000000000000000e+00
0.000000000000000000e+00
0.000000000000000000e+00
4.409970000000000000e+05
2.622000000000000000e+04
4.254000000000000000e+03
3.463410000000000000e+05
4.210710000000000000e+05
9.324000000000000000e+03
3.471000000000000000e+03
1.939500000000000000e+04
1.188000000000000000e+03
5.170500000000000000e+05
3.013200000000000000e+04
2.607000000000000000e+03
0.000000000000000000e+00
1.218000000000000000e+03
3.068880000000000000e+05
3.893940000000000000e+05
3.146100000000000000e+04
0.000000000000000000e+00
0.000000000000000000e+00
4.737150000000000000e+05
3.077100000000000000e+04
2.859000000000000000e+03
4.440000000000000000e+03
0.000000000000000000e+00
3.203220000000000000e+05
2.892300000000000000e+04
1.513200000000000000e+04
3.347700000000000000e+05
6.164010000000000000e+05
1.977900000000000000e+04
2.160000000000000000e+02
1.167000000000000000e+03
0.000000000000000000e+00
9.013020000000000000e+05
3.348300000000000000e+04
4.938000000000000000e+03
1.203000000000000000e+03
1.644900000000000000e+04
2.862300000000000000e+05
3.475650000000000000e+05
2.634300000000000000e+04
6.390000000000000000e+02
0.000000000000000000e+00
8.509830000000000000e+05
3.841200000000000000e+04
3.168000000000000000e+03
0.000000000000000000e+00
1.920000000000000000e+02
2.704980000000000000e+05
3.274200000000000000e+04
8.187000000000000000e+03
3.543480000000000000e+05
7.775280000000000000e+05
2.583600000000000000e+04
3.321000000000000000e+03
0.000000000000000000e+00
0.000000000000000000e+00
4.016640000000000000e+05
3.084900000000000000e+04
3.213000000000000000e+03
0.000000000000000000e+00
0.000000000000000000e+00
3.363270000000000000e+05
3.848430000000000000e+05
1.923300000000000000e+04
0.000000000000000000e+00
0.000000000000000000e+00
3.557730000000000000e+05
2.019300000000000000e+04
3.492000000000000000e+03
0.000000000000000000e+00
0.000000000000000000e+00
3.378900000000000000e+05
4.021200000000000000e+04
2.823000000000000000e+03
3.896160000000000000e+05
2.896230000000000000e+05
1.857000000000000000e+04
2.667000000000000000e+03
0.000000000000000000e+00
0.000000000000000000e+00
4.980840000000000000e+05
2.512800000000000000e+04
7.689000000000000000e+03
3.840000000000000000e+02
0.000000000000000000e+00
2.143980000000000000e+05
3.305790000000000000e+05
2.974800000000000000e+04
1.320000000000000000e+03
0.000000000000000000e+00
2.785140000000000000e+05
1.882500000000000000e+04
1.306500000000000000e+04
6.237000000000000000e+03
0.000000000000000000e+00
7.982430000000000000e+05
4.311300000000000000e+04
1.282500000000000000e+04
3.939630000000000000e+05
4.274430000000000000e+05
3.712800000000000000e+04
1.251000000000000000e+04
0.000000000000000000e+00
0.000000000000000000e+00
9.235560000000000000e+05
3.712500000000000000e+04
1.246200000000000000e+04
2.097000000000000000e+03
0.000000000000000000e+00
4.994040000000000000e+05
3.700140000000000000e+05
2.214600000000000000e+04
0.000000000000000000e+00
0.000000000000000000e+00
3.392400000000000000e+05
1.695000000000000000e+04
1.236000000000000000e+03
0.000000000000000000e+00
0.000000000000000000e+00
3.477240000000000000e+05
2.133300000000000000e+04
4.074000000000000000e+03
3.381840000000000000e+05
3.544710000000000000e+05
2.838000000000000000e+04
4.656000000000000000e+03
1.215000000000000000e+03
0.000000000000000000e+00
7.635330000000000000e+05
3.129000000000000000e+04
4.158000000000000000e+03
0.000000000000000000e+00
0.000000000000000000e+00
7.804470000000000000e+05
3.603810000000000000e+05
1.753200000000000000e+04
1.878000000000000000e+03
0.000000000000000000e+00
6.795720000000000000e+05
2.628600000000000000e+04
7.641000000000000000e+03
1.487100000000000000e+04
0.000000000000000000e+00
8.487240000000000000e+05
3.308700000000000000e+04
5.721000000000000000e+03
3.518520000000000000e+05
6.583920000000000000e+05
2.038200000000000000e+04
0.000000000000000000e+00
0.000000000000000000e+00
7.110000000000000000e+02
9.776880000000000000e+05
4.375800000000000000e+04
3.543000000000000000e+03
3.144000000000000000e+03
6.708000000000000000e+03
3.681960000000000000e+05
3.617970000000000000e+05
2.035500000000000000e+04
0.000000000000000000e+00
0.000000000000000000e+00
2.655420000000000000e+05
1.543800000000000000e+04
1.950000000000000000e+03
0.000000000000000000e+00
4.800000000000000000e+01
2.676810000000000000e+05
1.987200000000000000e+04
2.709000000000000000e+03
3.274950000000000000e+05
7.172820000000000000e+05
2.883000000000000000e+04
6.591000000000000000e+03
2.196000000000000000e+03
0.000000000000000000e+00
4.258020000000000000e+05
2.370300000000000000e+04
2.817000000000000000e+03
0.000000000000000000e+00
0.000000000000000000e+00
3.907050000000000000e+05
3.865380000000000000e+05
2.340000000000000000e+04
0.000000000000000000e+00
0.000000000000000000e+00
3.125220000000000000e+05
1.296300000000000000e+04
4.962000000000000000e+03
0.000000000000000000e+00
0.000000000000000000e+00
3.374040000000000000e+05
1.716900000000000000e+04
0.000000000000000000e+00
3.612090000000000000e+05
6.077880000000000000e+05
3.246600000000000000e+04
4.323000000000000000e+03
0.000000000000000000e+00
0.000000000000000000e+00
1.010868000000000000e+06
3.076500000000000000e+04
4.656000000000000000e+03
0.000000000000000000e+00
3.840000000000000000e+02
1.180674000000000000e+06
3.916140000000000000e+05
2.284200000000000000e+04
0.000000000000000000e+00
0.000000000000000000e+00
3.471900000000000000e+05
2.312400000000000000e+04
4.938000000000000000e+03
1.878000000000000000e+03
4.426560000000000000e+05
1.476600000000000000e+04
1.822800000000000000e+04
6.219000000000000000e+03
4.176990000000000000e+05
8.171640000000000000e+05
4.256400000000000000e+04
1.330500000000000000e+04
0.000000000000000000e+00
0.000000000000000000e+00
8.321250000000000000e+05
2.188800000000000000e+04
4.833000000000000000e+03
0.000000000000000000e+00
0.000000000000000000e+00
9.478350000000000000e+05
3.566490000000000000e+05
2.022000000000000000e+04
0.000000000000000000e+00
0.000000000000000000e+00
8.755050000000000000e+05
2.992800000000000000e+04
4.230000000000000000e+03
1.398000000000000000e+03
4.967820000000000000e+05
3.661800000000000000e+04
5.736000000000000000e+03
0.000000000000000000e+00
3.534450000000000000e+05
7.385790000000000000e+05
3.284400000000000000e+04
9.507000000000000000e+03
3.789000000000000000e+03
0.000000000000000000e+00
3.682020000000000000e+05
2.680500000000000000e+04
1.072800000000000000e+04
0.000000000000000000e+00
0.000000000000000000e+00
2.858850000000000000e+05
3.783930000000000000e+05
2.517000000000000000e+04
1.029000000000000000e+03
0.000000000000000000e+00
2.458140000000000000e+05
1.827600000000000000e+04
7.560000000000000000e+02
1.517400000000000000e+04
4.279350000000000000e+05
1.585500000000000000e+04
0.000000000000000000e+00
0.000000000000000000e+00
3.639630000000000000e+05
8.044800000000000000e+05
2.961000000000000000e+04
2.457000000000000000e+03
1.461000000000000000e+03
0.000000000000000000e+00
2.750790000000000000e+05
2.837100000000000000e+04
2.499000000000000000e+03
4.416000000000000000e+03
2.073600000000000000e+04
3.029490000000000000e+05
3.942030000000000000e+05
2.061300000000000000e+04
1.488000000000000000e+03
0.000000000000000000e+00
6.340800000000000000e+05
2.189700000000000000e+04
6.210000000000000000e+03
0.000000000000000000e+00
6.454650000000000000e+05
3.806400000000000000e+04
5.025000000000000000e+03
0.000000000000000000e+00
3.655140000000000000e+05
4.165560000000000000e+05
2.946000000000000000e+04
5.124000000000000000e+03
0.000000000000000000e+00
0.000000000000000000e+00
3.663390000000000000e+05
2.926500000000000000e+04
6.666000000000000000e+03
0.000000000000000000e+00
1.095000000000000000e+03
4.686150000000000000e+05
3.491190000000000000e+05
1.727100000000000000e+04
1.320000000000000000e+03
0.000000000000000000e+00
3.204990000000000000e+05
1.300800000000000000e+04
1.302000000000000000e+03
0.000000000000000000e+00
4.098780000000000000e+05
1.677600000000000000e+04
1.344000000000000000e+03
0.000000000000000000e+00
3.545670000000000000e+05
2.495880000000000000e+05
8.709000000000000000e+03
0.000000000000000000e+00
0.000000000000000000e+00
1.701000000000000000e+03
5.794530000000000000e+05
3.193200000000000000e+04
4.674000000000000000e+03
1.119000000000000000e+03
0.000000000000000000e+00
6.076950000000000000e+05
3.639450000000000000e+05
2.245800000000000000e+04
0.000000000000000000e+00
0.000000000000000000e+00
6.701160000000000000e+05
1.441500000000000000e+04
0.000000000000000000e+00
0.000000000000000000e+00
7.870560000000000000e+05
2.940300000000000000e+04
2.040600000000000000e+04
0.000000000000000000e+00
3.837630000000000000e+05
8.371350000000000000e+05
2.431200000000000000e+04
9.690000000000000000e+03
6.240000000000000000e+02
0.000000000000000000e+00
8.500680000000000000e+05
2.554200000000000000e+04
0.000000000000000000e+00
0.000000000000000000e+00
0.000000000000000000e+00
0.000000000000000000e+00
1.483065000000000000e+06
1.821600000000000000e+04
2.352000000000000000e+03
0.000000000000000000e+00
0.000000000000000000e+00
7.467540000000000000e+05
3.823800000000000000e+04
6.669000000000000000e+03
0.000000000000000000e+00
5.528760000000000000e+05
3.061200000000000000e+04
1.971000000000000000e+03
3.598290000000000000e+05
2.528100000000000000e+04
3.863040000000000000e+05
2.144700000000000000e+04
2.709000000000000000e+03
6.339000000000000000e+03
6.252000000000000000e+03
6.665220000000000000e+05
3.007500000000000000e+04
3.297000000000000000e+03
1.125000000000000000e+03
0.000000000000000000e+00
7.522830000000000000e+05
1.925400000000000000e+04
0.000000000000000000e+00
0.000000000000000000e+00
0.000000000000000000e+00
2.568360000000000000e+05
2.076300000000000000e+04
1.728000000000000000e+03
1.128300000000000000e+04
5.855730000000000000e+05
2.879100000000000000e+04
5.511000000000000000e+03
3.754470000000000000e+05
1.148700000000000000e+04
5.156820000000000000e+05
3.009600000000000000e+04
3.153000000000000000e+03
0.000000000000000000e+00
0.000000000000000000e+00
3.656970000000000000e+05
3.015000000000000000e+04
2.424000000000000000e+03
4.515000000000000000e+03
2.167800000000000000e+04
9.242190000000000000e+05
2.413500000000000000e+04
0.000000000000000000e+00
0.000000000000000000e+00
0.000000000000000000e+00
1.328967000000000000e+06
2.946000000000000000e+04
5.937000000000000000e+03
1.575000000000000000e+03
4.632360000000000000e+05
2.937300000000000000e+04
1.448700000000000000e+04
3.864390000000000000e+05
2.042700000000000000e+04
4.465020000000000000e+05
4.641300000000000000e+04
2.820000000000000000e+03
0.000000000000000000e+00
0.000000000000000000e+00
4.093590000000000000e+05
3.116700000000000000e+04
2.427000000000000000e+03
0.000000000000000000e+00
2.304000000000000000e+03
6.345180000000000000e+05
1.750500000000000000e+04
0.000000000000000000e+00
0.000000000000000000e+00
7.210770000000000000e+05
3.940200000000000000e+04
8.382000000000000000e+03
0.000000000000000000e+00
0.000000000000000000e+00
8.644320000000000000e+05
3.088500000000000000e+04
1.083000000000000000e+04
3.516210000000000000e+05
2.672100000000000000e+04
5.566080000000000000e+05
2.036100000000000000e+04
0.000000000000000000e+00
0.000000000000000000e+00
1.179000000000000000e+03
5.491110000000000000e+05
3.741600000000000000e+04
6.042000000000000000e+03
4.485000000000000000e+03
9.972000000000000000e+03
7.128690000000000000e+05
2.255100000000000000e+04
1.063500000000000000e+04
2.513700000000000000e+04
5.421810000000000000e+05
5.739900000000000000e+04
4.948800000000000000e+04
5.118600000000000000e+04
5.544300000000000000e+04
4.196880000000000000e+05
5.177100000000000000e+04
1.311090000000000000e+05
5.068650000000000000e+05
4.844700000000000000e+04
2.206560000000000000e+05
4.807500000000000000e+04
9.971400000000000000e+04
9.035100000000000000e+04
1.241520000000000000e+05
4.314420000000000000e+05
4.324200000000000000e+04
9.115800000000000000e+04
8.608200000000000000e+04
1.076190000000000000e+05
6.739800000000000000e+05
3.123300000000000000e+04
5.705700000000000000e+04
9.276300000000000000e+04
4.159620000000000000e+05
3.874500000000000000e+04
7.533600000000000000e+04
9.774600000000000000e+04
5.898600000000000000e+04
1.281960000000000000e+05
4.050900000000000000e+04
6.554700000000000000e+04
2.554350000000000000e+05
1.433100000000000000e+04
3.315600000000000000e+04
1.468200000000000000e+04
2.765400000000000000e+04
6.027000000000000000e+04
8.472000000000000000e+03
7.638000000000000000e+03
3.807000000000000000e+03
1.137900000000000000e+04
2.441700000000000000e+04
8.676000000000000000e+03
7.410000000000000000e+02
0.000000000000000000e+00
0.000000000000000000e+00
0.000000000000000000e+00
0.000000000000000000e+00
0.000000000000000000e+00
