8.593886239188058482e-03
3.269131199843218483e-02
1.609857650030226822e-02
1.290763543576610266e-02
1.423268869620602194e-02
2.257118484600871555e-02
2.282606371405984311e-02
1.436921074276878776e-02
3.579260378467793297e-02
7.447518588734321210e-02
5.630771351509353956e-02
3.890981868821747486e-02
1.607093356904529344e-03
9.764086227027737647e-05
2.297128430840109439e-02
3.359690555909863874e-02
2.928817904725366725e-02
2.503161787175807798e-02
9.452754299656874679e-03
5.934479285259635674e-04
1.630261803970855855e-03
2.575789016931235263e-03
6.015263122766196374e-03
2.337723816333173860e-02
3.365900727356372496e-02
8.251815588295866033e-03
3.693911494040975907e-03
7.994877562230946755e-03
2.905801202164215447e-03
2.324608523829453655e-02
3.169877188546316865e-02
4.339609989503614290e-02
7.151108307092368666e-02
1.054514982262436257e-01
4.747963730169802582e-02
7.029343948883264026e-03
6.722705299351491338e-04
4.353050471974067703e-04
7.775535388868682349e-04
2.471139135003900885e-05
1.200503313622507204e-03
6.071562994094122090e-03
7.139281837307677112e-03
7.341393321549810960e-03
5.502929168493569077e-03
6.352524530319940757e-03
3.069704016860650558e-02
3.861824087545174394e-02
6.126168179674213593e-02
6.765518707482992555e-02
2.472810031605415446e-02
6.162524580144557868e-02
6.676921714730814361e-02
7.003996323566047399e-03
8.313089811883005338e-04
4.125268280911607746e-04
1.044495413903476482e-03
2.128616125405240200e-02
2.422070146417942132e-02
3.275017511276971660e-02
3.146939958844865992e-02
2.378866494107408427e-02
1.831291743687221002e-02
1.450270308929235696e-02
8.079523618529442855e-03
1.361642240667018796e-03
2.486625171843029076e-03
8.782739541968521187e-04
3.392425524134214023e-03
1.316123625048163867e-02
1.226332009244127282e-02
1.019522932921947990e-02
9.711504955681002360e-03
1.140814022142059951e-02
7.719800910171197711e-03
7.026255860620615051e-03
6.528349636363334554e-03
3.384758826015757827e-03
1.877402999774128306e-02
2.727699539288371694e-02
3.433040177741018134e-02
2.423167845018867061e-02
1.520868937174479213e-02
1.817062436317910985e-03
6.968697723077268025e-04
1.645186969212123406e-03
6.343595024679793415e-03
1.110854765184882478e-02
9.121048207185705747e-03
8.396835716403259695e-03
1.555740719749813990e-02
2.105780101957775360e-02
2.197224104485544227e-02
2.310927773819488815e-02
1.443625080342195513e-02
1.610821574723639293e-02
1.461436991788903073e-02
6.910857375787228876e-03
3.134657412159199460e-03
1.622005384795519815e-03
2.469805430392829713e-04
2.321961177449648173e-04
3.271117705066187869e-04
1.065109797886439752e-02
4.834293702832695439e-02
3.679758188675860686e-02
2.271053288258662733e-02
5.037182853335426050e-04
3.121956270568225110e-04
1.811094835501949924e-04
2.475168834738180083e-04
2.631091341680410209e-04
1.835842319086295436e-04
2.442452169599987170e-04
2.268390590641774325e-04
2.448877915233171063e-04
7.213418986521610583e-04
7.676620061705712256e-05
6.384736522525345597e-05
6.041368152819523316e-05
1.659577902482480482e-04
4.747193686816156792e-05
5.055190551848638361e-05
4.486461379090134059e-05
1.528184126023532569e-04
1.767986485747252950e-04
7.210385069555165505e-02
1.502761425615168067e-01
6.520416882573341899e-02
2.713110268521471205e-02
1.979809229065771685e-04
1.452643725336814386e-02
2.188262731850552645e-01
1.055096477067389397e-02
3.869597441485139039e-03
3.904708810404044356e-02
4.848167782738094927e-02
4.930439125112935639e-02
1.632029831814928037e-03
1.392238805083190396e-04
2.017529805501302054e-03
2.048358138726682175e-03
7.050063334354737766e-04
3.118588973064811976e-02
5.015885748830782587e-02
8.233630640977093740e-02
6.557431902204241547e-02
3.430924967032711326e-02
2.045434445750956773e-02
9.395135503236939521e-04
