1.650220000000000000e+05
5.545000000000000000e+03
1.934130000000000000e+05
2.549240000000000000e+05
2.632910000000000000e+05
2.676720000000000000e+05
2.550860000000000000e+05
2.574230000000000000e+05
1.229600000000000000e+04
2.405150000000000000e+05
2.358990000000000000e+05
2.745250000000000000e+05
2.131040000000000000e+05
2.090800000000000000e+05
3.984600000000000000e+04
2.014670000000000000e+05
2.251460000000000000e+05
1.805240000000000000e+05
1.742330000000000000e+05
2.004590000000000000e+05
6.878100000000000000e+04
1.666320000000000000e+05
1.558440000000000000e+05
2.669140000000000000e+05
1.060410000000000000e+05
1.220610000000000000e+05
3.606200000000000000e+04
6.353000000000000000e+04
3.365600000000000000e+04
4.146600000000000000e+04
6.741000000000000000e+04
4.481500000000000000e+04
6.836000000000000000e+03
3.560400000000000000e+04
4.957000000000000000e+04
1.264460000000000000e+05
1.704900000000000000e+04
2.776300000000000000e+04
1.306300000000000000e+04
1.999000000000000000e+04
3.243500000000000000e+04
2.984500000000000000e+04
4.576100000000000000e+04
3.821100000000000000e+04
3.071100000000000000e+04
3.736900000000000000e+04
4.384000000000000000e+04
1.336720000000000000e+05
2.131200000000000000e+04
2.607900000000000000e+04
2.087000000000000000e+03
3.752000000000000000e+04
3.399700000000000000e+04
3.561800000000000000e+04
4.320200000000000000e+04
2.744600000000000000e+04
2.967000000000000000e+03
5.213200000000000000e+04
5.511500000000000000e+04
1.254230000000000000e+05
1.233100000000000000e+04
2.125100000000000000e+04
1.094300000000000000e+04
3.463200000000000000e+04
3.801000000000000000e+04
4.598600000000000000e+04
2.432800000000000000e+04
4.871400000000000000e+04
3.644000000000000000e+03
5.112300000000000000e+04
4.976000000000000000e+04
1.332240000000000000e+05
2.505700000000000000e+04
7.689900000000000000e+04
5.416000000000000000e+03
1.457730000000000000e+05
1.627110000000000000e+05
1.546720000000000000e+05
1.682210000000000000e+05
1.908110000000000000e+05
8.580000000000000000e+03
1.817910000000000000e+05
2.122870000000000000e+05
3.123650000000000000e+05
1.585410000000000000e+05
2.371720000000000000e+05
4.325500000000000000e+04
2.307520000000000000e+05
2.816530000000000000e+05
2.447760000000000000e+05
2.804090000000000000e+05
2.902940000000000000e+05
5.321800000000000000e+04
2.922930000000000000e+05
3.226940000000000000e+05
3.900810000000000000e+05
3.125020000000000000e+05
3.204070000000000000e+05
3.512400000000000000e+04
3.140940000000000000e+05
1.038170000000000000e+05
3.168000000000000000e+03
2.496000000000000000e+03
3.648000000000000000e+03
0.000000000000000000e+00
6.156000000000000000e+03
3.095200000000000000e+04
4.018300000000000000e+04
3.252600000000000000e+04
4.167400000000000000e+04
2.259000000000000000e+03
6.517300000000000000e+04
4.922300000000000000e+04
3.855060000000000000e+05
3.251100000000000000e+05
3.814430000000000000e+05
5.087000000000000000e+04
4.356780000000000000e+05
4.408270000000000000e+05
1.356090000000000000e+06
4.724370000000000000e+05
1.059301000000000000e+06
8.125000000000000000e+03
5.197820000000000000e+05
4.874580000000000000e+05
3.923810000000000000e+05
3.852940000000000000e+05
3.789840000000000000e+05
8.345100000000000000e+04
3.564010000000000000e+05
3.209950000000000000e+05
9.383200000000000000e+05
8.258650000000000000e+05
3.843240000000000000e+05
1.119400000000000000e+05
4.253910000000000000e+05
4.411810000000000000e+05
3.904560000000000000e+05
3.211590000000000000e+05
2.702370000000000000e+05
1.488480000000000000e+05
2.255850000000000000e+05
2.458140000000000000e+05
9.778960000000000000e+05
7.057760000000000000e+05
2.194380000000000000e+05
4.106000000000000000e+03
1.719750000000000000e+05
1.928270000000000000e+05
