1.567667000000000000e+06
2.909759000000000000e+06
8.088470000000000000e+05
2.336734000000000000e+06
2.716418000000000000e+06
2.891059000000000000e+06
2.934881000000000000e+06
2.969017000000000000e+06
8.565700000000000000e+04
3.150960000000000000e+06
3.456504000000000000e+06
6.266282000000000000e+06
5.684558000000000000e+06
6.694632000000000000e+06
1.152570000000000000e+05
7.079287000000000000e+06
7.152995000000000000e+06
7.382218000000000000e+06
6.812950000000000000e+06
6.932889000000000000e+06
1.704520000000000000e+05
7.454736000000000000e+06
7.697601000000000000e+06
8.470974000000000000e+06
7.988339000000000000e+06
7.694552000000000000e+06
1.517600000000000000e+05
7.237426000000000000e+06
6.614720000000000000e+06
5.935785000000000000e+06
5.114981000000000000e+06
3.825555000000000000e+06
1.111490000000000000e+05
1.874825000000000000e+06
1.116857000000000000e+06
2.110657000000000000e+06
1.129771000000000000e+06
1.040258000000000000e+06
7.839900000000000000e+04
8.365440000000000000e+05
1.065656000000000000e+06
8.615020000000000000e+05
9.254820000000000000e+05
9.082270000000000000e+05
1.208000000000000000e+05
9.132510000000000000e+05
8.751390000000000000e+05
3.430008000000000000e+06
8.379730000000000000e+05
7.784320000000000000e+05
7.445300000000000000e+04
7.728670000000000000e+05
7.112200000000000000e+05
6.664690000000000000e+05
6.104920000000000000e+05
5.647910000000000000e+05
2.642700000000000000e+04
5.954540000000000000e+05
6.122970000000000000e+05
2.906192000000000000e+06
5.669820000000000000e+05
5.736080000000000000e+05
6.435300000000000000e+04
5.659320000000000000e+05
4.621500000000000000e+05
6.138770000000000000e+05
4.937740000000000000e+05
5.393960000000000000e+05
1.233000000000000000e+04
6.142800000000000000e+05
4.905600000000000000e+05
1.361470000000000000e+06
5.399320000000000000e+05
6.164130000000000000e+05
6.917200000000000000e+04
5.730290000000000000e+05
5.870660000000000000e+05
5.798300000000000000e+05
5.757770000000000000e+05
6.660710000000000000e+05
5.497400000000000000e+04
6.448800000000000000e+05
6.628750000000000000e+05
2.778252000000000000e+06
7.175760000000000000e+05
7.672940000000000000e+05
5.493400000000000000e+04
6.712400000000000000e+05
6.825800000000000000e+05
6.663530000000000000e+05
6.628280000000000000e+05
5.809810000000000000e+05
7.796600000000000000e+04
5.627150000000000000e+05
5.978810000000000000e+05
2.197515000000000000e+06
4.567810000000000000e+05
4.945780000000000000e+05
3.400600000000000000e+04
4.272720000000000000e+05
4.213360000000000000e+05
5.107450000000000000e+05
4.222480000000000000e+05
3.963030000000000000e+05
1.318400000000000000e+04
4.689320000000000000e+05
5.172240000000000000e+05
1.845946000000000000e+06
5.639230000000000000e+05
3.954870000000000000e+05
6.334100000000000000e+04
5.059060000000000000e+05
4.954520000000000000e+05
5.051010000000000000e+05
4.741210000000000000e+05
5.398140000000000000e+05
8.196700000000000000e+04
4.493710000000000000e+05
6.077200000000000000e+05
2.723834000000000000e+06
7.260230000000000000e+05
6.864300000000000000e+05
3.755800000000000000e+04
6.573090000000000000e+05
7.393220000000000000e+05
6.815640000000000000e+05
6.443660000000000000e+05
6.304360000000000000e+05
8.473100000000000000e+04
7.437480000000000000e+05
6.723190000000000000e+05
1.583992000000000000e+06
6.410180000000000000e+05
5.311180000000000000e+05
4.249600000000000000e+04
5.420960000000000000e+05
4.222800000000000000e+05
6.313800000000000000e+05
1.218240000000000000e+06
1.318127000000000000e+06
4.242800000000000000e+04
1.436441000000000000e+06
1.768370000000000000e+06
5.236540000000000000e+06
2.562643000000000000e+06
2.859481000000000000e+06
1.466760000000000000e+05
3.062201000000000000e+06
3.607565000000000000e+06
