1.635269000000000000e+06
1.806700000000000000e+04
0.000000000000000000e+00
1.276600000000000000e+04
1.790700000000000000e+04
1.440000000000000000e+04
1.476100000000000000e+04
1.489600000000000000e+04
1.491000000000000000e+03
1.706300000000000000e+04
1.938100000000000000e+04
1.916622000000000000e+06
1.614369000000000000e+06
2.152500000000000000e+04
0.000000000000000000e+00
3.405200000000000000e+04
1.730120000000000000e+05
2.623030000000000000e+05
2.800240000000000000e+05
3.329890000000000000e+05
1.390000000000000000e+03
7.774470000000000000e+05
8.466710000000000000e+05
3.332098000000000000e+06
8.149370000000000000e+05
1.169373000000000000e+06
5.863700000000000000e+04
1.107619000000000000e+06
1.390541000000000000e+06
1.222537000000000000e+06
1.440503000000000000e+06
1.317266000000000000e+06
4.798300000000000000e+04
7.444380000000000000e+05
7.288000000000000000e+03
2.679250000000000000e+05
3.584000000000000000e+04
0.000000000000000000e+00
0.000000000000000000e+00
2.508800000000000000e+04
0.000000000000000000e+00
0.000000000000000000e+00
0.000000000000000000e+00
1.536000000000000000e+03
3.072000000000000000e+03
3.584000000000000000e+03
0.000000000000000000e+00
1.613182000000000000e+06
1.624202000000000000e+06
9.771490000000000000e+05
2.415400000000000000e+04
1.866756000000000000e+06
2.503554000000000000e+06
3.762189000000000000e+06
3.822286000000000000e+06
3.563981000000000000e+06
9.400000000000000000e+04
3.353812000000000000e+06
3.073533000000000000e+06
3.953652000000000000e+06
2.685465000000000000e+06
2.348994000000000000e+06
4.796100000000000000e+04
2.122777000000000000e+06
1.861036000000000000e+06
1.680551000000000000e+06
1.426193000000000000e+06
1.193629000000000000e+06
4.132100000000000000e+04
1.047071000000000000e+06
7.874020000000000000e+05
1.124678000000000000e+06
5.457120000000000000e+05
3.373300000000000000e+05
1.418900000000000000e+04
3.438930000000000000e+05
3.459890000000000000e+05
3.466390000000000000e+05
3.387020000000000000e+05
3.073110000000000000e+05
1.360000000000000000e+04
3.307120000000000000e+05
2.892170000000000000e+05
9.012390000000000000e+05
4.807120000000000000e+05
3.308890000000000000e+05
1.404000000000000000e+04
3.454520000000000000e+05
3.536120000000000000e+05
2.887880000000000000e+05
3.016990000000000000e+05
3.274460000000000000e+05
1.772600000000000000e+04
3.105770000000000000e+05
2.668530000000000000e+05
8.794670000000000000e+05
4.689020000000000000e+05
3.054560000000000000e+05
1.404700000000000000e+04
2.918660000000000000e+05
3.346270000000000000e+05
2.950370000000000000e+05
2.938140000000000000e+05
2.857160000000000000e+05
2.990100000000000000e+04
2.977230000000000000e+05
2.671910000000000000e+05
2.736134000000000000e+06
4.528320000000000000e+05
9.226250000000000000e+05
3.247300000000000000e+04
1.124844000000000000e+06
1.514156000000000000e+06
1.799102000000000000e+06
2.265750000000000000e+06
2.727097000000000000e+06
8.066500000000000000e+04
3.068884000000000000e+06
3.410152000000000000e+06
5.832365000000000000e+06
4.094237000000000000e+06
4.571565000000000000e+06
5.832800000000000000e+04
5.404514000000000000e+06
6.015391000000000000e+06
5.272417000000000000e+06
4.763957000000000000e+06
3.970585000000000000e+06
1.053490000000000000e+05
3.275496000000000000e+06
3.034132000000000000e+06
3.145917000000000000e+06
2.314838000000000000e+06
1.597240000000000000e+06
6.842700000000000000e+04
8.377270000000000000e+05
1.986370000000000000e+05
2.497830000000000000e+05
2.039140000000000000e+05
2.686450000000000000e+05
6.309000000000000000e+04
2.204310000000000000e+05
2.653650000000000000e+05
1.841848000000000000e+06
4.881460000000000000e+05
3.037860000000000000e+05
2.974000000000000000e+04
1.941400000000000000e+05
2.282620000000000000e+05
