2.693950000000000000e+05
2.277660000000000000e+05
4.075800000000000000e+04
2.317710000000000000e+05
2.598660000000000000e+05
2.786384000000000000e+06
3.453830000000000000e+05
2.593230000000000000e+05
1.675900000000000000e+04
2.500510000000000000e+05
2.293750000000000000e+05
3.638390000000000000e+05
2.302020000000000000e+05
2.422690000000000000e+05
1.611000000000000000e+04
2.490720000000000000e+05
2.833070000000000000e+05
9.594250000000000000e+05
3.022550000000000000e+05
3.351980000000000000e+05
1.462500000000000000e+04
2.690840000000000000e+05
3.009180000000000000e+05
4.615540000000000000e+05
2.356910000000000000e+05
2.816110000000000000e+05
1.277200000000000000e+04
2.850670000000000000e+05
2.960680000000000000e+05
3.699780000000000000e+06
4.197960000000000000e+05
2.545370000000000000e+05
4.052700000000000000e+04
2.244540000000000000e+05
2.833980000000000000e+05
4.080620000000000000e+05
3.063940000000000000e+05
1.973580000000000000e+05
2.607400000000000000e+04
2.685610000000000000e+05
2.520380000000000000e+05
3.008649000000000000e+06
3.371800000000000000e+05
2.302080000000000000e+05
1.542500000000000000e+04
2.365650000000000000e+05
3.372490000000000000e+05
3.445570000000000000e+05
2.953590000000000000e+05
2.607560000000000000e+05
9.996000000000000000e+03
2.941220000000000000e+05
2.614280000000000000e+05
8.902890000000000000e+05
3.409240000000000000e+05
2.847420000000000000e+05
1.195000000000000000e+04
2.388450000000000000e+05
2.464230000000000000e+05
4.712550000000000000e+05
2.872710000000000000e+05
3.079840000000000000e+05
1.301100000000000000e+04
2.920760000000000000e+05
3.215510000000000000e+05
1.816066000000000000e+06
4.333120000000000000e+05
2.795830000000000000e+05
1.375500000000000000e+04
3.105390000000000000e+05
2.675880000000000000e+05
4.155270000000000000e+05
2.641370000000000000e+05
3.333480000000000000e+05
3.590800000000000000e+04
3.499880000000000000e+05
2.187470000000000000e+05
1.715549000000000000e+06
2.572300000000000000e+05
2.416950000000000000e+05
1.866300000000000000e+04
2.590830000000000000e+05
2.408890000000000000e+05
3.244930000000000000e+05
3.414730000000000000e+05
1.685090000000000000e+05
6.669800000000000000e+04
2.702040000000000000e+05
2.792530000000000000e+05
7.953130000000000000e+05
3.230920000000000000e+05
1.873010000000000000e+05
2.694600000000000000e+04
3.431990000000000000e+05
2.990930000000000000e+05
5.330330000000000000e+05
2.995290000000000000e+05
3.601920000000000000e+05
6.427800000000000000e+04
4.089770000000000000e+05
4.032030000000000000e+05
2.739934000000000000e+06
4.662620000000000000e+05
3.595610000000000000e+05
4.086300000000000000e+04
3.701580000000000000e+05
3.986660000000000000e+05
5.653540000000000000e+05
3.528880000000000000e+05
3.616880000000000000e+05
5.323800000000000000e+04
4.583360000000000000e+05
3.879790000000000000e+05
1.256032000000000000e+06
4.697290000000000000e+05
3.124420000000000000e+05
3.639400000000000000e+04
4.282820000000000000e+05
4.200040000000000000e+05
5.380520000000000000e+05
3.823210000000000000e+05
4.334250000000000000e+05
1.231400000000000000e+04
5.190570000000000000e+05
4.266680000000000000e+05
1.254192000000000000e+06
5.372130000000000000e+05
2.799860000000000000e+05
3.198800000000000000e+04
3.863920000000000000e+05
3.890370000000000000e+05
5.406120000000000000e+05
4.347410000000000000e+05
3.837330000000000000e+05
1.598500000000000000e+04
3.936170000000000000e+05
4.565020000000000000e+05
2.863827000000000000e+06
5.283490000000000000e+05
2.846040000000000000e+05
1.905000000000000000e+04
3.727300000000000000e+05
4.899080000000000000e+05
5.755300000000000000e+05
4.206780000000000000e+05
3.451610000000000000e+05
2.511500000000000000e+04
4.050660000000000000e+05
4.638110000000000000e+05
