1.748950000000000000e+05
3.231510000000000000e+05
1.153400000000000000e+04
2.123870000000000000e+05
1.340560000000000000e+05
7.318180000000000000e+05
1.155360000000000000e+05
3.635070000000000000e+05
3.188300000000000000e+04
2.661550000000000000e+05
8.896400000000000000e+04
2.870270000000000000e+05
1.454750000000000000e+05
3.444080000000000000e+05
1.049300000000000000e+04
1.973560000000000000e+05
1.014130000000000000e+05
8.083920000000000000e+05
1.140850000000000000e+05
3.243030000000000000e+05
2.113200000000000000e+04
3.195920000000000000e+05
1.322130000000000000e+05
3.559150000000000000e+05
2.789630000000000000e+05
3.214800000000000000e+05
6.483600000000000000e+04
3.295910000000000000e+05
2.977570000000000000e+05
2.670087000000000000e+06
1.539060000000000000e+05
4.737690000000000000e+05
5.653200000000000000e+04
4.949000000000000000e+05
2.453580000000000000e+05
4.704480000000000000e+05
2.287830000000000000e+05
4.224450000000000000e+05
2.284900000000000000e+04
3.672980000000000000e+05
2.165600000000000000e+05
1.173727000000000000e+06
1.408610000000000000e+05
4.994900000000000000e+05
4.659300000000000000e+04
4.302560000000000000e+05
2.167890000000000000e+05
4.310930000000000000e+05
2.236920000000000000e+05
4.199590000000000000e+05
9.330000000000000000e+03
3.465620000000000000e+05
1.835400000000000000e+05
2.747023000000000000e+06
1.337440000000000000e+05
6.083350000000000000e+05
6.144400000000000000e+04
3.824560000000000000e+05
1.801090000000000000e+05
4.419290000000000000e+05
1.937050000000000000e+05
4.796380000000000000e+05
2.440500000000000000e+04
3.006010000000000000e+05
2.446720000000000000e+05
1.143329000000000000e+06
1.603800000000000000e+05
3.822310000000000000e+05
7.714000000000000000e+03
4.803060000000000000e+05
2.596870000000000000e+05
4.129930000000000000e+05
2.587560000000000000e+05
3.243900000000000000e+05
5.993000000000000000e+03
3.985130000000000000e+05
2.481860000000000000e+05
1.103310000000000000e+06
1.574180000000000000e+05
5.077110000000000000e+05
6.485300000000000000e+04
4.695500000000000000e+05
1.582110000000000000e+05
4.124920000000000000e+05
2.945930000000000000e+05
3.536810000000000000e+05
1.005500000000000000e+04
3.069480000000000000e+05
2.213040000000000000e+05
1.095878000000000000e+06
1.595090000000000000e+05
4.124820000000000000e+05
4.238200000000000000e+04
4.514030000000000000e+05
2.131710000000000000e+05
4.385950000000000000e+05
2.767740000000000000e+05
4.245740000000000000e+05
5.140000000000000000e+03
2.345460000000000000e+05
2.164490000000000000e+05
1.100355000000000000e+06
1.085510000000000000e+05
4.075520000000000000e+05
2.578900000000000000e+04
4.282680000000000000e+05
5.753480000000000000e+05
1.363986000000000000e+06
1.498536000000000000e+06
1.609097000000000000e+06
1.151200000000000000e+04
2.449932000000000000e+06
2.549506000000000000e+06
4.826302000000000000e+06
3.217144000000000000e+06
3.359415000000000000e+06
9.106000000000000000e+03
4.291051000000000000e+06
5.118884000000000000e+06
5.458159000000000000e+06
6.433420000000000000e+06
6.796751000000000000e+06
6.678300000000000000e+04
7.699344000000000000e+06
9.525740000000000000e+06
1.149961600000000000e+07
1.055492200000000000e+07
8.857001000000000000e+06
1.482670000000000000e+05
7.312477000000000000e+06
5.947166000000000000e+06
5.038649000000000000e+06
4.162400000000000000e+06
3.533775000000000000e+06
6.000000000000000000e+04
2.711358000000000000e+06
2.318301000000000000e+06
2.815996000000000000e+06
2.055969000000000000e+06
1.372903000000000000e+06
5.883200000000000000e+04
1.076291000000000000e+06
5.976160000000000000e+05
5.656660000000000000e+05
3.840370000000000000e+05
3.280290000000000000e+05
3.703000000000000000e+03
4.035720000000000000e+05
3.631790000000000000e+05
