5.544100000000000000e+05
3.708070000000000000e+05
9.841000000000000000e+03
4.928350000000000000e+05
4.524810000000000000e+05
1.272513000000000000e+06
3.545510000000000000e+05
7.573200000000000000e+05
4.093800000000000000e+04
1.769340000000000000e+05
6.259720000000000000e+05
5.847030000000000000e+05
5.148110000000000000e+05
4.338880000000000000e+05
1.771800000000000000e+04
4.279290000000000000e+05
4.398910000000000000e+05
1.274601000000000000e+06
5.386690000000000000e+05
5.802090000000000000e+05
2.834500000000000000e+04
1.932010000000000000e+05
5.630430000000000000e+05
5.869790000000000000e+05
5.072990000000000000e+05
4.170910000000000000e+05
1.459400000000000000e+04
3.914880000000000000e+05
5.040100000000000000e+05
1.294166000000000000e+06
5.534540000000000000e+05
5.129520000000000000e+05
1.965800000000000000e+04
2.631050000000000000e+05
6.449280000000000000e+05
5.703850000000000000e+05
5.280350000000000000e+05
4.258150000000000000e+05
4.764000000000000000e+04
3.883730000000000000e+05
5.609490000000000000e+05
1.230650000000000000e+06
5.249820000000000000e+05
5.023650000000000000e+05
1.442100000000000000e+04
1.825940000000000000e+05
4.766690000000000000e+05
5.256220000000000000e+05
3.385170000000000000e+05
4.099960000000000000e+05
1.260200000000000000e+04
3.604890000000000000e+05
4.307300000000000000e+05
1.154151000000000000e+06
2.630740000000000000e+05
5.657170000000000000e+05
2.968500000000000000e+04
8.860660000000000000e+05
1.448887000000000000e+06
1.741515000000000000e+06
2.134796000000000000e+06
2.674033000000000000e+06
3.483000000000000000e+04
2.893224000000000000e+06
3.235203000000000000e+06
3.924709000000000000e+06
4.213219000000000000e+06
4.522672000000000000e+06
2.044100000000000000e+05
5.034563000000000000e+06
5.508547000000000000e+06
5.952937000000000000e+06
6.397859000000000000e+06
6.846172000000000000e+06
1.112260000000000000e+05
7.349606000000000000e+06
7.755062000000000000e+06
8.640193000000000000e+06
8.244949000000000000e+06
7.327986000000000000e+06
7.127400000000000000e+04
5.736011000000000000e+06
3.243118000000000000e+06
1.346019000000000000e+06
1.313824000000000000e+06
1.308731000000000000e+06
4.098200000000000000e+04
1.703312000000000000e+06
2.780069000000000000e+06
9.072917000000000000e+06
1.493447400000000000e+07
1.556547800000000000e+07
1.551370000000000000e+05
1.524769100000000000e+07
1.460429600000000000e+07
1.386067000000000000e+07
1.275841900000000000e+07
1.207499000000000000e+07
1.019260000000000000e+05
1.144212700000000000e+07
1.069395900000000000e+07
1.116370800000000000e+07
9.991676000000000000e+06
9.383208000000000000e+06
1.450310000000000000e+05
8.836421000000000000e+06
8.539208000000000000e+06
7.900113000000000000e+06
8.160148000000000000e+06
7.768658000000000000e+06
3.265580000000000000e+05
7.301302000000000000e+06
7.212511000000000000e+06
7.533080000000000000e+06
6.960984000000000000e+06
6.597172000000000000e+06
1.766190000000000000e+05
6.388601000000000000e+06
6.090790000000000000e+06
6.217211000000000000e+06
5.787288000000000000e+06
5.637981000000000000e+06
2.606280000000000000e+05
5.473666000000000000e+06
5.254656000000000000e+06
6.000996000000000000e+06
5.296797000000000000e+06
4.807080000000000000e+06
1.595620000000000000e+05
4.471791000000000000e+06
4.455849000000000000e+06
4.509736000000000000e+06
4.109645000000000000e+06
3.636855000000000000e+06
1.344770000000000000e+05
3.502661000000000000e+06
3.445005000000000000e+06
4.257043000000000000e+06
3.203617000000000000e+06
3.013337000000000000e+06
1.013660000000000000e+05
2.661172000000000000e+06
2.611857000000000000e+06
2.466989000000000000e+06
2.294241000000000000e+06
1.970752000000000000e+06
8.528400000000000000e+04
1.966005000000000000e+06
1.879738000000000000e+06
