2.557300000000000000e+05
5.818000000000000000e+04
4.919000000000000000e+03
4.753800000000000000e+04
4.249600000000000000e+04
7.736440000000000000e+05
1.523390000000000000e+05
2.253700000000000000e+04
2.110000000000000000e+02
2.317300000000000000e+04
4.667500000000000000e+04
4.566750000000000000e+05
4.377800000000000000e+04
4.668200000000000000e+04
4.082000000000000000e+03
4.379300000000000000e+04
1.213630000000000000e+05
8.657910000000000000e+05
1.647580000000000000e+05
2.538300000000000000e+04
4.170000000000000000e+02
3.389500000000000000e+04
3.857600000000000000e+04
3.368530000000000000e+05
4.099000000000000000e+04
3.920900000000000000e+04
2.600000000000000000e+02
1.949100000000000000e+04
5.820300000000000000e+04
8.090790000000000000e+05
1.958900000000000000e+05
1.701500000000000000e+04
1.604000000000000000e+03
3.072000000000000000e+04
3.659900000000000000e+04
3.011090000000000000e+05
2.269800000000000000e+04
4.460000000000000000e+04
1.760000000000000000e+02
6.632100000000000000e+04
4.027100000000000000e+04
9.069830000000000000e+05
1.493580000000000000e+05
1.971900000000000000e+04
4.590000000000000000e+02
2.435300000000000000e+04
2.295500000000000000e+04
3.373920000000000000e+05
7.160800000000000000e+04
6.462800000000000000e+04
1.848000000000000000e+03
2.510800000000000000e+04
1.112580000000000000e+05
8.906840000000000000e+05
1.914490000000000000e+05
3.045300000000000000e+04
0.000000000000000000e+00
1.639800000000000000e+04
5.231800000000000000e+04
3.328170000000000000e+05
3.860100000000000000e+04
5.033000000000000000e+04
5.020000000000000000e+02
3.422900000000000000e+04
5.387600000000000000e+04
7.311950000000000000e+05
1.844680000000000000e+05
3.906200000000000000e+04
0.000000000000000000e+00
3.842700000000000000e+04
5.035000000000000000e+04
3.062760000000000000e+05
4.513100000000000000e+04
3.436000000000000000e+04
2.070000000000000000e+02
4.496900000000000000e+04
1.770700000000000000e+04
7.926760000000000000e+05
2.307700000000000000e+05
2.547000000000000000e+04
7.810000000000000000e+02
3.410800000000000000e+04
3.909600000000000000e+04
3.096250000000000000e+05
3.678200000000000000e+04
3.247900000000000000e+04
5.689000000000000000e+03
2.303000000000000000e+04
8.218700000000000000e+04
7.850190000000000000e+05
1.849690000000000000e+05
2.620200000000000000e+04
6.969000000000000000e+03
3.170900000000000000e+04
3.858400000000000000e+04
3.197050000000000000e+05
3.769100000000000000e+04
4.721700000000000000e+04
2.935000000000000000e+03
5.352600000000000000e+04
3.834200000000000000e+04
7.084860000000000000e+05
1.525620000000000000e+05
1.746300000000000000e+04
2.030000000000000000e+02
4.186000000000000000e+04
5.787700000000000000e+04
2.782250000000000000e+05
6.087200000000000000e+04
4.259300000000000000e+04
5.620000000000000000e+03
4.626200000000000000e+04
7.228700000000000000e+04
7.204140000000000000e+05
1.977950000000000000e+05
3.777200000000000000e+04
4.620000000000000000e+02
2.589500000000000000e+04
2.119200000000000000e+04
2.955260000000000000e+05
5.834300000000000000e+04
5.677600000000000000e+04
5.248000000000000000e+03
4.280500000000000000e+04
5.656700000000000000e+04
7.821640000000000000e+05
1.865730000000000000e+05
4.108000000000000000e+04
7.823000000000000000e+03
2.944100000000000000e+04
3.890800000000000000e+04
3.252670000000000000e+05
3.150600000000000000e+04
7.599200000000000000e+04
4.080000000000000000e+02
4.064300000000000000e+04
5.717800000000000000e+04
7.035720000000000000e+05
1.907860000000000000e+05
1.063400000000000000e+04
0.000000000000000000e+00
2.000100000000000000e+04
6.094900000000000000e+04
2.664150000000000000e+05
3.425000000000000000e+04
3.734700000000000000e+04
5.580000000000000000e+02
3.834300000000000000e+04
5.614000000000000000e+04
