4.586865000000000000e+06
5.181073000000000000e+06
1.513300000000000000e+05
5.846417000000000000e+06
6.093397000000000000e+06
8.723211000000000000e+06
8.128340000000000000e+06
1.050974700000000000e+07
2.130890000000000000e+05
1.558149500000000000e+07
2.278500900000000000e+07
2.079312200000000000e+07
2.377529400000000000e+07
3.872632300000000000e+07
8.744200000000000000e+04
4.451603200000000000e+07
4.707870900000000000e+07
4.471243600000000000e+07
3.549141600000000000e+07
1.897428800000000000e+07
1.200400000000000000e+04
4.309930000000000000e+05
4.180830000000000000e+05
4.945280000000000000e+05
4.724760000000000000e+05
5.514490000000000000e+05
8.919000000000000000e+03
5.540250000000000000e+05
5.757370000000000000e+05
1.860999000000000000e+06
5.837290000000000000e+05
6.053730000000000000e+05
2.464400000000000000e+04
5.869390000000000000e+05
6.117170000000000000e+05
6.374950000000000000e+05
5.920720000000000000e+05
6.501780000000000000e+05
1.122200000000000000e+04
5.877580000000000000e+05
5.725730000000000000e+05
8.511300000000000000e+05
5.876060000000000000e+05
4.315220000000000000e+05
1.296900000000000000e+04
3.717300000000000000e+05
2.925660000000000000e+05
3.402490000000000000e+05
1.087970000000000000e+05
1.530360000000000000e+05
7.690000000000000000e+02
6.925700000000000000e+04
1.056440000000000000e+05
1.447466000000000000e+06
1.872500000000000000e+05
7.282600000000000000e+04
1.188400000000000000e+04
1.437230000000000000e+05
3.062810000000000000e+05
1.752600000000000000e+05
2.393440000000000000e+05
2.155950000000000000e+05
1.071200000000000000e+04
2.362160000000000000e+05
2.377210000000000000e+05
2.550088000000000000e+06
3.279050000000000000e+05
3.070060000000000000e+05
4.683000000000000000e+03
2.600740000000000000e+05
3.779500000000000000e+05
3.826320000000000000e+05
2.982120000000000000e+05
2.430520000000000000e+05
4.603700000000000000e+04
2.721390000000000000e+05
2.171970000000000000e+05
5.611830000000000000e+05
2.593390000000000000e+05
3.277600000000000000e+04
3.550000000000000000e+02
4.094400000000000000e+04
4.177900000000000000e+04
1.406360000000000000e+05
9.878700000000000000e+04
4.089800000000000000e+04
5.087000000000000000e+03
6.162700000000000000e+04
5.518500000000000000e+04
1.869232000000000000e+06
1.406042000000000000e+06
1.077200000000000000e+05
2.532000000000000000e+03
4.111500000000000000e+04
5.210000000000000000e+04
1.650540000000000000e+05
6.431600000000000000e+04
6.741100000000000000e+04
2.228600000000000000e+04
1.607810000000000000e+05
1.066040000000000000e+05
1.681602000000000000e+06
7.942400000000000000e+04
6.744400000000000000e+04
1.370700000000000000e+04
8.026300000000000000e+04
9.024700000000000000e+04
1.334240000000000000e+05
1.384230000000000000e+05
5.572300000000000000e+04
2.000000000000000000e+02
5.702300000000000000e+04
9.052300000000000000e+04
1.726060000000000000e+06
1.328380000000000000e+05
9.438000000000000000e+04
6.036000000000000000e+03
2.038400000000000000e+04
2.209400000000000000e+04
1.162630000000000000e+05
6.976800000000000000e+04
1.135440000000000000e+05
1.518900000000000000e+04
6.617700000000000000e+04
5.729500000000000000e+04
1.717303000000000000e+06
1.637651000000000000e+06
2.743200000000000000e+04
1.990000000000000000e+02
2.841000000000000000e+04
7.317400000000000000e+04
1.367800000000000000e+05
7.537400000000000000e+04
6.088200000000000000e+04
2.692000000000000000e+04
8.114400000000000000e+04
6.070300000000000000e+04
1.953498000000000000e+06
7.320200000000000000e+04
5.915700000000000000e+04
2.118800000000000000e+04
7.677500000000000000e+04
1.556590000000000000e+05
2.208680000000000000e+05
1.216390000000000000e+05
8.341100000000000000e+04
1.202000000000000000e+04
6.856300000000000000e+04
4.661100000000000000e+04
