5.399820000000000000e+05
2.505000000000000000e+05
1.087700000000000000e+04
2.182300000000000000e+05
1.818310000000000000e+05
1.913890000000000000e+05
1.724200000000000000e+05
1.453320000000000000e+05
1.478100000000000000e+04
1.353610000000000000e+05
1.017190000000000000e+05
8.857800000000000000e+05
2.309520000000000000e+05
4.424100000000000000e+04
3.903000000000000000e+03
3.740000000000000000e+04
7.153900000000000000e+04
2.979400000000000000e+04
4.193200000000000000e+04
4.287400000000000000e+04
7.550000000000000000e+02
3.145300000000000000e+04
3.757800000000000000e+04
6.904320000000000000e+05
2.243100000000000000e+05
5.615300000000000000e+04
7.174000000000000000e+03
3.390200000000000000e+04
4.383800000000000000e+04
3.084700000000000000e+04
3.990500000000000000e+04
3.307500000000000000e+04
1.730000000000000000e+02
3.783400000000000000e+04
3.680100000000000000e+04
7.590530000000000000e+05
2.152260000000000000e+05
5.727200000000000000e+04
7.839000000000000000e+03
2.805500000000000000e+04
3.514300000000000000e+04
3.837400000000000000e+04
3.217900000000000000e+04
4.696200000000000000e+04
1.164000000000000000e+04
3.161000000000000000e+04
4.050800000000000000e+04
7.003410000000000000e+05
2.384540000000000000e+05
6.569200000000000000e+04
3.729000000000000000e+03
3.259800000000000000e+04
4.936200000000000000e+04
3.652500000000000000e+04
3.744700000000000000e+04
4.049500000000000000e+04
0.000000000000000000e+00
3.222000000000000000e+04
3.957800000000000000e+04
7.826590000000000000e+05
2.600360000000000000e+05
3.166900000000000000e+04
3.890000000000000000e+02
3.076400000000000000e+04
2.512300000000000000e+04
3.356800000000000000e+04
3.231900000000000000e+04
4.050400000000000000e+04
7.800000000000000000e+02
3.366800000000000000e+04
3.592300000000000000e+04
8.533430000000000000e+05
2.679700000000000000e+05
4.854100000000000000e+04
3.350000000000000000e+03
2.986900000000000000e+04
3.706500000000000000e+04
3.702300000000000000e+04
3.843900000000000000e+04
4.356000000000000000e+04
7.230000000000000000e+02
3.830000000000000000e+04
4.390600000000000000e+04
7.108860000000000000e+05
2.813320000000000000e+05
4.837400000000000000e+04
3.824000000000000000e+03
4.741700000000000000e+04
3.223600000000000000e+04
4.081200000000000000e+04
2.603600000000000000e+04
4.092500000000000000e+04
4.146000000000000000e+03
2.199600000000000000e+04
4.191000000000000000e+04
8.002360000000000000e+05
2.216970000000000000e+05
5.289000000000000000e+04
0.000000000000000000e+00
4.393400000000000000e+04
2.940480000000000000e+05
1.114800000000000000e+06
1.566020000000000000e+06
2.117995000000000000e+06
1.013100000000000000e+05
2.296797000000000000e+06
2.602381000000000000e+06
3.678036000000000000e+06
3.819777000000000000e+06
3.685513000000000000e+06
9.155000000000000000e+04
3.908965000000000000e+06
3.657950000000000000e+06
3.964417000000000000e+06
3.817975000000000000e+06
3.001370800000000000e+07
1.346420000000000000e+05
6.481477900000000000e+07
5.305999500000000000e+07
3.344217500000000000e+07
1.997434000000000000e+07
1.410027600000000000e+07
1.696080000000000000e+05
9.724882000000000000e+06
6.890468000000000000e+06
4.913033000000000000e+06
3.684876000000000000e+06
3.020035000000000000e+06
5.716400000000000000e+04
2.385291000000000000e+06
2.011777000000000000e+06
2.900542000000000000e+06
1.691153000000000000e+06
1.371913000000000000e+06
3.888300000000000000e+04
1.672448000000000000e+06
2.157883000000000000e+06
2.634517000000000000e+06
2.235896000000000000e+06
1.901784000000000000e+06
5.083800000000000000e+04
1.523761000000000000e+06
1.352301000000000000e+06
1.848057000000000000e+06
1.204621000000000000e+06
9.326640000000000000e+05
1.579900000000000000e+04
7.908500000000000000e+05
7.038920000000000000e+05
