5.693040000000000000e+05
4.964230000000000000e+05
1.353000000000000000e+04
4.064460000000000000e+05
3.891910000000000000e+05
9.210220000000000000e+05
4.164860000000000000e+05
2.406810000000000000e+05
8.649000000000000000e+03
2.447010000000000000e+05
2.090600000000000000e+05
3.017440000000000000e+05
1.005210000000000000e+05
1.221540000000000000e+05
9.007000000000000000e+03
4.091600000000000000e+04
5.507800000000000000e+04
6.500040000000000000e+05
1.088290000000000000e+05
4.772100000000000000e+04
3.368000000000000000e+03
2.668200000000000000e+04
3.902100000000000000e+04
1.895170000000000000e+05
4.171800000000000000e+04
2.570800000000000000e+04
2.490000000000000000e+02
3.657200000000000000e+04
3.595100000000000000e+04
4.624700000000000000e+05
7.619200000000000000e+04
3.705000000000000000e+04
2.398000000000000000e+03
3.142100000000000000e+04
3.649700000000000000e+04
1.807360000000000000e+05
8.967800000000000000e+04
3.101300000000000000e+04
8.510000000000000000e+02
3.911200000000000000e+04
6.410100000000000000e+04
4.252340000000000000e+05
1.169260000000000000e+05
4.496800000000000000e+04
1.638000000000000000e+03
3.215000000000000000e+04
2.527200000000000000e+04
1.450330000000000000e+05
2.387100000000000000e+04
5.670900000000000000e+04
2.306000000000000000e+03
2.552700000000000000e+04
4.256300000000000000e+04
4.521070000000000000e+05
8.503100000000000000e+04
2.902100000000000000e+04
1.960000000000000000e+02
4.349200000000000000e+04
3.285500000000000000e+04
1.683670000000000000e+05
2.994400000000000000e+04
3.352400000000000000e+04
9.104000000000000000e+03
1.692800000000000000e+04
3.662400000000000000e+04
3.879610000000000000e+05
8.976200000000000000e+04
2.551200000000000000e+04
2.513000000000000000e+03
1.918500000000000000e+04
2.824000000000000000e+04
1.434290000000000000e+05
7.159600000000000000e+04
5.133900000000000000e+04
1.355400000000000000e+04
2.936000000000000000e+04
2.715100000000000000e+04
4.318870000000000000e+05
7.818500000000000000e+04
4.859500000000000000e+04
9.623000000000000000e+03
3.898700000000000000e+04
1.540100000000000000e+04
1.336920000000000000e+05
7.890200000000000000e+04
7.443600000000000000e+04
0.000000000000000000e+00
1.752300000000000000e+04
7.605200000000000000e+04
4.717770000000000000e+05
8.279200000000000000e+04
4.413700000000000000e+04
1.746000000000000000e+03
3.068000000000000000e+04
2.034500000000000000e+04
1.467980000000000000e+05
4.548800000000000000e+04
4.821500000000000000e+04
7.806000000000000000e+03
5.743800000000000000e+04
4.407100000000000000e+04
4.501490000000000000e+05
1.191660000000000000e+05
3.014700000000000000e+04
3.836000000000000000e+03
3.720900000000000000e+04
2.369600000000000000e+04
1.692360000000000000e+05
2.632200000000000000e+04
6.592100000000000000e+04
5.688000000000000000e+03
5.211000000000000000e+04
5.937500000000000000e+04
5.352200000000000000e+05
1.146390000000000000e+05
2.126800000000000000e+04
4.900000000000000000e+02
3.469200000000000000e+04
4.748500000000000000e+04
1.605600000000000000e+05
4.829100000000000000e+04
3.423300000000000000e+04
1.820000000000000000e+02
2.762400000000000000e+04
4.645100000000000000e+04
5.037520000000000000e+05
8.638300000000000000e+04
2.246500000000000000e+04
1.670000000000000000e+02
4.119400000000000000e+04
3.291900000000000000e+04
1.693660000000000000e+05
3.147200000000000000e+04
6.063800000000000000e+04
3.569000000000000000e+03
1.259900000000000000e+04
6.146300000000000000e+04
4.598150000000000000e+05
9.353800000000000000e+04
1.619400000000000000e+04
0.000000000000000000e+00
4.029700000000000000e+04
3.170400000000000000e+04
1.723530000000000000e+05
1.767700000000000000e+04
2.499900000000000000e+04
0.000000000000000000e+00
6.048400000000000000e+04
2.451800000000000000e+04
