1.255560000000000000e+05
9.109400000000000000e+04
3.990000000000000000e+03
3.514100000000000000e+04
2.204200000000000000e+04
3.135700000000000000e+04
1.147570000000000000e+05
1.477210000000000000e+05
1.920000000000000000e+03
2.758300000000000000e+04
2.720400000000000000e+04
4.637780000000000000e+05
1.126350000000000000e+05
8.847100000000000000e+04
0.000000000000000000e+00
2.432500000000000000e+04
2.482900000000000000e+04
2.230300000000000000e+04
5.555400000000000000e+04
6.817900000000000000e+04
1.359900000000000000e+04
1.060320000000000000e+05
7.767500000000000000e+04
1.771932000000000000e+06
1.639184000000000000e+06
5.198600000000000000e+04
4.385000000000000000e+03
5.828000000000000000e+04
9.247100000000000000e+04
1.157520000000000000e+05
6.843600000000000000e+04
9.770000000000000000e+04
2.364200000000000000e+04
1.655690000000000000e+05
7.984300000000000000e+04
1.930531000000000000e+06
1.632508000000000000e+06
5.177300000000000000e+04
0.000000000000000000e+00
3.579900000000000000e+04
5.019300000000000000e+04
5.380900000000000000e+04
1.147110000000000000e+05
6.623800000000000000e+04
9.253000000000000000e+03
3.392100000000000000e+04
1.004060000000000000e+05
3.318222000000000000e+06
1.045180000000000000e+05
8.119300000000000000e+04
2.230000000000000000e+02
1.554200000000000000e+04
2.028800000000000000e+04
4.969000000000000000e+04
8.150500000000000000e+04
2.368690000000000000e+05
1.871200000000000000e+04
1.488730000000000000e+05
1.403940000000000000e+05
1.406333000000000000e+06
1.893120000000000000e+05
1.666160000000000000e+05
9.363000000000000000e+03
1.663950000000000000e+05
2.267720000000000000e+05
2.097200000000000000e+05
1.767380000000000000e+05
2.062040000000000000e+05
2.519400000000000000e+04
2.760120000000000000e+05
2.128180000000000000e+05
1.531230000000000000e+06
2.716030000000000000e+05
2.131730000000000000e+05
8.367000000000000000e+03
2.061560000000000000e+05
1.997290000000000000e+05
2.745110000000000000e+05
2.636930000000000000e+05
5.784700000000000000e+04
3.003900000000000000e+04
5.526100000000000000e+04
7.624100000000000000e+04
6.943650000000000000e+05
1.371880000000000000e+05
1.036250000000000000e+05
1.790000000000000000e+02
1.977600000000000000e+04
1.954900000000000000e+04
4.291100000000000000e+04
3.949200000000000000e+04
4.623300000000000000e+04
2.079700000000000000e+04
1.991550000000000000e+05
1.241120000000000000e+05
1.882214000000000000e+06
4.603000000000000000e+05
4.835940000000000000e+05
1.195600000000000000e+04
6.922870000000000000e+05
7.742220000000000000e+05
9.017050000000000000e+05
1.022017000000000000e+06
1.250469000000000000e+06
6.237000000000000000e+03
1.481710000000000000e+06
1.710704000000000000e+06
3.756780000000000000e+06
2.391000000000000000e+06
2.623011000000000000e+06
8.490700000000000000e+04
3.274970000000000000e+06
4.130997000000000000e+06
5.432091000000000000e+06
6.284321000000000000e+06
4.745055000000000000e+06
3.570700000000000000e+04
2.647517000000000000e+06
1.395001000000000000e+06
2.857832000000000000e+06
9.460500000000000000e+04
2.682100000000000000e+04
3.714100000000000000e+04
4.393100000000000000e+04
1.988700000000000000e+04
4.081300000000000000e+04
2.904500000000000000e+04
2.130600000000000000e+04
2.004000000000000000e+04
4.693000000000000000e+04
1.178370000000000000e+05
2.515007000000000000e+06
7.853900000000000000e+04
2.008200000000000000e+04
1.650000000000000000e+02
1.792600000000000000e+04
3.017700000000000000e+04
4.152300000000000000e+04
4.856000000000000000e+04
6.633300000000000000e+04
5.780000000000000000e+02
4.727300000000000000e+04
7.933700000000000000e+04
1.457278000000000000e+06
6.260890000000000000e+05
6.700800000000000000e+04
1.358700000000000000e+04
4.957800000000000000e+04
6.966900000000000000e+04
