1.062440000000000000e+05
7.317800000000000000e+04
1.695500000000000000e+04
1.002260000000000000e+05
1.248660000000000000e+05
1.772333000000000000e+06
1.224480000000000000e+05
9.575100000000000000e+04
0.000000000000000000e+00
5.872400000000000000e+04
1.179340000000000000e+05
2.394090000000000000e+05
1.664090000000000000e+05
1.851390000000000000e+05
3.789200000000000000e+04
2.180350000000000000e+05
1.950830000000000000e+05
1.960302000000000000e+06
1.942230000000000000e+05
1.295140000000000000e+05
1.475000000000000000e+04
8.165200000000000000e+04
1.043420000000000000e+05
1.870720000000000000e+05
3.998800000000000000e+04
4.869000000000000000e+04
3.390400000000000000e+04
6.882200000000000000e+04
5.813400000000000000e+04
1.148180000000000000e+06
1.299260000000000000e+05
4.374000000000000000e+04
6.018000000000000000e+03
1.068440000000000000e+05
5.092100000000000000e+04
1.928450000000000000e+05
6.925600000000000000e+04
1.489870000000000000e+05
2.073300000000000000e+04
8.680300000000000000e+04
1.350890000000000000e+05
5.083120000000000000e+05
1.521050000000000000e+05
8.570800000000000000e+04
1.701400000000000000e+04
9.736600000000000000e+04
9.390400000000000000e+04
2.091400000000000000e+05
8.835000000000000000e+04
1.432890000000000000e+05
1.080300000000000000e+04
1.366680000000000000e+05
9.717200000000000000e+04
1.573762000000000000e+06
6.265990000000000000e+05
8.283200000000000000e+04
1.063000000000000000e+03
4.139800000000000000e+04
6.138200000000000000e+04
1.942000000000000000e+05
8.816100000000000000e+04
1.119400000000000000e+05
1.804200000000000000e+04
1.614580000000000000e+05
6.106000000000000000e+04
1.131398000000000000e+06
1.360090000000000000e+05
5.084000000000000000e+04
2.496000000000000000e+03
9.600800000000000000e+04
1.179980000000000000e+05
2.733380000000000000e+05
1.036580000000000000e+05
8.452000000000000000e+04
8.780000000000000000e+02
1.410740000000000000e+05
2.058440000000000000e+05
6.482860000000000000e+05
1.578360000000000000e+05
9.410800000000000000e+04
1.632000000000000000e+03
1.397620000000000000e+05
1.374710000000000000e+05
3.020350000000000000e+05
2.052650000000000000e+05
1.297620000000000000e+05
1.624600000000000000e+04
2.080750000000000000e+05
2.264870000000000000e+05
7.201130000000000000e+05
1.306420000000000000e+05
5.934700000000000000e+04
7.606000000000000000e+03
6.997400000000000000e+04
1.395150000000000000e+05
3.186770000000000000e+05
1.282100000000000000e+05
1.036090000000000000e+05
3.158000000000000000e+03
1.772260000000000000e+05
1.057390000000000000e+05
7.228030000000000000e+05
1.483300000000000000e+05
4.508100000000000000e+04
4.011000000000000000e+03
4.987700000000000000e+04
8.807600000000000000e+04
2.999840000000000000e+05
2.158900000000000000e+05
2.134940000000000000e+05
2.215000000000000000e+03
1.588580000000000000e+05
1.515310000000000000e+05
1.643884000000000000e+06
8.871070000000000000e+05
9.372800000000000000e+04
1.008100000000000000e+04
7.492500000000000000e+04
7.892000000000000000e+04
4.002770000000000000e+05
1.846060000000000000e+05
2.685770000000000000e+05
4.127300000000000000e+04
3.808470000000000000e+05
2.061090000000000000e+05
1.647305000000000000e+06
1.373410000000000000e+05
1.113110000000000000e+05
7.918000000000000000e+03
6.628500000000000000e+04
2.031340000000000000e+05
3.172560000000000000e+05
1.304020000000000000e+05
1.510560000000000000e+05
3.363000000000000000e+04
2.100160000000000000e+05
1.055460000000000000e+05
9.286600000000000000e+05
2.877170000000000000e+05
2.468260000000000000e+05
2.492300000000000000e+04
2.210160000000000000e+05
2.598420000000000000e+05
5.129470000000000000e+05
2.968850000000000000e+05
3.080280000000000000e+05
4.869400000000000000e+04
3.991910000000000000e+05
4.983540000000000000e+05
