3.610560000000000000e+05
2.166160000000000000e+05
7.535000000000000000e+03
2.545400000000000000e+05
2.439110000000000000e+05
1.251065000000000000e+06
1.012490000000000000e+05
1.003900000000000000e+05
3.415600000000000000e+04
1.486510000000000000e+05
3.031640000000000000e+05
4.470660000000000000e+05
1.901890000000000000e+05
2.131070000000000000e+05
1.254700000000000000e+04
3.896970000000000000e+05
2.803560000000000000e+05
1.768251000000000000e+06
1.849340000000000000e+05
1.143040000000000000e+05
1.206100000000000000e+04
1.707030000000000000e+05
2.359720000000000000e+05
5.534170000000000000e+05
5.387470000000000000e+05
2.103260000000000000e+05
3.481000000000000000e+03
3.070580000000000000e+05
2.401450000000000000e+05
1.840137000000000000e+06
2.137790000000000000e+05
9.130800000000000000e+04
1.429900000000000000e+04
1.753990000000000000e+05
1.980460000000000000e+05
5.273430000000000000e+05
3.238850000000000000e+05
3.651280000000000000e+05
7.766000000000000000e+03
2.811800000000000000e+05
1.781790000000000000e+05
1.837353000000000000e+06
1.878830000000000000e+05
1.252060000000000000e+05
1.452300000000000000e+04
2.275380000000000000e+05
4.308850000000000000e+05
5.414240000000000000e+05
3.170600000000000000e+05
1.568310000000000000e+05
3.043200000000000000e+04
2.317200000000000000e+05
2.211810000000000000e+05
1.198902000000000000e+06
1.336360000000000000e+05
8.347900000000000000e+04
1.004300000000000000e+04
2.176630000000000000e+05
4.191750000000000000e+05
7.047210000000000000e+05
2.698070000000000000e+05
3.647740000000000000e+05
3.992200000000000000e+04
2.470670000000000000e+05
2.536310000000000000e+05
1.225893000000000000e+06
1.420197000000000000e+06
3.019257000000000000e+06
4.964100000000000000e+04
4.041149000000000000e+06
4.688283000000000000e+06
5.439312000000000000e+06
5.875576000000000000e+06
6.360277000000000000e+06
8.939500000000000000e+04
6.799525000000000000e+06
7.111827000000000000e+06
8.582539000000000000e+06
7.524934000000000000e+06
7.294931000000000000e+06
1.630850000000000000e+05
7.323502000000000000e+06
6.598383000000000000e+06
5.521073000000000000e+06
5.339917000000000000e+06
6.644533000000000000e+06
9.711000000000000000e+04
5.989148000000000000e+06
4.936097000000000000e+06
6.417480000000000000e+06
5.637263000000000000e+06
6.636600000000000000e+06
7.592600000000000000e+04
5.896667000000000000e+06
4.598909000000000000e+06
4.203368000000000000e+06
3.431506000000000000e+06
2.916152000000000000e+06
6.630100000000000000e+04
2.596592000000000000e+06
2.125041000000000000e+06
2.793764000000000000e+06
1.870550000000000000e+06
1.435739000000000000e+06
5.844500000000000000e+04
1.094340000000000000e+06
7.991930000000000000e+05
6.881170000000000000e+05
7.077050000000000000e+05
6.440850000000000000e+05
1.252800000000000000e+04
6.218610000000000000e+05
6.690570000000000000e+05
1.569121000000000000e+06
8.312910000000000000e+05
8.391180000000000000e+05
2.033300000000000000e+04
7.850050000000000000e+05
7.251470000000000000e+05
8.899900000000000000e+05
7.124680000000000000e+05
7.124470000000000000e+05
2.106200000000000000e+04
7.397330000000000000e+05
7.713420000000000000e+05
1.700812000000000000e+06
1.036228000000000000e+06
8.582680000000000000e+05
2.711400000000000000e+04
8.898530000000000000e+05
9.300840000000000000e+05
1.007537000000000000e+06
9.199580000000000000e+05
9.007270000000000000e+05
1.782200000000000000e+04
9.789170000000000000e+05
9.149920000000000000e+05
1.729378000000000000e+06
1.161189000000000000e+06
8.954160000000000000e+05
1.787000000000000000e+04
9.465790000000000000e+05
9.057770000000000000e+05
8.814610000000000000e+05
8.096680000000000000e+05
8.005070000000000000e+05
1.207100000000000000e+04
6.653520000000000000e+05
6.937450000000000000e+05
