7.151480000000000000e+05
6.229230000000000000e+05
1.510200000000000000e+04
4.456160000000000000e+05
4.657870000000000000e+05
5.093470000000000000e+05
3.553150000000000000e+05
2.653190000000000000e+05
6.628000000000000000e+03
4.602080000000000000e+05
3.980900000000000000e+05
1.397638000000000000e+06
3.863460000000000000e+05
2.712470000000000000e+05
1.787000000000000000e+04
1.825850000000000000e+05
3.038110000000000000e+05
1.255480000000000000e+05
2.318330000000000000e+05
2.237280000000000000e+05
9.510000000000000000e+03
1.457770000000000000e+05
1.263350000000000000e+05
1.224447000000000000e+06
3.154560000000000000e+05
1.076690000000000000e+05
0.000000000000000000e+00
1.166200000000000000e+05
1.987670000000000000e+05
9.693200000000000000e+04
1.684420000000000000e+05
8.235300000000000000e+04
5.519200000000000000e+04
1.016490000000000000e+05
1.156280000000000000e+05
2.798495000000000000e+06
9.178000000000000000e+04
8.048100000000000000e+04
9.743000000000000000e+03
1.792040000000000000e+05
7.150500000000000000e+04
8.236600000000000000e+04
1.673840000000000000e+05
1.083970000000000000e+05
1.019600000000000000e+04
2.270790000000000000e+05
1.223530000000000000e+05
1.141891000000000000e+06
2.016200000000000000e+05
9.728800000000000000e+04
8.139000000000000000e+03
1.042750000000000000e+05
6.731300000000000000e+04
1.990860000000000000e+05
1.537300000000000000e+05
1.256550000000000000e+05
2.963800000000000000e+04
1.405060000000000000e+05
1.284000000000000000e+05
3.006784000000000000e+06
1.584920000000000000e+05
7.620200000000000000e+04
1.271700000000000000e+04
6.239500000000000000e+04
1.794520000000000000e+05
1.719980000000000000e+05
1.550530000000000000e+05
1.099540000000000000e+05
1.341100000000000000e+04
8.117900000000000000e+04
1.524250000000000000e+05
8.849700000000000000e+05
9.039800000000000000e+04
7.295000000000000000e+04
9.112000000000000000e+03
2.101500000000000000e+05
1.987320000000000000e+05
7.834500000000000000e+04
1.121110000000000000e+05
1.012840000000000000e+05
1.754200000000000000e+04
1.050240000000000000e+05
1.367910000000000000e+05
1.514756000000000000e+06
7.318900000000000000e+04
1.554000000000000000e+05
4.777000000000000000e+03
7.631500000000000000e+04
5.267500000000000000e+04
1.038680000000000000e+05
1.551250000000000000e+05
5.883400000000000000e+04
2.180000000000000000e+03
1.627120000000000000e+05
1.541550000000000000e+05
8.532060000000000000e+05
1.263090000000000000e+05
7.779300000000000000e+04
5.744000000000000000e+03
1.781990000000000000e+05
2.237760000000000000e+05
2.611860000000000000e+05
2.279390000000000000e+05
2.663740000000000000e+05
1.615100000000000000e+04
2.346810000000000000e+05
3.494230000000000000e+05
2.747704000000000000e+06
1.067905000000000000e+06
2.243630000000000000e+06
1.189960000000000000e+05
2.949800000000000000e+06
3.196918000000000000e+06
3.214351000000000000e+06
2.629463000000000000e+06
2.400218000000000000e+06
5.827400000000000000e+04
2.095927000000000000e+06
1.746810000000000000e+06
4.359605000000000000e+06
1.578584000000000000e+06
1.043014000000000000e+06
4.797300000000000000e+04
8.179790000000000000e+05
6.355230000000000000e+05
2.741320000000000000e+05
1.704420000000000000e+05
1.434760000000000000e+05
1.891200000000000000e+04
1.548380000000000000e+05
2.183990000000000000e+05
1.952123000000000000e+06
4.138150000000000000e+05
1.625770000000000000e+05
2.391500000000000000e+04
2.197590000000000000e+05
1.574380000000000000e+05
1.812960000000000000e+05
2.330030000000000000e+05
1.629060000000000000e+05
3.512000000000000000e+04
1.698770000000000000e+05
1.951110000000000000e+05
1.555918000000000000e+06
4.399960000000000000e+05
1.407380000000000000e+05
2.805300000000000000e+04
1.521390000000000000e+05
1.742610000000000000e+05
