1.381729000000000000e+06
1.104520000000000000e+06
6.677900000000000000e+04
1.021422000000000000e+06
9.957300000000000000e+05
9.431280000000000000e+05
8.246400000000000000e+05
7.812560000000000000e+05
1.986000000000000000e+04
5.973980000000000000e+05
6.133960000000000000e+05
1.584144000000000000e+06
5.233780000000000000e+05
2.923760000000000000e+05
1.731100000000000000e+04
2.152010000000000000e+05
1.475360000000000000e+05
5.929800000000000000e+04
4.918100000000000000e+04
6.377500000000000000e+04
1.250000000000000000e+03
6.302900000000000000e+04
4.176300000000000000e+04
1.180782000000000000e+06
1.866840000000000000e+05
2.995700000000000000e+04
2.113000000000000000e+03
5.943800000000000000e+04
8.394100000000000000e+04
5.118300000000000000e+04
6.435100000000000000e+04
4.657900000000000000e+04
4.303000000000000000e+03
6.500300000000000000e+04
8.719700000000000000e+04
8.549610000000000000e+05
2.160460000000000000e+05
4.282100000000000000e+04
2.010000000000000000e+02
3.819600000000000000e+04
6.526700000000000000e+04
6.440900000000000000e+04
1.254590000000000000e+05
9.940800000000000000e+04
7.158000000000000000e+03
1.134410000000000000e+05
1.225810000000000000e+05
8.732890000000000000e+05
2.359950000000000000e+05
4.592200000000000000e+04
3.938000000000000000e+03
1.155530000000000000e+05
6.535100000000000000e+04
4.738900000000000000e+04
6.239600000000000000e+04
4.010300000000000000e+04
4.280000000000000000e+02
5.785100000000000000e+04
6.312100000000000000e+04
7.903570000000000000e+05
1.965480000000000000e+05
2.940400000000000000e+04
2.190000000000000000e+02
2.803100000000000000e+04
4.401400000000000000e+04
3.495500000000000000e+04
5.566200000000000000e+04
4.627300000000000000e+04
2.177000000000000000e+03
5.900400000000000000e+04
9.139300000000000000e+04
8.697000000000000000e+05
2.150550000000000000e+05
3.483900000000000000e+04
0.000000000000000000e+00
4.598700000000000000e+04
2.281300000000000000e+04
4.196700000000000000e+04
4.717500000000000000e+04
6.137400000000000000e+04
1.559000000000000000e+03
5.427800000000000000e+04
6.954600000000000000e+04
7.594350000000000000e+05
1.971590000000000000e+05
3.194800000000000000e+04
1.920000000000000000e+02
5.927900000000000000e+04
7.035700000000000000e+04
3.189400000000000000e+04
6.174200000000000000e+04
7.713900000000000000e+04
5.640000000000000000e+02
3.613100000000000000e+04
6.555100000000000000e+04
7.918530000000000000e+05
1.762410000000000000e+05
3.557500000000000000e+04
0.000000000000000000e+00
4.362300000000000000e+04
6.905300000000000000e+04
4.430000000000000000e+04
5.230400000000000000e+04
2.741400000000000000e+04
0.000000000000000000e+00
2.823300000000000000e+04
6.130600000000000000e+04
8.470820000000000000e+05
1.810810000000000000e+05
2.295500000000000000e+04
0.000000000000000000e+00
2.834700000000000000e+04
3.410300000000000000e+04
5.486000000000000000e+04
2.203000000000000000e+04
3.502200000000000000e+04
1.680000000000000000e+02
4.604100000000000000e+04
4.477800000000000000e+04
6.880870000000000000e+05
1.862530000000000000e+05
2.594000000000000000e+04
0.000000000000000000e+00
2.320200000000000000e+04
6.202600000000000000e+04
2.580800000000000000e+04
2.924300000000000000e+04
4.643800000000000000e+04
0.000000000000000000e+00
4.316100000000000000e+04
4.262500000000000000e+04
7.731950000000000000e+05
1.857840000000000000e+05
3.301500000000000000e+04
1.970000000000000000e+02
3.363100000000000000e+04
4.982600000000000000e+04
5.338300000000000000e+04
6.420000000000000000e+04
5.342900000000000000e+04
5.221000000000000000e+03
6.920400000000000000e+04
6.802100000000000000e+04
1.707028000000000000e+06
1.564120000000000000e+05
2.296500000000000000e+04
1.960000000000000000e+03
3.343200000000000000e+04
1.989600000000000000e+04
