1.886290000000000000e+05
5.276500000000000000e+04
8.456000000000000000e+03
3.261800000000000000e+04
3.983700000000000000e+04
2.759764000000000000e+06
1.706030000000000000e+05
3.029400000000000000e+04
0.000000000000000000e+00
2.437200000000000000e+04
6.379500000000000000e+04
3.265100000000000000e+05
2.530200000000000000e+04
3.367200000000000000e+04
5.765000000000000000e+03
2.175200000000000000e+04
2.324800000000000000e+04
1.488382000000000000e+06
8.226800000000000000e+04
2.265800000000000000e+04
6.126000000000000000e+03
3.301200000000000000e+04
3.139600000000000000e+04
3.430750000000000000e+05
4.294500000000000000e+04
2.873100000000000000e+04
6.780000000000000000e+02
2.455000000000000000e+04
4.531000000000000000e+04
1.228289000000000000e+06
1.097150000000000000e+05
3.446600000000000000e+04
9.600000000000000000e+02
1.330670000000000000e+05
7.302900000000000000e+04
4.122610000000000000e+05
1.176200000000000000e+05
1.143960000000000000e+05
1.626500000000000000e+04
9.230200000000000000e+04
1.180060000000000000e+05
2.465029000000000000e+06
1.753140000000000000e+05
8.713000000000000000e+04
2.392900000000000000e+04
5.514600000000000000e+04
6.761700000000000000e+05
2.156282000000000000e+06
5.157590000000000000e+05
7.013040000000000000e+05
1.755200000000000000e+04
4.481800000000000000e+04
1.459570000000000000e+05
1.342200000000000000e+06
2.385420000000000000e+05
1.197540000000000000e+05
2.378000000000000000e+03
3.874600000000000000e+04
7.224500000000000000e+04
5.049620000000000000e+05
7.115700000000000000e+04
7.504800000000000000e+04
3.470000000000000000e+02
8.337700000000000000e+04
6.704300000000000000e+04
3.522632000000000000e+06
2.558170000000000000e+05
6.273900000000000000e+04
5.288000000000000000e+03
4.974800000000000000e+04
6.479800000000000000e+04
5.163450000000000000e+05
6.061600000000000000e+04
8.626100000000000000e+04
5.521000000000000000e+03
5.469300000000000000e+04
6.214100000000000000e+04
6.694200000000000000e+05
2.461510000000000000e+05
3.749900000000000000e+04
1.117000000000000000e+03
4.734500000000000000e+04
8.919800000000000000e+04
2.994730000000000000e+05
7.338400000000000000e+04
5.144100000000000000e+04
5.662000000000000000e+03
7.106800000000000000e+04
7.070900000000000000e+04
7.995530000000000000e+05
3.506520000000000000e+05
8.043900000000000000e+04
7.577000000000000000e+03
3.969200000000000000e+04
4.780000000000000000e+04
3.559980000000000000e+05
5.021900000000000000e+04
5.318900000000000000e+04
2.679300000000000000e+04
8.670400000000000000e+04
1.205070000000000000e+05
3.407679000000000000e+06
2.147300000000000000e+05
5.805100000000000000e+04
3.804000000000000000e+03
4.825600000000000000e+04
6.963700000000000000e+04
5.285130000000000000e+05
5.238400000000000000e+04
7.361000000000000000e+04
5.773000000000000000e+03
5.988500000000000000e+04
6.314900000000000000e+04
3.393707000000000000e+06
2.623020000000000000e+05
3.872000000000000000e+04
2.542000000000000000e+03
3.777600000000000000e+04
5.321100000000000000e+04
5.020220000000000000e+05
3.982200000000000000e+04
4.632700000000000000e+04
9.565000000000000000e+03
3.304100000000000000e+04
2.100500000000000000e+04
1.727138000000000000e+06
1.931900000000000000e+05
2.659200000000000000e+04
0.000000000000000000e+00
2.484500000000000000e+04
4.107300000000000000e+04
4.955050000000000000e+05
5.006500000000000000e+04
2.736600000000000000e+04
1.790000000000000000e+02
2.948700000000000000e+04
5.053700000000000000e+04
6.578340000000000000e+05
1.579110000000000000e+05
1.502300000000000000e+04
0.000000000000000000e+00
4.618500000000000000e+04
2.189300000000000000e+04
3.417050000000000000e+05
5.185700000000000000e+04
4.381900000000000000e+04
6.618000000000000000e+03
2.701300000000000000e+04
5.422600000000000000e+04
