3.059310000000000000e+05
3.905700000000000000e+04
8.014000000000000000e+03
2.692700000000000000e+04
5.572500000000000000e+04
2.584700000000000000e+04
5.814800000000000000e+04
1.939190000000000000e+05
1.349000000000000000e+03
1.360650000000000000e+05
3.317900000000000000e+05
3.667460000000000000e+06
3.184460000000000000e+05
3.609980000000000000e+05
5.440100000000000000e+04
5.198380000000000000e+05
5.141020000000000000e+05
6.911480000000000000e+05
7.161330000000000000e+05
3.594250000000000000e+05
0.000000000000000000e+00
5.585000000000000000e+04
5.949700000000000000e+04
2.849067000000000000e+06
1.402250000000000000e+05
8.799000000000000000e+03
4.970000000000000000e+02
3.182100000000000000e+04
3.006400000000000000e+04
1.274900000000000000e+04
4.675000000000000000e+04
1.555200000000000000e+04
5.943000000000000000e+03
6.177700000000000000e+04
2.577900000000000000e+04
1.604857000000000000e+06
1.747330000000000000e+05
9.609000000000000000e+03
2.751000000000000000e+03
6.759190000000000000e+05
1.793274000000000000e+06
3.350556000000000000e+06
4.412105000000000000e+06
5.374031000000000000e+06
2.143430000000000000e+05
5.946101000000000000e+06
6.867747000000000000e+06
8.854511000000000000e+06
8.129750000000000000e+06
8.274647000000000000e+06
1.962270000000000000e+05
8.410192000000000000e+06
8.476206000000000000e+06
8.332876000000000000e+06
7.479988000000000000e+06
7.013123000000000000e+06
1.027920000000000000e+05
6.148889000000000000e+06
5.675922000000000000e+06
6.113900000000000000e+06
4.716359000000000000e+06
4.065996000000000000e+06
1.167320000000000000e+05
3.119827000000000000e+06
2.976571000000000000e+06
2.735631000000000000e+06
2.676196000000000000e+06
2.356525000000000000e+06
2.902700000000000000e+04
2.182847000000000000e+06
2.260773000000000000e+06
3.287805000000000000e+06
2.343878000000000000e+06
2.390258000000000000e+06
4.528000000000000000e+04
1.957383000000000000e+06
2.223979000000000000e+06
1.990065000000000000e+06
1.969128000000000000e+06
2.129417000000000000e+06
1.481690000000000000e+05
1.913943000000000000e+06
1.966368000000000000e+06
2.726159000000000000e+06
1.967340000000000000e+06
1.796977000000000000e+06
3.723400000000000000e+04
1.671068000000000000e+06
2.119451000000000000e+06
1.601712000000000000e+06
1.789377000000000000e+06
1.837046000000000000e+06
6.598700000000000000e+04
1.789196000000000000e+06
1.929166000000000000e+06
2.745739000000000000e+06
1.919466000000000000e+06
1.865476000000000000e+06
5.626600000000000000e+04
1.935138000000000000e+06
1.599960000000000000e+06
1.798946000000000000e+06
1.774404000000000000e+06
1.651098000000000000e+06
5.747100000000000000e+04
1.787707000000000000e+06
1.783165000000000000e+06
2.633804000000000000e+06
1.918681000000000000e+06
1.758613000000000000e+06
1.126770000000000000e+05
1.712363000000000000e+06
1.976846000000000000e+06
1.780881000000000000e+06
1.713787000000000000e+06
1.967834000000000000e+06
3.591200000000000000e+04
1.794742000000000000e+06
1.964460000000000000e+06
2.792070000000000000e+06
2.142565000000000000e+06
2.067310000000000000e+06
5.980000000000000000e+04
1.946896000000000000e+06
2.041905000000000000e+06
2.000070000000000000e+06
2.039831000000000000e+06
2.033151000000000000e+06
9.995500000000000000e+04
1.915891000000000000e+06
1.943358000000000000e+06
2.687877000000000000e+06
2.192090000000000000e+06
1.973682000000000000e+06
7.095800000000000000e+04
1.841588000000000000e+06
1.772278000000000000e+06
1.682824000000000000e+06
1.721214000000000000e+06
1.611841000000000000e+06
2.885400000000000000e+04
1.643283000000000000e+06
1.606920000000000000e+06
2.165331000000000000e+06
1.809495000000000000e+06
1.490388000000000000e+06
2.322200000000000000e+04
1.418199000000000000e+06
1.440918000000000000e+06
