1.518775000000000000e+06
1.111140000000000000e+06
2.409000000000000000e+04
1.466389000000000000e+06
1.205914000000000000e+06
2.189633000000000000e+06
1.224271000000000000e+06
1.072748000000000000e+06
3.263800000000000000e+04
1.125382000000000000e+06
1.113397000000000000e+06
1.213323000000000000e+06
9.552950000000000000e+05
1.065852000000000000e+06
3.321700000000000000e+04
1.278265000000000000e+06
9.215420000000000000e+05
2.196441000000000000e+06
1.288970000000000000e+06
6.067960000000000000e+05
2.521900000000000000e+04
1.068113000000000000e+06
1.190993000000000000e+06
1.053781000000000000e+06
1.294629000000000000e+06
7.569950000000000000e+05
4.368800000000000000e+04
9.439070000000000000e+05
8.408050000000000000e+05
2.228384000000000000e+06
1.132265000000000000e+06
5.342410000000000000e+05
2.236000000000000000e+04
9.796600000000000000e+05
6.456260000000000000e+05
1.138649000000000000e+06
6.449050000000000000e+05
1.110639000000000000e+06
4.967800000000000000e+04
6.876410000000000000e+05
7.407060000000000000e+05
2.270365000000000000e+06
4.793890000000000000e+05
9.601400000000000000e+05
8.016200000000000000e+04
3.964350000000000000e+05
4.835780000000000000e+05
1.015186000000000000e+06
7.400800000000000000e+05
5.270130000000000000e+05
2.062000000000000000e+04
7.562130000000000000e+05
4.609430000000000000e+05
2.273915000000000000e+06
5.354090000000000000e+05
6.420000000000000000e+05
1.911800000000000000e+04
2.720080000000000000e+05
2.526010000000000000e+05
8.490950000000000000e+05
4.747930000000000000e+05
2.940980000000000000e+05
1.392800000000000000e+04
3.879970000000000000e+05
4.232070000000000000e+05
2.022434000000000000e+06
3.017500000000000000e+05
5.982190000000000000e+05
3.201900000000000000e+04
3.194650000000000000e+05
1.968390000000000000e+05
5.068690000000000000e+05
1.134850000000000000e+05
2.268420000000000000e+05
8.942000000000000000e+03
3.676120000000000000e+05
2.991380000000000000e+05
1.687495000000000000e+06
3.046330000000000000e+05
1.502210000000000000e+05
1.266900000000000000e+04
5.592340000000000000e+05
2.932170000000000000e+05
5.181900000000000000e+05
6.906600000000000000e+04
5.454500000000000000e+04
1.436000000000000000e+03
7.482200000000000000e+04
1.672840000000000000e+05
1.657069000000000000e+06
3.200740000000000000e+05
1.596730000000000000e+05
2.498100000000000000e+04
3.038140000000000000e+05
5.558360000000000000e+05
5.651360000000000000e+05
1.017290000000000000e+05
7.387700000000000000e+04
9.370000000000000000e+03
1.097490000000000000e+05
1.877420000000000000e+05
1.572285000000000000e+06
6.008800000000000000e+05
1.579280000000000000e+05
1.594000000000000000e+03
2.136320000000000000e+05
2.801480000000000000e+05
4.940730000000000000e+05
1.378610000000000000e+05
1.219090000000000000e+05
1.727800000000000000e+04
2.275450000000000000e+05
1.123390000000000000e+05
1.682775000000000000e+06
4.585780000000000000e+05
1.181940000000000000e+05
9.790000000000000000e+02
1.229780000000000000e+05
4.403590000000000000e+05
6.821060000000000000e+05
1.675630000000000000e+05
7.298700000000000000e+04
7.740000000000000000e+02
1.063850000000000000e+05
1.441920000000000000e+05
1.554558000000000000e+06
3.512620000000000000e+05
3.556100000000000000e+04
4.310000000000000000e+03
4.669170000000000000e+05
3.836570000000000000e+05
6.249730000000000000e+05
1.122480000000000000e+05
3.302000000000000000e+04
4.669000000000000000e+03
5.215200000000000000e+04
9.541200000000000000e+04
1.791542000000000000e+06
3.156030000000000000e+05
7.124600000000000000e+04
5.900000000000000000e+02
1.099470000000000000e+05
7.325770000000000000e+05
6.379680000000000000e+05
1.112000000000000000e+05
6.250300000000000000e+04
1.485300000000000000e+04
7.753100000000000000e+04
1.371390000000000000e+05
