4.168940000000000000e+05
4.334500000000000000e+04
3.409000000000000000e+03
6.872800000000000000e+04
2.034110000000000000e+05
1.783660000000000000e+05
1.958010000000000000e+05
3.255620000000000000e+05
1.767800000000000000e+04
2.036870000000000000e+05
1.750260000000000000e+05
1.708583000000000000e+06
2.485400000000000000e+05
3.382000000000000000e+04
5.360000000000000000e+03
1.567340000000000000e+05
2.688030000000000000e+05
3.013500000000000000e+05
2.630310000000000000e+05
2.002780000000000000e+05
1.024400000000000000e+04
5.042400000000000000e+04
7.196000000000000000e+04
1.670552000000000000e+06
2.257740000000000000e+05
4.924200000000000000e+04
0.000000000000000000e+00
4.055700000000000000e+04
3.305090000000000000e+05
9.282100000000000000e+04
3.406100000000000000e+05
2.027020000000000000e+05
1.141000000000000000e+04
9.895300000000000000e+04
9.346900000000000000e+04
1.770012000000000000e+06
2.369960000000000000e+05
5.126400000000000000e+04
0.000000000000000000e+00
6.373200000000000000e+04
3.237090000000000000e+05
4.155840000000000000e+05
1.827830000000000000e+05
8.551300000000000000e+04
2.594000000000000000e+03
6.367500000000000000e+04
1.132460000000000000e+05
1.654166000000000000e+06
2.590980000000000000e+05
3.770300000000000000e+04
6.080000000000000000e+02
1.363270000000000000e+05
4.636450000000000000e+05
2.952830000000000000e+05
1.218010000000000000e+05
7.380200000000000000e+04
2.130000000000000000e+02
6.245400000000000000e+04
6.908800000000000000e+04
1.644949000000000000e+06
2.408450000000000000e+05
2.717900000000000000e+04
0.000000000000000000e+00
7.206000000000000000e+04
1.579970000000000000e+05
5.986500000000000000e+04
1.419510000000000000e+05
9.568600000000000000e+04
1.648000000000000000e+03
3.013010000000000000e+05
5.921300000000000000e+04
1.576541000000000000e+06
2.152350000000000000e+05
5.036200000000000000e+04
1.238000000000000000e+03
8.589300000000000000e+04
2.828920000000000000e+05
3.615230000000000000e+05
2.584360000000000000e+05
1.212900000000000000e+05
8.050000000000000000e+03
6.499800000000000000e+04
1.236300000000000000e+05
1.638401000000000000e+06
3.186540000000000000e+05
1.655930000000000000e+05
1.478800000000000000e+04
2.017330000000000000e+05
2.470960000000000000e+05
2.050430000000000000e+05
1.445500000000000000e+05
8.012300000000000000e+04
1.321000000000000000e+03
8.012100000000000000e+04
5.911200000000000000e+04
1.613693000000000000e+06
2.242430000000000000e+05
2.953900000000000000e+04
4.160000000000000000e+02
4.969300000000000000e+04
3.374550000000000000e+05
2.593840000000000000e+05
2.216580000000000000e+05
1.005770000000000000e+05
7.117000000000000000e+03
1.100930000000000000e+05
2.540000000000000000e+04
2.255850000000000000e+06
1.932170000000000000e+05
7.223200000000000000e+04
6.480000000000000000e+02
1.390170000000000000e+05
2.527450000000000000e+05
1.607700000000000000e+05
9.672400000000000000e+04
8.797600000000000000e+04
7.008000000000000000e+03
9.695900000000000000e+04
2.391060000000000000e+05
2.927746000000000000e+06
1.980330000000000000e+05
7.545300000000000000e+04
1.119900000000000000e+04
9.765000000000000000e+04
9.281900000000000000e+04
2.517170000000000000e+05
1.973800000000000000e+05
2.282790000000000000e+05
3.270500000000000000e+04
1.660680000000000000e+05
1.762860000000000000e+05
2.897760000000000000e+06
2.758980000000000000e+05
8.784200000000000000e+04
2.056000000000000000e+03
1.115660000000000000e+05
1.712480000000000000e+05
7.257400000000000000e+04
9.968600000000000000e+04
1.049150000000000000e+05
3.467000000000000000e+03
4.802000000000000000e+04
1.962340000000000000e+05
2.876442000000000000e+06
2.612530000000000000e+05
6.313000000000000000e+04
5.434000000000000000e+03
7.700300000000000000e+04
8.983900000000000000e+04
