2.052700000000000000e+05
7.911400000000000000e+04
8.550000000000000000e+03
1.015700000000000000e+05
3.313220000000000000e+05
1.424426000000000000e+06
3.711150000000000000e+05
4.832300000000000000e+04
1.045000000000000000e+03
2.934500000000000000e+04
2.548100000000000000e+04
6.289290000000000000e+05
5.009790000000000000e+05
5.424730000000000000e+05
7.676000000000000000e+03
5.983170000000000000e+05
5.246650000000000000e+05
3.627020000000000000e+06
6.852360000000000000e+05
5.800020000000000000e+05
5.212300000000000000e+04
6.188090000000000000e+05
6.211230000000000000e+05
1.101676000000000000e+06
7.598130000000000000e+05
1.783141000000000000e+06
3.952200000000000000e+04
1.838726000000000000e+06
2.192301000000000000e+06
3.828267000000000000e+06
3.722440000000000000e+06
4.334188000000000000e+06
1.682530000000000000e+05
4.931788000000000000e+06
5.891894000000000000e+06
6.336029000000000000e+06
7.338402000000000000e+06
7.375270000000000000e+06
1.670200000000000000e+04
7.881238000000000000e+06
8.952251000000000000e+06
1.065002100000000000e+07
1.125386200000000000e+07
1.137303000000000000e+07
4.423300000000000000e+04
1.163145300000000000e+07
1.270499300000000000e+07
7.078910000000000000e+06
5.129510000000000000e+05
1.357250000000000000e+05
0.000000000000000000e+00
3.236800000000000000e+04
3.721700000000000000e+04
6.024120000000000000e+05
3.328000000000000000e+04
0.000000000000000000e+00
0.000000000000000000e+00
0.000000000000000000e+00
2.560000000000000000e+03
4.704000000000000000e+03
9.721600000000000000e+04
1.962240000000000000e+05
2.306800000000000000e+04
1.690490000000000000e+05
1.288680000000000000e+05
3.947390000000000000e+05
9.177700000000000000e+04
3.375040000000000000e+05
0.000000000000000000e+00
2.317540000000000000e+05
1.781960000000000000e+05
3.395460000000000000e+05
3.607190000000000000e+05
2.256360000000000000e+05
6.460000000000000000e+02
1.361920000000000000e+05
1.907950000000000000e+05
5.469120000000000000e+05
3.582520000000000000e+05
2.299310000000000000e+05
8.555000000000000000e+03
2.042580000000000000e+05
2.008880000000000000e+05
2.377410000000000000e+05
2.137360000000000000e+05
2.122840000000000000e+05
3.146000000000000000e+03
2.347130000000000000e+05
2.516950000000000000e+05
4.956820000000000000e+05
3.021940000000000000e+05
2.381960000000000000e+05
4.936000000000000000e+03
2.232250000000000000e+05
2.094170000000000000e+05
2.386830000000000000e+05
1.997490000000000000e+05
1.897790000000000000e+05
1.919000000000000000e+03
1.795050000000000000e+05
1.614560000000000000e+05
4.033280000000000000e+05
2.106930000000000000e+05
1.851830000000000000e+05
9.957000000000000000e+03
1.516190000000000000e+05
1.548690000000000000e+05
1.648360000000000000e+05
1.591160000000000000e+05
1.195620000000000000e+05
4.745000000000000000e+03
1.095890000000000000e+05
1.286990000000000000e+05
2.923640000000000000e+05
1.558620000000000000e+05
9.914800000000000000e+04
0.000000000000000000e+00
1.058320000000000000e+05
9.622100000000000000e+04
1.062430000000000000e+05
7.945400000000000000e+04
9.829200000000000000e+04
6.379000000000000000e+03
9.913400000000000000e+04
7.327800000000000000e+04
1.169555000000000000e+06
7.400100000000000000e+04
7.765300000000000000e+04
1.590000000000000000e+03
6.960400000000000000e+04
7.442000000000000000e+04
1.145530000000000000e+05
6.246400000000000000e+04
4.750400000000000000e+04
0.000000000000000000e+00
7.933200000000000000e+04
1.119870000000000000e+05
2.051953000000000000e+06
6.735400000000000000e+04
4.613500000000000000e+04
1.800000000000000000e+02
5.142800000000000000e+04
5.670100000000000000e+04
9.469400000000000000e+04
4.144600000000000000e+04
2.951600000000000000e+04
0.000000000000000000e+00
4.321300000000000000e+04
4.489100000000000000e+04
