4.957200000000000000e+04
1.467200000000000000e+04
0.000000000000000000e+00
2.288800000000000000e+04
2.858900000000000000e+04
1.748200000000000000e+04
3.401600000000000000e+04
1.465000000000000000e+04
2.218000000000000000e+03
2.466300000000000000e+04
3.029900000000000000e+04
4.308340000000000000e+05
1.671020000000000000e+06
8.293000000000000000e+03
0.000000000000000000e+00
6.962000000000000000e+03
1.175200000000000000e+04
1.133000000000000000e+03
3.001000000000000000e+03
1.416700000000000000e+04
0.000000000000000000e+00
1.673500000000000000e+04
1.037100000000000000e+04
1.821715000000000000e+06
1.667207000000000000e+06
5.257000000000000000e+03
0.000000000000000000e+00
1.310200000000000000e+04
0.000000000000000000e+00
2.174000000000000000e+03
1.196300000000000000e+04
5.299000000000000000e+03
8.192000000000000000e+03
2.048000000000000000e+03
2.150800000000000000e+04
1.846407000000000000e+06
9.381300000000000000e+04
1.024500000000000000e+04
0.000000000000000000e+00
7.788000000000000000e+03
6.316000000000000000e+03
5.976000000000000000e+03
8.420000000000000000e+03
1.925200000000000000e+04
0.000000000000000000e+00
7.454000000000000000e+03
1.966100000000000000e+04
1.768504000000000000e+06
9.614300000000000000e+04
6.251100000000000000e+04
2.190000000000000000e+02
8.939000000000000000e+03
2.186000000000000000e+03
6.617000000000000000e+03
1.133500000000000000e+04
1.860200000000000000e+04
2.314000000000000000e+03
2.272100000000000000e+04
3.024800000000000000e+04
1.714398000000000000e+06
3.794500000000000000e+04
1.667900000000000000e+04
0.000000000000000000e+00
2.257100000000000000e+04
2.739600000000000000e+04
2.455900000000000000e+04
2.665400000000000000e+04
1.655500000000000000e+04
0.000000000000000000e+00
2.822600000000000000e+04
1.241320000000000000e+05
1.744237000000000000e+06
1.180280000000000000e+05
8.370400000000000000e+04
0.000000000000000000e+00
1.164900000000000000e+04
1.207300000000000000e+04
1.784000000000000000e+04
2.009900000000000000e+04
3.146500000000000000e+04
5.824000000000000000e+03
6.191800000000000000e+04
2.888300000000000000e+04
1.766276000000000000e+06
1.661694000000000000e+06
1.359500000000000000e+04
0.000000000000000000e+00
1.703500000000000000e+04
1.523400000000000000e+04
1.194800000000000000e+04
1.994700000000000000e+04
2.140700000000000000e+04
5.635000000000000000e+03
2.194200000000000000e+04
3.422100000000000000e+04
3.314206000000000000e+06
1.117920000000000000e+05
8.856100000000000000e+04
0.000000000000000000e+00
1.559200000000000000e+04
2.104300000000000000e+04
2.612000000000000000e+04
8.815000000000000000e+03
2.008500000000000000e+04
1.251600000000000000e+04
2.324400000000000000e+04
3.809000000000000000e+04
1.785682000000000000e+06
1.682398000000000000e+06
3.303900000000000000e+04
5.854000000000000000e+03
1.687200000000000000e+04
1.592600000000000000e+04
1.894600000000000000e+04
2.097900000000000000e+04
1.817700000000000000e+04
1.614000000000000000e+03
2.751700000000000000e+04
1.634800000000000000e+04
3.307448000000000000e+06
3.002117000000000000e+06
5.170000000000000000e+04
0.000000000000000000e+00
1.350600000000000000e+04
1.926600000000000000e+04
1.353600000000000000e+04
1.841100000000000000e+04
2.353200000000000000e+04
0.000000000000000000e+00
1.569000000000000000e+04
1.671700000000000000e+04
3.215805000000000000e+06
1.270550000000000000e+05
8.224700000000000000e+04
2.508000000000000000e+03
2.147100000000000000e+04
1.648000000000000000e+04
9.349000000000000000e+03
1.897400000000000000e+04
1.667000000000000000e+04
1.920000000000000000e+03
2.751400000000000000e+04
2.206000000000000000e+04
1.805505000000000000e+06
1.673618000000000000e+06
1.739800000000000000e+04
2.250000000000000000e+02
1.786400000000000000e+04
3.877200000000000000e+04
