0.000000000000000000e+00
4.822177000000000000e+06
1.335355700000000000e+07
1.241147200000000000e+07
9.422540000000000000e+06
7.047759000000000000e+06
8.452720000000000000e+06
1.059840900000000000e+07
1.270730000000000000e+05
8.334100000000000000e+06
6.116678000000000000e+06
6.443987000000000000e+06
1.056953500000000000e+07
1.015946000000000000e+07
2.365650000000000000e+05
9.000819000000000000e+06
7.891748000000000000e+06
8.866641000000000000e+06
1.112489000000000000e+07
1.074097600000000000e+07
2.859730000000000000e+05
9.828292000000000000e+06
8.240708000000000000e+06
7.809673000000000000e+06
1.058506800000000000e+07
1.022545500000000000e+07
3.617700000000000000e+05
9.388415000000000000e+06
7.980912000000000000e+06
9.024549000000000000e+06
1.020395300000000000e+07
1.025179600000000000e+07
3.391370000000000000e+05
9.858717000000000000e+06
9.430677000000000000e+06
9.336656000000000000e+06
1.271223100000000000e+07
8.581834000000000000e+06
2.169020000000000000e+05
8.083748000000000000e+06
7.646428000000000000e+06
9.273754000000000000e+06
9.240594000000000000e+06
7.378241000000000000e+06
3.694130000000000000e+05
6.867942000000000000e+06
6.895892000000000000e+06
7.360754000000000000e+06
9.348219000000000000e+06
9.881243000000000000e+06
3.692570000000000000e+05
8.971217000000000000e+06
8.514845000000000000e+06
9.753596000000000000e+06
1.103599600000000000e+07
1.086669200000000000e+07
3.738850000000000000e+05
7.647292000000000000e+06
8.833022000000000000e+06
7.818227000000000000e+06
1.128005800000000000e+07
1.007905000000000000e+07
3.953460000000000000e+05
7.734327000000000000e+06
7.974282000000000000e+06
9.918392000000000000e+06
1.292052600000000000e+07
1.162567800000000000e+07
4.270960000000000000e+05
1.267934300000000000e+07
1.466403000000000000e+07
1.566169500000000000e+07
2.393679600000000000e+07
2.165265100000000000e+07
7.371590000000000000e+05
2.691751800000000000e+07
2.983630100000000000e+07
3.348570800000000000e+07
4.096168100000000000e+07
3.828409700000000000e+07
4.964290000000000000e+05
4.342201200000000000e+07
4.803618300000000000e+07
4.239075400000000000e+07
5.233067500000000000e+07
4.660505600000000000e+07
3.605720000000000000e+05
6.036876400000000000e+07
5.337073600000000000e+07
3.452286700000000000e+07
1.683416000000000000e+06
9.631400000000000000e+04
1.181900000000000000e+04
1.740000000000000000e+02
2.147000000000000000e+03
1.510000000000000000e+02
0.000000000000000000e+00
0.000000000000000000e+00
0.000000000000000000e+00
2.207000000000000000e+03
0.000000000000000000e+00
5.904450000000000000e+05
8.342000000000000000e+03
0.000000000000000000e+00
0.000000000000000000e+00
8.624220000000000000e+05
4.372480000000000000e+06
3.644289000000000000e+06
3.684316000000000000e+06
2.824832000000000000e+06
4.337600000000000000e+04
1.179500000000000000e+06
3.334270000000000000e+05
1.540979000000000000e+06
2.127201000000000000e+06
2.478525000000000000e+06
2.304230000000000000e+05
2.240913000000000000e+06
2.046907000000000000e+06
7.582390000000000000e+05
5.786690000000000000e+05
4.340860000000000000e+05
3.264700000000000000e+04
2.579230000000000000e+05
1.955880000000000000e+05
1.954166000000000000e+06
1.363310000000000000e+05
5.853000000000000000e+04
1.162000000000000000e+04
5.197200000000000000e+04
3.553700000000000000e+04
5.492800000000000000e+04
7.208500000000000000e+04
1.951820000000000000e+05
7.575000000000000000e+03
2.348320000000000000e+05
4.026600000000000000e+05
1.087206000000000000e+06
9.502610000000000000e+05
5.708080000000000000e+05
1.670400000000000000e+04
1.336659000000000000e+06
5.621110000000000000e+05
1.096760000000000000e+05
2.931900000000000000e+04
5.771700000000000000e+04
1.420000000000000000e+02
6.632200000000000000e+04
6.943100000000000000e+04
