2.392400000000000000e+04
1.383000000000000000e+03
0.000000000000000000e+00
0.000000000000000000e+00
0.000000000000000000e+00
2.996280000000000000e+05
2.301120000000000000e+05
4.615000000000000000e+03
0.000000000000000000e+00
0.000000000000000000e+00
0.000000000000000000e+00
1.333070000000000000e+05
1.706000000000000000e+03
0.000000000000000000e+00
0.000000000000000000e+00
0.000000000000000000e+00
0.000000000000000000e+00
2.531310000000000000e+05
2.332820000000000000e+05
4.332000000000000000e+03
0.000000000000000000e+00
0.000000000000000000e+00
0.000000000000000000e+00
6.088800000000000000e+04
1.724000000000000000e+03
0.000000000000000000e+00
0.000000000000000000e+00
2.496000000000000000e+03
0.000000000000000000e+00
5.845090000000000000e+05
2.488740000000000000e+05
1.393890000000000000e+05
8.272000000000000000e+03
3.858000000000000000e+04
7.461100000000000000e+04
1.868020000000000000e+05
2.867800000000000000e+04
8.198100000000000000e+04
1.320000000000000000e+03
6.574300000000000000e+04
5.841800000000000000e+04
4.962030000000000000e+05
3.222390000000000000e+05
5.702400000000000000e+04
0.000000000000000000e+00
5.350700000000000000e+04
6.718900000000000000e+04
1.683730000000000000e+05
2.473000000000000000e+04
7.725300000000000000e+04
1.617000000000000000e+03
6.981200000000000000e+04
9.120280000000000000e+05
1.756555000000000000e+06
2.290456000000000000e+06
3.913506000000000000e+06
2.480900000000000000e+04
2.549770000000000000e+06
1.338051000000000000e+06
6.552970000000000000e+05
1.729790000000000000e+05
9.966500000000000000e+04
0.000000000000000000e+00
7.956200000000000000e+04
7.354700000000000000e+04
1.715408000000000000e+06
3.179630000000000000e+05
1.388760000000000000e+05
2.680000000000000000e+03
2.174610000000000000e+05
2.162350000000000000e+05
4.806880000000000000e+05
2.755350000000000000e+05
2.776100000000000000e+05
1.743000000000000000e+04
8.272300000000000000e+04
2.341970000000000000e+05
7.728900000000000000e+05
1.075632000000000000e+06
5.553010000000000000e+05
8.384000000000000000e+03
4.258127000000000000e+06
2.117120000000000000e+06
3.132270000000000000e+05
8.069550000000000000e+06
7.965568000000000000e+06
8.137300000000000000e+04
6.517709000000000000e+06
4.628879000000000000e+06
5.168228000000000000e+06
6.775230000000000000e+05
1.136670000000000000e+05
4.642000000000000000e+03
1.352700000000000000e+04
1.091300000000000000e+04
5.411340000000000000e+05
3.499000000000000000e+03
4.660000000000000000e+02
0.000000000000000000e+00
6.590200000000000000e+04
9.510700000000000000e+04
2.963632000000000000e+06
2.269692000000000000e+06
2.195253000000000000e+06
1.464960000000000000e+05
7.566740000000000000e+05
2.408295000000000000e+06
2.354065000000000000e+06
4.368363000000000000e+06
1.450176000000000000e+06
1.305500000000000000e+05
7.833962000000000000e+06
5.182929000000000000e+06
7.390882000000000000e+06
4.701205000000000000e+06
3.665876000000000000e+06
9.181900000000000000e+04
1.555014000000000000e+06
9.510800000000000000e+04
2.529709000000000000e+06
4.704721000000000000e+06
9.126033000000000000e+06
1.875720000000000000e+05
3.015599000000000000e+06
1.121766400000000000e+07
1.016645300000000000e+07
1.627147000000000000e+06
9.993321000000000000e+06
1.223980000000000000e+05
6.842715000000000000e+06
5.782125000000000000e+06
3.975063000000000000e+06
7.179333000000000000e+06
4.514966000000000000e+06
2.034740000000000000e+05
1.037923000000000000e+06
3.637750000000000000e+06
3.645618000000000000e+06
6.780480000000000000e+05
2.169501000000000000e+06
1.301430000000000000e+05
2.465852000000000000e+06
1.429800000000000000e+05
1.613881000000000000e+06
3.778740000000000000e+06
5.352710000000000000e+05
3.930700000000000000e+04
1.568765000000000000e+06
3.032810000000000000e+05
