1.971430000000000000e+05
8.704000000000000000e+04
2.231000000000000000e+03
2.871000000000000000e+04
2.162170000000000000e+05
1.617562000000000000e+06
3.405800000000000000e+05
5.623200000000000000e+04
4.428000000000000000e+03
2.138000000000000000e+03
1.741000000000000000e+03
5.128130000000000000e+05
1.382000000000000000e+04
3.031900000000000000e+04
1.554000000000000000e+03
4.743400000000000000e+04
9.637600000000000000e+04
1.475390000000000000e+06
3.524050000000000000e+05
9.687500000000000000e+04
0.000000000000000000e+00
1.586900000000000000e+04
7.309700000000000000e+04
3.757650000000000000e+05
2.022700000000000000e+04
1.281000000000000000e+03
9.720000000000000000e+02
3.465900000000000000e+04
4.741500000000000000e+04
1.484060000000000000e+06
4.179160000000000000e+05
2.689000000000000000e+04
2.020000000000000000e+02
5.231800000000000000e+04
7.355400000000000000e+04
3.533110000000000000e+05
1.243350000000000000e+05
8.411000000000000000e+03
2.370000000000000000e+02
1.143610000000000000e+05
1.300460000000000000e+05
1.565359000000000000e+06
4.571560000000000000e+05
3.475700000000000000e+04
0.000000000000000000e+00
1.775800000000000000e+04
4.052200000000000000e+04
3.779460000000000000e+05
1.257760000000000000e+05
1.483300000000000000e+04
0.000000000000000000e+00
5.466300000000000000e+04
1.164260000000000000e+05
2.746193000000000000e+06
5.231590000000000000e+05
9.671000000000000000e+03
2.200000000000000000e+02
2.007600000000000000e+04
7.956300000000000000e+04
3.734410000000000000e+05
2.421900000000000000e+04
1.050200000000000000e+04
0.000000000000000000e+00
4.574500000000000000e+04
7.079000000000000000e+04
1.655180000000000000e+06
2.782480000000000000e+05
2.457300000000000000e+04
0.000000000000000000e+00
5.515300000000000000e+04
7.189000000000000000e+03
3.355630000000000000e+05
8.161900000000000000e+04
1.003800000000000000e+04
2.240000000000000000e+02
7.824731000000000000e+06
9.599298000000000000e+06
3.115678000000000000e+06
5.727237000000000000e+06
1.580610000000000000e+05
1.140200000000000000e+04
2.383700000000000000e+04
1.539800000000000000e+04
5.482690000000000000e+05
1.248260000000000000e+05
1.367797000000000000e+06
6.166300000000000000e+04
4.104000000000000000e+04
1.331292000000000000e+06
3.684388000000000000e+06
4.465290000000000000e+05
1.154820000000000000e+06
4.650700000000000000e+04
6.420000000000000000e+03
1.930100000000000000e+05
6.722270000000000000e+05
1.925030000000000000e+05
2.447100000000000000e+04
0.000000000000000000e+00
1.322500000000000000e+04
9.025400000000000000e+04
2.256721000000000000e+06
3.585980000000000000e+05
7.392100000000000000e+04
3.724000000000000000e+03
5.151800000000000000e+04
1.064300000000000000e+05
4.782910000000000000e+05
2.470800000000000000e+04
1.436780000000000000e+05
6.844000000000000000e+03
9.776200000000000000e+04
1.593860000000000000e+05
1.890730000000000000e+06
4.261270000000000000e+05
2.172200000000000000e+04
0.000000000000000000e+00
2.042000000000000000e+03
0.000000000000000000e+00
4.117890000000000000e+05
6.735000000000000000e+03
7.898000000000000000e+03
0.000000000000000000e+00
8.293500000000000000e+04
7.124000000000000000e+03
1.214411000000000000e+06
3.476140000000000000e+05
4.710000000000000000e+03
0.000000000000000000e+00
8.701000000000000000e+03
5.765500000000000000e+04
2.875010000000000000e+05
5.888000000000000000e+03
0.000000000000000000e+00
0.000000000000000000e+00
0.000000000000000000e+00
0.000000000000000000e+00
1.427981000000000000e+06
2.521104000000000000e+06
1.288740000000000000e+05
4.021000000000000000e+03
5.079000000000000000e+03
7.189000000000000000e+03
4.411850000000000000e+05
4.591000000000000000e+03
2.461500000000000000e+04
2.386000000000000000e+03
2.107570000000000000e+05
1.309530000000000000e+05
