4.235480000000000000e+05
1.214500000000000000e+04
2.280000000000000000e+02
3.508400000000000000e+04
1.002740000000000000e+05
1.413100000000000000e+04
1.425400000000000000e+04
1.018050000000000000e+05
2.646000000000000000e+03
1.709900000000000000e+04
7.478600000000000000e+04
1.598441000000000000e+06
3.458520000000000000e+05
1.354100000000000000e+05
0.000000000000000000e+00
1.022400000000000000e+04
7.016400000000000000e+04
5.033100000000000000e+04
3.628000000000000000e+03
1.183460000000000000e+06
1.191930000000000000e+05
6.286210000000000000e+06
1.241700000000000000e+05
3.819549000000000000e+06
4.498310000000000000e+05
5.965200000000000000e+04
5.124000000000000000e+03
5.860000000000000000e+03
4.568000000000000000e+04
5.221600000000000000e+04
1.560480000000000000e+05
8.183217000000000000e+06
1.205090000000000000e+05
6.234796000000000000e+06
1.015095900000000000e+07
3.001674000000000000e+06
8.619477000000000000e+06
5.739090000000000000e+05
1.027940000000000000e+05
3.119500000000000000e+04
2.007108000000000000e+06
1.796165000000000000e+06
2.861930000000000000e+05
5.707300000000000000e+04
1.026100000000000000e+04
4.654200000000000000e+04
9.241600000000000000e+04
2.785265000000000000e+06
2.854840000000000000e+05
2.835700000000000000e+04
4.712000000000000000e+03
9.214700000000000000e+04
7.025400000000000000e+04
4.683600000000000000e+04
2.308000000000000000e+03
1.956200000000000000e+04
2.520000000000000000e+02
6.980900000000000000e+04
7.360900000000000000e+04
1.333781000000000000e+06
3.022570000000000000e+05
1.011900000000000000e+04
0.000000000000000000e+00
5.830300000000000000e+04
5.145000000000000000e+03
6.212100000000000000e+04
2.621400000000000000e+04
1.749100000000000000e+04
0.000000000000000000e+00
7.451500000000000000e+04
8.093100000000000000e+04
1.441907000000000000e+06
3.362490000000000000e+05
3.392300000000000000e+04
0.000000000000000000e+00
7.121890000000000000e+05
1.249457000000000000e+06
8.687100000000000000e+04
2.038500000000000000e+04
9.584400000000000000e+04
1.930000000000000000e+02
1.563200000000000000e+04
4.183900000000000000e+04
1.318664000000000000e+06
2.673200000000000000e+05
3.566200000000000000e+04
2.630000000000000000e+03
2.172280000000000000e+05
3.058200000000000000e+04
5.933200000000000000e+04
4.539500000000000000e+04
3.027500000000000000e+04
0.000000000000000000e+00
1.526020000000000000e+05
1.965100000000000000e+04
1.395392000000000000e+06
3.368510000000000000e+05
1.892200000000000000e+04
0.000000000000000000e+00
1.914000000000000000e+03
4.394400000000000000e+04
6.393300000000000000e+04
1.979900000000000000e+04
7.987300000000000000e+04
3.203000000000000000e+03
4.912200000000000000e+04
1.186550000000000000e+05
1.308429000000000000e+06
3.422010000000000000e+05
1.426700000000000000e+04
2.190000000000000000e+02
2.329000000000000000e+03
0.000000000000000000e+00
4.788100000000000000e+04
4.193100000000000000e+04
1.178750000000000000e+05
0.000000000000000000e+00
1.584200000000000000e+04
6.331800000000000000e+04
1.185182000000000000e+06
2.720790000000000000e+05
1.106500000000000000e+04
0.000000000000000000e+00
7.290600000000000000e+04
3.854800000000000000e+04
6.680000000000000000e+03
1.002230000000000000e+05
5.192100000000000000e+04
3.667000000000000000e+03
3.060900000000000000e+04
1.533040000000000000e+05
1.362297000000000000e+06
2.806770000000000000e+05
7.389000000000000000e+03
7.740000000000000000e+02
7.992500000000000000e+04
1.308700000000000000e+04
5.027118000000000000e+06
2.525685000000000000e+06
9.064600000000000000e+05
9.660200000000000000e+04
8.099805000000000000e+06
1.632130000000000000e+05
2.732870000000000000e+06
3.923290000000000000e+05
2.485000000000000000e+03
0.000000000000000000e+00
1.282700000000000000e+04
7.215600000000000000e+04
