2.996600000000000000e+05
2.169400000000000000e+04
3.540000000000000000e+02
3.261200000000000000e+04
6.906900000000000000e+04
1.282593000000000000e+06
4.007380000000000000e+05
2.525500000000000000e+04
4.610000000000000000e+03
1.088700000000000000e+04
3.356500000000000000e+04
4.302600000000000000e+05
7.714700000000000000e+04
3.077600000000000000e+04
3.708000000000000000e+03
4.872230000000000000e+05
1.069306000000000000e+06
1.715770000000000000e+06
5.423550000000000000e+05
4.519200000000000000e+04
7.310000000000000000e+02
3.278000000000000000e+03
7.113000000000000000e+03
4.461840000000000000e+05
2.897400000000000000e+04
2.504400000000000000e+04
2.250000000000000000e+02
9.152900000000000000e+04
4.806700000000000000e+04
1.326251000000000000e+06
3.336760000000000000e+05
3.818400000000000000e+04
0.000000000000000000e+00
1.241400000000000000e+04
0.000000000000000000e+00
3.021900000000000000e+05
5.374100000000000000e+04
2.596100000000000000e+04
0.000000000000000000e+00
1.457300000000000000e+04
6.167000000000000000e+04
1.010719000000000000e+06
1.915013000000000000e+06
4.759730000000000000e+05
1.190200000000000000e+04
7.435000000000000000e+03
4.691000000000000000e+03
3.331190000000000000e+05
7.382400000000000000e+04
1.474270000000000000e+05
2.665000000000000000e+03
1.453514000000000000e+06
1.120900000000000000e+05
1.535231000000000000e+06
3.796820000000000000e+05
1.419500000000000000e+04
0.000000000000000000e+00
1.512600000000000000e+04
8.456600000000000000e+04
3.519890000000000000e+05
1.817100000000000000e+04
7.451700000000000000e+04
8.916000000000000000e+03
2.258300000000000000e+04
7.280800000000000000e+04
1.470838000000000000e+06
3.434010000000000000e+05
2.064290000000000000e+05
1.142500000000000000e+04
1.530000000000000000e+04
9.758000000000000000e+03
3.891580000000000000e+05
5.670100000000000000e+04
9.481000000000000000e+03
0.000000000000000000e+00
1.272620000000000000e+05
2.253400000000000000e+04
1.300306000000000000e+06
3.918670000000000000e+05
1.352800000000000000e+04
0.000000000000000000e+00
5.132500000000000000e+04
6.560900000000000000e+04
3.563090000000000000e+05
1.764600000000000000e+04
1.052300000000000000e+04
0.000000000000000000e+00
1.432900000000000000e+04
1.102580000000000000e+05
1.357418000000000000e+06
3.636960000000000000e+05
2.301100000000000000e+04
0.000000000000000000e+00
8.233000000000000000e+03
7.488300000000000000e+04
3.469330000000000000e+05
6.830900000000000000e+04
2.577100000000000000e+04
0.000000000000000000e+00
1.448840000000000000e+05
8.571500000000000000e+04
1.310353000000000000e+06
3.557210000000000000e+05
3.248200000000000000e+04
2.729000000000000000e+03
7.024600000000000000e+04
1.484500000000000000e+04
3.229950000000000000e+05
6.058300000000000000e+04
4.705200000000000000e+04
1.301000000000000000e+03
1.615800000000000000e+04
2.340400000000000000e+04
1.089826000000000000e+06
3.449950000000000000e+05
7.471310000000000000e+05
3.657000000000000000e+04
5.066100000000000000e+04
6.724800000000000000e+05
1.294272000000000000e+06
3.351900000000000000e+04
1.141500000000000000e+04
0.000000000000000000e+00
1.167970000000000000e+05
4.611800000000000000e+04
1.558821000000000000e+06
3.988710000000000000e+05
4.938700000000000000e+04
2.220000000000000000e+02
2.378000000000000000e+03
2.738200000000000000e+04
4.127770000000000000e+05
1.204900000000000000e+04
7.533700000000000000e+04
0.000000000000000000e+00
4.428700000000000000e+04
6.676300000000000000e+04
2.578045000000000000e+06
1.314955000000000000e+06
1.944710000000000000e+06
1.397310000000000000e+05
1.892550000000000000e+05
5.790100000000000000e+04
8.165130000000000000e+05
5.901310000000000000e+05
2.966510000000000000e+05
2.198200000000000000e+04
4.530700000000000000e+04
2.994600000000000000e+04
