5.153450000000000000e+05
4.854200000000000000e+04
2.195000000000000000e+03
4.341300000000000000e+04
7.380000000000000000e+03
6.855700000000000000e+04
3.674000000000000000e+04
6.440100000000000000e+04
8.830000000000000000e+02
1.085200000000000000e+04
4.543500000000000000e+04
1.417480000000000000e+06
4.071860000000000000e+05
5.834000000000000000e+03
0.000000000000000000e+00
3.757600000000000000e+04
2.209100000000000000e+04
5.634600000000000000e+04
1.310100000000000000e+04
7.418100000000000000e+04
3.296000000000000000e+03
7.931500000000000000e+04
4.014600000000000000e+04
1.298031000000000000e+06
3.599460000000000000e+05
0.000000000000000000e+00
0.000000000000000000e+00
5.890600000000000000e+04
5.454600000000000000e+04
1.663100000000000000e+04
5.969200000000000000e+04
6.818000000000000000e+03
0.000000000000000000e+00
7.918200000000000000e+04
5.443200000000000000e+04
1.340614000000000000e+06
4.372350000000000000e+05
2.835500000000000000e+04
2.603000000000000000e+03
0.000000000000000000e+00
6.393200000000000000e+04
1.888700000000000000e+04
1.106400000000000000e+04
5.155000000000000000e+04
0.000000000000000000e+00
7.207400000000000000e+04
4.661105000000000000e+06
3.130723000000000000e+06
3.201290000000000000e+05
1.204268000000000000e+06
6.790200000000000000e+04
9.420350000000000000e+05
4.293900000000000000e+04
2.041900000000000000e+04
1.069690000000000000e+05
1.169200000000000000e+04
3.840000000000000000e+02
5.374900000000000000e+04
6.554500000000000000e+04
1.582525000000000000e+06
3.724600000000000000e+05
8.599000000000000000e+03
0.000000000000000000e+00
1.173510000000000000e+05
1.340180000000000000e+05
3.782100000000000000e+04
1.168020000000000000e+05
1.411800000000000000e+04
0.000000000000000000e+00
1.473200000000000000e+04
1.827970000000000000e+05
1.729539000000000000e+06
5.003160000000000000e+05
4.444820000000000000e+05
3.151600000000000000e+04
1.220100000000000000e+04
8.512200000000000000e+04
3.285700000000000000e+04
2.988700000000000000e+04
1.016900000000000000e+05
2.230000000000000000e+03
1.666500000000000000e+04
1.221000000000000000e+04
2.021880000000000000e+06
2.011256000000000000e+06
9.654700000000000000e+04
8.536000000000000000e+03
6.780600000000000000e+04
5.701700000000000000e+04
1.356700000000000000e+04
4.501700000000000000e+04
7.749100000000000000e+04
2.128000000000000000e+03
8.265000000000000000e+03
9.413500000000000000e+04
1.709700000000000000e+06
4.130650000000000000e+05
2.296900000000000000e+04
0.000000000000000000e+00
1.848000000000000000e+03
1.617200000000000000e+04
6.071800000000000000e+04
5.825700000000000000e+04
1.735620000000000000e+05
0.000000000000000000e+00
1.922200000000000000e+04
1.012870000000000000e+05
1.627012000000000000e+06
3.462260000000000000e+05
9.253700000000000000e+04
1.059900000000000000e+04
2.113200000000000000e+04
6.846300000000000000e+04
4.523800000000000000e+04
3.431500000000000000e+04
5.954500000000000000e+04
1.860000000000000000e+02
6.213000000000000000e+03
1.820430000000000000e+05
1.463116000000000000e+06
3.364330000000000000e+05
2.656600000000000000e+04
0.000000000000000000e+00
2.536600000000000000e+04
1.311100000000000000e+04
8.840600000000000000e+04
1.956200000000000000e+04
1.771990000000000000e+05
2.738100000000000000e+04
2.295270000000000000e+05
4.085300000000000000e+04
1.360667000000000000e+06
3.596190000000000000e+05
2.233500000000000000e+04
0.000000000000000000e+00
1.874900000000000000e+04
6.388000000000000000e+04
2.337000000000000000e+03
5.042600000000000000e+04
1.113000000000000000e+04
0.000000000000000000e+00
3.356400000000000000e+04
3.974400000000000000e+04
1.546596000000000000e+06
3.695280000000000000e+05
2.946800000000000000e+04
0.000000000000000000e+00
8.071100000000000000e+04
4.415700000000000000e+04
