3.131600000000000000e+05
2.627600000000000000e+04
1.501000000000000000e+03
6.731700000000000000e+04
8.777700000000000000e+04
1.302381000000000000e+06
3.820670000000000000e+05
7.082700000000000000e+04
0.000000000000000000e+00
3.964000000000000000e+03
4.790100000000000000e+04
4.872810000000000000e+05
2.849400000000000000e+04
5.014300000000000000e+04
2.750000000000000000e+02
1.848400000000000000e+04
1.032950000000000000e+05
1.129367000000000000e+06
3.760250000000000000e+05
4.250000000000000000e+04
1.037000000000000000e+04
8.798000000000000000e+04
2.134100000000000000e+04
6.815190000000000000e+05
3.806300000000000000e+04
3.414700000000000000e+04
6.314000000000000000e+03
7.838300000000000000e+04
1.764800000000000000e+04
1.451331300000000000e+07
7.379160000000000000e+05
3.129100000000000000e+04
1.352000000000000000e+03
2.575337000000000000e+06
1.540536000000000000e+06
9.188770000000000000e+05
7.129400000000000000e+04
6.799700000000000000e+04
5.890000000000000000e+02
8.592400000000000000e+04
7.541200000000000000e+04
3.296478000000000000e+06
4.445280000000000000e+05
1.917200000000000000e+04
0.000000000000000000e+00
2.928800000000000000e+04
5.289200000000000000e+04
6.193570000000000000e+05
2.546500000000000000e+04
1.759300000000000000e+05
6.672000000000000000e+03
9.511000000000000000e+03
1.088720000000000000e+05
1.474277000000000000e+06
6.312130000000000000e+05
7.225950000000000000e+05
4.263800000000000000e+04
8.193000000000000000e+03
1.053500000000000000e+06
7.343630000000000000e+05
3.346900000000000000e+04
3.602900000000000000e+04
3.837000000000000000e+03
5.640700000000000000e+04
1.738900000000000000e+04
3.759025000000000000e+06
4.317200000000000000e+05
1.867600000000000000e+04
3.039000000000000000e+03
4.303600000000000000e+04
7.837700000000000000e+04
5.425180000000000000e+05
4.590300000000000000e+04
2.618600000000000000e+04
0.000000000000000000e+00
5.607800000000000000e+04
1.041820000000000000e+05
1.774915000000000000e+06
3.845420000000000000e+05
9.481700000000000000e+04
1.197500000000000000e+04
1.073900000000000000e+04
1.229840000000000000e+05
4.721570000000000000e+05
4.893300000000000000e+04
1.891660000000000000e+05
5.456000000000000000e+03
3.183600000000000000e+04
1.643200000000000000e+04
1.496248000000000000e+06
3.703560000000000000e+05
9.270000000000000000e+03
0.000000000000000000e+00
2.534000000000000000e+04
5.547800000000000000e+04
3.702820000000000000e+05
8.525600000000000000e+04
1.815200000000000000e+04
0.000000000000000000e+00
0.000000000000000000e+00
5.680000000000000000e+03
1.405899000000000000e+06
3.692150000000000000e+05
6.251700000000000000e+04
1.910000000000000000e+02
1.863100000000000000e+04
6.566000000000000000e+04
3.561890000000000000e+05
2.134600000000000000e+04
2.332100000000000000e+04
0.000000000000000000e+00
1.082610000000000000e+05
6.388600000000000000e+04
1.871372000000000000e+06
3.802200000000000000e+05
4.035100000000000000e+04
5.243000000000000000e+03
1.676320000000000000e+05
3.214900000000000000e+04
4.621100000000000000e+05
3.642900000000000000e+04
6.825000000000000000e+03
2.170000000000000000e+02
5.132200000000000000e+04
7.097300000000000000e+04
1.453156000000000000e+06
5.154190000000000000e+05
3.746200000000000000e+04
0.000000000000000000e+00
4.770300000000000000e+04
5.604700000000000000e+04
4.436860000000000000e+05
4.754800000000000000e+04
6.159000000000000000e+03
2.010000000000000000e+02
6.652500000000000000e+04
6.926100000000000000e+04
1.795826000000000000e+06
4.229050000000000000e+05
3.905190000000000000e+05
9.230000000000000000e+03
7.244000000000000000e+03
5.098600000000000000e+04
4.626810000000000000e+05
7.616596000000000000e+06
1.771780000000000000e+05
1.477860000000000000e+05
2.483800000000000000e+04
7.967901000000000000e+06
