1.231540000000000000e+05
1.428614000000000000e+06
3.360800000000000000e+04
5.505000000000000000e+03
3.283700000000000000e+04
1.720875000000000000e+06
4.304150000000000000e+05
2.547100000000000000e+04
3.964000000000000000e+03
4.184000000000000000e+03
4.816200000000000000e+04
4.746100000000000000e+05
7.046000000000000000e+03
1.069800000000000000e+05
2.349000000000000000e+03
1.015600000000000000e+04
4.308200000000000000e+04
1.216293000000000000e+06
3.402430000000000000e+05
3.646100000000000000e+04
2.220000000000000000e+02
7.940000000000000000e+03
1.725567000000000000e+06
1.768848000000000000e+06
1.531080000000000000e+05
4.214000000000000000e+04
7.255000000000000000e+03
7.780200000000000000e+04
5.478000000000000000e+04
2.427318000000000000e+06
3.982400000000000000e+05
2.111300000000000000e+04
0.000000000000000000e+00
6.180970000000000000e+05
1.182387000000000000e+06
5.745690000000000000e+05
1.156260000000000000e+05
3.008500000000000000e+04
0.000000000000000000e+00
3.806400000000000000e+04
9.872400000000000000e+04
1.363564000000000000e+06
4.378910000000000000e+05
4.204300000000000000e+04
0.000000000000000000e+00
3.377200000000000000e+04
6.686300000000000000e+04
3.344370000000000000e+05
1.276800000000000000e+04
8.920800000000000000e+04
6.410000000000000000e+02
2.118200000000000000e+04
4.403600000000000000e+04
1.476874000000000000e+06
3.745590000000000000e+05
9.369000000000000000e+04
1.854000000000000000e+03
5.859000000000000000e+03
4.031800000000000000e+04
3.699860000000000000e+05
2.288700000000000000e+04
9.818100000000000000e+04
1.266500000000000000e+04
2.761600000000000000e+04
8.143500000000000000e+04
1.644255000000000000e+06
4.479000000000000000e+05
3.360400000000000000e+04
0.000000000000000000e+00
1.509100000000000000e+04
9.733700000000000000e+04
3.861490000000000000e+05
3.576850000000000000e+05
9.697500000000000000e+04
5.274000000000000000e+03
3.787400000000000000e+04
9.103100000000000000e+04
1.324742000000000000e+06
4.555550000000000000e+05
4.339000000000000000e+04
0.000000000000000000e+00
4.947400000000000000e+04
1.305380000000000000e+05
3.504210000000000000e+05
7.354000000000000000e+03
0.000000000000000000e+00
0.000000000000000000e+00
0.000000000000000000e+00
0.000000000000000000e+00
1.182824000000000000e+06
3.331130000000000000e+05
1.472860000000000000e+05
1.769500000000000000e+04
1.542300000000000000e+04
0.000000000000000000e+00
2.962440000000000000e+05
6.945000000000000000e+03
1.758800000000000000e+04
3.769000000000000000e+03
1.466460000000000000e+05
3.642900000000000000e+04
1.080587000000000000e+06
3.703460000000000000e+05
1.648600000000000000e+04
0.000000000000000000e+00
0.000000000000000000e+00
1.433450000000000000e+05
5.050360000000000000e+05
3.355900000000000000e+04
1.490600000000000000e+04
0.000000000000000000e+00
1.543000000000000000e+03
3.645000000000000000e+03
1.025469000000000000e+06
4.304860000000000000e+05
2.388900000000000000e+04
2.030000000000000000e+02
3.823400000000000000e+05
4.954700000000000000e+04
2.753820000000000000e+05
4.168450000000000000e+05
1.217160000000000000e+05
1.642700000000000000e+04
1.704214000000000000e+06
6.049477000000000000e+06
2.656713000000000000e+06
9.751123000000000000e+06
2.083757000000000000e+06
1.858670000000000000e+05
2.622574000000000000e+06
9.014758000000000000e+06
5.976510000000000000e+05
1.469030000000000000e+05
5.816230000000000000e+05
4.917800000000000000e+04
8.045115000000000000e+06
2.373820000000000000e+05
3.092719000000000000e+06
9.122420000000000000e+05
1.179720000000000000e+05
1.476100000000000000e+04
2.872260000000000000e+05
1.351700000000000000e+04
7.430460000000000000e+05
9.978300000000000000e+04
8.562700000000000000e+04
0.000000000000000000e+00
1.535587000000000000e+06
3.720800000000000000e+04
