4.522820000000000000e+05
9.955000000000000000e+04
0.000000000000000000e+00
8.391400000000000000e+04
6.902600000000000000e+04
1.560098000000000000e+06
3.015564000000000000e+06
6.011150000000000000e+05
7.649900000000000000e+04
4.048628000000000000e+06
3.780459000000000000e+06
4.962016000000000000e+06
9.115733000000000000e+06
2.121754000000000000e+06
2.212710000000000000e+05
9.416357000000000000e+06
8.145134000000000000e+06
5.920648000000000000e+06
1.643903000000000000e+06
7.024636000000000000e+06
1.851280000000000000e+05
1.956177000000000000e+06
6.865569000000000000e+06
6.059930000000000000e+06
2.874383000000000000e+06
1.926580000000000000e+05
1.196000000000000000e+04
1.970250000000000000e+05
8.250800000000000000e+04
7.475400000000000000e+04
9.007300000000000000e+04
1.040130000000000000e+05
8.687000000000000000e+03
9.881100000000000000e+04
1.235340000000000000e+05
3.596516000000000000e+06
4.391360000000000000e+05
3.265370000000000000e+05
2.696200000000000000e+04
6.931100000000000000e+04
2.518200000000000000e+04
6.105500000000000000e+04
4.481500000000000000e+04
7.360600000000000000e+04
5.832000000000000000e+03
1.921600000000000000e+04
6.329700000000000000e+04
1.173107000000000000e+06
4.747500000000000000e+05
9.561200000000000000e+04
0.000000000000000000e+00
4.970700000000000000e+04
5.590500000000000000e+04
4.719400000000000000e+04
5.341500000000000000e+04
6.375700000000000000e+04
4.237000000000000000e+03
1.638200000000000000e+04
6.552100000000000000e+04
9.531020000000000000e+05
4.870970000000000000e+05
9.802400000000000000e+04
2.608000000000000000e+03
2.286900000000000000e+04
1.059305000000000000e+06
1.776337000000000000e+06
3.028050000000000000e+06
7.569789000000000000e+06
1.546010000000000000e+05
1.137564000000000000e+06
4.533019000000000000e+06
8.610843000000000000e+06
5.500878000000000000e+06
9.129120000000000000e+05
1.951130000000000000e+05
7.334478000000000000e+06
6.313598000000000000e+06
5.329417000000000000e+06
1.925765000000000000e+06
1.769849000000000000e+06
9.333100000000000000e+04
9.497800000000000000e+04
8.352500000000000000e+04
3.658566000000000000e+06
4.184800000000000000e+05
8.199400000000000000e+04
0.000000000000000000e+00
7.666400000000000000e+04
3.567200000000000000e+04
7.410800000000000000e+04
5.044300000000000000e+04
6.323330000000000000e+05
2.100000000000000000e+04
4.266300000000000000e+04
8.074000000000000000e+04
2.162954000000000000e+06
3.588170000000000000e+05
7.797700000000000000e+04
2.190000000000000000e+02
7.997100000000000000e+04
3.626000000000000000e+04
6.822400000000000000e+04
6.353600000000000000e+04
3.246000000000000000e+04
0.000000000000000000e+00
7.225500000000000000e+04
7.188200000000000000e+04
1.025204000000000000e+06
3.494120000000000000e+05
9.789700000000000000e+04
1.876000000000000000e+03
1.381440000000000000e+05
9.368300000000000000e+04
7.660200000000000000e+04
6.606300000000000000e+04
7.774100000000000000e+04
1.890000000000000000e+02
7.009800000000000000e+04
3.998700000000000000e+04
7.029850000000000000e+05
3.693030000000000000e+05
1.277580000000000000e+05
0.000000000000000000e+00
1.715300000000000000e+04
6.708700000000000000e+04
6.252000000000000000e+04
4.698800000000000000e+04
3.188000000000000000e+04
2.229000000000000000e+03
6.339700000000000000e+04
7.019900000000000000e+04
6.119480000000000000e+05
3.578630000000000000e+05
2.036300000000000000e+04
0.000000000000000000e+00
1.708350000000000000e+05
1.409900000000000000e+04
6.183700000000000000e+04
6.177200000000000000e+04
8.428300000000000000e+04
5.002000000000000000e+03
6.520000000000000000e+03
7.022400000000000000e+04
1.212404000000000000e+06
4.178540000000000000e+05
1.420740000000000000e+05
4.880000000000000000e+03
1.710400000000000000e+04
1.134840000000000000e+05
