3.407430000000000000e+05
6.364200000000000000e+04
6.000000000000000000e+02
2.259700000000000000e+04
3.383330000000000000e+05
1.172312000000000000e+06
3.445580000000000000e+05
5.480000000000000000e+04
5.650000000000000000e+02
4.184000000000000000e+03
1.864200000000000000e+04
4.405550000000000000e+05
4.325700000000000000e+04
3.683000000000000000e+04
0.000000000000000000e+00
3.309600000000000000e+04
1.576510000000000000e+05
1.007914000000000000e+06
3.137590000000000000e+05
6.737900000000000000e+04
7.583000000000000000e+03
2.689200000000000000e+04
5.788000000000000000e+03
2.694720000000000000e+05
3.729000000000000000e+03
0.000000000000000000e+00
0.000000000000000000e+00
0.000000000000000000e+00
0.000000000000000000e+00
6.411330000000000000e+05
3.072860000000000000e+05
1.553800000000000000e+04
0.000000000000000000e+00
0.000000000000000000e+00
4.012600000000000000e+04
2.030620000000000000e+05
6.821000000000000000e+03
3.835200000000000000e+04
0.000000000000000000e+00
2.271200000000000000e+04
9.374000000000000000e+03
8.551420000000000000e+05
3.103950000000000000e+05
6.553800000000000000e+04
4.444000000000000000e+03
2.533500000000000000e+04
4.679000000000000000e+03
2.963330000000000000e+05
1.539800000000000000e+04
7.722800000000000000e+04
9.140000000000000000e+02
4.285500000000000000e+04
8.510200000000000000e+04
1.027348000000000000e+06
3.206700000000000000e+05
7.247900000000000000e+04
0.000000000000000000e+00
3.326900000000000000e+04
8.170000000000000000e+03
3.897700000000000000e+05
1.622400000000000000e+04
1.016700000000000000e+04
0.000000000000000000e+00
1.575230000000000000e+05
2.598200000000000000e+04
8.898150000000000000e+05
3.697240000000000000e+05
2.018300000000000000e+04
0.000000000000000000e+00
2.214000000000000000e+03
1.392900000000000000e+05
2.900540000000000000e+05
1.328360000000000000e+05
7.574000000000000000e+03
0.000000000000000000e+00
6.213000000000000000e+03
1.474950000000000000e+05
1.166919000000000000e+06
3.070660000000000000e+05
1.159300000000000000e+04
0.000000000000000000e+00
8.271200000000000000e+04
1.313700000000000000e+04
3.046700000000000000e+05
5.841300000000000000e+04
2.640000000000000000e+03
1.670000000000000000e+02
9.589500000000000000e+04
4.281100000000000000e+04
8.402910000000000000e+05
3.001850000000000000e+05
5.568800000000000000e+04
2.370000000000000000e+02
1.260000000000000000e+03
5.052900000000000000e+04
2.287420000000000000e+05
6.083700000000000000e+04
1.185060000000000000e+05
8.983000000000000000e+03
1.484900000000000000e+04
2.988600000000000000e+04
9.319960000000000000e+05
2.946180000000000000e+05
9.774200000000000000e+04
2.808000000000000000e+03
6.770700000000000000e+04
2.351821000000000000e+06
1.041000700000000000e+07
1.303560000000000000e+05
8.105266000000000000e+06
1.010940000000000000e+05
3.092138000000000000e+06
2.283000000000000000e+05
3.296349000000000000e+06
3.841310000000000000e+05
3.769100000000000000e+04
9.006000000000000000e+03
1.992010000000000000e+05
3.739800000000000000e+04
5.889660000000000000e+05
8.546600000000000000e+04
1.562000000000000000e+04
0.000000000000000000e+00
7.242100000000000000e+04
4.430300000000000000e+04
1.372751000000000000e+06
3.104150000000000000e+05
1.607700000000000000e+04
2.040000000000000000e+02
5.643900000000000000e+04
2.743900000000000000e+04
3.632840000000000000e+05
6.825800000000000000e+04
7.869000000000000000e+03
0.000000000000000000e+00
2.127700000000000000e+04
1.750113000000000000e+06
1.084848000000000000e+06
3.170260000000000000e+05
5.257700000000000000e+04
9.748000000000000000e+03
3.706500000000000000e+04
5.954400000000000000e+04
3.767560000000000000e+05
1.123300000000000000e+04
3.329700000000000000e+04
1.790000000000000000e+02
2.208100000000000000e+04
1.251600000000000000e+04
