6.683360000000000000e+05
2.811400000000000000e+04
0.000000000000000000e+00
8.172380000000000000e+05
5.999700000000000000e+04
4.509000000000000000e+04
1.151120000000000000e+05
1.928600000000000000e+04
1.034000000000000000e+03
3.471900000000000000e+04
2.047560000000000000e+05
1.841895000000000000e+06
2.865290000000000000e+05
1.534816000000000000e+06
4.538600000000000000e+04
7.815850000000000000e+05
1.429820000000000000e+05
1.038700000000000000e+04
1.119600000000000000e+04
8.609900000000000000e+04
4.265000000000000000e+03
8.026100000000000000e+04
2.127400000000000000e+04
1.391298000000000000e+06
2.901540000000000000e+05
3.826300000000000000e+04
5.266000000000000000e+03
3.939600000000000000e+04
3.730000000000000000e+04
1.210950000000000000e+05
4.838500000000000000e+04
2.018000000000000000e+04
0.000000000000000000e+00
6.632700000000000000e+04
3.678400000000000000e+04
1.226569000000000000e+06
3.227060000000000000e+05
2.091300000000000000e+04
4.683000000000000000e+03
4.054400000000000000e+04
2.373300000000000000e+04
4.639500000000000000e+04
1.845070000000000000e+05
3.838200000000000000e+04
1.393000000000000000e+03
1.246440000000000000e+05
8.616500000000000000e+04
1.335959000000000000e+06
3.676590000000000000e+05
7.345000000000000000e+03
1.286000000000000000e+03
6.302900000000000000e+04
3.874700000000000000e+04
9.772500000000000000e+04
1.941900000000000000e+04
1.031600000000000000e+04
1.010000000000000000e+03
2.084500000000000000e+04
4.786690000000000000e+05
1.166418000000000000e+06
3.432730000000000000e+05
6.798400000000000000e+04
2.346000000000000000e+03
8.160000000000000000e+02
1.312280000000000000e+05
5.779500000000000000e+04
1.723660000000000000e+05
3.576200000000000000e+04
4.660000000000000000e+02
8.915000000000000000e+03
1.217300000000000000e+04
1.556256000000000000e+06
3.134570000000000000e+05
3.602700000000000000e+04
0.000000000000000000e+00
2.608000000000000000e+03
8.461300000000000000e+04
2.451400000000000000e+04
3.375500000000000000e+04
8.749500000000000000e+04
4.384000000000000000e+03
2.571500000000000000e+04
1.524060000000000000e+05
1.309545000000000000e+06
3.317590000000000000e+05
7.292800000000000000e+04
0.000000000000000000e+00
4.699000000000000000e+03
8.373300000000000000e+04
4.170000000000000000e+03
2.956800000000000000e+04
1.013860000000000000e+05
1.346000000000000000e+04
1.205000000000000000e+04
1.366200000000000000e+04
1.444130000000000000e+06
2.698700000000000000e+05
4.422700000000000000e+04
5.781000000000000000e+03
6.014600000000000000e+04
2.170700000000000000e+04
7.211600000000000000e+04
2.566500000000000000e+04
1.772200000000000000e+04
0.000000000000000000e+00
1.308570000000000000e+05
5.150400000000000000e+04
4.547056000000000000e+06
1.104365800000000000e+07
1.967640000000000000e+05
1.086190000000000000e+05
9.354341000000000000e+06
2.680738000000000000e+06
3.039290000000000000e+05
3.256550000000000000e+05
4.169860000000000000e+05
3.017800000000000000e+04
3.729200000000000000e+04
6.611300000000000000e+04
3.571257000000000000e+06
3.734860000000000000e+05
1.897700000000000000e+04
0.000000000000000000e+00
3.229200000000000000e+04
2.758700000000000000e+04
2.733160000000000000e+05
1.054346000000000000e+06
3.910800000000000000e+04
4.050000000000000000e+03
2.575035000000000000e+06
8.291020000000000000e+05
3.935772000000000000e+06
8.992741000000000000e+06
1.752060000000000000e+05
6.267400000000000000e+04
1.229150000000000000e+05
1.294700000000000000e+05
1.903500000000000000e+04
3.443700000000000000e+04
1.461580000000000000e+05
0.000000000000000000e+00
1.103130000000000000e+05
7.912500000000000000e+04
3.231863000000000000e+06
5.477300000000000000e+05
2.102700000000000000e+04
0.000000000000000000e+00
3.090000000000000000e+03
8.670100000000000000e+04
