5.163700000000000000e+04
5.116500000000000000e+04
0.000000000000000000e+00
8.219100000000000000e+04
1.776860000000000000e+05
1.457591000000000000e+06
5.039510000000000000e+05
8.706100000000000000e+04
4.763000000000000000e+03
3.940000000000000000e+03
1.506000000000000000e+03
4.556800000000000000e+05
3.877500000000000000e+04
6.090310000000000000e+05
1.916500000000000000e+04
5.256020000000000000e+05
3.798900000000000000e+04
1.605297000000000000e+06
4.831000000000000000e+05
6.389000000000000000e+04
3.942000000000000000e+03
7.442700000000000000e+04
2.746200000000000000e+04
4.521910000000000000e+05
2.703900000000000000e+04
5.345000000000000000e+03
0.000000000000000000e+00
1.721600000000000000e+04
1.039972000000000000e+06
1.621761000000000000e+06
5.005090000000000000e+05
8.654700000000000000e+04
1.034900000000000000e+04
4.922000000000000000e+03
1.662031000000000000e+06
4.914710000000000000e+05
1.694060000000000000e+05
1.905300000000000000e+04
0.000000000000000000e+00
8.614000000000000000e+03
2.143660000000000000e+05
1.823485000000000000e+06
5.330030000000000000e+05
9.544700000000000000e+04
2.361200000000000000e+04
1.048000000000000000e+04
6.199600000000000000e+04
3.508290000000000000e+05
4.187000000000000000e+03
2.179200000000000000e+04
0.000000000000000000e+00
4.568700000000000000e+04
2.494300000000000000e+04
1.452082000000000000e+06
4.590640000000000000e+05
6.151200000000000000e+04
6.933000000000000000e+03
6.327800000000000000e+04
6.981300000000000000e+04
3.029170000000000000e+05
5.619000000000000000e+03
5.549300000000000000e+04
0.000000000000000000e+00
6.587300000000000000e+04
5.465000000000000000e+03
1.612101000000000000e+06
4.653680000000000000e+05
4.149700000000000000e+04
0.000000000000000000e+00
6.977800000000000000e+04
5.964000000000000000e+03
3.918750000000000000e+05
7.841000000000000000e+03
4.135000000000000000e+03
0.000000000000000000e+00
8.426400000000000000e+04
6.598600000000000000e+04
1.293155000000000000e+06
5.273630000000000000e+05
2.105900000000000000e+04
2.087000000000000000e+03
2.618420000000000000e+05
1.624890000000000000e+05
2.681500000000000000e+05
9.590900000000000000e+04
1.359400000000000000e+04
0.000000000000000000e+00
5.538100000000000000e+04
5.041000000000000000e+04
1.337046000000000000e+06
4.334200000000000000e+05
3.259500000000000000e+04
2.870000000000000000e+02
5.277000000000000000e+04
7.828700000000000000e+04
2.903620000000000000e+05
3.565200000000000000e+04
5.845600000000000000e+04
1.920000000000000000e+02
1.588100000000000000e+04
7.804000000000000000e+03
1.386294000000000000e+06
4.248160000000000000e+05
4.250400000000000000e+04
1.331000000000000000e+03
1.111960000000000000e+05
1.650900000000000000e+04
3.019550000000000000e+05
7.298100000000000000e+04
1.634400000000000000e+04
2.978000000000000000e+03
1.600000000000000000e+03
5.664100000000000000e+04
1.387961000000000000e+06
3.869440000000000000e+05
9.253100000000000000e+04
8.234000000000000000e+03
8.600000000000000000e+03
8.848000000000000000e+04
3.046100000000000000e+05
1.785000000000000000e+04
6.793700000000000000e+04
1.203900000000000000e+04
1.914300000000000000e+04
6.946400000000000000e+04
1.135183000000000000e+06
4.028940000000000000e+05
3.102300000000000000e+04
4.362000000000000000e+03
7.967200000000000000e+04
4.563300000000000000e+04
3.219570000000000000e+05
2.165300000000000000e+04
1.663828000000000000e+06
1.621260000000000000e+05
2.834120000000000000e+06
1.355577000000000000e+06
3.094895000000000000e+06
4.113040000000000000e+05
7.922800000000000000e+04
2.255000000000000000e+04
1.680510000000000000e+05
2.301500000000000000e+05
5.930880000000000000e+05
4.923600000000000000e+04
2.962340000000000000e+05
2.380700000000000000e+04
8.697000000000000000e+03
4.455270000000000000e+05
