7.513060000000000000e+05
6.961400000000000000e+04
2.118000000000000000e+03
1.726600000000000000e+05
2.180890000000000000e+05
6.256000000000000000e+04
4.239900000000000000e+04
1.532120000000000000e+05
5.863000000000000000e+03
2.100700000000000000e+04
1.913100000000000000e+04
1.504229000000000000e+06
3.687420000000000000e+05
3.761100000000000000e+04
0.000000000000000000e+00
1.084490000000000000e+05
1.575730000000000000e+05
2.537000000000000000e+04
5.255820000000000000e+05
1.865192000000000000e+06
3.158900000000000000e+04
1.412100000000000000e+04
1.123100000000000000e+04
1.759026000000000000e+06
3.758930000000000000e+05
2.748000000000000000e+03
1.920000000000000000e+02
1.292310000000000000e+05
1.256040000000000000e+05
1.144690000000000000e+05
2.520100000000000000e+04
3.396000000000000000e+03
0.000000000000000000e+00
5.462900000000000000e+04
1.276400000000000000e+05
1.579780000000000000e+06
3.934300000000000000e+05
7.061800000000000000e+04
2.439000000000000000e+03
1.034400000000000000e+04
5.448200000000000000e+04
2.178400000000000000e+04
1.079100000000000000e+05
2.702400000000000000e+04
0.000000000000000000e+00
5.795900000000000000e+04
8.665100000000000000e+04
1.353204000000000000e+06
3.993510000000000000e+05
1.106240000000000000e+05
2.853000000000000000e+03
1.148800000000000000e+04
1.477300000000000000e+04
2.041380000000000000e+05
4.438000000000000000e+04
1.183750000000000000e+05
4.854000000000000000e+03
1.778900000000000000e+04
1.980800000000000000e+04
1.625362000000000000e+06
3.632250000000000000e+05
2.232100000000000000e+04
3.483000000000000000e+03
2.586130000000000000e+05
2.398630000000000000e+05
2.982600000000000000e+04
1.141080000000000000e+05
2.142800000000000000e+04
0.000000000000000000e+00
3.163600000000000000e+04
1.255840000000000000e+05
1.764323000000000000e+06
4.156390000000000000e+05
1.214400000000000000e+04
3.134000000000000000e+03
3.308100000000000000e+04
4.971600000000000000e+04
3.051000000000000000e+03
1.179400000000000000e+04
1.986610000000000000e+05
5.678000000000000000e+03
1.407600000000000000e+04
7.981400000000000000e+04
1.376442000000000000e+06
3.235800000000000000e+05
1.902600000000000000e+04
3.360000000000000000e+02
5.877600000000000000e+04
2.785300000000000000e+04
3.189000000000000000e+03
9.724900000000000000e+04
1.668800000000000000e+04
0.000000000000000000e+00
8.067000000000000000e+03
8.710700000000000000e+04
1.413093000000000000e+06
4.355480000000000000e+05
6.953000000000000000e+03
0.000000000000000000e+00
0.000000000000000000e+00
3.838000000000000000e+03
8.951100000000000000e+04
2.841400000000000000e+04
2.252690000000000000e+05
7.641000000000000000e+03
3.982300000000000000e+04
1.195640000000000000e+05
1.521112000000000000e+06
3.041260000000000000e+05
2.845440000000000000e+05
1.367500000000000000e+04
8.682000000000000000e+03
1.320000000000000000e+03
8.973600000000000000e+04
2.467800000000000000e+04
2.447293000000000000e+06
1.722960000000000000e+05
6.904917000000000000e+06
6.124378000000000000e+06
4.848736000000000000e+06
3.603090000000000000e+05
1.641127000000000000e+06
1.722680000000000000e+05
5.421525000000000000e+06
4.382915000000000000e+06
1.952924000000000000e+06
3.503920000000000000e+05
1.815657000000000000e+06
1.189150000000000000e+05
6.342900000000000000e+04
1.468241000000000000e+06
3.643538000000000000e+06
3.990870000000000000e+05
1.969220000000000000e+05
2.048000000000000000e+03
2.087200000000000000e+04
4.680300000000000000e+04
1.740000000000000000e+02
1.002000000000000000e+04
1.226820000000000000e+05
1.015400000000000000e+04
3.614900000000000000e+04
1.364670000000000000e+05
1.924683000000000000e+06
3.317010000000000000e+05
1.216800000000000000e+04
0.000000000000000000e+00
4.121100000000000000e+04
6.395000000000000000e+03
