5.035170000000000000e+05
5.905150000000000000e+05
2.315200000000000000e+04
1.315096000000000000e+06
3.161700000000000000e+04
1.324862000000000000e+06
4.252260000000000000e+05
7.658000000000000000e+03
0.000000000000000000e+00
7.717120000000000000e+05
1.084340000000000000e+06
4.048190000000000000e+05
1.032600000000000000e+04
1.180670000000000000e+05
7.156000000000000000e+03
3.874200000000000000e+04
4.639700000000000000e+04
1.620995000000000000e+06
5.137820000000000000e+05
3.424300000000000000e+04
1.950000000000000000e+02
4.906700000000000000e+04
2.212800000000000000e+04
3.934520000000000000e+05
3.274900000000000000e+04
6.922000000000000000e+03
2.180000000000000000e+02
3.310500000000000000e+04
1.246790000000000000e+05
1.545804000000000000e+06
4.270580000000000000e+05
4.987000000000000000e+03
0.000000000000000000e+00
9.325000000000000000e+03
6.773100000000000000e+04
3.353470000000000000e+05
7.264300000000000000e+04
4.041500000000000000e+04
3.951000000000000000e+03
1.968120000000000000e+05
4.823700000000000000e+04
1.410770000000000000e+06
4.332170000000000000e+05
8.136000000000000000e+03
0.000000000000000000e+00
1.584000000000000000e+04
9.151300000000000000e+04
5.810050000000000000e+05
1.297890000000000000e+05
4.117700000000000000e+04
3.416000000000000000e+03
9.997800000000000000e+04
2.296300000000000000e+04
1.492303000000000000e+06
3.612380000000000000e+05
1.743400000000000000e+04
0.000000000000000000e+00
7.493100000000000000e+04
7.051100000000000000e+04
4.232890000000000000e+05
1.526500000000000000e+04
7.328400000000000000e+04
2.290000000000000000e+02
5.839000000000000000e+04
2.138480000000000000e+05
1.732457000000000000e+06
4.794140000000000000e+05
3.817300000000000000e+04
0.000000000000000000e+00
7.425000000000000000e+03
6.182500000000000000e+04
4.495100000000000000e+05
2.607290000000000000e+05
3.676500000000000000e+04
2.109000000000000000e+03
2.624800000000000000e+04
9.412300000000000000e+04
1.221783000000000000e+06
4.798920000000000000e+05
3.815500000000000000e+04
3.370000000000000000e+03
8.011300000000000000e+04
1.541000000000000000e+04
3.348170000000000000e+05
5.732900000000000000e+04
8.837750000000000000e+05
6.376600000000000000e+04
3.572665000000000000e+06
6.539701000000000000e+06
7.027474000000000000e+06
4.600960000000000000e+05
1.079580000000000000e+06
1.174360000000000000e+05
6.427853000000000000e+06
2.864090000000000000e+05
6.404660000000000000e+05
1.601180000000000000e+05
6.987798000000000000e+06
1.746970000000000000e+05
5.932200000000000000e+04
2.775910000000000000e+05
3.239073000000000000e+06
5.006530000000000000e+05
9.193900000000000000e+04
3.176000000000000000e+03
1.699200000000000000e+04
6.538000000000000000e+03
6.788590000000000000e+05
7.002700000000000000e+04
3.073100000000000000e+04
0.000000000000000000e+00
1.635800000000000000e+05
1.143030000000000000e+05
1.421703000000000000e+06
4.179790000000000000e+05
1.183200000000000000e+04
1.840000000000000000e+02
2.304760000000000000e+05
1.269650000000000000e+05
4.504850000000000000e+05
3.714700000000000000e+04
8.815000000000000000e+03
0.000000000000000000e+00
1.679320000000000000e+05
2.297200000000000000e+04
1.607543000000000000e+06
3.985630000000000000e+05
1.925770000000000000e+05
6.115000000000000000e+03
7.070000000000000000e+03
5.598000000000000000e+03
1.400353000000000000e+06
4.977950000000000000e+05
2.055810000000000000e+05
6.937000000000000000e+03
4.135400000000000000e+04
9.318200000000000000e+04
3.346609000000000000e+06
1.096044000000000000e+06
1.043900000000000000e+05
4.105000000000000000e+03
1.251200000000000000e+04
1.404000000000000000e+03
4.535420000000000000e+05
7.904000000000000000e+04
1.050270000000000000e+05
2.898000000000000000e+03
2.353700000000000000e+04
6.589100000000000000e+04
