7.275330000000000000e+05
1.312040000000000000e+05
4.589000000000000000e+03
3.323800000000000000e+04
1.114690000000000000e+05
1.156400000000000000e+04
8.472900000000000000e+04
4.047800000000000000e+04
0.000000000000000000e+00
5.107000000000000000e+03
1.288600000000000000e+04
1.481051000000000000e+06
3.763510000000000000e+05
7.142300000000000000e+04
8.810000000000000000e+02
1.680800000000000000e+04
6.431400000000000000e+04
3.216700000000000000e+04
5.729000000000000000e+03
8.702100000000000000e+04
1.295000000000000000e+03
5.015800000000000000e+04
1.257840000000000000e+05
1.423108000000000000e+06
3.537850000000000000e+05
2.341700000000000000e+04
0.000000000000000000e+00
6.520800000000000000e+04
4.066000000000000000e+03
3.110790000000000000e+05
1.750900000000000000e+05
3.560500000000000000e+04
0.000000000000000000e+00
9.002200000000000000e+04
3.030000000000000000e+04
1.292711000000000000e+06
3.742750000000000000e+05
9.515500000000000000e+04
0.000000000000000000e+00
8.053000000000000000e+03
1.620700000000000000e+04
4.226800000000000000e+04
4.330200000000000000e+04
3.503700000000000000e+04
0.000000000000000000e+00
1.009060000000000000e+05
2.929400000000000000e+04
1.333625000000000000e+06
3.910660000000000000e+05
2.207900000000000000e+04
2.160000000000000000e+02
7.561900000000000000e+04
2.614300000000000000e+04
5.900600000000000000e+04
1.158700000000000000e+04
1.712400000000000000e+04
0.000000000000000000e+00
1.594550000000000000e+05
1.497420000000000000e+05
1.725980000000000000e+06
3.355600000000000000e+05
9.099000000000000000e+03
0.000000000000000000e+00
5.531800000000000000e+04
5.492000000000000000e+03
7.975000000000000000e+03
8.297000000000000000e+04
3.713700000000000000e+04
7.810000000000000000e+03
1.072940000000000000e+05
5.276700000000000000e+04
1.266396000000000000e+06
3.763310000000000000e+05
7.622200000000000000e+04
2.149000000000000000e+03
1.974600000000000000e+04
1.251200000000000000e+04
1.205400000000000000e+04
5.365900000000000000e+04
2.769600000000000000e+04
3.430000000000000000e+02
1.223000000000000000e+03
2.559100000000000000e+05
1.984032000000000000e+06
5.315631000000000000e+06
1.238212000000000000e+06
1.281660000000000000e+05
3.572000000000000000e+04
2.862144000000000000e+06
4.536739000000000000e+06
3.747755000000000000e+06
8.861390000000000000e+05
1.563230000000000000e+05
1.449600000000000000e+05
4.017500000000000000e+05
3.679949000000000000e+06
2.105525000000000000e+06
4.342900000000000000e+05
7.612900000000000000e+04
3.438400000000000000e+04
1.046200000000000000e+04
1.797799000000000000e+06
1.277337000000000000e+06
4.030870000000000000e+05
5.174900000000000000e+04
4.416500000000000000e+04
1.305270000000000000e+05
3.009810000000000000e+06
4.689090000000000000e+05
7.683300000000000000e+04
7.010000000000000000e+03
4.791300000000000000e+04
3.550190000000000000e+05
1.640310000000000000e+05
2.082160000000000000e+05
3.016700000000000000e+04
1.389000000000000000e+03
0.000000000000000000e+00
4.781300000000000000e+04
1.713796000000000000e+06
3.043980000000000000e+05
2.381410000000000000e+05
2.405600000000000000e+04
1.971800000000000000e+04
5.919400000000000000e+04
2.542700000000000000e+05
1.292670000000000000e+05
2.617500000000000000e+04
7.040000000000000000e+02
6.321000000000000000e+03
8.285500000000000000e+04
2.039589000000000000e+06
3.796700000000000000e+05
6.214200000000000000e+04
2.810000000000000000e+03
5.087190000000000000e+05
1.666611000000000000e+06
9.799000000000000000e+03
1.252000000000000000e+04
1.371240000000000000e+05
0.000000000000000000e+00
2.481066000000000000e+06
6.093600000000000000e+04
1.620118000000000000e+06
3.371620000000000000e+05
1.704400000000000000e+04
3.002000000000000000e+03
8.660000000000000000e+03
1.814400000000000000e+05
