9.690400000000000000e+04
5.199300000000000000e+04
3.753000000000000000e+03
1.227700000000000000e+04
3.540700000000000000e+04
1.753624000000000000e+06
3.787470000000000000e+05
1.322170000000000000e+05
4.718000000000000000e+03
2.170500000000000000e+04
4.652800000000000000e+04
5.233080000000000000e+05
3.101700000000000000e+04
9.584500000000000000e+04
2.166000000000000000e+03
5.121600000000000000e+04
5.116200000000000000e+04
1.596134000000000000e+06
3.881980000000000000e+05
2.375100000000000000e+04
0.000000000000000000e+00
5.202300000000000000e+04
3.663200000000000000e+04
4.757070000000000000e+05
9.083300000000000000e+04
4.317200000000000000e+04
3.788000000000000000e+03
2.259100000000000000e+04
1.276770000000000000e+05
1.469848000000000000e+06
5.054400000000000000e+05
7.004100000000000000e+04
1.980000000000000000e+02
1.102960000000000000e+05
4.493700000000000000e+04
3.454810000000000000e+05
1.209860000000000000e+05
8.491300000000000000e+04
6.039000000000000000e+03
3.756400000000000000e+04
1.140180000000000000e+05
1.684938000000000000e+06
3.397880000000000000e+05
6.979700000000000000e+04
5.678000000000000000e+03
2.313200000000000000e+04
1.978180000000000000e+05
7.553870000000000000e+05
3.804300000000000000e+04
1.840230000000000000e+05
9.037000000000000000e+03
2.947500000000000000e+04
7.510600000000000000e+04
1.570259000000000000e+06
3.125950000000000000e+05
2.580390000000000000e+05
5.569000000000000000e+03
5.226700000000000000e+04
4.495700000000000000e+04
4.245790000000000000e+05
1.760770000000000000e+05
1.087050000000000000e+05
6.011000000000000000e+03
3.694100000000000000e+04
1.808850000000000000e+05
1.713402000000000000e+06
3.858980000000000000e+05
7.033700000000000000e+04
1.658000000000000000e+03
2.603210000000000000e+05
1.139600000000000000e+05
4.476400000000000000e+05
1.964750000000000000e+05
4.358000000000000000e+04
9.630000000000000000e+02
2.480560000000000000e+05
1.011460000000000000e+05
2.104230000000000000e+06
3.468920000000000000e+05
2.148710000000000000e+05
1.047900000000000000e+04
4.499100000000000000e+04
8.869400000000000000e+04
7.716330000000000000e+05
1.135330000000000000e+05
2.703600000000000000e+04
0.000000000000000000e+00
4.319400000000000000e+04
4.360800000000000000e+05
1.873323000000000000e+06
5.667560000000000000e+05
2.199560000000000000e+05
7.338000000000000000e+03
1.648400000000000000e+04
1.036490000000000000e+05
8.089120000000000000e+05
2.859200000000000000e+04
5.617350000000000000e+05
2.556000000000000000e+04
9.949800000000000000e+04
9.062910000000000000e+05
1.939181000000000000e+06
9.096810000000000000e+05
2.717200000000000000e+05
1.037300000000000000e+04
1.083904000000000000e+06
1.051820000000000000e+05
4.871570000000000000e+05
8.191550000000000000e+05
4.193220000000000000e+05
1.845500000000000000e+04
1.161957000000000000e+06
7.236200000000000000e+04
2.467052000000000000e+06
9.330050000000000000e+05
7.225200000000000000e+04
4.179000000000000000e+03
2.970900000000000000e+04
1.221783000000000000e+06
9.491220000000000000e+05
9.847940000000000000e+05
8.869300000000000000e+04
1.454000000000000000e+03
7.917000000000000000e+04
1.617997000000000000e+06
2.539593000000000000e+06
1.232618000000000000e+06
1.222840000000000000e+05
1.235200000000000000e+04
1.834707000000000000e+06
4.477010000000000000e+05
2.112826000000000000e+06
1.681030000000000000e+05
2.457900000000000000e+04
0.000000000000000000e+00
2.137302000000000000e+06
4.918880000000000000e+05
4.029611000000000000e+06
3.590680000000000000e+05
2.240664000000000000e+06
1.906760000000000000e+05
3.668580000000000000e+05
6.291850000000000000e+05
2.697149000000000000e+06
1.904794000000000000e+06
1.244243000000000000e+06
1.462130000000000000e+05
1.596670000000000000e+05
2.922424000000000000e+06
