1.912991000000000000e+06
1.136380000000000000e+05
2.707000000000000000e+03
2.860569000000000000e+06
2.388870000000000000e+05
9.957780000000000000e+05
2.295073000000000000e+06
2.587908000000000000e+06
2.660690000000000000e+05
5.110940000000000000e+05
1.620792000000000000e+06
9.301442000000000000e+06
3.730710000000000000e+05
1.376000000000000000e+04
0.000000000000000000e+00
1.412176300000000000e+07
3.321517000000000000e+06
1.262117300000000000e+07
7.657620000000000000e+05
3.192560000000000000e+05
3.873900000000000000e+04
2.215800000000000000e+04
1.652600000000000000e+04
4.814109000000000000e+06
4.849660000000000000e+05
1.420800000000000000e+04
0.000000000000000000e+00
1.344000000000000000e+03
7.959000000000000000e+03
2.160000000000000000e+02
0.000000000000000000e+00
3.529758000000000000e+06
3.392180000000000000e+05
8.801280000000000000e+05
1.416480000000000000e+05
3.352053000000000000e+06
2.622944000000000000e+06
1.909935000000000000e+06
2.027220000000000000e+05
3.602304000000000000e+06
3.650540000000000000e+05
1.155695000000000000e+06
2.902773000000000000e+06
3.157432000000000000e+06
3.285340000000000000e+05
7.886860000000000000e+05
4.007320000000000000e+06
4.003753000000000000e+06
3.561440000000000000e+05
3.342536000000000000e+06
2.826330000000000000e+05
7.976100000000000000e+05
1.036384000000000000e+06
6.321707000000000000e+06
4.155860000000000000e+05
3.704157000000000000e+06
3.391940000000000000e+05
9.595350000000000000e+05
7.841240000000000000e+05
7.079758000000000000e+06
4.511620000000000000e+05
4.000745000000000000e+06
3.760360000000000000e+05
1.110580000000000000e+06
5.154245000000000000e+06
1.868910000000000000e+05
2.877937000000000000e+06
2.718347000000000000e+06
2.178440000000000000e+05
4.544938000000000000e+06
5.862420000000000000e+05
4.712627000000000000e+06
3.050377000000000000e+06
1.953970000000000000e+05
1.905700000000000000e+04
3.327085000000000000e+06
3.108950000000000000e+05
9.834600000000000000e+04
9.789000000000000000e+03
2.693822000000000000e+06
1.839520000000000000e+05
8.533790000000000000e+05
3.689118000000000000e+06
4.123012000000000000e+06
2.780624000000000000e+06
1.691940000000000000e+05
1.031400000000000000e+04
3.003404000000000000e+06
3.329980000000000000e+05
1.078480000000000000e+06
2.814668000000000000e+06
2.234450000000000000e+05
9.860000000000000000e+03
1.097200000000000000e+04
3.557601000000000000e+06
4.107041000000000000e+06
2.720306000000000000e+06
1.894090000000000000e+05
1.791200000000000000e+04
3.178798000000000000e+06
4.205500000000000000e+05
1.041002000000000000e+06
3.038438000000000000e+06
2.814171000000000000e+06
2.815040000000000000e+05
1.070326000000000000e+06
4.534880000000000000e+05
5.574797000000000000e+06
5.174350000000000000e+05
2.986726000000000000e+06
3.069230000000000000e+05
9.601880000000000000e+05
4.622340000000000000e+05
4.019758000000000000e+06
2.029380000000000000e+06
2.376090000000000000e+06
2.184400000000000000e+05
8.617300000000000000e+04
3.282190000000000000e+05
5.794089000000000000e+06
4.755200000000000000e+05
2.858636000000000000e+06
3.399140000000000000e+05
9.568000000000000000e+05
3.962104000000000000e+06
1.079482000000000000e+06
3.266510000000000000e+06
3.009090000000000000e+05
4.888100000000000000e+04
1.765600000000000000e+04
1.513920000000000000e+05
6.199763000000000000e+06
3.311707000000000000e+06
2.419030000000000000e+05
2.278700000000000000e+04
1.568500000000000000e+04
3.899877000000000000e+06
1.065713000000000000e+06
3.603735000000000000e+06
2.626760000000000000e+05
2.687500000000000000e+04
6.636000000000000000e+03
4.358383000000000000e+06
4.173131000000000000e+06
3.789355000000000000e+06
2.969740000000000000e+05
2.486800000000000000e+04
9.457000000000000000e+03
4.807190000000000000e+06
