1.784856000000000000e+06
1.230460000000000000e+05
2.659000000000000000e+03
1.207812000000000000e+06
5.011510000000000000e+05
2.421250000000000000e+05
1.795313000000000000e+06
9.839700000000000000e+05
1.516660000000000000e+05
1.023235000000000000e+06
1.355810000000000000e+05
3.325395000000000000e+06
2.088278000000000000e+06
1.324170000000000000e+05
1.378900000000000000e+04
1.321906000000000000e+06
6.481150000000000000e+05
2.373480000000000000e+05
1.906330000000000000e+06
9.046500000000000000e+05
1.443270000000000000e+05
1.364183000000000000e+06
1.382320000000000000e+05
4.798295000000000000e+06
1.064653000000000000e+06
2.510284000000000000e+06
1.334330000000000000e+05
8.935000000000000000e+04
3.017900000000000000e+04
3.055147000000000000e+06
9.653020000000000000e+05
2.866367000000000000e+06
2.357670000000000000e+05
9.617000000000000000e+04
3.165266000000000000e+06
3.919948000000000000e+06
3.457612000000000000e+06
1.456014000000000000e+06
2.630230000000000000e+05
2.160649000000000000e+06
2.914440000000000000e+05
3.280589000000000000e+06
2.090956000000000000e+06
7.982840000000000000e+06
4.295720000000000000e+05
3.058110000000000000e+05
7.448233000000000000e+06
5.034506000000000000e+06
4.009302000000000000e+06
1.256837900000000000e+07
2.443590000000000000e+05
4.464150000000000000e+05
1.078447000000000000e+07
2.389174000000000000e+06
7.967410000000000000e+05
3.204111000000000000e+06
2.249660000000000000e+05
2.147090000000000000e+05
5.200100000000000000e+04
5.343538000000000000e+06
6.451710000000000000e+05
1.859152000000000000e+06
1.390170000000000000e+05
2.932700000000000000e+04
3.718472000000000000e+06
6.340660000000000000e+05
3.669274000000000000e+06
9.540710000000000000e+05
1.702930000000000000e+05
1.763758000000000000e+06
2.422980000000000000e+05
3.183660000000000000e+06
4.051660000000000000e+05
1.920830000000000000e+05
1.338900000000000000e+04
3.126100000000000000e+05
2.866820000000000000e+05
5.489900000000000000e+04
9.226400000000000000e+04
3.271220000000000000e+05
1.428700000000000000e+04
3.453202000000000000e+06
2.285039000000000000e+06
3.698997000000000000e+06
1.015826500000000000e+07
1.848750000000000000e+05
1.404790000000000000e+05
1.817100000000000000e+04
8.005567000000000000e+06
1.807668000000000000e+06
1.095551000000000000e+06
2.088870000000000000e+05
1.453000000000000000e+04
3.299300000000000000e+04
4.195009000000000000e+06
4.324828000000000000e+06
2.408068000000000000e+06
8.415364000000000000e+06
1.421810000000000000e+05
3.620150000000000000e+05
6.072800000000000000e+04
1.227598000000000000e+06
7.825470000000000000e+05
1.432470000000000000e+05
1.024800000000000000e+04
5.251650000000000000e+05
4.439890000000000000e+05
3.968117000000000000e+06
6.740120000000000000e+05
6.956910000000000000e+05
3.766600000000000000e+04
5.024230000000000000e+05
3.233890000000000000e+05
9.200500000000000000e+04
9.482950000000000000e+05
6.370300000000000000e+04
4.732000000000000000e+03
5.409980000000000000e+05
3.517540000000000000e+05
2.806367000000000000e+06
1.333253000000000000e+06
5.094200000000000000e+04
0.000000000000000000e+00
2.229154000000000000e+06
1.908725000000000000e+06
7.214362000000000000e+06
4.116300000000000000e+05
5.734286000000000000e+06
2.163530000000000000e+05
9.531623000000000000e+06
3.115290000000000000e+05
9.442429000000000000e+06
8.344370000000000000e+05
3.765600000000000000e+04
1.740000000000000000e+03
2.760816000000000000e+06
2.691905000000000000e+06
1.494914000000000000e+06
1.955130000000000000e+05
2.687830000000000000e+05
2.242200000000000000e+04
6.614160000000000000e+05
8.207180000000000000e+05
3.565627000000000000e+06
2.491847000000000000e+06
1.356870000000000000e+05
1.490500000000000000e+04
5.224000000000000000e+03
2.425073000000000000e+06
