7.219020000000000000e+05
4.134968000000000000e+06
1.191060000000000000e+05
1.544940000000000000e+05
3.334300000000000000e+04
4.822226000000000000e+06
5.469920000000000000e+05
1.807260000000000000e+05
6.056000000000000000e+03
5.747950000000000000e+05
8.828200000000000000e+04
4.216090000000000000e+05
5.774440000000000000e+05
2.626580000000000000e+05
1.014600000000000000e+04
6.498070000000000000e+05
5.754240000000000000e+05
2.656343000000000000e+06
6.032160000000000000e+05
4.945960000000000000e+05
2.702800000000000000e+04
3.282400000000000000e+04
4.608240000000000000e+05
6.804300000000000000e+05
8.006490000000000000e+05
4.778900000000000000e+04
0.000000000000000000e+00
1.260800000000000000e+04
5.830470000000000000e+05
2.705761000000000000e+06
4.801992000000000000e+06
1.307900000000000000e+05
3.520900000000000000e+04
1.242200000000000000e+04
5.852553000000000000e+06
2.998762000000000000e+06
5.746049000000000000e+06
3.122370000000000000e+05
8.190600000000000000e+04
4.580400000000000000e+04
1.827800000000000000e+04
5.982576000000000000e+06
7.038900000000000000e+05
2.419900000000000000e+04
0.000000000000000000e+00
4.337710000000000000e+05
6.560620000000000000e+05
6.121890000000000000e+05
7.160500000000000000e+05
2.048300000000000000e+05
6.460000000000000000e+03
5.849120000000000000e+05
6.653000000000000000e+04
2.950356000000000000e+06
5.170310000000000000e+05
2.525200000000000000e+04
3.840000000000000000e+02
2.701350000000000000e+05
2.623930000000000000e+05
4.855830000000000000e+05
6.196300000000000000e+04
7.724760000000000000e+05
2.151700000000000000e+04
4.233480000000000000e+05
4.868760000000000000e+05
2.736148000000000000e+06
1.067733000000000000e+06
4.231300000000000000e+04
0.000000000000000000e+00
2.969040000000000000e+05
5.544930000000000000e+05
5.706090000000000000e+05
1.060165000000000000e+06
9.749500000000000000e+04
1.472000000000000000e+03
5.436690000000000000e+05
1.183622000000000000e+06
3.522416000000000000e+06
6.105160000000000000e+05
4.912790000000000000e+05
4.202300000000000000e+04
1.901010000000000000e+06
1.060030000000000000e+05
4.475030000000000000e+06
7.119770000000000000e+05
1.576193000000000000e+06
8.391100000000000000e+04
4.454764000000000000e+06
1.653910000000000000e+05
4.194205000000000000e+06
6.091280000000000000e+05
2.769600000000000000e+04
2.768000000000000000e+03
5.938930000000000000e+05
1.022584000000000000e+06
6.625810000000000000e+05
1.782780000000000000e+06
2.437140000000000000e+05
1.809000000000000000e+03
7.200510000000000000e+05
1.482278000000000000e+06
3.908536000000000000e+06
5.711160000000000000e+05
5.172000000000000000e+03
4.420000000000000000e+02
7.272130000000000000e+05
1.441466000000000000e+06
6.537370000000000000e+05
2.236258000000000000e+06
6.586380000000000000e+05
6.399100000000000000e+04
2.315844000000000000e+06
2.210700000000000000e+05
4.336393000000000000e+06
8.231260000000000000e+05
1.718000000000000000e+04
2.856000000000000000e+03
8.439140000000000000e+05
1.871672000000000000e+06
7.171020000000000000e+05
2.490356000000000000e+06
3.704880000000000000e+05
4.849700000000000000e+04
2.958600000000000000e+04
1.627719000000000000e+06
3.881280000000000000e+06
3.201935000000000000e+06
2.722360000000000000e+05
3.918700000000000000e+04
2.141300000000000000e+04
1.739271000000000000e+06
1.699858000000000000e+06
2.675920000000000000e+05
3.412060000000000000e+06
2.553640000000000000e+05
1.202138000000000000e+06
2.725057000000000000e+06
3.541927000000000000e+06
3.942382000000000000e+06
3.193590000000000000e+05
4.725900000000000000e+04
8.974050000000000000e+05
2.166855000000000000e+06
2.578165000000000000e+06
5.397080000000000000e+05
9.902500000000000000e+04
2.158000000000000000e+03
6.691380000000000000e+05
1.390967000000000000e+06
