2.081500000000000000e+06
7.234800000000000000e+04
4.299000000000000000e+03
6.087580000000000000e+05
1.783345000000000000e+06
2.212480000000000000e+05
3.016565000000000000e+06
4.103160000000000000e+05
6.630500000000000000e+04
1.069836000000000000e+06
2.799238000000000000e+06
3.237221000000000000e+06
5.356060000000000000e+05
3.137070000000000000e+05
2.673000000000000000e+04
3.488807000000000000e+06
2.040784000000000000e+06
1.793285000000000000e+06
3.265760000000000000e+05
3.489240000000000000e+06
2.396350000000000000e+05
1.013450000000000000e+05
1.731311000000000000e+06
4.007219000000000000e+06
5.386220000000000000e+05
2.494226000000000000e+06
2.421810000000000000e+05
6.727470000000000000e+05
1.354875000000000000e+06
1.737740000000000000e+05
3.876800000000000000e+04
1.059700000000000000e+05
2.990000000000000000e+03
9.483820000000000000e+05
8.102210000000000000e+05
3.228074000000000000e+06
2.487496000000000000e+06
2.073600000000000000e+05
5.374600000000000000e+04
1.578900000000000000e+04
1.939700000000000000e+04
1.925687000000000000e+06
6.465390000000000000e+05
2.652932000000000000e+06
2.334400000000000000e+05
8.653290000000000000e+05
2.437583000000000000e+06
3.245600000000000000e+06
4.700280000000000000e+05
3.077557000000000000e+06
1.774600000000000000e+05
8.835610000000000000e+05
2.215382000000000000e+06
1.726250000000000000e+05
2.027160000000000000e+06
4.197990000000000000e+05
2.673200000000000000e+04
8.795900000000000000e+05
2.302760000000000000e+05
3.475602000000000000e+06
5.704120000000000000e+05
2.907650000000000000e+05
1.490100000000000000e+04
1.979502000000000000e+06
1.325663000000000000e+06
1.359397000000000000e+06
2.410830000000000000e+06
2.347520000000000000e+05
2.617900000000000000e+04
6.877890000000000000e+05
2.058851000000000000e+06
3.030819000000000000e+06
2.705999000000000000e+06
4.363610000000000000e+05
4.389300000000000000e+04
2.275924000000000000e+06
2.109390000000000000e+05
4.559500000000000000e+04
1.973485000000000000e+06
2.811980000000000000e+05
2.759100000000000000e+04
5.291640000000000000e+05
1.592423000000000000e+06
3.222733000000000000e+06
1.710426000000000000e+06
1.595310000000000000e+05
1.434000000000000000e+04
2.658020000000000000e+05
8.879540000000000000e+05
7.557300000000000000e+04
6.235460000000000000e+05
1.196370000000000000e+05
0.000000000000000000e+00
1.916220000000000000e+05
6.541270000000000000e+05
3.065690000000000000e+06
5.402040000000000000e+05
1.730040000000000000e+05
1.113700000000000000e+04
1.093262000000000000e+06
5.618500000000000000e+04
9.022460000000000000e+05
4.530470000000000000e+05
1.436900000000000000e+06
8.514000000000000000e+04
4.269260000000000000e+05
1.276075000000000000e+06
3.165828000000000000e+06
1.839310000000000000e+06
2.554460000000000000e+05
3.316700000000000000e+04
1.550189000000000000e+06
1.327310000000000000e+05
1.146440000000000000e+06
5.016640000000000000e+05
2.119720000000000000e+05
0.000000000000000000e+00
1.504858000000000000e+06
7.300620000000000000e+05
3.636757000000000000e+06
4.214660000000000000e+05
1.257075000000000000e+06
2.700700000000000000e+04
2.553890000000000000e+05
9.306910000000000000e+05
4.757000000000000000e+04
4.978430000000000000e+05
1.187640000000000000e+05
6.634000000000000000e+03
1.281030000000000000e+05
5.213570000000000000e+05
3.494941000000000000e+06
4.969330000000000000e+05
5.191800000000000000e+04
0.000000000000000000e+00
7.202350000000000000e+05
5.085900000000000000e+04
6.929700000000000000e+05
3.388370000000000000e+05
1.452690000000000000e+05
5.804000000000000000e+03
1.093371000000000000e+06
6.517600000000000000e+04
3.284659000000000000e+06
7.043360000000000000e+05
1.145100000000000000e+04
0.000000000000000000e+00
1.701720000000000000e+05
1.052649000000000000e+06
