4.759770000000000000e+05
3.220430000000000000e+05
2.963300000000000000e+04
4.279466000000000000e+06
1.232230000000000000e+05
5.252098000000000000e+06
1.741953000000000000e+06
7.308180000000000000e+05
7.776600000000000000e+04
7.450725000000000000e+06
2.422910000000000000e+05
3.553129000000000000e+06
2.167532000000000000e+06
1.957420000000000000e+05
1.400020000000000000e+05
2.741045000000000000e+06
6.943210000000000000e+05
4.246582000000000000e+06
5.849340000000000000e+05
3.394900000000000000e+04
3.512000000000000000e+03
8.215610000000000000e+05
3.224300000000000000e+05
9.448560000000000000e+05
1.371160000000000000e+05
8.668000000000000000e+05
4.404500000000000000e+04
8.454400000000000000e+04
6.906340000000000000e+05
3.949345000000000000e+06
5.644470000000000000e+05
6.881347000000000000e+06
3.014030000000000000e+05
1.296978000000000000e+06
3.532830000000000000e+06
7.469980000000000000e+05
7.745970000000000000e+05
2.507400000000000000e+05
0.000000000000000000e+00
1.381280000000000000e+05
5.149270000000000000e+05
3.887378000000000000e+06
5.953390000000000000e+05
2.852300000000000000e+04
2.071000000000000000e+03
4.834160000000000000e+05
4.454600000000000000e+04
5.391470000000000000e+05
4.190620000000000000e+05
1.328160000000000000e+05
0.000000000000000000e+00
5.066260000000000000e+05
8.562000000000000000e+04
2.691208000000000000e+06
5.992500000000000000e+05
3.101560000000000000e+05
1.647600000000000000e+04
2.652800000000000000e+04
1.262170000000000000e+05
6.397810000000000000e+05
3.356770000000000000e+05
8.106000000000000000e+04
3.399000000000000000e+03
3.321500000000000000e+05
2.215597000000000000e+06
2.835620000000000000e+06
4.210492000000000000e+06
9.608340000000000000e+05
1.313120000000000000e+05
8.987830000000000000e+05
4.872233000000000000e+06
4.793710000000000000e+05
3.650079000000000000e+06
1.263435000000000000e+06
1.434730000000000000e+05
1.663690000000000000e+06
1.594470000000000000e+05
4.028943000000000000e+06
7.193950000000000000e+05
1.170760000000000000e+05
2.306000000000000000e+03
3.795560000000000000e+05
4.485700000000000000e+04
6.793480000000000000e+05
2.347060000000000000e+05
6.011900000000000000e+04
1.261000000000000000e+03
5.156290000000000000e+05
2.764720000000000000e+05
2.803821000000000000e+06
3.748140000000000000e+05
1.053800000000000000e+04
0.000000000000000000e+00
5.352450000000000000e+05
2.203610000000000000e+05
7.639590000000000000e+05
5.156500000000000000e+04
6.187950000000000000e+05
2.081100000000000000e+04
1.326910000000000000e+05
5.270320000000000000e+05
2.557486000000000000e+06
5.456570000000000000e+05
1.907300000000000000e+04
0.000000000000000000e+00
4.814690000000000000e+05
2.447910000000000000e+05
7.777740000000000000e+05
2.865900000000000000e+04
6.904080000000000000e+05
1.888400000000000000e+04
1.464030000000000000e+05
5.848400000000000000e+05
2.821498000000000000e+06
7.796600000000000000e+05
1.789490000000000000e+05
2.788200000000000000e+04
7.712400000000000000e+04
6.107310000000000000e+05
4.978690000000000000e+05
4.967140000000000000e+05
2.099950000000000000e+05
2.031000000000000000e+04
7.519800000000000000e+04
6.575070000000000000e+05
2.706549000000000000e+06
9.077840000000000000e+05
1.694090000000000000e+05
5.525000000000000000e+03
6.509750000000000000e+05
3.052200000000000000e+04
6.005080000000000000e+05
4.327850000000000000e+05
7.640600000000000000e+04
0.000000000000000000e+00
7.638840000000000000e+05
5.053800000000000000e+04
2.818867000000000000e+06
6.598480000000000000e+05
4.951350000000000000e+05
1.275400000000000000e+04
5.830100000000000000e+04
1.271160000000000000e+05
6.708630000000000000e+05
2.050624000000000000e+06
8.952820000000000000e+05
6.088600000000000000e+04
4.144300000000000000e+04
2.487360000000000000e+05
