2.098878000000000000e+06
6.567360000000000000e+05
4.606100000000000000e+04
8.956670000000000000e+05
5.243220000000000000e+06
8.929740000000000000e+05
1.027123000000000000e+06
5.021660000000000000e+05
2.847100000000000000e+04
6.473400000000000000e+04
1.580210000000000000e+05
3.576339000000000000e+06
3.719080000000000000e+05
3.714130000000000000e+05
7.843000000000000000e+03
4.786900000000000000e+04
1.808260000000000000e+05
5.061910000000000000e+05
3.487600000000000000e+04
5.940390000000000000e+05
1.971000000000000000e+04
1.369660000000000000e+05
7.561680000000000000e+05
2.527099000000000000e+06
7.157100000000000000e+05
5.047000000000000000e+03
0.000000000000000000e+00
3.041600000000000000e+04
8.447710000000000000e+05
5.505850000000000000e+05
4.245000000000000000e+04
9.197000000000000000e+03
0.000000000000000000e+00
8.126260000000000000e+05
2.805600000000000000e+05
3.082712000000000000e+06
4.086620000000000000e+05
7.922340000000000000e+05
5.320000000000000000e+04
1.019430000000000000e+05
2.831300000000000000e+05
1.164837000000000000e+06
1.086479000000000000e+06
4.861870000000000000e+05
3.257300000000000000e+04
9.933300000000000000e+04
1.710839000000000000e+06
3.076522000000000000e+06
1.534301000000000000e+06
5.732830000000000000e+05
3.833400000000000000e+04
1.765281000000000000e+06
6.428000000000000000e+04
5.946360000000000000e+05
1.000928000000000000e+06
1.673598000000000000e+06
5.974800000000000000e+04
2.847360000000000000e+05
4.889520000000000000e+05
4.040923000000000000e+06
4.179020000000000000e+05
1.732200000000000000e+04
0.000000000000000000e+00
0.000000000000000000e+00
9.282000000000000000e+03
0.000000000000000000e+00
0.000000000000000000e+00
0.000000000000000000e+00
0.000000000000000000e+00
0.000000000000000000e+00
0.000000000000000000e+00
1.495198000000000000e+06
1.781577000000000000e+06
8.281640000000000000e+05
5.969800000000000000e+04
2.371700000000000000e+04
8.510000000000000000e+03
7.728000000000000000e+03
3.072000000000000000e+03
3.072000000000000000e+03
0.000000000000000000e+00
4.572557000000000000e+06
6.015540000000000000e+05
3.702895000000000000e+06
1.040907000000000000e+06
5.404700000000000000e+05
4.990100000000000000e+04
1.423300000000000000e+04
2.394580000000000000e+05
1.394059000000000000e+06
9.298650000000000000e+05
7.106870000000000000e+05
8.629100000000000000e+04
9.128800000000000000e+04
1.329662000000000000e+06
2.897790000000000000e+06
9.080020000000000000e+05
3.385800000000000000e+04
8.053000000000000000e+03
9.945670000000000000e+05
1.147650000000000000e+05
4.706040000000000000e+05
9.058150000000000000e+05
8.500600000000000000e+04
6.868000000000000000e+03
1.283354000000000000e+06
1.507885000000000000e+06
2.812486000000000000e+06
3.804840000000000000e+05
1.281572000000000000e+06
1.101630000000000000e+05
2.779550000000000000e+05
1.186874000000000000e+06
5.312648000000000000e+06
1.338390000000000000e+05
7.448401000000000000e+06
1.547920000000000000e+05
2.117888000000000000e+06
1.078595000000000000e+06
7.106702000000000000e+06
2.089551000000000000e+06
1.517972000000000000e+06
1.373080000000000000e+05
9.208700000000000000e+04
2.363073000000000000e+06
1.521070000000000000e+05
9.115270000000000000e+05
1.723361000000000000e+06
9.441500000000000000e+04
3.027340000000000000e+05
2.902530000000000000e+05
4.241450000000000000e+06
3.012630000000000000e+05
7.149450000000000000e+05
5.634900000000000000e+04
2.642850000000000000e+05
1.258943000000000000e+06
4.820300000000000000e+04
6.633400000000000000e+05
6.159550000000000000e+05
3.771000000000000000e+04
5.325600000000000000e+04
1.732247000000000000e+06
3.561197000000000000e+06
8.880890000000000000e+05
2.611400000000000000e+04
0.000000000000000000e+00
4.674000000000000000e+03
1.232418000000000000e+06
