5.708850000000000000e+05
4.749340000000000000e+05
4.087000000000000000e+04
2.191900000000000000e+04
1.014105000000000000e+06
2.922375000000000000e+06
5.952690000000000000e+05
2.037800000000000000e+04
0.000000000000000000e+00
5.218350000000000000e+05
4.631400000000000000e+04
5.362180000000000000e+05
2.584390000000000000e+05
3.254000000000000000e+04
0.000000000000000000e+00
2.637950000000000000e+05
1.377040000000000000e+05
2.778829000000000000e+06
2.490850000000000000e+05
1.345310000000000000e+05
1.319800000000000000e+04
9.743300000000000000e+04
7.271600000000000000e+04
6.032420000000000000e+05
4.244900000000000000e+04
7.429900000000000000e+04
7.904000000000000000e+03
4.351000000000000000e+03
1.494700000000000000e+04
2.229169000000000000e+06
3.573280000000000000e+05
9.689900000000000000e+04
5.755000000000000000e+03
1.690000000000000000e+02
3.495080000000000000e+05
3.675280000000000000e+05
1.222280000000000000e+05
1.442140000000000000e+05
9.439000000000000000e+03
4.266600000000000000e+04
1.147852000000000000e+06
3.221603000000000000e+06
2.561267000000000000e+06
1.559170000000000000e+05
3.680000000000000000e+04
2.696845000000000000e+06
3.001010000000000000e+05
9.251190000000000000e+05
8.309100000000000000e+04
7.643980000000000000e+05
2.606300000000000000e+04
3.192100000000000000e+05
3.249600000000000000e+05
3.467773000000000000e+06
4.562750000000000000e+05
3.291900000000000000e+04
0.000000000000000000e+00
0.000000000000000000e+00
2.857120000000000000e+05
4.512790000000000000e+05
2.102450000000000000e+05
1.533900000000000000e+04
0.000000000000000000e+00
2.875340000000000000e+05
1.057520000000000000e+05
2.455809000000000000e+06
4.573900000000000000e+05
2.621220000000000000e+05
2.647000000000000000e+03
1.236700000000000000e+04
6.046200000000000000e+04
7.698530000000000000e+05
2.363770000000000000e+05
3.804100000000000000e+05
1.617200000000000000e+04
6.687000000000000000e+03
5.481180000000000000e+05
2.309827000000000000e+06
5.319820000000000000e+05
2.121960000000000000e+05
1.102100000000000000e+04
7.932100000000000000e+04
5.105000000000000000e+03
4.301610000000000000e+05
1.576670000000000000e+05
1.003760000000000000e+05
0.000000000000000000e+00
7.114300000000000000e+04
2.613700000000000000e+04
2.016477000000000000e+06
3.225250000000000000e+05
8.079000000000000000e+03
0.000000000000000000e+00
2.108210000000000000e+05
6.489800000000000000e+04
3.885510000000000000e+05
1.795540000000000000e+05
6.413700000000000000e+04
0.000000000000000000e+00
2.353900000000000000e+04
1.644300000000000000e+04
1.759798000000000000e+06
2.658540000000000000e+05
7.300600000000000000e+04
2.847000000000000000e+03
1.253400000000000000e+04
1.859780000000000000e+05
3.167250000000000000e+05
2.784300000000000000e+04
1.006790000000000000e+05
1.494000000000000000e+04
1.156100000000000000e+04
1.121460000000000000e+05
1.533677000000000000e+06
2.215710000000000000e+05
7.996900000000000000e+04
5.722000000000000000e+03
1.525200000000000000e+04
8.413000000000000000e+03
3.336660000000000000e+05
1.321100000000000000e+04
5.107000000000000000e+03
0.000000000000000000e+00
3.461000000000000000e+04
9.436000000000000000e+03
1.101292000000000000e+06
2.572750000000000000e+05
4.488700000000000000e+04
0.000000000000000000e+00
1.116600000000000000e+04
2.739500000000000000e+04
2.145460000000000000e+05
5.159300000000000000e+04
1.246100000000000000e+04
0.000000000000000000e+00
2.545300000000000000e+04
1.391400000000000000e+04
1.543957000000000000e+06
2.033300000000000000e+05
3.867900000000000000e+04
6.221000000000000000e+03
3.743500000000000000e+04
6.299900000000000000e+04
2.813440000000000000e+05
1.170990000000000000e+05
5.398000000000000000e+03
0.000000000000000000e+00
0.000000000000000000e+00
1.090450000000000000e+05
