2.763820000000000000e+05
6.357000000000000000e+03
0.000000000000000000e+00
0.000000000000000000e+00
5.578800000000000000e+04
7.734000000000000000e+03
1.602280000000000000e+05
1.098910000000000000e+05
4.082000000000000000e+03
4.400000000000000000e+04
2.156000000000000000e+04
1.215217000000000000e+06
3.332500000000000000e+05
4.740000000000000000e+04
1.088800000000000000e+04
0.000000000000000000e+00
1.748210000000000000e+05
1.574500000000000000e+04
7.425200000000000000e+04
6.347600000000000000e+04
0.000000000000000000e+00
5.748800000000000000e+04
1.295700000000000000e+04
1.276780000000000000e+06
2.323620000000000000e+05
1.734200000000000000e+04
0.000000000000000000e+00
2.668900000000000000e+04
1.865000000000000000e+03
2.674600000000000000e+04
1.639400000000000000e+04
3.386000000000000000e+03
0.000000000000000000e+00
1.381100000000000000e+04
5.986000000000000000e+03
1.073654000000000000e+06
2.319380000000000000e+05
1.267800000000000000e+04
0.000000000000000000e+00
1.864600000000000000e+04
1.340600000000000000e+04
2.999000000000000000e+03
1.795400000000000000e+04
0.000000000000000000e+00
0.000000000000000000e+00
0.000000000000000000e+00
2.189200000000000000e+04
7.993770000000000000e+05
2.297340000000000000e+05
5.186700000000000000e+04
6.010000000000000000e+03
4.748800000000000000e+04
3.127100000000000000e+04
9.754060000000000000e+05
2.732000000000000000e+04
3.925000000000000000e+04
0.000000000000000000e+00
0.000000000000000000e+00
9.801900000000000000e+04
1.094368000000000000e+06
1.343052000000000000e+06
3.552871000000000000e+06
1.944240000000000000e+05
8.556000000000000000e+04
4.794305000000000000e+06
4.268599000000000000e+06
6.920860000000000000e+05
1.030757000000000000e+06
6.903300000000000000e+04
4.992540000000000000e+05
3.333960000000000000e+05
4.286547000000000000e+06
5.105900000000000000e+05
2.391053000000000000e+06
4.020660000000000000e+05
2.806596000000000000e+06
5.516545000000000000e+06
5.603200000000000000e+05
1.668208000000000000e+06
4.946022000000000000e+06
2.881470000000000000e+05
1.056840000000000000e+05
6.473764000000000000e+06
5.204166000000000000e+06
9.196807000000000000e+06
9.437000000000000000e+04
1.643610000000000000e+05
6.077805000000000000e+06
2.986599000000000000e+06
1.819750000000000000e+05
9.061700000000000000e+04
3.326600000000000000e+04
2.230000000000000000e+02
7.105800000000000000e+04
1.846000000000000000e+04
3.893424000000000000e+06
6.393970000000000000e+05
1.314327000000000000e+06
2.725300000000000000e+04
3.072000000000000000e+03
3.594892000000000000e+06
9.317570000000000000e+05
4.195198000000000000e+06
1.061890000000000000e+05
6.559900000000000000e+04
2.787218000000000000e+06
1.960817000000000000e+06
3.129108000000000000e+06
3.686260000000000000e+05
3.353267000000000000e+06
3.905860000000000000e+05
4.046130000000000000e+06
1.020245600000000000e+07
2.192408000000000000e+06
5.212671000000000000e+06
4.781560000000000000e+05
1.258810000000000000e+05
3.022590000000000000e+05
6.132600000000000000e+04
4.626693000000000000e+06
4.686310000000000000e+05
3.199590000000000000e+05
9.983000000000000000e+03
2.416910000000000000e+06
1.016751000000000000e+06
1.122200000000000000e+05
1.610619000000000000e+06
5.325819000000000000e+06
1.754970000000000000e+05
1.807330000000000000e+05
5.392058000000000000e+06
4.817695000000000000e+06
1.442085000000000000e+06
4.720600000000000000e+04
0.000000000000000000e+00
4.293200000000000000e+04
3.943400000000000000e+04
1.705500000000000000e+04
1.058090000000000000e+05
4.594800000000000000e+04
0.000000000000000000e+00
8.014000000000000000e+04
6.937300000000000000e+04
2.889203000000000000e+06
3.838650000000000000e+05
4.273900000000000000e+04
2.528000000000000000e+03
1.623960000000000000e+05
2.733900000000000000e+04
