7.631000000000000000e+04
1.198690000000000000e+05
5.760000000000000000e+02
2.232300000000000000e+05
3.300740000000000000e+05
1.823696000000000000e+06
5.458760000000000000e+05
2.047200000000000000e+04
0.000000000000000000e+00
0.000000000000000000e+00
2.077220000000000000e+05
5.598300000000000000e+05
4.158890000000000000e+05
1.616700000000000000e+04
1.033000000000000000e+03
9.711600000000000000e+04
8.765100000000000000e+04
1.986993000000000000e+06
3.692480000000000000e+05
1.884310000000000000e+05
1.243700000000000000e+04
4.272600000000000000e+04
1.909600000000000000e+04
4.512600000000000000e+05
4.330000000000000000e+04
1.377400000000000000e+04
3.400000000000000000e+03
3.868300000000000000e+04
6.605100000000000000e+04
1.489521000000000000e+06
3.696720000000000000e+05
5.075400000000000000e+04
3.344000000000000000e+03
1.486780000000000000e+05
1.801950000000000000e+05
4.094510000000000000e+05
2.339850000000000000e+05
2.440000000000000000e+04
0.000000000000000000e+00
1.643340000000000000e+05
8.101400000000000000e+04
1.766223000000000000e+06
5.833410000000000000e+05
1.165200000000000000e+04
1.590000000000000000e+02
2.662700000000000000e+04
4.649900000000000000e+04
4.396250000000000000e+05
5.700800000000000000e+04
3.077400000000000000e+04
0.000000000000000000e+00
2.545400000000000000e+04
9.747000000000000000e+03
1.577940000000000000e+06
4.311640000000000000e+05
3.588400000000000000e+04
2.641000000000000000e+03
7.297100000000000000e+04
4.218400000000000000e+04
4.687870000000000000e+05
5.020000000000000000e+03
2.301920000000000000e+05
3.253100000000000000e+04
4.096960000000000000e+05
1.839630000000000000e+05
2.270207000000000000e+06
3.807200000000000000e+05
3.651450000000000000e+05
3.337700000000000000e+04
2.437760000000000000e+05
1.851490000000000000e+05
7.388700000000000000e+05
2.898500000000000000e+04
1.061350000000000000e+05
5.559000000000000000e+03
1.537690000000000000e+05
4.075000000000000000e+03
1.861845000000000000e+06
3.819680000000000000e+05
7.499200000000000000e+04
0.000000000000000000e+00
3.520000000000000000e+03
5.346762000000000000e+06
1.959999000000000000e+06
1.118016100000000000e+07
3.105410000000000000e+05
3.474000000000000000e+05
7.662063000000000000e+06
1.022885400000000000e+07
6.673315000000000000e+06
4.284970000000000000e+05
4.164338000000000000e+06
7.254950000000000000e+05
1.023669000000000000e+07
1.088173700000000000e+07
4.086180000000000000e+06
1.953305000000000000e+06
1.107477100000000000e+07
4.930720000000000000e+05
4.116150000000000000e+06
3.577926000000000000e+06
5.711509000000000000e+06
7.786720000000000000e+05
1.656320000000000000e+05
7.670000000000000000e+03
2.934090000000000000e+05
2.174500000000000000e+05
1.032854000000000000e+06
3.702400000000000000e+04
1.100090000000000000e+05
2.133000000000000000e+03
7.535100000000000000e+04
6.030600000000000000e+04
2.358114000000000000e+06
4.861620000000000000e+05
2.882720000000000000e+05
3.311300000000000000e+04
2.500500000000000000e+04
2.782750000000000000e+05
7.715320000000000000e+05
6.701400000000000000e+04
6.487600000000000000e+04
4.099000000000000000e+03
2.697240000000000000e+05
7.808300000000000000e+04
2.544970000000000000e+06
4.852330000000000000e+05
8.321400000000000000e+04
0.000000000000000000e+00
1.475800000000000000e+04
1.539400000000000000e+04
5.681500000000000000e+05
1.187510000000000000e+05
1.197500000000000000e+04
0.000000000000000000e+00
1.280010000000000000e+05
1.312360000000000000e+05
1.010141000000000000e+07
6.985340000000000000e+05
2.172160000000000000e+06
3.636210000000000000e+05
7.477857000000000000e+06
8.761286000000000000e+06
3.960036000000000000e+06
1.567117000000000000e+06
1.203032900000000000e+07
5.663250000000000000e+05
3.041760000000000000e+05
9.816784000000000000e+06
