8.389100000000000000e+05
1.018870000000000000e+05
1.077700000000000000e+04
5.791500000000000000e+04
8.423900000000000000e+04
4.459500000000000000e+04
4.320700000000000000e+04
4.143600000000000000e+04
5.291000000000000000e+03
2.882633000000000000e+06
9.007570000000000000e+05
6.895698000000000000e+06
5.826719000000000000e+06
1.922598000000000000e+06
2.035670000000000000e+05
4.379631000000000000e+06
8.769300000000000000e+05
5.559441000000000000e+06
5.837894000000000000e+06
1.363622000000000000e+06
1.672190000000000000e+05
7.832849000000000000e+06
6.835410000000000000e+06
9.620668000000000000e+06
5.367622000000000000e+06
8.989770000000000000e+06
1.364340000000000000e+05
1.774693000000000000e+06
3.885429000000000000e+06
5.843290000000000000e+05
1.556444000000000000e+06
1.837540000000000000e+05
1.877600000000000000e+04
7.518400000000000000e+04
1.777092000000000000e+06
5.568646000000000000e+06
2.147961000000000000e+06
2.870675000000000000e+06
2.428080000000000000e+05
6.807680000000000000e+05
2.176049000000000000e+06
1.515668000000000000e+06
6.908820000000000000e+05
5.631770000000000000e+05
2.246600000000000000e+04
1.494340000000000000e+05
6.570870000000000000e+05
1.985375000000000000e+06
3.294510000000000000e+05
1.797800000000000000e+04
0.000000000000000000e+00
3.109190000000000000e+05
3.637997000000000000e+06
2.836483000000000000e+06
8.655955000000000000e+06
3.591599000000000000e+06
3.237280000000000000e+05
6.374980000000000000e+05
1.385530000000000000e+05
4.033429000000000000e+06
3.608900000000000000e+05
6.315300000000000000e+04
0.000000000000000000e+00
7.663500000000000000e+04
1.325640000000000000e+05
3.122100000000000000e+04
5.835600000000000000e+04
3.803300000000000000e+04
8.909000000000000000e+03
5.735500000000000000e+04
6.156000000000000000e+04
8.979020000000000000e+05
2.627220000000000000e+05
6.886300000000000000e+04
4.496000000000000000e+03
3.576000000000000000e+04
5.615600000000000000e+04
4.661600000000000000e+04
7.439500000000000000e+04
0.000000000000000000e+00
0.000000000000000000e+00
5.256500000000000000e+04
1.533500000000000000e+04
9.460220000000000000e+05
2.756760000000000000e+05
4.531200000000000000e+04
1.770000000000000000e+02
0.000000000000000000e+00
9.771900000000000000e+04
4.962290000000000000e+05
6.065000000000000000e+03
3.031100000000000000e+04
2.020000000000000000e+02
1.227803000000000000e+06
2.380010000000000000e+05
9.929830000000000000e+05
2.480970000000000000e+05
5.247700000000000000e+04
0.000000000000000000e+00
2.465700000000000000e+04
5.615200000000000000e+04
1.350000000000000000e+04
3.762700000000000000e+04
4.412100000000000000e+04
1.770000000000000000e+02
4.854900000000000000e+04
7.265700000000000000e+04
4.792120000000000000e+05
2.861330000000000000e+05
6.574900000000000000e+04
0.000000000000000000e+00
2.984900000000000000e+04
5.917800000000000000e+04
1.574900000000000000e+04
4.065000000000000000e+04
4.748000000000000000e+04
0.000000000000000000e+00
4.483300000000000000e+04
1.592600000000000000e+04
5.566000000000000000e+05
2.642460000000000000e+05
5.509100000000000000e+04
1.860000000000000000e+02
3.418800000000000000e+04
5.297400000000000000e+04
4.193400000000000000e+04
2.462300000000000000e+04
4.278700000000000000e+04
1.680000000000000000e+02
4.128600000000000000e+04
7.223600000000000000e+04
1.121562000000000000e+06
2.738580000000000000e+05
4.913000000000000000e+04
1.890000000000000000e+02
1.819949900000000000e+07
3.241895000000000000e+06
2.192978000000000000e+06
2.192396000000000000e+06
7.428720000000000000e+05
4.229200000000000000e+04
1.380326000000000000e+06
9.238770000000000000e+05
3.905419000000000000e+06
1.483287000000000000e+06
1.213616000000000000e+06
9.843700000000000000e+04
1.005145000000000000e+06
2.687830000000000000e+05
