5.580580000000000000e+05
8.137990000000000000e+05
6.460100000000000000e+04
2.815590000000000000e+05
8.098770000000000000e+05
2.358405000000000000e+06
7.335460000000000000e+05
8.118990000000000000e+05
5.337400000000000000e+04
1.835312000000000000e+06
4.708059000000000000e+06
6.721624000000000000e+06
2.769780000000000000e+06
3.990955000000000000e+06
1.628970000000000000e+05
5.724722000000000000e+06
1.212377000000000000e+06
6.462810000000000000e+06
3.353026000000000000e+06
6.354892000000000000e+06
1.306650000000000000e+05
1.886298000000000000e+06
5.715340000000000000e+06
3.655224000000000000e+06
5.483910000000000000e+05
1.089139000000000000e+06
1.034590000000000000e+05
2.199510000000000000e+05
1.216238000000000000e+06
3.256817000000000000e+06
1.304616000000000000e+06
3.948110000000000000e+05
2.403300000000000000e+04
9.433600000000000000e+05
7.851310000000000000e+05
1.435351000000000000e+06
4.138250000000000000e+05
7.500730000000000000e+05
4.480200000000000000e+04
7.551720000000000000e+05
1.625930000000000000e+05
1.833257000000000000e+06
1.038182000000000000e+06
7.389570000000000000e+05
5.272900000000000000e+04
4.204040000000000000e+05
1.469030000000000000e+05
1.863503000000000000e+06
5.289738000000000000e+06
3.801205000000000000e+06
1.620660000000000000e+05
4.830021000000000000e+06
4.177814000000000000e+06
2.675816000000000000e+06
2.126876000000000000e+06
4.117581000000000000e+06
9.708100000000000000e+04
1.312876000000000000e+06
1.786300000000000000e+06
1.232738000000000000e+06
1.162698000000000000e+06
4.089860000000000000e+05
2.411400000000000000e+04
9.330470000000000000e+05
7.845760000000000000e+05
2.374420000000000000e+06
1.354063000000000000e+06
9.626900000000000000e+05
1.339390000000000000e+05
4.192610000000000000e+05
7.029290000000000000e+05
5.139420000000000000e+05
1.094884000000000000e+06
3.846840000000000000e+05
1.769600000000000000e+04
2.247000000000000000e+03
1.464419000000000000e+06
3.852764000000000000e+06
9.103990000000000000e+05
1.904247000000000000e+06
7.990000000000000000e+04
1.461621000000000000e+06
4.017630000000000000e+05
1.478925000000000000e+06
5.503360000000000000e+05
6.461960000000000000e+05
6.651200000000000000e+04
7.294830000000000000e+05
1.834120000000000000e+05
2.530683000000000000e+06
8.358370000000000000e+05
3.611945000000000000e+06
1.380720000000000000e+05
6.259858000000000000e+06
6.600325000000000000e+06
7.158766000000000000e+06
1.192178000000000000e+06
5.971012000000000000e+06
1.751700000000000000e+05
5.102964000000000000e+06
3.750934000000000000e+06
3.196142000000000000e+06
1.498511000000000000e+06
1.847544000000000000e+06
1.089350000000000000e+05
1.499656000000000000e+06
3.710062000000000000e+06
4.602359000000000000e+06
7.903090000000000000e+05
9.396280000000000000e+05
8.369700000000000000e+04
6.080820000000000000e+05
4.323690000000000000e+06
6.067105000000000000e+06
8.655540000000000000e+05
2.449817000000000000e+06
1.110460000000000000e+05
6.469320000000000000e+05
1.558590000000000000e+05
8.809440000000000000e+05
1.998842000000000000e+06
3.360857000000000000e+06
6.632300000000000000e+04
2.714936000000000000e+06
4.757965000000000000e+06
2.519597000000000000e+06
2.532232000000000000e+06
6.632980000000000000e+05
8.433700000000000000e+04
5.174150000000000000e+05
1.343610000000000000e+05
1.076731000000000000e+06
2.345402000000000000e+06
2.846677000000000000e+06
5.718500000000000000e+04
1.016626000000000000e+06
2.363762000000000000e+06
2.908679000000000000e+06
8.389190000000000000e+05
2.288740000000000000e+05
2.341000000000000000e+04
2.099990000000000000e+05
6.358080000000000000e+05
7.819900000000000000e+05
6.740600000000000000e+05
4.293240000000000000e+05
1.320800000000000000e+04
5.700570000000000000e+05
4.557780000000000000e+05
