8.130590000000000000e+05
2.842800000000000000e+05
3.081200000000000000e+04
4.980220000000000000e+05
4.391850000000000000e+05
6.037620000000000000e+05
6.393100000000000000e+04
3.154550000000000000e+05
6.685700000000000000e+04
5.401080000000000000e+05
5.159350000000000000e+05
8.318090000000000000e+05
5.497890000000000000e+05
5.103590000000000000e+05
4.492800000000000000e+04
4.497560000000000000e+05
3.691570000000000000e+05
7.625000000000000000e+04
4.557080000000000000e+05
2.342250000000000000e+05
4.694000000000000000e+03
3.493010000000000000e+05
5.639770000000000000e+05
8.221700000000000000e+05
4.573510000000000000e+05
4.717700000000000000e+05
3.714300000000000000e+04
4.147330000000000000e+05
3.501490000000000000e+05
2.913890000000000000e+05
3.695760000000000000e+05
2.385470000000000000e+05
3.068900000000000000e+04
1.534910000000000000e+05
3.573450000000000000e+05
6.662360000000000000e+05
1.250310000000000000e+05
1.408490000000000000e+05
4.352500000000000000e+04
2.804090000000000000e+05
1.021820000000000000e+05
1.395360000000000000e+05
1.089390000000000000e+05
1.057970000000000000e+05
1.970000000000000000e+03
5.757100000000000000e+04
1.438650000000000000e+05
5.567890000000000000e+05
2.323380000000000000e+05
5.081200000000000000e+04
4.082000000000000000e+03
1.098810000000000000e+05
8.444700000000000000e+04
3.742600000000000000e+04
3.686600000000000000e+04
1.017240000000000000e+05
7.032000000000000000e+03
4.831300000000000000e+04
4.414600000000000000e+04
4.199890000000000000e+05
1.557600000000000000e+05
7.084800000000000000e+04
2.357000000000000000e+03
6.050200000000000000e+04
6.862500000000000000e+04
1.241600000000000000e+04
6.306700000000000000e+04
7.830200000000000000e+04
6.318000000000000000e+03
6.161300000000000000e+04
8.317800000000000000e+04
6.285190000000000000e+05
2.010910000000000000e+05
4.649500000000000000e+04
1.400600000000000000e+04
7.028600000000000000e+04
1.428750000000000000e+05
7.784900000000000000e+04
7.911500000000000000e+04
5.384000000000000000e+04
1.530000000000000000e+03
5.724600000000000000e+04
6.830600000000000000e+04
3.434750000000000000e+05
1.746280000000000000e+05
3.471000000000000000e+04
2.505000000000000000e+03
5.589400000000000000e+04
2.373304900000000000e+07
5.853378000000000000e+06
1.575521000000000000e+06
2.023090000000000000e+05
8.399000000000000000e+03
1.176580000000000000e+05
7.785600000000000000e+04
4.369970000000000000e+05
8.114300000000000000e+04
3.502200000000000000e+04
7.050000000000000000e+02
7.783700000000000000e+04
3.286351000000000000e+06
2.548130000000000000e+05
6.214900000000000000e+04
3.810700000000000000e+04
3.105000000000000000e+03
7.557500000000000000e+04
6.333700000000000000e+04
5.457850000000000000e+05
4.690598000000000000e+06
5.772710000000000000e+06
1.060210000000000000e+05
6.772709000000000000e+06
9.377843000000000000e+06
6.482653000000000000e+06
8.728190000000000000e+05
1.712530000000000000e+05
1.239100000000000000e+04
6.110900000000000000e+04
1.153590000000000000e+05
6.906040000000000000e+05
1.504680000000000000e+05
6.934000000000000000e+04
1.210000000000000000e+03
7.703400000000000000e+04
3.109031000000000000e+06
2.929760000000000000e+05
5.084000000000000000e+04
2.853700000000000000e+04
2.160000000000000000e+02
1.787685300000000000e+07
1.283579600000000000e+07
9.168730000000000000e+05
3.533180000000000000e+05
1.109640000000000000e+05
1.962100000000000000e+04
1.100230000000000000e+05
3.643454000000000000e+06
4.791060000000000000e+05
3.164800000000000000e+05
1.857250000000000000e+05
2.513600000000000000e+04
3.500800000000000000e+05
4.542640000000000000e+05
3.918169000000000000e+06
3.583170000000000000e+05
3.341290000000000000e+06
1.119910000000000000e+05
3.158197000000000000e+06
7.369652000000000000e+06
