9.426100000000000000e+04
6.827300000000000000e+04
9.881000000000000000e+03
7.075200000000000000e+04
1.993611000000000000e+06
2.074990000000000000e+05
4.796700000000000000e+04
3.523500000000000000e+04
0.000000000000000000e+00
5.828500000000000000e+04
4.275900000000000000e+04
3.835360000000000000e+05
7.726600000000000000e+04
1.218520000000000000e+05
1.310400000000000000e+04
7.661600000000000000e+04
5.464460000000000000e+05
2.891430000000000000e+05
1.302010000000000000e+05
1.273700000000000000e+05
6.827000000000000000e+03
1.889850000000000000e+05
1.740590000000000000e+05
2.831210000000000000e+05
1.038997100000000000e+07
1.076486100000000000e+07
9.595000000000000000e+04
2.633976000000000000e+06
2.668494000000000000e+06
1.074255000000000000e+06
3.585490000000000000e+06
2.459048000000000000e+06
1.014830000000000000e+05
6.056280000000000000e+05
2.320580000000000000e+05
5.498620000000000000e+05
1.843840000000000000e+05
1.578420000000000000e+05
1.220500000000000000e+04
1.184370000000000000e+05
2.126385000000000000e+06
2.953410000000000000e+05
1.037740000000000000e+05
1.328920000000000000e+05
4.550000000000000000e+02
1.618000000000000000e+05
1.856280000000000000e+05
4.026790000000000000e+05
1.203200000000000000e+05
1.158190000000000000e+05
4.348000000000000000e+03
1.188550000000000000e+05
9.663460000000000000e+05
2.792410000000000000e+05
8.436000000000000000e+04
1.311280000000000000e+05
0.000000000000000000e+00
1.080340000000000000e+05
1.556180000000000000e+05
3.039610000000000000e+05
1.735550000000000000e+05
1.521720000000000000e+05
5.605000000000000000e+03
1.463800000000000000e+05
9.396960000000000000e+05
3.011200000000000000e+05
1.170160000000000000e+05
8.976600000000000000e+04
0.000000000000000000e+00
1.550830000000000000e+05
1.727470000000000000e+05
2.798700000000000000e+05
1.714350000000000000e+05
1.578320000000000000e+05
5.643000000000000000e+03
1.703990000000000000e+05
1.218876000000000000e+06
2.688150000000000000e+05
1.186300000000000000e+05
1.531150000000000000e+05
2.356000000000000000e+03
2.040220000000000000e+05
1.695160000000000000e+05
3.948610000000000000e+05
1.947210000000000000e+05
1.961100000000000000e+05
2.919000000000000000e+03
1.921400000000000000e+05
1.020746000000000000e+06
3.062350000000000000e+05
1.719670000000000000e+05
2.183240000000000000e+05
4.096000000000000000e+03
1.967590000000000000e+05
2.502510000000000000e+05
3.802160000000000000e+05
2.779580000000000000e+05
2.347990000000000000e+05
1.100500000000000000e+04
2.915700000000000000e+05
1.125462000000000000e+06
3.995770000000000000e+05
2.761640000000000000e+05
2.922480000000000000e+05
2.049000000000000000e+03
3.868920000000000000e+05
3.701368000000000000e+06
1.156019000000000000e+06
1.938580000000000000e+06
2.328112000000000000e+06
9.777700000000000000e+04
9.872210000000000000e+05
2.312343000000000000e+06
4.707490000000000000e+05
3.407550000000000000e+05
4.161270000000000000e+05
1.023000000000000000e+04
3.866410000000000000e+05
4.523430000000000000e+05
7.090200000000000000e+05
3.133040000000000000e+05
3.484120000000000000e+05
1.774300000000000000e+04
2.560150000000000000e+05
2.169845000000000000e+06
3.947482000000000000e+06
2.228673000000000000e+06
1.936175000000000000e+06
5.854100000000000000e+04
1.022192000000000000e+06
6.515360000000000000e+05
1.531712000000000000e+06
6.176810000000000000e+05
1.513780000000000000e+05
1.002700000000000000e+04
1.240610000000000000e+05
2.715467000000000000e+06
4.900133000000000000e+06
7.409779000000000000e+06
3.439760000000000000e+06
8.111400000000000000e+04
9.838427000000000000e+06
4.696391000000000000e+06
4.288745000000000000e+06
6.026263000000000000e+06
4.422979000000000000e+06
1.625850000000000000e+05
1.068632600000000000e+07
4.193703000000000000e+06
