2.464120000000000000e+05
6.809650000000000000e+05
1.580400000000000000e+04
4.807370000000000000e+05
1.600859000000000000e+06
1.964348000000000000e+06
2.072972000000000000e+06
2.765390000000000000e+05
6.778000000000000000e+03
1.266672000000000000e+06
5.836160000000000000e+05
1.867014000000000000e+06
1.567210000000000000e+05
5.688000000000000000e+03
0.000000000000000000e+00
0.000000000000000000e+00
2.560000000000000000e+02
0.000000000000000000e+00
0.000000000000000000e+00
0.000000000000000000e+00
0.000000000000000000e+00
0.000000000000000000e+00
0.000000000000000000e+00
7.824280000000000000e+05
1.498360000000000000e+05
4.787000000000000000e+04
5.340000000000000000e+02
1.167500000000000000e+05
2.101300000000000000e+04
4.786850000000000000e+05
1.162800000000000000e+05
1.570500000000000000e+04
1.107000000000000000e+03
6.315600000000000000e+04
9.550100000000000000e+04
1.233526000000000000e+06
1.390720000000000000e+05
8.862800000000000000e+04
3.007000000000000000e+03
8.818900000000000000e+04
5.173900000000000000e+04
1.141300000000000000e+05
1.317550000000000000e+05
9.238500000000000000e+04
4.190000000000000000e+02
7.242700000000000000e+04
2.117161000000000000e+06
4.403383000000000000e+06
8.646890000000000000e+05
3.305130000000000000e+06
3.273200000000000000e+04
2.787669000000000000e+06
3.756955000000000000e+06
7.936140000000000000e+05
1.234158000000000000e+06
2.394750000000000000e+05
7.369000000000000000e+03
2.028680000000000000e+05
5.738500000000000000e+04
2.274604000000000000e+06
3.117880000000000000e+05
1.552880000000000000e+05
2.307000000000000000e+03
2.766010000000000000e+05
1.237660000000000000e+05
1.677390000000000000e+05
3.847300000000000000e+04
3.913850000000000000e+05
1.277300000000000000e+04
1.588960000000000000e+05
3.095510000000000000e+05
1.237478000000000000e+06
4.356090000000000000e+05
1.816390000000000000e+05
7.811000000000000000e+03
2.266150000000000000e+05
1.400340000000000000e+05
3.182640000000000000e+05
3.684900000000000000e+04
2.690800000000000000e+05
1.959100000000000000e+04
1.678010000000000000e+05
6.744200000000000000e+04
1.012190000000000000e+06
3.004110000000000000e+05
3.604300000000000000e+04
0.000000000000000000e+00
7.422600000000000000e+04
6.086400000000000000e+04
9.341000000000000000e+04
9.112600000000000000e+04
2.309600000000000000e+04
0.000000000000000000e+00
8.128800000000000000e+04
4.696800000000000000e+04
5.653880000000000000e+05
3.132470000000000000e+05
2.148200000000000000e+04
2.260000000000000000e+02
7.371400000000000000e+04
6.156900000000000000e+04
8.097000000000000000e+04
7.390700000000000000e+04
5.943400000000000000e+04
0.000000000000000000e+00
6.621100000000000000e+04
5.710800000000000000e+04
9.052710000000000000e+05
2.226270000000000000e+05
1.309690000000000000e+05
2.917000000000000000e+03
8.788000000000000000e+04
8.103000000000000000e+04
3.443500000000000000e+04
1.054150000000000000e+05
6.869600000000000000e+04
0.000000000000000000e+00
6.530500000000000000e+04
6.216400000000000000e+04
6.621690000000000000e+05
2.805560000000000000e+05
6.753100000000000000e+04
1.929000000000000000e+03
3.511800000000000000e+04
5.749400000000000000e+04
6.661500000000000000e+04
9.335000000000000000e+04
1.286800000000000000e+04
0.000000000000000000e+00
6.379200000000000000e+04
3.759000000000000000e+04
5.184370000000000000e+05
3.047510000000000000e+05
6.627900000000000000e+04
2.363000000000000000e+03
3.719400000000000000e+04
8.451700000000000000e+04
5.103900000000000000e+04
1.305400000000000000e+04
1.830000000000000000e+02
0.000000000000000000e+00
0.000000000000000000e+00
0.000000000000000000e+00
4.935100000000000000e+05
2.292490000000000000e+05
4.459000000000000000e+03
0.000000000000000000e+00
0.000000000000000000e+00
0.000000000000000000e+00
