5.628000000000000000e+05
5.206110000000000000e+05
2.007500000000000000e+04
3.392840000000000000e+05
4.276790000000000000e+05
6.179320000000000000e+05
6.238625000000000000e+06
2.220041000000000000e+06
1.419160000000000000e+05
1.990872000000000000e+06
2.928720000000000000e+06
1.789017000000000000e+06
3.964239000000000000e+06
3.810152000000000000e+06
3.815500000000000000e+04
1.837889000000000000e+06
1.926697000000000000e+06
2.978764000000000000e+06
3.717460000000000000e+06
2.943971000000000000e+06
4.186400000000000000e+04
4.227539000000000000e+06
4.635446000000000000e+06
6.874370000000000000e+05
1.166719000000000000e+06
3.390310000000000000e+05
8.639000000000000000e+03
7.426250000000000000e+05
3.812916000000000000e+06
2.544084000000000000e+06
3.388173000000000000e+06
3.085647000000000000e+06
8.150500000000000000e+04
1.727518000000000000e+06
2.779563000000000000e+06
9.349410000000000000e+05
7.338530000000000000e+05
3.804935000000000000e+06
6.987200000000000000e+04
2.785938000000000000e+06
7.243850000000000000e+05
8.169940000000000000e+05
7.683140000000000000e+05
7.901420000000000000e+05
1.258600000000000000e+04
1.282927000000000000e+06
7.780665000000000000e+06
1.107022100000000000e+07
7.105803000000000000e+06
1.127038000000000000e+06
2.918500000000000000e+04
1.375435000000000000e+06
3.460240000000000000e+05
4.248200000000000000e+04
4.489740000000000000e+05
8.360530000000000000e+05
7.987000000000000000e+03
9.271498000000000000e+06
3.589039000000000000e+06
9.141140000000000000e+05
7.556660000000000000e+05
2.787800000000000000e+05
2.170000000000000000e+02
5.376810000000000000e+05
3.758390000000000000e+05
3.632840000000000000e+05
2.784440000000000000e+05
6.786840000000000000e+05
5.126000000000000000e+03
3.989850000000000000e+05
3.560475000000000000e+06
2.127537000000000000e+06
1.455940000000000000e+06
1.795098000000000000e+06
1.230100000000000000e+04
2.904100000000000000e+04
9.060700000000000000e+04
1.720292000000000000e+06
1.463234000000000000e+06
9.757780000000000000e+05
8.382000000000000000e+03
1.034356000000000000e+06
3.466694000000000000e+06
1.616645000000000000e+06
1.399017000000000000e+06
1.210291000000000000e+06
7.250000000000000000e+03
1.398611000000000000e+06
1.405760000000000000e+06
1.484705000000000000e+06
1.629218000000000000e+06
1.149363000000000000e+06
1.421000000000000000e+04
8.457530000000000000e+05
3.590067000000000000e+06
1.991864000000000000e+06
1.280268000000000000e+06
9.410770000000000000e+05
5.694000000000000000e+03
1.341297000000000000e+06
5.351512000000000000e+06
6.214853000000000000e+06
3.122166000000000000e+06
1.090988000000000000e+06
9.512100000000000000e+04
1.439014000000000000e+06
3.660082000000000000e+06
6.673080000000000000e+05
4.558630000000000000e+05
3.574259000000000000e+06
1.549140000000000000e+05
1.283399000000000000e+06
9.396830000000000000e+05
2.434958000000000000e+06
6.737440000000000000e+05
7.628970000000000000e+05
0.000000000000000000e+00
6.863000000000000000e+05
3.634901000000000000e+06
8.607720000000000000e+05
3.834150000000000000e+05
6.185400000000000000e+05
7.647000000000000000e+03
5.417450000000000000e+05
6.116100000000000000e+05
7.668740000000000000e+05
5.269100000000000000e+05
3.918060000000000000e+05
3.660000000000000000e+02
6.080040000000000000e+05
2.903900000000000000e+06
7.200330000000000000e+05
3.448750000000000000e+05
5.629400000000000000e+05
1.639000000000000000e+03
6.727260000000000000e+05
5.396350000000000000e+05
5.643890000000000000e+05
5.286480000000000000e+05
1.235955000000000000e+06
5.795400000000000000e+04
4.369130000000000000e+06
3.977593000000000000e+06
9.590590000000000000e+05
4.555680000000000000e+05
6.723110000000000000e+05
1.629000000000000000e+03
6.134560000000000000e+05
5.762120000000000000e+05
