6.759040000000000000e+05
7.067430000000000000e+05
1.023000000000000000e+03
7.024650000000000000e+05
3.085491000000000000e+06
6.133360000000000000e+05
3.071650000000000000e+05
5.867040000000000000e+05
8.024000000000000000e+03
7.329030000000000000e+05
6.955480000000000000e+05
1.039535000000000000e+06
7.807950000000000000e+05
5.918200000000000000e+05
2.130000000000000000e+02
7.839680000000000000e+05
3.060010000000000000e+06
3.901364000000000000e+06
8.802007000000000000e+06
3.026615000000000000e+06
1.008430000000000000e+05
2.625790000000000000e+05
2.187540000000000000e+05
4.110860000000000000e+05
9.210600000000000000e+04
1.072300000000000000e+05
0.000000000000000000e+00
5.785000000000000000e+04
3.253905000000000000e+06
3.179500000000000000e+05
8.993600000000000000e+04
5.704400000000000000e+04
4.704000000000000000e+03
2.334970000000000000e+05
2.312330000000000000e+05
6.027320000000000000e+05
2.885520000000000000e+05
2.494750000000000000e+05
7.821000000000000000e+03
4.162410000000000000e+05
2.112468000000000000e+06
5.158760000000000000e+05
3.553630000000000000e+05
2.736210000000000000e+05
1.859200000000000000e+04
2.783170000000000000e+05
3.290460000000000000e+05
5.728310000000000000e+05
2.583080000000000000e+05
3.496870000000000000e+05
2.278500000000000000e+04
2.589370000000000000e+05
2.040543000000000000e+06
3.416970000000000000e+05
7.491600000000000000e+04
1.751840000000000000e+05
5.414000000000000000e+03
1.641140000000000000e+05
2.311340000000000000e+05
4.915420000000000000e+05
2.607600000000000000e+05
2.866340000000000000e+05
7.103000000000000000e+03
3.097230000000000000e+05
2.231642000000000000e+06
4.664410000000000000e+05
4.007620000000000000e+05
4.617730000000000000e+05
2.042600000000000000e+04
3.708060000000000000e+05
4.262990000000000000e+05
7.274000000000000000e+05
3.716940000000000000e+05
4.879060000000000000e+05
3.140700000000000000e+04
3.640750000000000000e+05
2.179578000000000000e+06
5.388230000000000000e+05
4.245430000000000000e+05
4.737930000000000000e+05
2.870900000000000000e+04
4.666210000000000000e+05
4.439330000000000000e+05
7.163470000000000000e+05
5.310920000000000000e+05
5.373310000000000000e+05
2.909300000000000000e+04
5.375990000000000000e+05
2.209661000000000000e+06
6.911790000000000000e+05
5.015720000000000000e+05
4.313760000000000000e+05
1.722400000000000000e+04
5.614600000000000000e+05
3.995910000000000000e+05
8.367020000000000000e+05
6.160790000000000000e+05
6.046740000000000000e+05
4.802700000000000000e+04
5.057120000000000000e+05
2.348159000000000000e+06
7.711430000000000000e+05
4.880420000000000000e+05
4.612850000000000000e+05
2.878000000000000000e+04
5.022140000000000000e+05
5.962160000000000000e+05
7.748650000000000000e+05
6.621400000000000000e+05
6.660420000000000000e+05
4.487300000000000000e+04
5.317950000000000000e+05
2.214079000000000000e+06
7.273160000000000000e+05
5.910320000000000000e+05
4.083780000000000000e+05
1.516100000000000000e+04
4.754080000000000000e+05
4.818130000000000000e+05
6.985990000000000000e+05
5.436110000000000000e+05
4.501160000000000000e+05
2.100700000000000000e+04
3.720030000000000000e+05
2.137548000000000000e+06
5.456070000000000000e+05
4.154890000000000000e+05
3.038240000000000000e+05
8.310000000000000000e+03
3.206450000000000000e+05
3.626750000000000000e+05
5.845910000000000000e+05
4.493440000000000000e+05
2.806330000000000000e+05
1.187500000000000000e+04
2.815580000000000000e+05
2.289620000000000000e+06
4.008840000000000000e+05
2.805830000000000000e+05
2.566590000000000000e+05
1.386500000000000000e+04
2.524350000000000000e+05
3.093840000000000000e+05
6.296670000000000000e+05
3.287140000000000000e+05
3.717930000000000000e+05
3.902000000000000000e+03
3.122000000000000000e+05
2.304923000000000000e+06
