2.579380000000000000e+05
3.845790000000000000e+05
5.537000000000000000e+03
2.240610000000000000e+05
3.022420000000000000e+05
2.632610000000000000e+05
3.020920000000000000e+05
1.764940000000000000e+05
1.039300000000000000e+04
1.892000000000000000e+04
1.774863000000000000e+06
5.963120000000000000e+05
1.591420000000000000e+05
1.291600000000000000e+05
7.705000000000000000e+03
2.574000000000000000e+05
2.837570000000000000e+05
1.914340000000000000e+05
6.342201000000000000e+06
8.517788000000000000e+06
6.553600000000000000e+04
9.414942000000000000e+06
7.556285000000000000e+06
1.193058200000000000e+07
3.539231000000000000e+06
1.730180000000000000e+05
5.743600000000000000e+04
8.215100000000000000e+04
1.402330000000000000e+05
1.372310000000000000e+05
1.915890000000000000e+05
2.215690000000000000e+05
9.482000000000000000e+03
2.488410000000000000e+05
3.000094000000000000e+06
7.277260000000000000e+05
4.382960000000000000e+05
7.593140000000000000e+05
2.479000000000000000e+04
8.271710000000000000e+05
1.024198000000000000e+06
1.100933000000000000e+06
9.557320000000000000e+05
4.374120000000000000e+05
3.407400000000000000e+04
1.223472000000000000e+06
3.298663000000000000e+06
2.546860000000000000e+06
1.756845000000000000e+06
2.530374000000000000e+06
5.213700000000000000e+04
2.960711000000000000e+06
3.494119000000000000e+06
3.981949000000000000e+06
3.391082000000000000e+06
4.219667000000000000e+06
1.152640000000000000e+05
3.757306000000000000e+06
5.998004000000000000e+06
4.564109000000000000e+06
4.762466000000000000e+06
4.207495000000000000e+06
1.561860000000000000e+05
5.151415000000000000e+06
5.574941000000000000e+06
5.143074000000000000e+06
4.645820000000000000e+06
3.655004000000000000e+06
5.539400000000000000e+04
3.607186000000000000e+06
5.047148000000000000e+06
2.295347000000000000e+06
1.336714000000000000e+06
2.119960000000000000e+05
1.363900000000000000e+04
3.182095000000000000e+06
4.526351000000000000e+06
4.711560000000000000e+06
4.617570000000000000e+05
2.346000000000000000e+05
3.880900000000000000e+04
1.157780000000000000e+05
2.650996000000000000e+06
5.604860000000000000e+05
1.179110000000000000e+05
1.371220000000000000e+05
1.382000000000000000e+03
1.521860000000000000e+05
2.241690000000000000e+05
2.111110000000000000e+05
2.060540000000000000e+05
2.941800000000000000e+05
1.197600000000000000e+04
4.506953000000000000e+06
2.592060000000000000e+06
6.149500000000000000e+05
2.670730000000000000e+05
2.443220000000000000e+05
2.530100000000000000e+04
2.532510000000000000e+05
2.923240000000000000e+05
3.466850000000000000e+05
3.164110000000000000e+05
3.686860000000000000e+05
1.435300000000000000e+04
3.521760000000000000e+05
1.808064000000000000e+06
6.653170000000000000e+05
2.625550000000000000e+05
2.246920000000000000e+05
1.510400000000000000e+04
2.026460000000000000e+05
2.150070000000000000e+05
1.405100000000000000e+05
1.653970000000000000e+05
1.344170000000000000e+05
1.326000000000000000e+03
1.008570000000000000e+05
1.600959000000000000e+06
4.410980000000000000e+05
9.525000000000000000e+04
1.136760000000000000e+05
2.250000000000000000e+02
8.310700000000000000e+04
8.740200000000000000e+04
1.666330000000000000e+05
1.475210000000000000e+05
1.189270000000000000e+05
5.386000000000000000e+03
1.552430000000000000e+05
1.438267000000000000e+06
4.381810000000000000e+05
8.131200000000000000e+04
1.327080000000000000e+05
9.084000000000000000e+03
1.175750000000000000e+05
1.109950000000000000e+05
6.801000000000000000e+04
1.122420000000000000e+05
1.074810000000000000e+05
0.000000000000000000e+00
1.085140000000000000e+05
1.689917000000000000e+06
4.607970000000000000e+05
6.510800000000000000e+04
1.066340000000000000e+05
1.009500000000000000e+04
1.047070000000000000e+05
7.444400000000000000e+04
