1.815720000000000000e+05
1.221330000000000000e+05
5.034000000000000000e+03
1.712670000000000000e+05
1.325242000000000000e+06
2.390740000000000000e+05
1.074500000000000000e+05
1.764100000000000000e+05
1.212100000000000000e+04
2.035890000000000000e+05
5.706780000000000000e+05
2.014721000000000000e+06
5.255830000000000000e+05
4.053752000000000000e+06
1.512240000000000000e+05
4.806071000000000000e+06
2.856188000000000000e+06
2.896790000000000000e+05
2.433840000000000000e+05
1.940770000000000000e+05
1.250700000000000000e+04
2.112580000000000000e+05
2.254580000000000000e+05
6.414800000000000000e+05
2.420210000000000000e+05
3.178710000000000000e+05
1.072800000000000000e+04
2.211550000000000000e+05
2.128553000000000000e+06
3.939690000000000000e+05
2.003263000000000000e+06
1.601340000000000000e+05
3.198600000000000000e+04
1.954620000000000000e+05
8.159600000000000000e+04
4.180960000000000000e+05
1.850100000000000000e+05
1.749470000000000000e+05
4.966000000000000000e+03
1.330870000000000000e+05
1.878541000000000000e+06
3.001300000000000000e+05
9.970100000000000000e+04
2.703960000000000000e+05
9.038000000000000000e+03
9.153600000000000000e+04
1.898370000000000000e+05
4.458560000000000000e+05
1.464880000000000000e+05
1.546570000000000000e+05
3.112000000000000000e+03
1.345420000000000000e+05
1.834688000000000000e+06
2.608440000000000000e+05
6.604800000000000000e+04
9.677100000000000000e+04
1.751000000000000000e+03
9.539300000000000000e+04
1.379900000000000000e+05
3.866900000000000000e+05
1.393060000000000000e+05
7.795300000000000000e+04
3.705000000000000000e+03
1.344640000000000000e+05
1.734462000000000000e+06
2.349650000000000000e+05
8.105000000000000000e+04
1.725770000000000000e+05
1.078200000000000000e+04
1.153360000000000000e+05
1.760940000000000000e+05
4.460790000000000000e+05
1.598400000000000000e+05
9.025900000000000000e+04
7.723000000000000000e+03
1.862810000000000000e+05
1.724911000000000000e+06
2.393080000000000000e+05
1.222060000000000000e+05
2.424050000000000000e+05
1.176300000000000000e+04
1.520580000000000000e+05
1.621540000000000000e+05
3.756550000000000000e+05
5.074000000000000000e+03
2.956600000000000000e+04
0.000000000000000000e+00
8.927000000000000000e+04
4.674369000000000000e+06
3.228809000000000000e+06
1.963810000000000000e+05
2.356202000000000000e+06
1.521230000000000000e+05
6.413600000000000000e+05
3.180380000000000000e+05
7.524128000000000000e+06
5.803600000000000000e+05
1.347331000000000000e+06
1.586010000000000000e+05
1.713583000000000000e+06
2.842769000000000000e+06
3.695340000000000000e+05
3.175640000000000000e+05
1.024589500000000000e+07
2.198810000000000000e+05
1.558767100000000000e+07
6.060981000000000000e+06
4.090377000000000000e+06
6.367850000000000000e+05
4.105940000000000000e+05
5.330500000000000000e+04
2.573580000000000000e+05
4.130107000000000000e+06
3.464350000000000000e+05
1.567591000000000000e+06
7.610940000000000000e+05
1.271290000000000000e+05
2.067000000000000000e+05
2.654890000000000000e+05
7.137850000000000000e+05
2.493450000000000000e+05
7.339380000000000000e+05
5.011200000000000000e+04
4.112230000000000000e+05
2.983036000000000000e+06
4.893230000000000000e+05
2.081444000000000000e+06
8.697127000000000000e+06
2.980080000000000000e+05
8.051253000000000000e+06
7.052069000000000000e+06
1.470356000000000000e+06
4.803690000000000000e+05
4.135320000000000000e+05
2.372100000000000000e+04
4.277180000000000000e+05
4.284006000000000000e+06
7.246480000000000000e+05
4.285590000000000000e+05
4.610140000000000000e+05
1.697600000000000000e+04
4.592640000000000000e+05
4.999440000000000000e+05
9.749940000000000000e+05
4.442040000000000000e+05
3.878108000000000000e+06
1.739380000000000000e+05
5.919944000000000000e+06
5.300867000000000000e+06
