6.899110000000000000e+05
5.038350000000000000e+05
2.988200000000000000e+04
4.168230000000000000e+05
4.146960000000000000e+05
3.985590000000000000e+05
6.532690000000000000e+05
4.944820000000000000e+05
1.280300000000000000e+04
4.178820000000000000e+05
2.699109000000000000e+06
9.410970000000000000e+05
2.307950000000000000e+05
4.273400000000000000e+05
2.240500000000000000e+04
4.547180000000000000e+05
5.834600000000000000e+05
5.472610000000000000e+05
6.803000000000000000e+05
4.763540000000000000e+05
1.290100000000000000e+04
5.741770000000000000e+05
2.875588000000000000e+06
9.839240000000000000e+05
1.801420000000000000e+05
2.475210000000000000e+05
2.005500000000000000e+04
5.151643000000000000e+06
8.644190000000000000e+05
1.360580000000000000e+05
2.233116000000000000e+06
9.198370000000000000e+05
3.340200000000000000e+04
8.617200000000000000e+04
2.557098000000000000e+06
3.327345700000000000e+07
6.520032000000000000e+06
2.293161000000000000e+06
1.231480000000000000e+05
1.019705000000000000e+06
4.364238000000000000e+06
3.315945000000000000e+06
1.140404000000000000e+06
2.070186000000000000e+06
9.116000000000000000e+04
3.203743000000000000e+06
1.930667000000000000e+06
3.656755000000000000e+06
2.878580000000000000e+06
4.167530000000000000e+05
5.826000000000000000e+04
3.965562000000000000e+06
2.994003000000000000e+06
1.629323000000000000e+06
5.749170000000000000e+05
1.939980000000000000e+05
1.528300000000000000e+04
1.212030000000000000e+05
1.815440000000000000e+05
2.375620000000000000e+06
3.841100000000000000e+05
3.529100000000000000e+04
0.000000000000000000e+00
1.935700000000000000e+04
5.879000000000000000e+03
5.250972700000000000e+07
2.985693600000000000e+07
1.925196700000000000e+07
2.016400000000000000e+05
2.806236000000000000e+06
3.696587000000000000e+06
3.869257000000000000e+06
7.181350000000000000e+05
3.442764000000000000e+06
1.713230000000000000e+05
2.085319000000000000e+06
2.647360000000000000e+05
3.441522000000000000e+06
2.957660000000000000e+05
1.034300000000000000e+04
0.000000000000000000e+00
0.000000000000000000e+00
0.000000000000000000e+00
4.619810000000000000e+05
1.188650000000000000e+05
1.766939700000000000e+07
1.382760000000000000e+05
2.096919000000000000e+06
1.534540000000000000e+05
2.565411000000000000e+06
2.818230000000000000e+05
9.490000000000000000e+04
3.423000000000000000e+03
1.186700000000000000e+05
9.530600000000000000e+04
4.299540000000000000e+05
1.109550000000000000e+05
1.309646000000000000e+06
4.160800000000000000e+04
1.073064900000000000e+07
1.374599100000000000e+07
4.782858000000000000e+06
2.717830000000000000e+05
2.889960000000000000e+05
1.873900000000000000e+04
3.431650000000000000e+05
4.250380000000000000e+05
7.298860000000000000e+05
3.783000000000000000e+05
5.072570000000000000e+05
1.309100000000000000e+04
5.182700000000000000e+05
5.193560000000000000e+05
2.630952000000000000e+06
7.498900000000000000e+05
6.205080000000000000e+05
4.125700000000000000e+04
6.319520000000000000e+05
3.471840000000000000e+05
1.089436000000000000e+06
7.306950000000000000e+05
1.118645000000000000e+06
9.002300000000000000e+04
6.946656000000000000e+06
8.232899000000000000e+06
8.433033000000000000e+06
8.783640000000000000e+05
4.496390000000000000e+05
2.936100000000000000e+04
9.380480000000000000e+05
1.249316000000000000e+06
1.959254000000000000e+06
2.061871000000000000e+06
5.254040000000000000e+05
3.792500000000000000e+04
4.147570000000000000e+05
7.021230000000000000e+05
2.795072000000000000e+06
7.544050000000000000e+05
5.482580000000000000e+05
2.049100000000000000e+04
7.017490000000000000e+05
5.201200000000000000e+05
1.077242000000000000e+06
5.597490000000000000e+05
8.458340000000000000e+05
2.056600000000000000e+04
5.960020000000000000e+05
6.119950000000000000e+05
