1.049717000000000000e+06
5.031390000000000000e+05
2.722200000000000000e+04
7.628500000000000000e+05
3.385937000000000000e+06
3.581382000000000000e+06
7.231290000000000000e+05
7.859590000000000000e+05
6.270900000000000000e+04
6.517400000000000000e+05
6.654600000000000000e+05
2.876836000000000000e+06
5.964580000000000000e+05
6.108727000000000000e+06
9.046700000000000000e+04
2.685866000000000000e+06
2.750337000000000000e+06
7.650630000000000000e+05
7.704800000000000000e+05
5.395648000000000000e+06
2.187480000000000000e+05
5.484724000000000000e+06
6.709910000000000000e+05
3.017224000000000000e+06
8.132530000000000000e+05
5.610050000000000000e+05
2.645600000000000000e+04
9.239380000000000000e+05
6.925430000000000000e+05
7.749220000000000000e+05
7.276580000000000000e+05
7.934920000000000000e+05
2.513600000000000000e+04
8.043130000000000000e+05
8.682170000000000000e+05
2.692755000000000000e+06
9.091760000000000000e+05
5.437390000000000000e+05
1.675500000000000000e+04
7.852910000000000000e+05
7.777760000000000000e+05
3.962930000000000000e+05
4.757850000000000000e+05
6.689450000000000000e+05
2.264200000000000000e+04
6.349760000000000000e+05
1.681155000000000000e+06
2.567605000000000000e+06
7.799820000000000000e+05
7.291340000000000000e+05
4.013100000000000000e+04
9.409800000000000000e+05
7.620080000000000000e+05
5.847400000000000000e+05
7.036830000000000000e+05
8.843070000000000000e+05
1.469600000000000000e+04
6.754270000000000000e+05
9.991710000000000000e+05
5.250898000000000000e+06
5.212048000000000000e+06
1.773786000000000000e+06
1.048920000000000000e+05
3.961700000000000000e+05
7.355700000000000000e+05
7.536430000000000000e+05
6.782510000000000000e+05
5.066620000000000000e+05
1.002200000000000000e+04
1.243864000000000000e+06
5.306460000000000000e+05
3.049888000000000000e+06
5.440930000000000000e+05
1.647630000000000000e+05
1.718700000000000000e+04
1.350580000000000000e+05
3.496670000000000000e+05
1.116420000000000000e+05
4.868100000000000000e+05
5.014600000000000000e+04
0.000000000000000000e+00
2.453090000000000000e+05
6.934000000000000000e+04
2.063259000000000000e+06
2.816140000000000000e+05
8.321300000000000000e+04
2.749000000000000000e+03
5.656500000000000000e+04
5.436100000000000000e+04
1.165960000000000000e+05
2.443200000000000000e+04
2.175110000000000000e+05
8.155000000000000000e+03
1.150050000000000000e+05
1.218650000000000000e+05
2.126536000000000000e+06
1.074718200000000000e+07
7.030594000000000000e+06
1.394630000000000000e+05
2.195525000000000000e+06
1.755518000000000000e+06
1.249630000000000000e+05
1.544520000000000000e+05
8.903700000000000000e+04
3.767000000000000000e+03
5.679000000000000000e+04
2.217700000000000000e+05
2.911610000000000000e+06
2.760020000000000000e+05
4.825900000000000000e+04
2.538000000000000000e+03
1.649600000000000000e+04
1.108030000000000000e+05
5.551000000000000000e+04
4.340400000000000000e+04
8.073000000000000000e+03
0.000000000000000000e+00
2.249100000000000000e+04
1.107560000000000000e+05
1.239549000000000000e+06
2.343370000000000000e+05
1.573100000000000000e+04
0.000000000000000000e+00
2.334000000000000000e+03
1.160930000000000000e+05
5.156000000000000000e+03
1.065890000000000000e+05
6.211500000000000000e+04
1.740000000000000000e+03
1.292250000000000000e+05
2.362400000000000000e+04
1.289656000000000000e+06
2.155100000000000000e+05
2.231700000000000000e+04
0.000000000000000000e+00
8.389400000000000000e+04
1.221300000000000000e+04
6.025000000000000000e+04
7.651600000000000000e+04
1.798000000000000000e+05
4.724000000000000000e+03
1.613100000000000000e+04
1.071930000000000000e+05
2.172469000000000000e+06
8.227140000000000000e+05
3.104534000000000000e+06
8.511500000000000000e+04
2.126990000000000000e+05
3.452400000000000000e+04
