7.661300000000000000e+04
2.652976000000000000e+06
1.177280000000000000e+05
1.315700000000000000e+05
1.156525000000000000e+06
3.695180000000000000e+06
2.631730000000000000e+05
4.230451000000000000e+06
1.204560000000000000e+05
4.332410000000000000e+05
4.589050000000000000e+05
1.051659000000000000e+06
7.772900000000000000e+04
5.959000000000000000e+03
0.000000000000000000e+00
7.453300000000000000e+04
1.840500000000000000e+04
2.146967000000000000e+06
2.975480000000000000e+05
1.696600000000000000e+04
3.520000000000000000e+02
3.916820000000000000e+05
2.871500000000000000e+04
5.720440000000000000e+05
2.519480000000000000e+05
6.613900000000000000e+05
4.667400000000000000e+04
7.361600000000000000e+04
2.681440000000000000e+05
1.754808000000000000e+06
2.305250000000000000e+05
1.694260000000000000e+05
1.653900000000000000e+04
3.335600000000000000e+04
3.253500000000000000e+04
4.145140000000000000e+05
1.161380000000000000e+05
1.999500000000000000e+04
4.690000000000000000e+02
1.251600000000000000e+04
3.803000000000000000e+04
1.385899000000000000e+06
2.898840000000000000e+05
4.807700000000000000e+04
0.000000000000000000e+00
4.525000000000000000e+03
1.204070000000000000e+05
3.082000000000000000e+05
1.055350000000000000e+05
7.019400000000000000e+04
2.073000000000000000e+03
1.082960000000000000e+05
1.821800000000000000e+04
1.354788000000000000e+06
2.872000000000000000e+05
1.258500000000000000e+04
2.560000000000000000e+02
1.493470000000000000e+05
3.095300000000000000e+04
4.110200000000000000e+05
1.219550000000000000e+05
1.749800000000000000e+04
3.454000000000000000e+03
3.196760000000000000e+05
9.398200000000000000e+04
1.666774000000000000e+06
3.510600000000000000e+05
2.503910000000000000e+05
1.097300000000000000e+04
2.952400000000000000e+04
1.754900000000000000e+04
4.346320000000000000e+05
1.577780000000000000e+05
1.658000000000000000e+04
0.000000000000000000e+00
2.863440000000000000e+05
1.123770000000000000e+05
1.560103000000000000e+06
2.303890000000000000e+05
3.149000000000000000e+03
0.000000000000000000e+00
2.352580000000000000e+05
3.121500000000000000e+04
4.190520000000000000e+05
1.454460000000000000e+05
7.561000000000000000e+03
0.000000000000000000e+00
3.126080000000000000e+05
2.522100000000000000e+04
1.449716000000000000e+06
3.041040000000000000e+05
8.813000000000000000e+03
0.000000000000000000e+00
2.233280000000000000e+05
3.008600000000000000e+04
3.524500000000000000e+05
1.604660000000000000e+05
1.769840000000000000e+05
1.178000000000000000e+04
5.984600000000000000e+04
1.039560000000000000e+05
1.538477000000000000e+06
2.381300000000000000e+05
1.244800000000000000e+04
0.000000000000000000e+00
9.506900000000000000e+04
5.265300000000000000e+04
4.191380000000000000e+05
2.306300000000000000e+04
1.407670000000000000e+05
1.506800000000000000e+04
6.456700000000000000e+04
1.600000000000000000e+04
1.368730000000000000e+06
2.615950000000000000e+05
6.935300000000000000e+04
8.281000000000000000e+03
2.143300000000000000e+04
3.451600000000000000e+04
3.252190000000000000e+05
9.048400000000000000e+04
5.574000000000000000e+03
0.000000000000000000e+00
7.434100000000000000e+04
2.784900000000000000e+04
1.407172000000000000e+06
2.290700000000000000e+05
4.672000000000000000e+04
5.960000000000000000e+02
2.477900000000000000e+04
7.494300000000000000e+04
7.552330000000000000e+05
7.002500000000000000e+04
4.318910000000000000e+05
8.179900000000000000e+04
9.895300000000000000e+04
8.853500000000000000e+04
1.620744000000000000e+06
2.342870000000000000e+05
5.420600000000000000e+04
2.190000000000000000e+02
7.170000000000000000e+04
4.352000000000000000e+03
3.500270000000000000e+05
7.754400000000000000e+04
2.197500000000000000e+04
3.830000000000000000e+03
1.343320000000000000e+05
4.374600000000000000e+04
