1.174580000000000000e+05
3.144600000000000000e+04
0.000000000000000000e+00
9.027700000000000000e+04
4.536000000000000000e+04
1.655509000000000000e+06
2.990340000000000000e+05
1.924800000000000000e+04
0.000000000000000000e+00
3.860700000000000000e+04
2.426300000000000000e+04
3.836200000000000000e+05
8.344800000000000000e+04
7.196700000000000000e+04
4.851000000000000000e+03
6.297900000000000000e+04
6.189400000000000000e+04
1.447467000000000000e+06
2.796950000000000000e+05
5.582500000000000000e+04
2.425000000000000000e+03
1.283000000000000000e+03
6.001600000000000000e+04
3.592380000000000000e+05
4.969500000000000000e+04
5.666800000000000000e+04
1.735000000000000000e+03
4.190300000000000000e+04
1.535120000000000000e+05
1.513945000000000000e+06
2.810300000000000000e+05
7.971200000000000000e+04
4.700000000000000000e+02
4.110000000000000000e+03
1.008350000000000000e+05
3.472210000000000000e+05
3.516500000000000000e+04
1.088650000000000000e+05
6.407000000000000000e+03
2.167600000000000000e+04
2.540750000000000000e+05
1.626121000000000000e+06
3.475370000000000000e+05
2.148100000000000000e+04
0.000000000000000000e+00
1.719930000000000000e+05
8.386700000000000000e+04
4.235590000000000000e+05
1.603200000000000000e+05
1.218830000000000000e+05
7.640000000000000000e+02
8.109600000000000000e+04
4.174200000000000000e+04
1.742685000000000000e+06
3.367040000000000000e+05
2.580300000000000000e+04
0.000000000000000000e+00
8.250000000000000000e+03
9.624706000000000000e+06
8.659260000000000000e+05
1.988212000000000000e+06
3.323966000000000000e+06
1.472020000000000000e+05
1.997290000000000000e+05
9.402500000000000000e+04
3.020841000000000000e+06
4.024880000000000000e+05
4.335300000000000000e+04
6.824000000000000000e+03
3.162000000000000000e+03
3.631403000000000000e+06
7.083240000000000000e+05
3.096725000000000000e+06
5.110873000000000000e+06
1.192950000000000000e+05
5.908959000000000000e+06
1.895661000000000000e+06
3.088012000000000000e+06
3.574650000000000000e+05
3.290900000000000000e+04
2.470000000000000000e+02
4.357000000000000000e+04
7.575200000000000000e+04
5.369160000000000000e+05
4.210000000000000000e+04
1.085500000000000000e+05
2.190000000000000000e+02
1.466000000000000000e+04
1.789920000000000000e+05
1.596741000000000000e+06
3.209960000000000000e+05
4.997800000000000000e+04
2.121000000000000000e+03
4.119000000000000000e+03
1.011100000000000000e+05
3.631540000000000000e+05
7.224600000000000000e+04
1.260540000000000000e+05
8.377000000000000000e+03
7.263000000000000000e+03
1.045300000000000000e+04
1.487349000000000000e+06
3.027880000000000000e+05
6.765400000000000000e+04
1.256200000000000000e+04
5.098400000000000000e+04
2.518800000000000000e+04
4.194340000000000000e+05
3.957900000000000000e+04
8.530000000000000000e+04
2.611000000000000000e+03
7.885200000000000000e+04
4.133800000000000000e+04
1.616993000000000000e+06
2.977230000000000000e+05
3.084900000000000000e+04
0.000000000000000000e+00
5.718800000000000000e+04
1.128800000000000000e+05
3.563350000000000000e+05
1.172700000000000000e+04
6.766300000000000000e+04
2.070000000000000000e+02
9.178200000000000000e+04
8.012100000000000000e+04
1.587285000000000000e+06
2.866080000000000000e+05
4.220800000000000000e+04
6.932000000000000000e+03
4.929100000000000000e+04
1.375500000000000000e+04
4.214940000000000000e+05
1.717800000000000000e+04
3.746000000000000000e+03
0.000000000000000000e+00
6.477600000000000000e+04
3.947100000000000000e+04
1.423286000000000000e+06
2.919370000000000000e+05
7.187990000000000000e+05
7.589800000000000000e+04
7.231910000000000000e+05
8.169100000000000000e+04
4.802340000000000000e+05
3.690200000000000000e+04
5.868000000000000000e+03
5.100000000000000000e+02
6.226000000000000000e+04
5.064400000000000000e+04
