1.598929000000000000e+06
4.073400000000000000e+04
0.000000000000000000e+00
6.146500000000000000e+04
3.922600000000000000e+04
1.181780000000000000e+05
3.284600000000000000e+04
4.652200000000000000e+04
0.000000000000000000e+00
5.794100000000000000e+04
7.269800000000000000e+04
1.926817000000000000e+06
3.213430000000000000e+05
3.255400000000000000e+04
0.000000000000000000e+00
5.566500000000000000e+04
5.202000000000000000e+03
1.100770000000000000e+05
2.649600000000000000e+04
8.018000000000000000e+03
0.000000000000000000e+00
6.786200000000000000e+04
8.561800000000000000e+04
1.629938000000000000e+06
3.119900000000000000e+05
1.416170000000000000e+05
9.209000000000000000e+03
7.011000000000000000e+03
2.732840000000000000e+05
5.832800000000000000e+04
1.186500000000000000e+04
4.428700000000000000e+04
0.000000000000000000e+00
7.472900000000000000e+04
3.004700000000000000e+04
1.615267000000000000e+06
2.813720000000000000e+05
4.926700000000000000e+04
0.000000000000000000e+00
9.935000000000000000e+03
8.478000000000000000e+03
8.723200000000000000e+04
5.002600000000000000e+04
8.641300000000000000e+04
4.379000000000000000e+03
3.134500000000000000e+04
2.000100000000000000e+04
1.508400000000000000e+06
2.801160000000000000e+05
2.174400000000000000e+04
1.920000000000000000e+02
5.873800000000000000e+04
8.962000000000000000e+03
9.738700000000000000e+04
3.140900000000000000e+04
1.028440000000000000e+05
2.645000000000000000e+03
4.783800000000000000e+04
7.681600000000000000e+04
1.395257000000000000e+06
2.863760000000000000e+05
3.794600000000000000e+04
0.000000000000000000e+00
7.702500000000000000e+04
5.294400000000000000e+04
8.989700000000000000e+04
3.876700000000000000e+04
1.003260000000000000e+05
7.492000000000000000e+03
1.123400000000000000e+04
1.170000000000000000e+04
1.780287000000000000e+06
3.249570000000000000e+05
8.203600000000000000e+04
1.338000000000000000e+03
5.345000000000000000e+04
4.057500000000000000e+04
1.069800000000000000e+04
5.218100000000000000e+04
1.984490000000000000e+05
1.259200000000000000e+04
3.582900000000000000e+04
2.394990000000000000e+05
1.738751000000000000e+06
3.419340000000000000e+05
2.569600000000000000e+04
2.556000000000000000e+03
3.228000000000000000e+03
5.926300000000000000e+04
3.643700000000000000e+04
2.425200000000000000e+04
8.941400000000000000e+04
6.450000000000000000e+02
7.422800000000000000e+04
4.536200000000000000e+04
1.456335000000000000e+06
2.829140000000000000e+05
7.060300000000000000e+04
9.303000000000000000e+03
5.337100000000000000e+04
7.326600000000000000e+04
1.145900000000000000e+04
4.431200000000000000e+04
2.017200000000000000e+04
0.000000000000000000e+00
9.699700000000000000e+04
4.508800000000000000e+04
1.511056000000000000e+06
3.247020000000000000e+05
6.584000000000000000e+03
0.000000000000000000e+00
5.065900000000000000e+04
5.024300000000000000e+04
5.476000000000000000e+03
2.096190000000000000e+05
2.183500000000000000e+04
0.000000000000000000e+00
5.578600000000000000e+04
1.015760000000000000e+05
1.592964000000000000e+06
3.076040000000000000e+05
2.172800000000000000e+04
5.662000000000000000e+03
1.900700000000000000e+04
2.696300000000000000e+04
6.320400000000000000e+04
4.062600000000000000e+04
1.102080000000000000e+05
7.823000000000000000e+03
2.265100000000000000e+04
2.421900000000000000e+04
1.588253000000000000e+06
2.790180000000000000e+05
2.894000000000000000e+04
2.556000000000000000e+03
5.640600000000000000e+04
1.157100000000000000e+05
2.577900000000000000e+04
4.693000000000000000e+03
2.478900000000000000e+04
6.509000000000000000e+03
7.851900000000000000e+04
2.526200000000000000e+04
1.763472000000000000e+06
3.226650000000000000e+05
8.781600000000000000e+04
0.000000000000000000e+00
5.311000000000000000e+03
4.156600000000000000e+04
