3.759051311989219523e-05
3.053755987258184503e-03
2.123168860973954821e-03
4.007641200711126937e-05
4.926461371637526045e-06
4.281996160137410050e-05
1.505847853057238608e-03
2.153800458324198891e-03
9.961831488576875990e-03
1.221771240234375069e-02
1.222924732026599640e-02
2.163060830563915023e-03
5.709238502444053401e-05
6.021485239470086045e-05
6.060449241780910159e-05
2.173463016951165342e-03
2.508351105411036480e-03
2.168201751449481008e-03
2.009552098861356994e-06
2.353490555190107427e-07
1.048973126362274337e-07
1.441067849685038960e-07
4.151778473426923661e-08
3.951434980520382764e-08
1.757086595586900039e-08
1.487407805025894288e-08
5.202818516211039041e-08
1.553720486751079687e-08
1.312684468516357684e-08
1.018619278962977358e-08
6.091254765285039471e-09
2.981198344876210326e-09
1.428705892518881819e-09
8.492020087880493809e-10
5.166469725204447781e-10
2.318549669715659094e-10
1.333940292702240217e-05
1.137632577597689479e-03
8.426533264367758527e-03
1.132005834255088786e-02
9.095089451796344038e-03
8.630836902021550572e-03
7.999047130143561307e-03
8.403279829998406419e-03
1.475779053305282043e-03
1.434642895549332990e-02
3.919717178863733192e-02
1.947523104090269006e-02
4.779679434640067212e-03
3.391749802089873036e-04
2.451823884938038973e-04
8.592125484529807231e-06
2.649189987961126681e-03
4.276810049199733510e-04
1.540646546197180786e-06
5.741190748149846076e-04
1.775778167101801572e-02
1.568291592760150815e-02
6.769241281107169286e-03
2.621834172683508196e-04
1.822255906604585297e-04
4.820306183529548904e-05
1.570582706607928882e-06
1.935987407658375931e-03
5.935067546610929730e-03
1.098343596166494011e-02
9.979305786340415471e-03
1.409103497355973685e-02
2.241554519757121486e-02
1.268667234044496689e-02
5.078932865947282391e-04
3.369732941089033373e-03
1.160854157947358717e-02
3.698263362962372642e-03
1.692761531492479894e-03
7.384492264312952046e-03
9.097645558467527122e-03
1.367627357950015887e-02
1.819118707358431675e-02
5.905449147127112691e-03
4.398512029323448438e-03
4.088078388551465506e-03
6.598706148108657472e-03
4.599151481576517486e-03
1.565945878320810841e-03
1.480346796463946884e-03
1.516356111383762410e-03
1.667993571482548126e-03
7.752435385775404038e-03
1.386700195520102624e-02
1.639058119585724838e-02
1.263995527410182763e-02
3.241467962459641979e-03
1.142029454107998084e-03
4.214489865465229079e-03
3.252274000725778689e-03
2.483561574196328954e-03
1.397541266720311176e-03
2.341558738630645077e-04
1.237452760034677898e-02
1.541024811413823324e-02
1.847839193279240478e-03
1.379650491638248408e-06
4.076149593405172271e-04
8.570591933062287823e-03
3.598411391381503739e-03
1.317269785874554920e-03
7.827307902225831516e-04
1.149203663780575761e-03
6.218964145297096405e-04
2.798004722108646329e-05
3.355478703164729604e-05
2.736104842351407389e-05
7.314291130117818104e-04
2.928231362582875072e-03
1.109654562813895164e-02
7.285110317930883032e-03
1.091165526383588037e-03
1.253053850057173643e-04
7.325628785049023391e-05
7.323607619927854050e-03
2.016057384257414001e-02
2.510153322803731005e-02
1.800397237141927037e-02
6.320205999880421262e-03
2.864531311048131392e-04
8.460424384292290940e-04
2.112621839354638167e-03
4.717766833143169011e-03
3.018687695873027103e-03
5.394504589288413475e-04
1.826458034061250173e-04
1.889113868985857275e-04
1.202470591279114183e-03
2.365440738444425683e-04
3.006634362624818689e-07
6.586945786768077041e-05
3.267981770898209271e-05
3.095507783954646371e-03
6.541198938071322681e-03
1.540269819246668477e-03
1.938426778430030325e-04
1.404836064293271138e-04
1.807069773373960522e-05
1.564527882364432949e-07
7.238395360051369694e-04
1.750957722566565816e-02
1.217009875239158205e-02
2.273527618979110168e-03
5.220225853782121515e-06
