1.651841000000000000e+06
7.167175000000000000e+06
4.827303000000000000e+06
4.258603000000000000e+06
3.343813000000000000e+06
4.697587000000000000e+06
1.502950000000000000e+05
5.125825000000000000e+06
3.110113000000000000e+06
4.038689000000000000e+06
2.154514000000000000e+06
7.748991000000000000e+06
3.958680000000000000e+05
3.960691000000000000e+06
2.928571000000000000e+06
3.314698000000000000e+06
4.042536000000000000e+06
4.379560000000000000e+06
3.145370000000000000e+05
6.383445000000000000e+06
3.999449000000000000e+06
4.878740000000000000e+06
3.638029000000000000e+06
9.303305000000000000e+06
4.294590000000000000e+05
8.418094000000000000e+06
4.251972000000000000e+06
4.888352000000000000e+06
4.898983000000000000e+06
4.924195000000000000e+06
3.029150000000000000e+05
6.705289000000000000e+06
3.530693000000000000e+06
3.384643000000000000e+06
2.693820000000000000e+06
8.217459000000000000e+06
4.278810000000000000e+05
4.451676000000000000e+06
1.269932000000000000e+06
1.340171000000000000e+06
2.157564000000000000e+06
1.337221000000000000e+06
1.162000000000000000e+05
3.912658000000000000e+06
3.284170000000000000e+06
3.315824000000000000e+06
3.586255000000000000e+06
7.922757000000000000e+06
4.101400000000000000e+05
4.788356000000000000e+06
3.192741000000000000e+06
3.357208000000000000e+06
4.098779000000000000e+06
3.745442000000000000e+06
2.650410000000000000e+05
5.486972000000000000e+06
2.943765000000000000e+06
2.576685000000000000e+06
3.175987000000000000e+06
9.436708000000000000e+06
4.598910000000000000e+05
9.237425000000000000e+06
6.181902000000000000e+06
4.885548000000000000e+06
4.485693000000000000e+06
4.673857000000000000e+06
1.816220000000000000e+05
6.177753000000000000e+06
1.956815000000000000e+06
2.597229000000000000e+06
2.100809000000000000e+06
8.106761000000000000e+06
5.032360000000000000e+05
6.694427000000000000e+06
4.652297000000000000e+06
2.748390000000000000e+06
3.473291000000000000e+06
2.343270000000000000e+06
1.715970000000000000e+05
5.269210000000000000e+06
1.330265000000000000e+06
2.176745000000000000e+06
2.301609000000000000e+06
7.550323000000000000e+06
5.365720000000000000e+05
1.393530000000000000e+06
2.885548000000000000e+06
1.929169000000000000e+06
2.340149000000000000e+06
1.980037000000000000e+06
1.492220000000000000e+05
1.988385000000000000e+06
5.203547000000000000e+06
3.636020000000000000e+06
3.189524000000000000e+06
8.418906000000000000e+06
5.255360000000000000e+05
1.584415000000000000e+06
4.019136000000000000e+06
1.476502000000000000e+06
1.544887000000000000e+06
1.823809000000000000e+06
2.212440000000000000e+05
1.842252000000000000e+06
4.109513000000000000e+06
3.358342000000000000e+06
3.948180000000000000e+06
9.677256000000000000e+06
5.352850000000000000e+05
2.565332000000000000e+06
5.051534000000000000e+06
4.807179000000000000e+06
5.600936000000000000e+06
6.545170000000000000e+06
3.174050000000000000e+05
5.944659000000000000e+06
5.587969000000000000e+06
4.731404000000000000e+06
6.994270000000000000e+06
1.103719600000000000e+07
2.900070000000000000e+05
5.844751000000000000e+06
9.786287000000000000e+06
4.415324000000000000e+06
4.295626000000000000e+06
4.614735000000000000e+06
2.733430000000000000e+05
4.828770000000000000e+06
9.567757000000000000e+06
4.701274000000000000e+06
4.095929000000000000e+06
1.029721600000000000e+07
5.177210000000000000e+05
4.723521000000000000e+06
5.992615000000000000e+06
3.954545000000000000e+06
3.998443000000000000e+06
3.910779000000000000e+06
2.794130000000000000e+05
3.422238000000000000e+06
4.444219000000000000e+06
3.986754000000000000e+06
3.921943000000000000e+06
9.664683000000000000e+06
5.075280000000000000e+05
6.911765000000000000e+06
1.238432100000000000e+07
9.465660000000000000e+06
8.783779000000000000e+06
