5.227956500000000000e+07
4.289560000000000000e+05
9.033625000000000000e+06
5.479887000000000000e+06
6.523728000000000000e+06
6.355673000000000000e+06
4.431006000000000000e+06
2.696090000000000000e+05
7.020844000000000000e+06
3.731891000000000000e+06
5.472821000000000000e+06
5.129318000000000000e+06
8.455097000000000000e+06
4.616670000000000000e+05
7.006212000000000000e+06
5.635266000000000000e+06
7.649738000000000000e+06
9.903500000000000000e+06
1.415936800000000000e+07
6.326500000000000000e+05
1.483891600000000000e+07
1.018770600000000000e+07
1.041453400000000000e+07
9.960583000000000000e+06
1.196728100000000000e+07
4.516490000000000000e+05
1.311420800000000000e+07
6.135194000000000000e+06
1.051744000000000000e+07
1.040067900000000000e+07
1.092087400000000000e+07
2.221700000000000000e+05
1.398276000000000000e+07
7.517501000000000000e+06
6.906318000000000000e+06
6.357431000000000000e+06
1.033449000000000000e+07
3.033080000000000000e+05
9.851568000000000000e+06
6.307079000000000000e+06
5.413833000000000000e+06
5.402424000000000000e+06
5.488390000000000000e+06
3.134550000000000000e+05
1.105311100000000000e+07
5.464192000000000000e+06
5.396017000000000000e+06
5.814176000000000000e+06
9.749803000000000000e+06
4.105820000000000000e+05
1.064407900000000000e+07
4.986896000000000000e+06
4.201556000000000000e+06
4.207052000000000000e+06
3.119784000000000000e+06
1.741760000000000000e+05
7.341278000000000000e+06
4.733140000000000000e+06
4.889634000000000000e+06
4.560112000000000000e+06
9.356422000000000000e+06
4.512680000000000000e+05
9.036896000000000000e+06
2.949543000000000000e+06
2.543689000000000000e+06
4.026703000000000000e+06
2.438068000000000000e+06
1.699340000000000000e+05
3.655636000000000000e+06
2.754944000000000000e+06
3.351706000000000000e+06
3.593987000000000000e+06
8.087636000000000000e+06
4.539070000000000000e+05
7.113601000000000000e+06
3.819808000000000000e+06
3.207626000000000000e+06
2.621939000000000000e+06
3.047828000000000000e+06
1.775510000000000000e+05
4.506365000000000000e+06
1.575139000000000000e+06
3.290909000000000000e+06
3.970562000000000000e+06
8.654783000000000000e+06
3.862780000000000000e+05
7.923609000000000000e+06
3.381346000000000000e+06
3.481331000000000000e+06
3.545280000000000000e+06
2.717396000000000000e+06
1.364550000000000000e+05
5.059216000000000000e+06
1.134233000000000000e+06
4.784470000000000000e+05
5.340340000000000000e+05
7.173842000000000000e+06
4.503510000000000000e+05
8.470040000000000000e+05
1.215326000000000000e+06
1.047433000000000000e+06
6.430900000000000000e+05
7.766540000000000000e+05
2.341493000000000000e+06
2.273270000000000000e+05
1.161452000000000000e+06
1.673061000000000000e+06
1.639362000000000000e+06
6.926904000000000000e+06
3.871012000000000000e+06
2.596200000000000000e+05
2.422138000000000000e+06
2.943060000000000000e+06
3.026977000000000000e+06
2.993383000000000000e+06
4.495360000000000000e+06
2.165780000000000000e+05
2.410427000000000000e+06
3.255045000000000000e+06
2.948572000000000000e+06
7.364353000000000000e+06
2.123437000000000000e+06
1.204500000000000000e+05
4.261905000000000000e+06
2.932930000000000000e+06
3.293712000000000000e+06
3.485038000000000000e+06
3.138283000000000000e+06
1.414100000000000000e+05
5.743491000000000000e+06
2.603089000000000000e+06
2.406046000000000000e+06
7.926875000000000000e+06
2.623437000000000000e+06
1.761370000000000000e+05
4.239257000000000000e+06
2.302543000000000000e+06
1.441525000000000000e+06
1.650967000000000000e+06
1.303045000000000000e+06
1.837580000000000000e+05
2.280953000000000000e+06
2.788963000000000000e+06
1.353825000000000000e+06
6.579146000000000000e+06
2.334221000000000000e+06
5.907500000000000000e+04
4.336972000000000000e+06
2.515458000000000000e+06
