6.929974000000000000e+06
1.420730800000000000e+07
1.356252600000000000e+07
1.805310100000000000e+07
2.215160800000000000e+07
8.428160000000000000e+05
2.096853400000000000e+07
2.409018600000000000e+07
2.654682600000000000e+07
2.465752100000000000e+07
2.926380400000000000e+07
2.629817000000000000e+06
2.429813000000000000e+07
2.170316500000000000e+07
2.025766100000000000e+07
1.941816000000000000e+07
1.634062400000000000e+07
1.111277000000000000e+06
1.756979600000000000e+07
1.603752000000000000e+07
1.721626500000000000e+07
1.423254400000000000e+07
1.578885500000000000e+07
2.615721000000000000e+06
8.517045000000000000e+06
9.760487000000000000e+06
1.212107700000000000e+07
1.518690900000000000e+07
2.112610600000000000e+07
1.127864000000000000e+06
2.119412300000000000e+07
1.723078300000000000e+07
1.435837300000000000e+07
1.513689800000000000e+07
1.575584500000000000e+07
2.547745000000000000e+06
9.016660000000000000e+06
1.371679800000000000e+07
1.314497400000000000e+07
1.044787100000000000e+07
1.776358200000000000e+07
8.627770000000000000e+05
1.586352200000000000e+07
1.593245700000000000e+07
1.646052600000000000e+07
1.507739800000000000e+07
1.967614900000000000e+07
2.658225000000000000e+06
1.433569500000000000e+07
1.437048000000000000e+07
1.474042200000000000e+07
1.511738100000000000e+07
1.995673800000000000e+07
1.175751000000000000e+06
1.428626000000000000e+07
1.263813600000000000e+07
1.418470000000000000e+07
1.504934900000000000e+07
1.963652100000000000e+07
2.209994000000000000e+06
1.358048000000000000e+07
1.366937000000000000e+07
1.392136900000000000e+07
1.387237200000000000e+07
2.071119600000000000e+07
7.492170000000000000e+05
1.660683900000000000e+07
1.502078900000000000e+07
1.486928100000000000e+07
1.581294300000000000e+07
2.268719700000000000e+07
2.609197000000000000e+06
1.533671700000000000e+07
1.696252500000000000e+07
1.634681200000000000e+07
1.604173500000000000e+07
2.584083000000000000e+07
1.073935000000000000e+06
2.096145300000000000e+07
1.819610200000000000e+07
1.688451100000000000e+07
1.445573800000000000e+07
2.061247200000000000e+07
2.766996000000000000e+06
1.689846600000000000e+07
1.289371500000000000e+07
1.473953900000000000e+07
1.668192500000000000e+07
2.392734500000000000e+07
7.915960000000000000e+05
1.829831300000000000e+07
1.493745300000000000e+07
1.028143700000000000e+07
7.060111000000000000e+06
1.067309500000000000e+07
2.286995000000000000e+06
8.308338000000000000e+06
9.270690000000000000e+06
1.048500700000000000e+07
1.300016300000000000e+07
2.272032900000000000e+07
6.864600000000000000e+05
1.799546100000000000e+07
1.802106200000000000e+07
1.731130300000000000e+07
1.158733100000000000e+07
2.054494100000000000e+07
2.579132000000000000e+06
1.377685700000000000e+07
1.331583100000000000e+07
1.382588600000000000e+07
1.317541400000000000e+07
1.834551800000000000e+07
8.507850000000000000e+05
1.367763400000000000e+07
1.066121300000000000e+07
6.624718000000000000e+06
1.123429500000000000e+07
1.125636800000000000e+07
2.175101000000000000e+06
8.756098000000000000e+06
8.583308000000000000e+06
5.166187000000000000e+06
1.096561700000000000e+07
1.239254900000000000e+07
5.973680000000000000e+05
2.124447300000000000e+07
1.693393500000000000e+07
1.071192100000000000e+07
8.705146000000000000e+06
9.079506000000000000e+06
2.117761000000000000e+06
1.895255000000000000e+07
1.449666200000000000e+07
8.036155000000000000e+06
8.142719000000000000e+06
1.480593300000000000e+07
6.866750000000000000e+05
1.558033900000000000e+07
1.142157800000000000e+07
1.333729600000000000e+07
9.441903000000000000e+06
9.392644000000000000e+06
2.137295000000000000e+06
1.390895600000000000e+07
7.716615000000000000e+06
5.643382000000000000e+06
5.756049000000000000e+06
5.751515000000000000e+06
