1.492648500000000000e+07
9.733481000000000000e+06
7.623946000000000000e+06
7.309621000000000000e+06
8.739450000000000000e+06
4.722010000000000000e+05
8.895955000000000000e+06
8.501220000000000000e+06
8.876800000000000000e+06
1.193945800000000000e+07
1.114686600000000000e+07
2.047321000000000000e+06
1.523944100000000000e+07
8.089961000000000000e+06
9.466674000000000000e+06
1.042884700000000000e+07
1.173431200000000000e+07
6.107320000000000000e+05
1.666014200000000000e+07
1.399358800000000000e+07
1.407480900000000000e+07
1.410758500000000000e+07
1.480008100000000000e+07
2.179816000000000000e+06
2.111524100000000000e+07
1.475813400000000000e+07
1.335501000000000000e+07
1.061217100000000000e+07
1.094232700000000000e+07
8.821770000000000000e+05
1.698977900000000000e+07
1.558634500000000000e+07
1.670450100000000000e+07
1.639742200000000000e+07
1.363224900000000000e+07
2.465804000000000000e+06
2.308735300000000000e+07
1.369909800000000000e+07
7.157450000000000000e+06
9.158560000000000000e+06
6.163597000000000000e+06
2.934270000000000000e+05
1.031321400000000000e+07
3.750995000000000000e+06
6.388502000000000000e+06
7.192485000000000000e+06
5.780533000000000000e+06
1.872939000000000000e+06
1.569825200000000000e+07
9.229163000000000000e+06
8.946888000000000000e+06
8.195422000000000000e+06
7.418182000000000000e+06
9.322495000000000000e+06
5.894210000000000000e+05
5.292373000000000000e+06
4.252270000000000000e+06
3.432738000000000000e+06
5.190746000000000000e+06
8.560334000000000000e+06
7.489461000000000000e+06
6.828178000000000000e+06
6.651919000000000000e+06
8.206534000000000000e+06
8.628863000000000000e+06
1.566718900000000000e+07
7.489460000000000000e+05
8.632801000000000000e+06
8.949916000000000000e+06
8.441375000000000000e+06
5.775039000000000000e+06
9.806721000000000000e+06
6.773604000000000000e+06
8.026926000000000000e+06
1.095620800000000000e+07
1.334439500000000000e+07
1.370613900000000000e+07
1.969202300000000000e+07
7.993090000000000000e+05
1.473854200000000000e+07
1.521527600000000000e+07
1.352311300000000000e+07
1.429508000000000000e+07
2.088436500000000000e+07
7.791661000000000000e+06
1.535229100000000000e+07
1.386609200000000000e+07
1.133846500000000000e+07
1.137166400000000000e+07
1.604987500000000000e+07
6.309970000000000000e+05
1.013052200000000000e+07
9.702968000000000000e+06
9.301916000000000000e+06
9.833984000000000000e+06
1.353436900000000000e+07
7.375211000000000000e+06
9.533616000000000000e+06
7.178026000000000000e+06
6.876820000000000000e+06
6.282539000000000000e+06
1.064299400000000000e+07
5.586620000000000000e+05
5.785632000000000000e+06
5.708805000000000000e+06
6.050299000000000000e+06
8.970976000000000000e+06
1.329161700000000000e+07
7.320236000000000000e+06
1.041557700000000000e+07
1.057006600000000000e+07
1.164785500000000000e+07
1.157558500000000000e+07
1.817155800000000000e+07
6.091040000000000000e+05
1.050783600000000000e+07
1.018746500000000000e+07
1.113228400000000000e+07
8.335098000000000000e+06
1.189128100000000000e+07
7.742487000000000000e+06
6.905839000000000000e+06
5.317997000000000000e+06
7.090871000000000000e+06
7.942392000000000000e+06
1.025032200000000000e+07
5.679410000000000000e+05
5.667615000000000000e+06
7.276093000000000000e+06
8.838582000000000000e+06
7.589468000000000000e+06
1.355955600000000000e+07
7.876785000000000000e+06
8.997110000000000000e+06
9.547036000000000000e+06
7.827041000000000000e+06
7.326255000000000000e+06
1.446890400000000000e+07
7.743640000000000000e+05
8.483529000000000000e+06
8.662266000000000000e+06
8.317749000000000000e+06
7.841766000000000000e+06
1.348599000000000000e+07
7.959791000000000000e+06
8.848124000000000000e+06
8.980968000000000000e+06
1.063127200000000000e+07
1.127780400000000000e+07
