1.956365000000000000e+06
9.179277000000000000e+06
8.377291000000000000e+06
8.475031000000000000e+06
8.459717000000000000e+06
1.478547900000000000e+07
8.061923000000000000e+06
9.386787000000000000e+06
1.025442000000000000e+07
1.049316500000000000e+07
8.564186000000000000e+06
1.465823000000000000e+07
1.015097000000000000e+06
8.918015000000000000e+06
8.922504000000000000e+06
9.041091000000000000e+06
8.922576000000000000e+06
1.552052600000000000e+07
8.191684000000000000e+06
1.145815500000000000e+07
1.043021600000000000e+07
9.673648000000000000e+06
8.860845000000000000e+06
1.672051500000000000e+07
4.495930000000000000e+05
1.294577100000000000e+07
1.264281700000000000e+07
1.176223100000000000e+07
1.286143600000000000e+07
1.952372500000000000e+07
8.199838000000000000e+06
1.404218300000000000e+07
1.540068800000000000e+07
1.447628900000000000e+07
1.303230800000000000e+07
1.912846800000000000e+07
4.449230000000000000e+05
1.203703000000000000e+07
1.131169200000000000e+07
1.044450900000000000e+07
9.394645000000000000e+06
1.175522500000000000e+07
8.174004000000000000e+06
7.985061000000000000e+06
7.926319000000000000e+06
8.000226000000000000e+06
7.562609000000000000e+06
1.349285800000000000e+07
5.229120000000000000e+05
1.034334100000000000e+07
9.793959000000000000e+06
1.086878800000000000e+07
1.018034600000000000e+07
1.576428900000000000e+07
7.668268000000000000e+06
1.324262000000000000e+07
1.395714900000000000e+07
1.267140100000000000e+07
1.363440600000000000e+07
1.818312800000000000e+07
1.031898000000000000e+06
1.253169700000000000e+07
1.243549700000000000e+07
1.155976900000000000e+07
1.168245700000000000e+07
1.812884400000000000e+07
7.576793000000000000e+06
1.258127800000000000e+07
1.204979000000000000e+07
1.143850200000000000e+07
1.148469500000000000e+07
1.754965000000000000e+07
5.000010000000000000e+05
1.251567800000000000e+07
1.037317600000000000e+07
1.027339400000000000e+07
1.234333100000000000e+07
1.699420500000000000e+07
7.508291000000000000e+06
1.160367700000000000e+07
1.134340600000000000e+07
1.003196900000000000e+07
8.855198000000000000e+06
1.309239200000000000e+07
7.356800000000000000e+05
7.048918000000000000e+06
4.768290000000000000e+06
6.760829000000000000e+06
5.882170000000000000e+06
1.041695300000000000e+07
7.939474000000000000e+06
8.178272000000000000e+06
5.873471000000000000e+06
7.615698000000000000e+06
7.794445000000000000e+06
1.292707500000000000e+07
5.790250000000000000e+05
8.277382000000000000e+06
9.777597000000000000e+06
9.774123000000000000e+06
1.058952200000000000e+07
1.397715900000000000e+07
1.308982700000000000e+07
6.654700000000000000e+05
8.300193000000000000e+06
7.102360000000000000e+06
6.450534000000000000e+06
1.114631300000000000e+07
3.824532000000000000e+06
2.823310000000000000e+05
3.238689000000000000e+06
4.408293000000000000e+06
4.719184000000000000e+06
8.251242000000000000e+06
9.333610000000000000e+06
6.494950000000000000e+05
5.419788000000000000e+06
8.128795000000000000e+06
7.900417000000000000e+06
1.458050100000000000e+07
9.811750000000000000e+06
6.719660000000000000e+05
9.622946000000000000e+06
1.013754500000000000e+07
1.137447800000000000e+07
1.518450900000000000e+07
1.350049100000000000e+07
6.374080000000000000e+05
1.012995400000000000e+07
9.369739000000000000e+06
9.113584000000000000e+06
1.211534100000000000e+07
8.592670000000000000e+06
4.648850000000000000e+05
8.499695000000000000e+06
9.674283000000000000e+06
9.041173000000000000e+06
1.316390800000000000e+07
1.178617600000000000e+07
6.026430000000000000e+05
8.200431000000000000e+06
7.528250000000000000e+06
7.188581000000000000e+06
1.164345600000000000e+07
7.147750000000000000e+06
4.209030000000000000e+05
6.836594000000000000e+06
6.696772000000000000e+06
8.602321000000000000e+06
