1.204834700000000000e+07
5.217840000000000000e+05
8.261118000000000000e+06
7.106656000000000000e+06
5.805080000000000000e+06
4.185551000000000000e+06
7.452432000000000000e+06
3.451170000000000000e+05
3.408601000000000000e+06
4.265363000000000000e+06
3.016038000000000000e+06
4.636694000000000000e+06
1.109897400000000000e+07
5.683060000000000000e+05
4.410092000000000000e+06
4.951866000000000000e+06
4.285218000000000000e+06
3.882698000000000000e+06
3.675662000000000000e+06
1.756490000000000000e+05
4.219133000000000000e+06
3.247042000000000000e+06
3.684946000000000000e+06
6.026665000000000000e+06
1.121255200000000000e+07
5.473180000000000000e+05
7.157897000000000000e+06
7.872622000000000000e+06
7.331083000000000000e+06
6.111391000000000000e+06
1.245932800000000000e+07
6.291830000000000000e+05
5.122610000000000000e+06
5.026919000000000000e+06
5.219805000000000000e+06
4.973469000000000000e+06
1.081806100000000000e+07
5.551290000000000000e+05
3.842678000000000000e+06
2.553503000000000000e+06
3.214774000000000000e+06
2.625287000000000000e+06
5.713015000000000000e+06
2.558040000000000000e+05
2.006136000000000000e+06
1.761517000000000000e+06
3.982441000000000000e+06
4.143145000000000000e+06
1.125739600000000000e+07
6.133920000000000000e+05
5.216999000000000000e+06
6.202238000000000000e+06
6.058187000000000000e+06
3.265100000000000000e+05
7.282621000000000000e+06
1.025261900000000000e+07
5.235260000000000000e+05
5.683155000000000000e+06
4.479274000000000000e+06
5.149363000000000000e+06
8.094260000000000000e+06
7.432257000000000000e+06
3.966690000000000000e+05
3.417963000000000000e+06
3.568800000000000000e+06
4.556071000000000000e+06
3.144470000000000000e+06
6.415007000000000000e+06
2.809170000000000000e+05
3.512880000000000000e+06
3.195877000000000000e+06
4.179536000000000000e+06
9.106316000000000000e+06
5.062634000000000000e+06
2.804580000000000000e+05
2.821466300000000000e+07
3.172375000000000000e+06
3.677553000000000000e+06
3.229376000000000000e+06
4.186300000000000000e+06
3.787820000000000000e+05
2.078935000000000000e+06
2.009225000000000000e+06
3.411003000000000000e+06
8.415526000000000000e+06
3.509737000000000000e+06
2.165780000000000000e+05
2.122740000000000000e+06
2.311265000000000000e+06
2.770857000000000000e+06
2.553939000000000000e+06
3.636003000000000000e+06
3.789510000000000000e+05
2.831205000000000000e+06
2.664129000000000000e+06
3.986250000000000000e+06
7.811092000000000000e+06
4.208881000000000000e+06
3.032790000000000000e+05
2.798117000000000000e+06
2.828319000000000000e+06
3.890629000000000000e+06
4.334115000000000000e+06
7.026175000000000000e+06
4.524920000000000000e+05
5.127364000000000000e+06
5.653479000000000000e+06
6.066228000000000000e+06
9.037788000000000000e+06
5.125671000000000000e+06
3.686460000000000000e+05
3.845517000000000000e+06
3.143088000000000000e+06
3.007222000000000000e+06
2.900322000000000000e+06
2.736368000000000000e+06
1.994510000000000000e+05
1.785693000000000000e+06
1.953995000000000000e+06
2.947937000000000000e+06
7.107927000000000000e+06
3.393494000000000000e+06
3.028670000000000000e+05
1.549480000000000000e+06
2.327007000000000000e+06
2.248126000000000000e+06
2.618452000000000000e+06
3.211335000000000000e+06
1.956010000000000000e+05
4.049702000000000000e+06
4.801313000000000000e+06
5.981112000000000000e+06
1.016906000000000000e+07
7.985627000000000000e+06
2.908990000000000000e+05
5.552378000000000000e+06
5.553613000000000000e+06
5.464684000000000000e+06
5.277389000000000000e+06
5.980833000000000000e+06
4.312500000000000000e+05
4.719653000000000000e+06
4.658630000000000000e+06
5.625672000000000000e+06
9.801454000000000000e+06
7.518886000000000000e+06
3.200850000000000000e+05
6.899176000000000000e+06
7.369615000000000000e+06
