8.140093000000000000e+06
6.607276000000000000e+06
4.143373000000000000e+06
2.656690000000000000e+05
3.873550000000000000e+06
3.006726000000000000e+06
4.451620000000000000e+06
6.488913000000000000e+06
4.007437000000000000e+06
3.532180000000000000e+05
3.745342000000000000e+06
3.808895000000000000e+06
7.456510000000000000e+06
3.953832000000000000e+06
2.574128000000000000e+06
2.242820000000000000e+05
3.410733000000000000e+06
2.990856000000000000e+06
3.306532000000000000e+06
3.918714000000000000e+06
3.344706000000000000e+06
2.659870000000000000e+05
3.897491000000000000e+06
5.122648000000000000e+06
8.540774000000000000e+06
4.668923000000000000e+06
2.609091000000000000e+06
2.612540000000000000e+05
2.727046000000000000e+06
2.659584000000000000e+06
3.307983000000000000e+06
3.838557000000000000e+06
4.064704000000000000e+06
2.948570000000000000e+05
4.246667000000000000e+06
5.349109000000000000e+06
8.901055000000000000e+06
4.832454000000000000e+06
2.588138000000000000e+06
1.854770000000000000e+05
4.041090000000000000e+06
4.665161000000000000e+06
4.990364000000000000e+06
4.717611000000000000e+06
5.240839000000000000e+06
2.517660000000000000e+05
1.964812000000000000e+06
3.560089000000000000e+06
8.161029000000000000e+06
4.639089000000000000e+06
7.056376000000000000e+06
3.308570000000000000e+05
4.327634000000000000e+06
3.279044000000000000e+06
2.653564000000000000e+06
3.655631000000000000e+06
7.578440000000000000e+06
4.951925000000000000e+06
2.670590000000000000e+05
5.003848000000000000e+06
7.736536000000000000e+06
3.332853000000000000e+06
6.375384000000000000e+06
4.750530000000000000e+06
2.613010000000000000e+05
4.477581000000000000e+06
3.489770000000000000e+06
2.111084000000000000e+06
4.043662000000000000e+06
2.989685000000000000e+06
2.811540000000000000e+05
4.220478000000000000e+06
8.345460000000000000e+06
4.130481000000000000e+06
5.637639000000000000e+06
3.910562000000000000e+06
2.515180000000000000e+05
4.297226000000000000e+06
3.923487000000000000e+06
3.561796000000000000e+06
4.846476000000000000e+06
3.176454000000000000e+06
3.257580000000000000e+05
3.745564000000000000e+06
7.563216000000000000e+06
2.651506000000000000e+06
3.347027000000000000e+06
2.198033000000000000e+06
2.324870000000000000e+05
2.187499000000000000e+06
1.773564000000000000e+06
1.982218000000000000e+06
2.805720000000000000e+06
1.731656000000000000e+06
2.410260000000000000e+05
2.750770000000000000e+06
6.755523000000000000e+06
1.669592000000000000e+06
2.987891000000000000e+06
2.443151000000000000e+06
1.935630000000000000e+05
2.370252000000000000e+06
2.254101000000000000e+06
2.437111000000000000e+06
4.406806000000000000e+06
3.183143000000000000e+06
2.452660000000000000e+05
4.075420000000000000e+06
7.403524000000000000e+06
2.573175000000000000e+06
3.822403000000000000e+06
2.704872000000000000e+06
3.089310000000000000e+05
2.794034000000000000e+06
3.632523000000000000e+06
3.677450000000000000e+06
5.347091000000000000e+06
3.110882000000000000e+06
3.289810000000000000e+05
3.714452000000000000e+06
7.720720000000000000e+06
3.497496000000000000e+06
5.655936000000000000e+06
3.450572000000000000e+06
2.723240000000000000e+05
4.059405000000000000e+06
3.726265000000000000e+06
4.064380000000000000e+06
5.557151000000000000e+06
4.034857000000000000e+06
3.300780000000000000e+05
4.844953000000000000e+06
8.480842000000000000e+06
5.230613000000000000e+06
7.580020000000000000e+06
5.593250000000000000e+06
2.594710000000000000e+05
5.770527000000000000e+06
5.189269000000000000e+06
5.454929000000000000e+06
7.972716000000000000e+06
4.955006000000000000e+06
2.929440000000000000e+05
5.731006000000000000e+06
9.057630000000000000e+06
4.952715000000000000e+06
5.701485000000000000e+06
4.082993000000000000e+06
3.670540000000000000e+05
