1.266002000000000000e+07
1.314345700000000000e+07
1.862237500000000000e+07
7.070822000000000000e+06
9.437202000000000000e+06
6.084490000000000000e+05
6.824559000000000000e+06
3.558179000000000000e+06
8.449495000000000000e+06
5.097486000000000000e+06
2.405433000000000000e+06
1.737592000000000000e+06
7.850191000000000000e+06
3.736131000000000000e+06
8.348793000000000000e+06
4.964155000000000000e+06
9.123195000000000000e+06
5.815470000000000000e+05
8.139448000000000000e+06
6.811037000000000000e+06
1.326515700000000000e+07
1.234345100000000000e+07
1.287734800000000000e+07
2.190063000000000000e+06
1.736797200000000000e+07
1.710506100000000000e+07
2.538126000000000000e+07
1.231616300000000000e+07
1.065671400000000000e+07
6.528980000000000000e+05
1.221856800000000000e+07
1.292944600000000000e+07
1.573490900000000000e+07
1.044027500000000000e+07
1.002214500000000000e+07
2.203686000000000000e+06
1.312127500000000000e+07
9.379400000000000000e+06
1.308337700000000000e+07
9.129372000000000000e+06
1.001572000000000000e+07
5.021600000000000000e+05
5.730744000000000000e+06
7.793056000000000000e+06
1.598645600000000000e+07
7.079404000000000000e+06
9.085637000000000000e+06
2.099683000000000000e+06
1.525045700000000000e+07
1.360229000000000000e+07
1.514989000000000000e+07
1.327117100000000000e+07
1.527365500000000000e+07
9.912420000000000000e+05
1.369140300000000000e+07
1.239310400000000000e+07
1.225335400000000000e+07
8.507104000000000000e+06
1.109368200000000000e+07
2.155484000000000000e+06
1.171945100000000000e+07
9.191347000000000000e+06
1.930489400000000000e+07
1.402608300000000000e+07
1.322939000000000000e+07
8.451270000000000000e+05
1.422506100000000000e+07
1.204628400000000000e+07
1.263035800000000000e+07
6.542116000000000000e+06
6.958709000000000000e+06
2.043605000000000000e+06
1.547989700000000000e+07
8.893002000000000000e+06
7.151015000000000000e+06
1.833388900000000000e+07
1.146266800000000000e+07
6.739600000000000000e+05
1.312964900000000000e+07
1.618888100000000000e+07
1.035075400000000000e+07
2.671658900000000000e+07
8.506198000000000000e+06
1.964046000000000000e+06
1.779465000000000000e+07
1.488005100000000000e+07
1.188446000000000000e+07
1.337476200000000000e+07
1.192539600000000000e+07
7.571120000000000000e+05
1.528394300000000000e+07
9.176233000000000000e+06
9.123518000000000000e+06
2.560510000000000000e+07
6.926443000000000000e+06
1.874441000000000000e+06
1.055852600000000000e+07
1.126288200000000000e+07
1.051454600000000000e+07
9.186335000000000000e+06
5.536612000000000000e+06
3.425300000000000000e+05
6.549054000000000000e+06
1.064292400000000000e+07
1.085509300000000000e+07
1.339838700000000000e+07
9.496974000000000000e+06
2.080217000000000000e+06
1.328613500000000000e+07
9.585738000000000000e+06
7.567786000000000000e+06
1.532442800000000000e+07
9.925279000000000000e+06
7.712850000000000000e+05
7.817229000000000000e+06
8.701708000000000000e+06
9.245295000000000000e+06
7.778878000000000000e+06
4.565821000000000000e+06
1.838978000000000000e+06
1.099886200000000000e+07
7.548448000000000000e+06
7.149140000000000000e+06
2.102750900000000000e+07
1.388137200000000000e+07
8.852050000000000000e+05
1.173673300000000000e+07
1.078611600000000000e+07
1.488006900000000000e+07
1.990203100000000000e+07
8.447482000000000000e+06
1.904154000000000000e+06
9.138356000000000000e+06
7.413790000000000000e+06
8.894417000000000000e+06
1.227468300000000000e+07
9.730829000000000000e+06
7.124410000000000000e+05
1.040789000000000000e+07
1.232433500000000000e+07
1.151526900000000000e+07
1.836651000000000000e+07
1.336518200000000000e+07
2.225054000000000000e+06
1.479664400000000000e+07
1.240594400000000000e+07
9.921201000000000000e+06
5.997054600000000000e+07
5.740600000000000000e+05
