8.479830000000000000e+05
2.138980000000000000e+05
2.420560000000000000e+05
1.324980000000000000e+05
2.540450000000000000e+05
2.707680000000000000e+05
2.479200000000000000e+04
3.072200000000000000e+05
3.434280000000000000e+05
3.676108000000000000e+06
5.169100000000000000e+05
9.077030000000000000e+05
2.438100000000000000e+04
2.321500000000000000e+05
2.958720000000000000e+05
3.875430000000000000e+05
4.231540000000000000e+05
3.681570000000000000e+05
4.018900000000000000e+04
2.381360000000000000e+05
3.005750000000000000e+05
3.521234000000000000e+06
6.301510000000000000e+05
1.027283000000000000e+06
3.161200000000000000e+04
4.904050000000000000e+05
5.246780000000000000e+05
5.912680000000000000e+05
5.984640000000000000e+05
6.398630000000000000e+05
7.687200000000000000e+04
6.665800000000000000e+05
7.216070000000000000e+05
4.232731000000000000e+06
8.851250000000000000e+05
1.370490000000000000e+06
4.355700000000000000e+04
7.213110000000000000e+05
7.671330000000000000e+05
6.073030000000000000e+05
6.504950000000000000e+05
5.306190000000000000e+05
5.019300000000000000e+04
4.635180000000000000e+05
5.230360000000000000e+05
3.961408000000000000e+06
9.338680000000000000e+05
1.248707000000000000e+06
3.342100000000000000e+04
5.983470000000000000e+05
5.843530000000000000e+05
5.973360000000000000e+05
4.993990000000000000e+05
4.448130000000000000e+05
2.671200000000000000e+04
3.884220000000000000e+05
5.025270000000000000e+05
3.839741000000000000e+06
9.422720000000000000e+05
1.201116000000000000e+06
5.286100000000000000e+04
5.666450000000000000e+05
5.217110000000000000e+05
4.957360000000000000e+05
3.280500000000000000e+05
2.966280000000000000e+05
3.198500000000000000e+04
2.543740000000000000e+05
3.468520000000000000e+05
3.718908000000000000e+06
7.189280000000000000e+05
1.057813000000000000e+06
3.557400000000000000e+04
4.128320000000000000e+05
3.781560000000000000e+05
3.222300000000000000e+05
3.037530000000000000e+05
2.928420000000000000e+05
4.963200000000000000e+04
1.866110000000000000e+05
1.833130000000000000e+05
3.628694000000000000e+06
4.999670000000000000e+05
8.474640000000000000e+05
1.849300000000000000e+04
9.169000000000000000e+04
1.084490000000000000e+05
1.311970000000000000e+05
1.269080000000000000e+05
1.532500000000000000e+05
7.088000000000000000e+03
1.417120000000000000e+05
2.918540000000000000e+05
3.725201000000000000e+06
6.181590000000000000e+05
1.049827000000000000e+06
2.649000000000000000e+04
4.031930000000000000e+05
5.342980000000000000e+05
6.399760000000000000e+05
6.340700000000000000e+05
5.926950000000000000e+05
6.196500000000000000e+04
6.105680000000000000e+05
5.893280000000000000e+05
3.813935000000000000e+06
8.065970000000000000e+05
1.189665000000000000e+06
3.441200000000000000e+04
4.977460000000000000e+05
5.123750000000000000e+05
3.960310000000000000e+05
5.166210000000000000e+05
4.753310000000000000e+05
4.012900000000000000e+04
5.262760000000000000e+05
5.853520000000000000e+05
3.765084000000000000e+06
8.839870000000000000e+05
1.197157000000000000e+06
5.244000000000000000e+04
5.463220000000000000e+05
6.077390000000000000e+05
5.360930000000000000e+05
5.677200000000000000e+05
5.028690000000000000e+05
5.440300000000000000e+04
5.613600000000000000e+05
5.847230000000000000e+05
3.824895000000000000e+06
9.924160000000000000e+05
1.289771000000000000e+06
6.866500000000000000e+04
5.424330000000000000e+05
5.729970000000000000e+05
4.908030000000000000e+05
4.583380000000000000e+05
3.898660000000000000e+05
4.188900000000000000e+04
3.578110000000000000e+05
3.118230000000000000e+05
3.633033000000000000e+06
6.607220000000000000e+05
1.003087000000000000e+06
1.721200000000000000e+04
4.052940000000000000e+05
5.114650000000000000e+05
5.043790000000000000e+05
5.003040000000000000e+05
