8.253090000000000000e+05
3.316940000000000000e+05
2.953050000000000000e+05
3.819157000000000000e+06
4.892260000000000000e+05
9.929000000000000000e+04
1.671900000000000000e+04
9.070700000000000000e+04
1.142640000000000000e+05
1.472700000000000000e+05
1.259310000000000000e+05
9.563730000000000000e+05
3.655300000000000000e+04
1.731470000000000000e+05
1.641910000000000000e+05
3.409290000000000000e+06
4.910260000000000000e+05
1.204240000000000000e+05
6.666000000000000000e+03
9.474700000000000000e+04
1.341660000000000000e+05
9.922200000000000000e+04
1.956750000000000000e+05
9.137310000000000000e+05
4.336200000000000000e+04
2.607880000000000000e+05
2.765090000000000000e+05
3.513723000000000000e+06
6.700880000000000000e+05
3.169640000000000000e+05
3.075700000000000000e+04
2.692130000000000000e+05
2.648950000000000000e+05
2.786540000000000000e+05
1.914760000000000000e+05
8.692290000000000000e+05
4.407400000000000000e+04
2.380100000000000000e+05
2.704310000000000000e+05
3.520543000000000000e+06
5.485070000000000000e+05
1.538100000000000000e+05
1.362900000000000000e+04
1.802610000000000000e+05
2.447270000000000000e+05
2.454190000000000000e+05
2.571740000000000000e+05
8.525860000000000000e+05
2.924900000000000000e+04
1.414420000000000000e+05
2.120140000000000000e+05
3.362677000000000000e+06
5.287900000000000000e+05
1.142510000000000000e+05
1.564100000000000000e+05
1.349000000000000000e+04
1.839720000000000000e+05
1.913480000000000000e+05
1.982770000000000000e+05
8.642910000000000000e+05
1.905400000000000000e+05
2.019500000000000000e+04
2.152860000000000000e+05
3.576729000000000000e+06
4.898970000000000000e+05
1.131000000000000000e+05
1.970190000000000000e+05
2.188400000000000000e+04
3.261550000000000000e+05
3.003040000000000000e+05
3.316080000000000000e+05
1.045583000000000000e+06
4.804720000000000000e+05
2.142400000000000000e+04
5.066590000000000000e+05
3.713730000000000000e+06
9.299080000000000000e+05
5.736070000000000000e+05
5.070080000000000000e+05
4.846400000000000000e+04
5.958220000000000000e+05
6.431850000000000000e+05
6.507860000000000000e+05
1.278831000000000000e+06
5.816360000000000000e+05
5.569700000000000000e+04
5.994490000000000000e+05
3.818156000000000000e+06
1.070884000000000000e+06
8.877880000000000000e+05
9.182590000000000000e+05
1.098440000000000000e+05
8.737320000000000000e+05
7.185920000000000000e+05
7.781930000000000000e+05
1.496218000000000000e+06
9.412010000000000000e+05
7.184600000000000000e+04
1.080643000000000000e+06
4.319592000000000000e+06
1.274473000000000000e+06
9.425110000000000000e+05
9.000970000000000000e+05
8.429700000000000000e+04
1.019996000000000000e+06
9.931840000000000000e+05
1.069261000000000000e+06
1.675270000000000000e+06
9.342450000000000000e+05
9.186300000000000000e+04
8.457670000000000000e+05
6.666467200000000000e+07
1.058682900000000000e+07
1.112389400000000000e+07
1.163303800000000000e+07
5.225120000000000000e+05
1.265249000000000000e+07
2.038993600000000000e+07
1.510960200000000000e+07
1.411334400000000000e+07
1.201201500000000000e+07
5.766740000000000000e+05
1.149156500000000000e+07
1.985855300000000000e+07
1.372415900000000000e+07
1.293813800000000000e+07
1.273005200000000000e+07
6.074240000000000000e+05
1.278950300000000000e+07
1.932325800000000000e+07
1.279103700000000000e+07
1.252314300000000000e+07
1.125816500000000000e+07
7.520690000000000000e+05
1.369206000000000000e+07
2.397980500000000000e+07
1.378364600000000000e+07
1.625272500000000000e+07
1.636494000000000000e+07
6.596900000000000000e+05
1.366540700000000000e+07
2.261255700000000000e+07
1.623357300000000000e+07
1.530057600000000000e+07
1.630018000000000000e+07
7.367220000000000000e+05
1.362550600000000000e+07
2.087670800000000000e+07
1.638679300000000000e+07
