2.966906000000000000e+06
4.442834000000000000e+06
2.360300000000000000e+05
7.554046000000000000e+06
4.080213000000000000e+06
5.008954000000000000e+06
9.510407000000000000e+06
5.656736000000000000e+06
1.928950000000000000e+05
7.208398000000000000e+06
3.331433000000000000e+06
4.957330000000000000e+06
4.021322000000000000e+06
3.969940000000000000e+06
3.481210000000000000e+05
4.806882000000000000e+06
4.505709000000000000e+06
3.464811000000000000e+06
8.243852000000000000e+06
2.754331000000000000e+06
8.056800000000000000e+04
5.350518000000000000e+06
2.176170000000000000e+06
3.549944000000000000e+06
2.466925000000000000e+06
3.214615000000000000e+06
9.103900000000000000e+04
5.465969000000000000e+06
2.928189000000000000e+06
2.653702000000000000e+06
6.964545000000000000e+06
1.309253000000000000e+06
9.232100000000000000e+04
2.003423000000000000e+06
1.650282000000000000e+06
2.657083000000000000e+06
1.391794000000000000e+06
1.370196000000000000e+06
7.720200000000000000e+04
4.168515000000000000e+06
2.428599000000000000e+06
3.794477000000000000e+06
8.032327000000000000e+06
2.705448000000000000e+06
2.010610000000000000e+05
5.479479000000000000e+06
2.042566000000000000e+06
3.669205000000000000e+06
2.778644000000000000e+06
2.581963000000000000e+06
2.392430000000000000e+05
4.405964000000000000e+06
1.878867000000000000e+06
1.802267000000000000e+06
7.035522000000000000e+06
3.246735000000000000e+06
9.549500000000000000e+04
3.906297000000000000e+06
2.074316000000000000e+06
3.549294000000000000e+06
2.444130000000000000e+06
2.545487000000000000e+06
1.335980000000000000e+05
5.568909000000000000e+06
2.321370000000000000e+06
2.854137000000000000e+06
7.439065000000000000e+06
4.001998000000000000e+06
1.085750000000000000e+05
6.356821000000000000e+06
3.461360000000000000e+06
4.193854000000000000e+06
3.207597000000000000e+06
2.851967000000000000e+06
1.715500000000000000e+05
5.099184000000000000e+06
2.504873000000000000e+06
2.817888000000000000e+06
7.031377000000000000e+06
2.869694000000000000e+06
1.018980000000000000e+05
3.183587000000000000e+06
1.376418000000000000e+06
3.034047000000000000e+06
2.687020000000000000e+06
2.368007000000000000e+06
1.730330000000000000e+05
1.915793000000000000e+06
1.284418000000000000e+06
2.171950000000000000e+06
6.290200000000000000e+06
2.488295000000000000e+06
8.037200000000000000e+04
3.030156000000000000e+06
1.089880000000000000e+06
3.055307000000000000e+06
3.278965000000000000e+06
3.219094000000000000e+06
1.346200000000000000e+05
5.993706000000000000e+06
3.032030000000000000e+06
3.795048000000000000e+06
7.849418000000000000e+06
3.383594000000000000e+06
2.213910000000000000e+05
4.602519000000000000e+06
2.956663000000000000e+06
2.902649000000000000e+06
2.381131000000000000e+06
1.961196000000000000e+06
1.509980000000000000e+05
4.523023000000000000e+06
1.855756000000000000e+06
1.666122000000000000e+06
7.457839000000000000e+06
2.621671000000000000e+06
1.372990000000000000e+05
5.964957000000000000e+06
3.072231000000000000e+06
4.208793000000000000e+06
3.275545000000000000e+06
3.255279000000000000e+06
2.091240000000000000e+05
8.998709000000000000e+06
4.947162000000000000e+06
6.341839000000000000e+06
1.003352900000000000e+07
8.005156000000000000e+06
3.183880000000000000e+05
1.229106900000000000e+07
7.961490000000000000e+06
8.514404000000000000e+06
8.673999000000000000e+06
7.335104000000000000e+06
5.148290000000000000e+05
1.203442600000000000e+07
8.587562000000000000e+06
7.756903000000000000e+06
1.065859100000000000e+07
6.486152000000000000e+06
1.847300000000000000e+05
1.066555300000000000e+07
5.057462000000000000e+06
5.606541000000000000e+06
5.352972000000000000e+06
5.504445000000000000e+06
2.888250000000000000e+05
1.013078100000000000e+07
5.279560000000000000e+06
