6.994087000000000000e+06
6.598678000000000000e+06
6.469885000000000000e+06
2.423640000000000000e+05
6.444182000000000000e+06
6.301281000000000000e+06
1.100741700000000000e+07
7.048891000000000000e+06
6.711477000000000000e+06
2.031000000000000000e+05
6.172274000000000000e+06
6.521295000000000000e+06
6.489455000000000000e+06
6.197657000000000000e+06
6.430489000000000000e+06
1.837770000000000000e+05
6.448431000000000000e+06
6.441361000000000000e+06
1.079727900000000000e+07
7.041112000000000000e+06
6.647537000000000000e+06
1.783730000000000000e+05
6.341744000000000000e+06
6.304448000000000000e+06
6.405886000000000000e+06
6.281216000000000000e+06
6.272348000000000000e+06
1.635270000000000000e+05
6.233408000000000000e+06
1.221270760000000000e+08
1.242527900000000000e+07
1.032708000000000000e+07
1.332741000000000000e+07
5.797990000000000000e+05
1.012066700000000000e+07
1.691110800000000000e+07
1.208365300000000000e+07
1.371562500000000000e+07
1.122938100000000000e+07
5.382640000000000000e+05
1.199311300000000000e+07
2.076227100000000000e+07
1.365369100000000000e+07
1.607600700000000000e+07
1.481805000000000000e+07
8.914870000000000000e+05
1.295511600000000000e+07
1.541953300000000000e+07
1.180567900000000000e+07
1.673244500000000000e+07
1.120639700000000000e+07
5.229700000000000000e+05
1.330710600000000000e+07
2.187024800000000000e+07
1.029828700000000000e+07
1.098878100000000000e+07
1.317271600000000000e+07
7.182740000000000000e+05
1.703979600000000000e+07
1.754430800000000000e+07
2.010624900000000000e+07
2.076815800000000000e+07
1.247712700000000000e+07
5.375300000000000000e+05
1.442145300000000000e+07
1.982206900000000000e+07
1.347921100000000000e+07
1.124296600000000000e+07
1.682656500000000000e+07
9.353560000000000000e+05
1.302483700000000000e+07
1.868459500000000000e+07
1.571836100000000000e+07
1.117838500000000000e+07
1.075363500000000000e+07
7.306810000000000000e+05
1.174979800000000000e+07
1.900698700000000000e+07
2.141033500000000000e+07
2.220271000000000000e+07
1.654473400000000000e+07
7.928310000000000000e+05
1.313569600000000000e+07
1.963855000000000000e+07
2.100773800000000000e+07
1.687608200000000000e+07
1.734919200000000000e+07
1.236612000000000000e+06
1.837820200000000000e+07
2.142244300000000000e+07
1.401480000000000000e+07
1.741292100000000000e+07
1.515790600000000000e+07
8.810370000000000000e+05
1.457347600000000000e+07
2.286980400000000000e+07
1.573177800000000000e+07
1.685751000000000000e+07
1.744435300000000000e+07
1.095161000000000000e+06
1.375697100000000000e+07
2.230618400000000000e+07
1.455215900000000000e+07
2.036396600000000000e+07
1.331409800000000000e+07
1.120564000000000000e+06
8.826095000000000000e+06
2.978542400000000000e+07
1.746223100000000000e+07
2.132964600000000000e+07
1.311244000000000000e+07
8.963080000000000000e+05
1.674808000000000000e+07
1.748625700000000000e+07
1.167522500000000000e+07
1.476001900000000000e+07
1.721412000000000000e+07
1.018679000000000000e+06
1.741431300000000000e+07
2.272488600000000000e+07
2.217994000000000000e+07
1.631813600000000000e+07
1.221338600000000000e+07
8.519560000000000000e+05
1.459817000000000000e+07
2.314835200000000000e+07
1.345622100000000000e+07
1.317368300000000000e+07
1.325473100000000000e+07
7.387600000000000000e+05
1.470999100000000000e+07
2.049875800000000000e+07
1.538356900000000000e+07
1.338751900000000000e+07
8.691802000000000000e+06
6.362550000000000000e+05
1.952965300000000000e+07
2.771563800000000000e+07
1.574933400000000000e+07
1.952227600000000000e+07
2.220566800000000000e+07
1.065576000000000000e+06
2.149200800000000000e+07
2.748692200000000000e+07
2.498617100000000000e+07
2.052894500000000000e+07
2.162592000000000000e+07
1.357026000000000000e+06
1.895967800000000000e+07
