6.023134600000000000e+07
3.330932000000000000e+06
3.217975000000000000e+06
3.264392000000000000e+06
1.999440000000000000e+05
3.117693000000000000e+06
3.318496000000000000e+06
3.266949000000000000e+06
3.321089000000000000e+06
3.385527000000000000e+06
2.004600000000000000e+05
3.287253000000000000e+06
7.284954000000000000e+06
3.493044000000000000e+06
3.259305000000000000e+06
3.128144000000000000e+06
1.766250000000000000e+05
3.152627000000000000e+06
3.160236000000000000e+06
3.117078000000000000e+06
3.029662000000000000e+06
3.035288000000000000e+06
1.879340000000000000e+05
3.025369000000000000e+06
7.071624000000000000e+06
3.156231000000000000e+06
2.963125000000000000e+06
2.894366000000000000e+06
1.826330000000000000e+05
2.854121000000000000e+06
2.895413000000000000e+06
2.941034000000000000e+06
2.862436000000000000e+06
2.968323000000000000e+06
1.933480000000000000e+05
2.790712000000000000e+06
6.638284000000000000e+06
2.940991000000000000e+06
2.666615000000000000e+06
2.714328000000000000e+06
1.108520000000000000e+05
2.631459000000000000e+06
2.661907000000000000e+06
2.659647000000000000e+06
2.669929000000000000e+06
2.603192000000000000e+06
1.149950000000000000e+05
2.565908000000000000e+06
6.680381000000000000e+06
2.757428000000000000e+06
2.409828000000000000e+06
2.516413000000000000e+06
1.354930000000000000e+05
2.412218000000000000e+06
2.428591000000000000e+06
2.503734000000000000e+06
2.491101000000000000e+06
2.624519000000000000e+06
1.259900000000000000e+05
2.645099000000000000e+06
6.717221000000000000e+06
3.127785000000000000e+06
2.899705000000000000e+06
3.013271000000000000e+06
1.505440000000000000e+05
2.874538000000000000e+06
3.035284000000000000e+06
3.060283000000000000e+06
3.151132000000000000e+06
3.168772000000000000e+06
1.493010000000000000e+05
3.223387000000000000e+06
6.999086000000000000e+06
3.595361000000000000e+06
3.390861000000000000e+06
3.513198000000000000e+06
1.677380000000000000e+05
3.458833000000000000e+06
3.697581000000000000e+06
3.491570000000000000e+06
3.697716000000000000e+06
3.739831000000000000e+06
1.424380000000000000e+05
3.788392000000000000e+06
7.617513000000000000e+06
4.042059000000000000e+06
3.791093000000000000e+06
3.827485000000000000e+06
1.507930000000000000e+05
3.615896000000000000e+06
3.404133000000000000e+06
3.156930000000000000e+06
2.605909000000000000e+06
2.872270000000000000e+06
9.396000000000000000e+04
2.615116000000000000e+06
7.124430000000000000e+06
3.619317000000000000e+06
3.630006000000000000e+06
3.641802000000000000e+06
1.871080000000000000e+05
3.576941000000000000e+06
3.692323000000000000e+06
3.667060000000000000e+06
3.683113000000000000e+06
3.587299000000000000e+06
1.887310000000000000e+05
3.585180000000000000e+06
7.209388000000000000e+06
3.727066000000000000e+06
3.595146000000000000e+06
3.445945000000000000e+06
1.783260000000000000e+05
3.403009000000000000e+06
3.496137000000000000e+06
3.467809000000000000e+06
3.527221000000000000e+06
3.538582000000000000e+06
1.940910000000000000e+05
3.575127000000000000e+06
7.263287000000000000e+06
3.646555000000000000e+06
3.506305000000000000e+06
3.544041000000000000e+06
1.607000000000000000e+05
3.345863000000000000e+06
3.412859000000000000e+06
3.353133000000000000e+06
3.287023000000000000e+06
3.405126000000000000e+06
1.399870000000000000e+05
3.259760000000000000e+06
6.895266000000000000e+06
3.271021000000000000e+06
3.155289000000000000e+06
3.028679000000000000e+06
1.268830000000000000e+05
3.045121000000000000e+06
2.953944000000000000e+06
2.976867000000000000e+06
2.829712000000000000e+06
2.995241000000000000e+06
1.614430000000000000e+05
2.753187000000000000e+06
6.456890000000000000e+06
2.971964000000000000e+06
2.940689000000000000e+06
2.741997000000000000e+06
1.796750000000000000e+05
