1.711272000000000000e+06
1.398534800000000000e+07
9.721010000000000000e+06
9.460654000000000000e+06
8.679608000000000000e+06
1.340082100000000000e+07
4.324790000000000000e+05
1.756990200000000000e+07
1.108096800000000000e+07
1.074275000000000000e+07
8.426222000000000000e+06
1.218634200000000000e+07
4.250510000000000000e+05
1.254840700000000000e+07
9.156436000000000000e+06
8.994875000000000000e+06
9.369205000000000000e+06
1.219241600000000000e+07
5.305120000000000000e+05
1.591746600000000000e+07
9.995566000000000000e+06
8.969438000000000000e+06
9.328478000000000000e+06
1.237973200000000000e+07
7.172180000000000000e+05
1.432016600000000000e+07
1.072265300000000000e+07
1.133168300000000000e+07
1.169746300000000000e+07
1.528326100000000000e+07
4.677030000000000000e+05
1.747361400000000000e+07
1.026852200000000000e+07
8.820837000000000000e+06
8.550974000000000000e+06
1.312827800000000000e+07
4.452920000000000000e+05
1.408278900000000000e+07
1.328982600000000000e+07
1.311796400000000000e+07
1.343297100000000000e+07
1.725411800000000000e+07
3.406880000000000000e+05
1.725766600000000000e+07
1.100761400000000000e+07
8.855035000000000000e+06
8.683264000000000000e+06
1.284616300000000000e+07
4.624260000000000000e+05
1.411901400000000000e+07
1.047139800000000000e+07
1.026067300000000000e+07
9.595834000000000000e+06
1.119233900000000000e+07
6.182240000000000000e+05
1.456163900000000000e+07
9.444499000000000000e+06
1.017473900000000000e+07
1.164412900000000000e+07
1.661166400000000000e+07
3.228340000000000000e+05
1.564223800000000000e+07
1.229231600000000000e+07
1.223729700000000000e+07
1.151493200000000000e+07
1.088723700000000000e+07
4.690700000000000000e+05
1.841108400000000000e+07
8.806028000000000000e+06
7.313294000000000000e+06
7.298662000000000000e+06
8.031119000000000000e+06
3.033410000000000000e+05
1.427725000000000000e+07
9.325676000000000000e+06
7.306699000000000000e+06
6.651116000000000000e+06
5.481631000000000000e+06
4.560520000000000000e+05
1.239699900000000000e+07
7.492375000000000000e+06
7.625911000000000000e+06
7.921581000000000000e+06
8.825069000000000000e+06
2.642120000000000000e+05
1.044865200000000000e+07
4.739939000000000000e+06
4.456326000000000000e+06
3.387859000000000000e+06
2.980919000000000000e+06
2.487650000000000000e+05
1.137151300000000000e+07
2.555766000000000000e+06
3.954816000000000000e+06
2.935870000000000000e+06
4.569128000000000000e+06
2.313130000000000000e+05
4.353067000000000000e+06
2.645514000000000000e+06
2.861253000000000000e+06
2.430475000000000000e+06
3.180989000000000000e+06
2.301930000000000000e+05
8.717456000000000000e+06
1.644130000000000000e+06
2.662874000000000000e+06
2.667369000000000000e+06
2.641777000000000000e+06
2.367920000000000000e+05
2.702147000000000000e+06
1.346701000000000000e+06
1.162103000000000000e+06
1.238925000000000000e+06
1.517359000000000000e+06
9.459400000000000000e+04
7.410927000000000000e+06
1.174887000000000000e+06
1.382252000000000000e+06
2.134730000000000000e+06
3.539930000000000000e+06
1.957160000000000000e+05
6.295669000000000000e+06
4.141458000000000000e+06
3.129445000000000000e+06
4.053876000000000000e+06
6.650217000000000000e+06
2.038770000000000000e+05
6.475112000000000000e+06
1.513123600000000000e+07
5.302013000000000000e+06
6.233715000000000000e+06
8.604135000000000000e+06
3.567510000000000000e+05
5.140170000000000000e+05
1.654510900000000000e+07
5.916718000000000000e+06
4.642827000000000000e+06
5.239597000000000000e+06
4.850620000000000000e+05
6.973531000000000000e+06
1.523213700000000000e+07
7.840006000000000000e+06
8.045442000000000000e+06
9.253486000000000000e+06
4.563200000000000000e+05
5.004170000000000000e+05
1.437827200000000000e+07
3.649617000000000000e+06
4.403005000000000000e+06
