1.542483000000000000e+06
1.517908200000000000e+07
6.537971000000000000e+06
6.466637000000000000e+06
6.291220000000000000e+06
6.260892000000000000e+06
8.547449000000000000e+06
2.505510000000000000e+05
5.260130000000000000e+06
3.755875000000000000e+06
4.490852000000000000e+06
6.319000000000000000e+06
8.906984000000000000e+06
6.824787000000000000e+06
5.253044000000000000e+06
4.570229000000000000e+06
3.192679000000000000e+06
2.136836000000000000e+06
4.940996000000000000e+06
3.029120000000000000e+05
4.256707000000000000e+06
4.602119000000000000e+06
4.288721000000000000e+06
5.716948000000000000e+06
5.191651000000000000e+06
6.557254000000000000e+06
2.808057000000000000e+06
3.773394000000000000e+06
3.630038000000000000e+06
3.283883000000000000e+06
3.644542000000000000e+06
2.611380000000000000e+05
2.250367000000000000e+06
3.160271000000000000e+06
3.227594000000000000e+06
4.354946000000000000e+06
3.951469000000000000e+06
5.727333000000000000e+06
1.405805000000000000e+06
1.796441000000000000e+06
2.784175000000000000e+06
3.499611000000000000e+06
6.315207000000000000e+06
1.507360000000000000e+05
3.377724000000000000e+06
3.041448000000000000e+06
2.279004000000000000e+06
2.760381000000000000e+06
6.213019000000000000e+06
5.561292000000000000e+06
4.658062000000000000e+06
4.893086000000000000e+06
3.379748000000000000e+06
2.335299000000000000e+06
3.996445000000000000e+06
2.650500000000000000e+05
4.006462000000000000e+06
5.109800000000000000e+06
5.339336000000000000e+06
5.894660000000000000e+06
7.407764000000000000e+06
5.808167000000000000e+06
4.628897000000000000e+06
4.984902000000000000e+06
5.863784000000000000e+06
6.668283000000000000e+06
1.026106800000000000e+07
2.120790000000000000e+05
7.608690000000000000e+06
3.193522000000000000e+06
2.685674000000000000e+06
2.577081000000000000e+06
3.416481000000000000e+06
6.936014000000000000e+06
2.390548000000000000e+06
2.238304000000000000e+06
3.071392000000000000e+06
3.152035000000000000e+06
5.303906000000000000e+06
3.104170000000000000e+05
4.378041000000000000e+06
4.579667000000000000e+06
5.106122000000000000e+06
6.369626000000000000e+06
1.060501800000000000e+07
6.536871000000000000e+06
8.379076000000000000e+06
6.778202000000000000e+06
7.936051000000000000e+06
7.350011000000000000e+06
9.157324000000000000e+06
2.420670000000000000e+05
5.742602000000000000e+06
3.425533000000000000e+06
4.657605000000000000e+06
6.073009000000000000e+06
9.025604000000000000e+06
6.779679000000000000e+06
7.359623000000000000e+06
5.410671000000000000e+06
6.005008000000000000e+06
5.311603000000000000e+06
7.108968000000000000e+06
2.537030000000000000e+05
1.672530000000000000e+05
5.124320000000000000e+06
2.906327000000000000e+06
3.866538000000000000e+06
2.553080000000000000e+06
8.528093000000000000e+06
6.536870000000000000e+05
3.866087000000000000e+06
2.268307000000000000e+06
2.280146000000000000e+06
2.313284000000000000e+06
3.023958000000000000e+06
2.108250000000000000e+05
3.526713000000000000e+06
1.913836000000000000e+06
3.364687000000000000e+06
2.250397000000000000e+06
8.169516000000000000e+06
4.962560000000000000e+05
3.982506000000000000e+06
3.689196000000000000e+06
3.373263000000000000e+06
3.255131000000000000e+06
4.432976000000000000e+06
2.328320000000000000e+05
3.353537000000000000e+06
2.276375000000000000e+06
3.372338000000000000e+06
2.665177000000000000e+06
9.441293000000000000e+06
5.825440000000000000e+05
3.881795000000000000e+06
2.137772000000000000e+06
2.678945000000000000e+06
2.629871000000000000e+06
3.534928000000000000e+06
2.421080000000000000e+05
3.355543000000000000e+06
2.164795000000000000e+06
3.173979000000000000e+06
2.592761000000000000e+06
8.692288000000000000e+06
5.445470000000000000e+05
3.118768000000000000e+06
2.499357000000000000e+06
