2.832843000000000000e+06
3.589966000000000000e+06
2.650210000000000000e+05
3.933038000000000000e+06
2.433857000000000000e+06
2.533520000000000000e+06
2.882312000000000000e+06
8.433437000000000000e+06
5.815140000000000000e+05
4.091117000000000000e+06
2.653843000000000000e+06
3.773925000000000000e+06
2.805299000000000000e+06
3.595287000000000000e+06
2.186990000000000000e+05
3.560376000000000000e+06
2.441308000000000000e+06
2.583436000000000000e+06
2.902281000000000000e+06
8.834165000000000000e+06
6.250760000000000000e+05
6.822720000000000000e+06
5.864197000000000000e+06
7.236414000000000000e+06
7.446161000000000000e+06
1.059746500000000000e+07
3.963530000000000000e+05
5.180869000000000000e+06
1.280279400000000000e+07
8.552340000000000000e+06
1.032795400000000000e+07
2.154812400000000000e+07
4.170700000000000000e+05
8.467330000000000000e+06
1.988530300000000000e+07
1.602327900000000000e+07
1.523463200000000000e+07
1.596993100000000000e+07
5.811830000000000000e+05
1.036342700000000000e+07
2.183025200000000000e+07
1.718371100000000000e+07
1.623510200000000000e+07
2.026212100000000000e+07
4.608570000000000000e+05
1.237145300000000000e+07
2.097427700000000000e+07
1.515679800000000000e+07
1.432067300000000000e+07
1.654444500000000000e+07
4.993260000000000000e+05
1.271454100000000000e+07
1.796248100000000000e+07
1.458232700000000000e+07
1.604463200000000000e+07
2.069800700000000000e+07
1.502787800000000000e+07
7.131360000000000000e+05
1.870185900000000000e+07
1.394250000000000000e+07
1.317476800000000000e+07
1.627451300000000000e+07
1.432559000000000000e+07
8.266080000000000000e+05
1.930213700000000000e+07
1.389021800000000000e+07
1.420512400000000000e+07
1.864681600000000000e+07
1.331332300000000000e+07
5.389590000000000000e+05
1.837356100000000000e+07
1.494269800000000000e+07
1.469236000000000000e+07
1.729787700000000000e+07
1.241690400000000000e+07
5.918440000000000000e+05
1.665350900000000000e+07
1.366824200000000000e+07
1.341655700000000000e+07
1.663155400000000000e+07
1.100425000000000000e+07
2.542590000000000000e+05
1.494874600000000000e+07
1.092532400000000000e+07
1.053275400000000000e+07
1.296171600000000000e+07
1.022345100000000000e+07
4.898260000000000000e+05
1.327237200000000000e+07
1.023630000000000000e+07
1.025141400000000000e+07
1.486961900000000000e+07
1.005404800000000000e+07
3.686650000000000000e+05
1.392135100000000000e+07
9.894764000000000000e+06
9.235813000000000000e+06
1.011647500000000000e+07
8.896780000000000000e+06
4.398350000000000000e+05
1.352935500000000000e+07
9.281248000000000000e+06
9.284298000000000000e+06
1.207300600000000000e+07
1.071273500000000000e+07
5.296580000000000000e+05
1.463580100000000000e+07
1.070631100000000000e+07
1.030649600000000000e+07
1.017747900000000000e+07
9.431489000000000000e+06
3.829830000000000000e+05
1.307539000000000000e+07
8.412633000000000000e+06
8.004529000000000000e+06
1.117760100000000000e+07
9.473077000000000000e+06
3.092140000000000000e+05
1.150075700000000000e+07
9.066371000000000000e+06
9.205407000000000000e+06
7.595177000000000000e+06
7.216560000000000000e+06
5.190130000000000000e+05
7.407672000000000000e+06
5.458150000000000000e+06
4.633022000000000000e+06
9.788673000000000000e+06
7.294304000000000000e+06
3.363990000000000000e+05
7.985355000000000000e+06
5.132681000000000000e+06
4.362454000000000000e+06
3.959904000000000000e+06
5.405125000000000000e+06
2.894860000000000000e+05
6.560910000000000000e+06
3.418436000000000000e+06
3.431231000000000000e+06
8.398638000000000000e+06
4.662845000000000000e+06
1.933970000000000000e+05
4.256176000000000000e+06
3.494640000000000000e+06
2.737058000000000000e+06
2.626514000000000000e+06
4.278921000000000000e+06
2.807050000000000000e+05
4.349270000000000000e+06
