6.618593000000000000e+06
7.772293000000000000e+06
1.098107700000000000e+07
5.777422000000000000e+06
9.190030000000000000e+05
7.841250000000000000e+06
4.396489000000000000e+06
5.931967000000000000e+06
1.355977800000000000e+07
4.447795000000000000e+06
2.474480000000000000e+05
7.352652000000000000e+06
5.332862000000000000e+06
4.912128000000000000e+06
9.469637000000000000e+06
5.367770000000000000e+06
3.430170000000000000e+05
5.380178000000000000e+06
3.093633000000000000e+06
2.831408000000000000e+06
8.766477000000000000e+06
2.517099000000000000e+06
1.579480000000000000e+05
4.179170000000000000e+06
2.202405000000000000e+06
1.607157000000000000e+06
2.485977000000000000e+06
1.743270000000000000e+06
1.198960000000000000e+05
2.861862000000000000e+06
1.853675000000000000e+06
1.603656000000000000e+06
8.007728000000000000e+06
2.601778000000000000e+06
1.809800000000000000e+05
5.163708000000000000e+06
3.856240000000000000e+06
3.554391000000000000e+06
5.570508000000000000e+06
3.724918000000000000e+06
3.224620000000000000e+05
5.436906000000000000e+06
5.414930000000000000e+06
5.570854000000000000e+06
1.089603200000000000e+07
3.226925000000000000e+06
2.031090000000000000e+05
5.577809000000000000e+06
4.920736000000000000e+06
5.123910000000000000e+06
6.235303000000000000e+06
4.737598000000000000e+06
2.439580000000000000e+05
5.925267000000000000e+06
5.855745000000000000e+06
6.259074000000000000e+06
1.255655300000000000e+07
4.246799000000000000e+06
2.689420000000000000e+05
4.699227000000000000e+06
3.370700000000000000e+06
2.833283000000000000e+06
3.957066000000000000e+06
2.599385000000000000e+06
5.272790000000000000e+05
2.664722000000000000e+06
2.408002000000000000e+06
2.713429000000000000e+06
1.016508200000000000e+07
3.957362000000000000e+06
2.293270000000000000e+05
5.641834000000000000e+06
3.776905000000000000e+06
4.313654000000000000e+06
5.681126000000000000e+06
4.299406000000000000e+06
3.476540000000000000e+05
4.718198000000000000e+06
4.226489000000000000e+06
3.794703000000000000e+06
9.416082000000000000e+06
2.747509000000000000e+06
1.480810000000000000e+05
4.052721000000000000e+06
3.435879000000000000e+06
2.933829000000000000e+06
4.759497000000000000e+06
3.815492000000000000e+06
3.429990000000000000e+05
4.451934000000000000e+06
4.456385000000000000e+06
4.250149000000000000e+06
1.197405800000000000e+07
4.472026000000000000e+06
2.727090000000000000e+05
1.489535000000000000e+06
7.666414000000000000e+06
3.273740000000000000e+06
4.178374000000000000e+06
1.852236000000000000e+06
1.833740000000000000e+05
1.407200000000000000e+05
3.908531000000000000e+06
2.802964000000000000e+06
5.967107500000000000e+07
2.749149000000000000e+06
9.531000000000000000e+04
2.986813000000000000e+06
2.532520000000000000e+06
2.599563000000000000e+06
2.585011000000000000e+06
2.590840000000000000e+06
1.210080000000000000e+05
2.571594000000000000e+06
2.648204000000000000e+06
2.605654000000000000e+06
6.118273000000000000e+06
3.057368000000000000e+06
1.103590000000000000e+05
3.363977000000000000e+06
2.778440000000000000e+06
2.625400000000000000e+06
2.545999000000000000e+06
2.280540000000000000e+06
1.454630000000000000e+05
2.071908000000000000e+06
1.927727000000000000e+06
2.168839000000000000e+06
5.335514000000000000e+06
2.406837000000000000e+06
5.630800000000000000e+04
2.882669000000000000e+06
2.500031000000000000e+06
2.541851000000000000e+06
2.580786000000000000e+06
2.640320000000000000e+06
1.370680000000000000e+05
2.651391000000000000e+06
2.726707000000000000e+06
2.734467000000000000e+06
5.567452000000000000e+06
2.927799000000000000e+06
1.071360000000000000e+05
3.227250000000000000e+06
2.683591000000000000e+06
2.653378000000000000e+06
2.616385000000000000e+06
2.576315000000000000e+06
1.595950000000000000e+05
