6.742730000000000000e+06
5.945513000000000000e+06
4.307910000000000000e+06
3.935651000000000000e+06
3.927863000000000000e+06
3.042110000000000000e+05
5.836225000000000000e+06
4.467449000000000000e+06
3.444723000000000000e+06
3.323874000000000000e+06
3.293212000000000000e+06
7.694873000000000000e+06
6.911146000000000000e+06
5.860002000000000000e+06
4.438164000000000000e+06
4.130681000000000000e+06
4.102239000000000000e+06
3.004570000000000000e+05
6.312428000000000000e+06
4.139524000000000000e+06
3.076638000000000000e+06
3.428127000000000000e+06
3.378147000000000000e+06
7.609348000000000000e+06
6.788352000000000000e+06
4.067474000000000000e+06
3.481588000000000000e+06
3.382125000000000000e+06
3.248109000000000000e+06
1.460160000000000000e+05
5.784603000000000000e+06
3.658810000000000000e+06
3.411714000000000000e+06
3.456731000000000000e+06
3.232749000000000000e+06
7.840806000000000000e+06
6.625277000000000000e+06
3.818322000000000000e+06
3.373030000000000000e+06
3.185137000000000000e+06
3.207570000000000000e+06
1.394040000000000000e+05
5.315880000000000000e+06
3.746335000000000000e+06
3.138331000000000000e+06
3.264544000000000000e+06
3.420528000000000000e+06
7.421785000000000000e+06
7.054735000000000000e+06
5.379941000000000000e+06
4.327176000000000000e+06
4.971487000000000000e+06
4.613835000000000000e+06
2.122230000000000000e+05
7.570266000000000000e+06
7.303146000000000000e+06
6.022871000000000000e+06
6.384271000000000000e+06
6.348647000000000000e+06
7.663277000000000000e+06
1.042502000000000000e+07
8.796574000000000000e+06
7.256068000000000000e+06
7.011498000000000000e+06
7.093971000000000000e+06
4.439010000000000000e+05
1.021989800000000000e+07
7.707828000000000000e+06
5.881488000000000000e+06
6.018766000000000000e+06
6.473512000000000000e+06
7.565348000000000000e+06
9.794738000000000000e+06
1.113265400000000000e+07
7.675297000000000000e+06
7.857164000000000000e+06
7.609023000000000000e+06
4.922200000000000000e+05
9.850468000000000000e+06
7.060948000000000000e+06
1.103623700000000000e+07
9.156372000000000000e+06
1.002360100000000000e+07
7.076920000000000000e+06
1.247401700000000000e+07
1.008729400000000000e+07
1.276063600000000000e+07
8.171627000000000000e+06
7.686034000000000000e+06
5.322240000000000000e+05
1.004929700000000000e+07
7.569340000000000000e+06
9.896127000000000000e+06
6.801162000000000000e+06
6.491645000000000000e+06
7.372619000000000000e+06
9.162815000000000000e+06
5.851348000000000000e+06
7.451494000000000000e+06
5.645410000000000000e+06
5.215286000000000000e+06
2.643840000000000000e+05
7.784585000000000000e+06
5.115441000000000000e+06
7.546866000000000000e+06
5.919508000000000000e+06
5.742698000000000000e+06
6.946058000000000000e+06
7.809172000000000000e+06
5.216631000000000000e+06
6.912322000000000000e+06
4.664097000000000000e+06
4.643137000000000000e+06
2.263760000000000000e+05
6.396617000000000000e+06
4.113678000000000000e+06
6.760396000000000000e+06
4.682848000000000000e+06
4.172284000000000000e+06
6.704710000000000000e+06
4.482377000000000000e+06
2.192711000000000000e+06
3.073656000000000000e+06
1.916678000000000000e+06
2.144064000000000000e+06
1.667080000000000000e+05
3.354092000000000000e+06
2.776082000000000000e+06
5.692902000000000000e+06
3.651230000000000000e+06
3.952042000000000000e+06
6.424423000000000000e+06
5.266504000000000000e+06
3.726610000000000000e+06
9.177592000000000000e+06
9.068349000000000000e+06
9.013869000000000000e+06
1.663280000000000000e+05
1.108024800000000000e+07
8.144591000000000000e+06
1.125960700000000000e+07
8.397805000000000000e+06
1.095149600000000000e+07
6.924128000000000000e+06
1.593680600000000000e+07
1.316559800000000000e+07
1.452185000000000000e+07
9.853842000000000000e+06
1.029730700000000000e+07
