5.937350000000000000e+05
2.774098000000000000e+06
5.831429000000000000e+06
3.963339000000000000e+06
4.548681000000000000e+06
3.713615000000000000e+06
3.187820000000000000e+05
3.651490000000000000e+06
6.446670000000000000e+06
4.872129000000000000e+06
4.878474000000000000e+06
1.067707300000000000e+07
5.285300000000000000e+05
4.945596000000000000e+06
8.493754000000000000e+06
5.239528000000000000e+06
5.525841000000000000e+06
5.516406000000000000e+06
5.881250000000000000e+05
5.276024000000000000e+06
9.040298000000000000e+06
6.579049000000000000e+06
6.401239000000000000e+06
1.068965800000000000e+07
3.196100000000000000e+05
4.548518000000000000e+06
6.608031000000000000e+06
3.911924000000000000e+06
3.799995000000000000e+06
3.541842000000000000e+06
2.839080000000000000e+05
3.852107000000000000e+06
6.748767000000000000e+06
4.409878000000000000e+06
4.092099000000000000e+06
8.699159000000000000e+06
4.831330000000000000e+05
4.516116000000000000e+06
1.004889700000000000e+07
6.913423000000000000e+06
5.546047000000000000e+06
4.799746000000000000e+06
3.016710000000000000e+05
4.406580000000000000e+06
6.343271000000000000e+06
3.548705000000000000e+06
3.385215000000000000e+06
8.416377000000000000e+06
4.964200000000000000e+05
1.196820000000000000e+05
6.366926000000000000e+06
3.262493000000000000e+06
4.236033000000000000e+06
4.439816000000000000e+06
2.095070000000000000e+05
9.809640000000000000e+05
8.626617000000000000e+06
2.287186000000000000e+06
2.102948000000000000e+06
8.103589000000000000e+06
5.879430000000000000e+05
2.859840000000000000e+05
6.483071000000000000e+06
4.527679000000000000e+06
5.239762000000000000e+06
4.271291000000000000e+06
3.771640000000000000e+05
6.189090000000000000e+05
9.671716000000000000e+06
4.105881000000000000e+06
4.073324000000000000e+06
9.547549000000000000e+06
5.832610000000000000e+05
4.515780000000000000e+06
1.019185600000000000e+07
4.229371000000000000e+06
4.127240000000000000e+06
4.205065000000000000e+06
4.274440000000000000e+05
3.046523000000000000e+06
4.849504000000000000e+06
2.142726000000000000e+06
2.256365000000000000e+06
8.543979000000000000e+06
5.179830000000000000e+05
1.337167000000000000e+06
4.233217000000000000e+06
1.513251000000000000e+06
1.268756000000000000e+06
1.255894000000000000e+06
8.828000000000000000e+04
1.876076000000000000e+06
3.333179000000000000e+06
1.889723000000000000e+06
1.887865000000000000e+06
7.592357000000000000e+06
5.707470000000000000e+05
1.306540000000000000e+06
4.818806000000000000e+06
2.464276000000000000e+06
2.584571000000000000e+06
3.480646000000000000e+06
3.013210000000000000e+05
3.383258000000000000e+06
6.872946000000000000e+06
4.276962000000000000e+06
3.443015000000000000e+06
9.839216000000000000e+06
3.789471000000000000e+06
1.821990000000000000e+05
7.539149000000000000e+06
2.840904000000000000e+06
2.915228000000000000e+06
2.734535000000000000e+06
2.461326000000000000e+06
2.107350000000000000e+05
4.338103000000000000e+06
5.585569000000000000e+06
3.506815000000000000e+06
9.443313000000000000e+06
4.390771000000000000e+06
2.020020000000000000e+05
6.213655000000000000e+06
8.261132000000000000e+06
4.514805000000000000e+06
3.975352000000000000e+06
4.095045000000000000e+06
3.420400000000000000e+05
5.117101000000000000e+06
6.255990000000000000e+06
4.419177000000000000e+06
9.493088000000000000e+06
4.010516000000000000e+06
2.218100000000000000e+05
4.997521000000000000e+06
5.496633000000000000e+06
4.145360000000000000e+06
4.126230000000000000e+06
3.771401000000000000e+06
3.456490000000000000e+05
5.421620000000000000e+06
4.794988000000000000e+06
3.396831000000000000e+06
8.706095000000000000e+06
3.819719000000000000e+06
1.342750000000000000e+05
4.368407000000000000e+06
5.686415000000000000e+06
4.541647000000000000e+06
