4.964204000000000000e+06
3.585040000000000000e+05
6.425154000000000000e+06
7.527855000000000000e+06
4.613990000000000000e+06
8.869045000000000000e+06
3.999251000000000000e+06
1.120220000000000000e+05
5.800138000000000000e+06
5.374127000000000000e+06
3.758752000000000000e+06
4.631326000000000000e+06
3.902421000000000000e+06
2.124590000000000000e+05
7.378208000000000000e+06
5.989909000000000000e+06
5.038300000000000000e+06
1.002268300000000000e+07
6.784354000000000000e+06
2.564760000000000000e+05
1.098622500000000000e+07
9.790047000000000000e+06
7.222936000000000000e+06
8.174620000000000000e+06
8.587709000000000000e+06
4.628440000000000000e+05
1.257882200000000000e+07
1.311540800000000000e+07
9.343007000000000000e+06
1.260989600000000000e+07
1.002009900000000000e+07
2.080860000000000000e+05
1.525362100000000000e+07
1.075110000000000000e+07
7.104528000000000000e+06
7.451055000000000000e+06
6.288768000000000000e+06
3.314180000000000000e+05
1.032704500000000000e+07
7.358954000000000000e+06
5.974879000000000000e+06
1.034145100000000000e+07
7.030777000000000000e+06
2.573810000000000000e+05
1.119857500000000000e+07
9.302185000000000000e+06
8.041724000000000000e+06
8.812719000000000000e+06
7.678546000000000000e+06
5.591850000000000000e+05
1.082796200000000000e+07
7.685070000000000000e+06
6.158470000000000000e+06
1.042998800000000000e+07
6.789775000000000000e+06
2.850050000000000000e+05
1.915200000000000000e+04
1.030207900000000000e+07
7.909003000000000000e+06
7.035435000000000000e+06
6.429152000000000000e+06
6.341655000000000000e+06
4.315290000000000000e+05
9.738847000000000000e+06
7.923459000000000000e+06
1.026983400000000000e+07
6.438816000000000000e+06
6.195644000000000000e+06
3.162650000000000000e+05
9.303165000000000000e+06
8.180869000000000000e+06
6.227234000000000000e+06
5.710450000000000000e+06
5.474750000000000000e+06
3.111220000000000000e+05
8.186778000000000000e+06
7.314400000000000000e+06
9.898539000000000000e+06
6.101281000000000000e+06
6.179837000000000000e+06
3.659350000000000000e+05
8.857891000000000000e+06
7.077274000000000000e+06
6.695361000000000000e+06
6.132673000000000000e+06
6.160559000000000000e+06
3.981090000000000000e+05
8.944608000000000000e+06
6.586957000000000000e+06
9.660784000000000000e+06
6.208961000000000000e+06
6.171495000000000000e+06
3.659880000000000000e+05
9.564208000000000000e+06
8.268523000000000000e+06
6.885897000000000000e+06
5.736170000000000000e+06
5.470648000000000000e+06
3.076470000000000000e+05
5.005493000000000000e+06
1.018636300000000000e+07
9.280313000000000000e+06
6.021145000000000000e+06
5.485479000000000000e+06
2.999360000000000000e+05
4.759401000000000000e+06
9.699875000000000000e+06
6.081553000000000000e+06
5.565920000000000000e+06
4.909618000000000000e+06
3.350670000000000000e+05
4.356281000000000000e+06
9.165125000000000000e+06
8.983373000000000000e+06
5.240591000000000000e+06
5.247482000000000000e+06
2.829080000000000000e+05
3.882846000000000000e+06
8.608265000000000000e+06
5.139819000000000000e+06
4.492668000000000000e+06
4.450392000000000000e+06
2.673170000000000000e+05
4.565020000000000000e+06
7.510165000000000000e+06
8.928313000000000000e+06
4.402260000000000000e+06
4.555311000000000000e+06
1.752200000000000000e+05
3.820875000000000000e+06
7.708528000000000000e+06
5.601019000000000000e+06
4.706030000000000000e+06
4.906284000000000000e+06
3.527360000000000000e+05
4.652546000000000000e+06
8.799423000000000000e+06
9.624062000000000000e+06
5.352786000000000000e+06
7.224236000000000000e+06
4.124940000000000000e+05
8.492518000000000000e+06
1.537066400000000000e+07
9.244168000000000000e+06
7.367388000000000000e+06
7.358402000000000000e+06
2.434090000000000000e+05
6.611770000000000000e+06
1.099347100000000000e+07
