6.077184000000000000e+06
4.548367000000000000e+06
3.272780000000000000e+05
6.293563000000000000e+06
1.221525200000000000e+07
6.776760000000000000e+06
7.448879000000000000e+06
6.980345000000000000e+06
7.236054000000000000e+06
5.768450000000000000e+05
1.075478800000000000e+07
1.080707900000000000e+07
7.216911000000000000e+06
7.154862000000000000e+06
6.902253000000000000e+06
3.823910000000000000e+05
1.147800900000000000e+07
7.564553000000000000e+06
9.793246000000000000e+06
1.350781100000000000e+07
1.507259400000000000e+07
2.284350000000000000e+05
2.171119700000000000e+07
1.734366100000000000e+07
1.444171400000000000e+07
1.346369700000000000e+07
1.192471200000000000e+07
3.637570000000000000e+05
1.400982000000000000e+07
8.173668000000000000e+06
8.181821000000000000e+06
7.483341000000000000e+06
7.879396000000000000e+06
5.453260000000000000e+05
1.317602400000000000e+07
1.183335200000000000e+07
6.952966000000000000e+06
6.476293000000000000e+06
6.860464000000000000e+06
4.689250000000000000e+05
1.137742600000000000e+07
5.558828000000000000e+06
6.283904000000000000e+06
6.211814000000000000e+06
6.002864000000000000e+06
4.626950000000000000e+05
1.095953500000000000e+07
1.057163100000000000e+07
6.941806000000000000e+06
6.500726000000000000e+06
6.792056000000000000e+06
4.421910000000000000e+05
1.235480100000000000e+07
7.121085000000000000e+06
6.732116000000000000e+06
6.874091000000000000e+06
6.012387000000000000e+06
3.744410000000000000e+05
1.109005400000000000e+07
1.043341500000000000e+07
7.454032000000000000e+06
7.163330000000000000e+06
7.861804000000000000e+06
4.558030000000000000e+05
1.339611500000000000e+07
7.801351000000000000e+06
8.386418000000000000e+06
7.759313000000000000e+06
8.062168000000000000e+06
4.715460000000000000e+05
1.335731900000000000e+07
1.189327500000000000e+07
9.151333000000000000e+06
8.573165000000000000e+06
8.641905000000000000e+06
5.337820000000000000e+05
1.382709100000000000e+07
8.819743000000000000e+06
8.664687000000000000e+06
8.710639000000000000e+06
8.750856000000000000e+06
4.694160000000000000e+05
1.433559100000000000e+07
1.280438100000000000e+07
1.063567800000000000e+07
1.051258600000000000e+07
1.050634100000000000e+07
6.183360000000000000e+05
1.603268800000000000e+07
1.052985700000000000e+07
1.082615300000000000e+07
1.061162300000000000e+07
1.096486000000000000e+07
6.580340000000000000e+05
1.624274700000000000e+07
1.390716900000000000e+07
1.110386100000000000e+07
5.530896600000000000e+07
2.712245000000000000e+06
1.597120000000000000e+05
2.499378000000000000e+06
2.568238000000000000e+06
2.586534000000000000e+06
2.564102000000000000e+06
2.593017000000000000e+06
1.356820000000000000e+05
2.575741000000000000e+06
3.119748000000000000e+06
2.661634000000000000e+06
5.797332000000000000e+06
2.908195000000000000e+06
6.635800000000000000e+04
2.525154000000000000e+06
2.614664000000000000e+06
2.527691000000000000e+06
2.509391000000000000e+06
2.503823000000000000e+06
1.082400000000000000e+05
2.517319000000000000e+06
3.250601000000000000e+06
2.676563000000000000e+06
5.992209000000000000e+06
2.803318000000000000e+06
7.992200000000000000e+04
2.421345000000000000e+06
2.408750000000000000e+06
2.505755000000000000e+06
2.506681000000000000e+06
2.630461000000000000e+06
1.312420000000000000e+05
2.603469000000000000e+06
3.368672000000000000e+06
4.226173000000000000e+06
7.201585000000000000e+06
3.569017000000000000e+06
2.299080000000000000e+05
3.055319000000000000e+06
3.203684000000000000e+06
3.295124000000000000e+06
2.917002000000000000e+06
3.434686000000000000e+06
2.297810000000000000e+05
2.890511000000000000e+06
3.994100000000000000e+06
3.303923000000000000e+06
7.145375000000000000e+06
3.077909000000000000e+06
1.233250000000000000e+05
3.189756000000000000e+06
