3.947051000000000000e+06
3.069395000000000000e+06
3.096569000000000000e+06
1.968750000000000000e+05
3.104241000000000000e+06
3.545322000000000000e+06
3.260157000000000000e+06
7.577381000000000000e+06
3.538193000000000000e+06
1.268630000000000000e+05
3.419587000000000000e+06
4.147597000000000000e+06
3.528070000000000000e+06
3.488460000000000000e+06
3.450511000000000000e+06
1.525910000000000000e+05
3.203281000000000000e+06
3.086525000000000000e+06
2.612890000000000000e+06
5.965774000000000000e+06
2.774408000000000000e+06
1.556100000000000000e+05
2.563982000000000000e+06
3.422057000000000000e+06
2.979474000000000000e+06
3.070446000000000000e+06
3.087739000000000000e+06
1.828210000000000000e+05
3.083284000000000000e+06
3.576328000000000000e+06
3.849288000000000000e+06
8.598978000000000000e+06
5.123031000000000000e+06
2.006280000000000000e+05
3.518636000000000000e+06
4.262300000000000000e+06
3.574068000000000000e+06
3.540139000000000000e+06
3.408881000000000000e+06
1.973340000000000000e+05
3.378574000000000000e+06
3.371517000000000000e+06
3.346296000000000000e+06
4.584530700000000000e+07
1.024807700000000000e+07
4.316640000000000000e+05
1.040324800000000000e+07
1.680610700000000000e+07
1.183173500000000000e+07
1.210588800000000000e+07
1.225952800000000000e+07
5.204440000000000000e+05
1.235323600000000000e+07
1.946976700000000000e+07
1.204895400000000000e+07
1.584842000000000000e+07
1.189878200000000000e+07
1.146759500000000000e+07
4.357760000000000000e+05
1.717871200000000000e+07
1.080306200000000000e+07
1.066215000000000000e+07
1.050479700000000000e+07
1.034635500000000000e+07
3.590090000000000000e+05
1.561599900000000000e+07
1.027754800000000000e+07
1.441064200000000000e+07
1.123706600000000000e+07
1.171991100000000000e+07
4.883560000000000000e+05
1.779119700000000000e+07
1.202224600000000000e+07
1.245439400000000000e+07
1.236803600000000000e+07
1.251692100000000000e+07
4.856960000000000000e+05
1.900798700000000000e+07
1.192349200000000000e+07
1.571330400000000000e+07
1.193239000000000000e+07
1.156580400000000000e+07
5.907740000000000000e+05
1.770489200000000000e+07
1.069440900000000000e+07
1.046638700000000000e+07
1.035656800000000000e+07
1.006297700000000000e+07
6.019640000000000000e+05
1.509340600000000000e+07
9.435306000000000000e+06
1.322126800000000000e+07
9.533029000000000000e+06
9.341332000000000000e+06
4.726240000000000000e+05
1.421026400000000000e+07
8.623026000000000000e+06
8.454353000000000000e+06
8.488216000000000000e+06
8.327859000000000000e+06
5.218250000000000000e+05
1.240295500000000000e+07
7.658993000000000000e+06
1.151311700000000000e+07
7.628293000000000000e+06
7.664418000000000000e+06
5.346740000000000000e+05
1.211064300000000000e+07
7.311247000000000000e+06
7.268354000000000000e+06
7.310867000000000000e+06
7.118423000000000000e+06
5.221000000000000000e+05
1.078392800000000000e+07
6.636251000000000000e+06
1.055018700000000000e+07
6.681007000000000000e+06
6.719663000000000000e+06
4.541470000000000000e+05
1.054326200000000000e+07
6.294430000000000000e+06
6.572204000000000000e+06
6.313766000000000000e+06
6.386248000000000000e+06
4.576930000000000000e+05
1.020890600000000000e+07
6.220378000000000000e+06
1.022468400000000000e+07
6.168469000000000000e+06
6.011036000000000000e+06
3.640700000000000000e+05
9.984830000000000000e+06
5.675453000000000000e+06
5.737609000000000000e+06
5.718288000000000000e+06
5.730129000000000000e+06
3.629040000000000000e+05
8.873669000000000000e+06
5.703523000000000000e+06
9.492082000000000000e+06
5.562226000000000000e+06
5.585853000000000000e+06
4.232770000000000000e+05
9.422313000000000000e+06
5.468314000000000000e+06
5.431352000000000000e+06
5.263145000000000000e+06
5.229659000000000000e+06
4.599920000000000000e+05
