2.892956000000000000e+06
3.013834000000000000e+06
4.706835000000000000e+06
1.989450000000000000e+05
1.736336000000000000e+06
4.184954000000000000e+06
7.440094000000000000e+06
1.645875000000000000e+06
1.672026000000000000e+06
1.454110000000000000e+05
3.082426000000000000e+06
2.949406000000000000e+06
1.677517000000000000e+06
1.271698000000000000e+06
1.249504000000000000e+06
8.326800000000000000e+04
2.680699000000000000e+06
1.920131000000000000e+06
6.219304000000000000e+06
1.248343000000000000e+06
1.384097000000000000e+06
1.379250000000000000e+05
3.394823000000000000e+06
2.231291000000000000e+06
1.098939000000000000e+06
1.129449000000000000e+06
1.512310000000000000e+06
8.401200000000000000e+04
2.916284000000000000e+06
1.578349000000000000e+06
5.897862000000000000e+06
1.715803000000000000e+06
1.329820000000000000e+06
1.060590000000000000e+05
2.271306000000000000e+06
1.912442000000000000e+06
8.780400000000000000e+05
1.324580000000000000e+06
1.282474000000000000e+06
1.189020000000000000e+05
2.764802000000000000e+06
1.588314000000000000e+06
6.376414000000000000e+06
1.995605000000000000e+06
1.997615000000000000e+06
1.181180000000000000e+05
3.643757000000000000e+06
3.316606000000000000e+06
1.868413000000000000e+06
1.428798000000000000e+06
1.165447000000000000e+06
2.374449000000000000e+06
2.849730000000000000e+05
1.736051000000000000e+06
6.466317000000000000e+06
2.554375000000000000e+06
1.586896000000000000e+06
1.999207000000000000e+06
1.950010000000000000e+05
2.291349000000000000e+06
1.238373000000000000e+06
1.255476000000000000e+06
1.129139000000000000e+06
2.746087000000000000e+06
2.618890000000000000e+05
2.428274000000000000e+06
7.127363000000000000e+06
2.878348000000000000e+06
2.229388000000000000e+06
3.234045000000000000e+06
2.480280000000000000e+05
2.040931000000000000e+06
1.846826000000000000e+06
2.349024000000000000e+06
3.688612000000000000e+06
6.163909000000000000e+06
3.188810000000000000e+05
3.160750000000000000e+06
8.762231000000000000e+06
4.020218000000000000e+06
3.972183000000000000e+06
5.178336000000000000e+06
2.455550000000000000e+05
3.149697000000000000e+06
2.725324000000000000e+06
1.620824000000000000e+06
2.421051000000000000e+06
4.083096000000000000e+06
1.872080000000000000e+05
2.909365000000000000e+06
7.688012000000000000e+06
4.910302000000000000e+06
4.145973000000000000e+06
6.369698000000000000e+06
2.977090000000000000e+05
4.595427000000000000e+06
4.990067000000000000e+06
7.639312000000000000e+06
4.015717000000000000e+06
6.437977000000000000e+06
2.980800000000000000e+05
5.494505000000000000e+06
1.043011300000000000e+07
4.144900000000000000e+06
4.164385000000000000e+06
6.013115000000000000e+06
3.115780000000000000e+05
3.710036000000000000e+06
4.100222000000000000e+06
5.892519000000000000e+06
6.169473000000000000e+06
9.706848000000000000e+06
3.530220000000000000e+05
4.217071000000000000e+06
9.027030000000000000e+06
5.427070000000000000e+06
5.144140000000000000e+06
6.198009000000000000e+06
2.808410000000000000e+05
4.125090000000000000e+06
4.733271000000000000e+06
5.185801000000000000e+06
5.341751000000000000e+06
8.143067000000000000e+06
3.562390000000000000e+05
4.443636000000000000e+06
8.033654000000000000e+06
4.305798000000000000e+06
5.454378000000000000e+06
9.575933000000000000e+06
4.118520000000000000e+05
8.084946000000000000e+06
7.197982000000000000e+06
8.603077000000000000e+06
6.644798000000000000e+06
6.415357000000000000e+06
3.548590000000000000e+05
4.146037000000000000e+06
7.785880000000000000e+06
3.868059000000000000e+06
4.041934000000000000e+06
6.683037000000000000e+06
2.697900000000000000e+05
5.143602000000000000e+06
4.836762000000000000e+06
5.429036000000000000e+06
4.568969000000000000e+06
6.461239000000000000e+06
3.649400000000000000e+05
