8.269209000000000000e+06
4.294140000000000000e+06
4.080874000000000000e+06
5.937319000000000000e+06
2.809720000000000000e+05
4.246493000000000000e+06
4.537885000000000000e+06
4.361536000000000000e+06
5.279466000000000000e+06
6.905456000000000000e+06
4.645500000000000000e+05
6.591991000000000000e+06
1.074080200000000000e+07
6.551975000000000000e+06
5.507018000000000000e+06
5.976951000000000000e+06
1.993930000000000000e+05
9.267133000000000000e+06
4.544315000000000000e+06
4.625155000000000000e+06
3.936806000000000000e+06
6.234627000000000000e+06
2.019980000000000000e+05
5.193614000000000000e+06
8.306676000000000000e+06
5.162252000000000000e+06
5.359202000000000000e+06
7.158584000000000000e+06
3.756520000000000000e+05
4.278530000000000000e+06
3.484207000000000000e+06
2.832306000000000000e+06
4.530377000000000000e+06
5.987969000000000000e+06
1.870470000000000000e+05
5.821555000000000000e+06
9.259728000000000000e+06
5.622412000000000000e+06
3.836750000000000000e+06
6.510728000000000000e+06
2.046360000000000000e+05
2.622823000000000000e+06
2.563401000000000000e+06
2.533107000000000000e+06
3.252395000000000000e+06
6.848140000000000000e+06
3.161320000000000000e+05
4.559269000000000000e+06
8.478915000000000000e+06
3.276280000000000000e+06
1.586590000000000000e+06
6.790080000000000000e+06
3.501190000000000000e+05
6.528729000000000000e+06
4.254143000000000000e+06
3.998507000000000000e+06
1.943519000000000000e+06
6.667578000000000000e+06
2.821870000000000000e+05
4.561197000000000000e+06
8.103408000000000000e+06
2.322706000000000000e+06
3.420607000000000000e+06
3.692570000000000000e+06
2.368170000000000000e+05
1.765257000000000000e+06
2.345935000000000000e+06
1.784917000000000000e+06
2.108463000000000000e+06
8.146917000000000000e+06
1.868300000000000000e+05
6.187082000000000000e+06
9.184440000000000000e+06
4.101376000000000000e+06
2.361061000000000000e+06
7.562128000000000000e+06
2.554700000000000000e+05
6.896610000000000000e+06
5.245464000000000000e+06
4.541874000000000000e+06
4.499840000000000000e+06
9.005534000000000000e+06
1.939420000000000000e+05
5.198659000000000000e+06
9.199912000000000000e+06
3.724503000000000000e+06
3.086939000000000000e+06
4.970226000000000000e+06
3.171300000000000000e+05
1.876213000000000000e+06
2.558323000000000000e+06
2.241663000000000000e+06
1.237059000000000000e+06
4.768467000000000000e+06
1.707960000000000000e+05
2.316447000000000000e+06
6.865385000000000000e+06
2.660574000000000000e+06
4.038851000000000000e+06
6.084714000000000000e+06
3.117933000000000000e+06
2.510480000000000000e+05
3.231140000000000000e+06
4.934254000000000000e+06
3.765686000000000000e+06
6.169462000000000000e+06
4.081401000000000000e+06
1.689516000000000000e+06
7.882551000000000000e+06
2.311485000000000000e+06
2.170005000000000000e+06
4.613341000000000000e+06
2.175129000000000000e+06
1.591220000000000000e+05
2.377211000000000000e+06
2.948764000000000000e+06
3.623545000000000000e+06
5.739885000000000000e+06
3.939478000000000000e+06
1.866331000000000000e+06
8.712584000000000000e+06
4.961524000000000000e+06
4.859659000000000000e+06
7.623248000000000000e+06
8.764612000000000000e+06
5.726490000000000000e+05
4.390460000000000000e+06
4.849530000000000000e+06
4.373944000000000000e+06
6.191511000000000000e+06
3.839106000000000000e+06
1.688152000000000000e+06
8.956902000000000000e+06
5.202005000000000000e+06
4.459989000000000000e+06
8.015938000000000000e+06
4.747290000000000000e+06
4.222920000000000000e+05
5.485283000000000000e+06
5.314093000000000000e+06
4.814324000000000000e+06
7.612320000000000000e+06
3.520801000000000000e+06
1.746314000000000000e+06
8.663174000000000000e+06
4.421170000000000000e+06
3.586101000000000000e+06
5.607980000000000000e+06
2.062905000000000000e+06
