3.447685000000000000e+06
3.064522000000000000e+06
2.408318000000000000e+06
4.055194000000000000e+06
1.881298000000000000e+06
1.049300000000000000e+05
7.174077000000000000e+06
2.179734000000000000e+06
3.096742000000000000e+06
2.755948000000000000e+06
1.185865000000000000e+06
1.609575000000000000e+06
1.407323000000000000e+06
1.611958000000000000e+06
9.910270000000000000e+05
2.384524000000000000e+06
3.289175000000000000e+06
2.678170000000000000e+05
7.939393000000000000e+06
4.704243000000000000e+06
4.659603000000000000e+06
9.170341000000000000e+06
5.134772000000000000e+06
1.532944000000000000e+06
4.259910000000000000e+06
3.211835000000000000e+06
4.424367000000000000e+06
7.762536000000000000e+06
4.213698000000000000e+06
5.845260000000000000e+05
9.133378000000000000e+06
4.552589000000000000e+06
4.041696000000000000e+06
5.761048000000000000e+06
4.235744000000000000e+06
1.638439000000000000e+06
5.505486000000000000e+06
6.354292000000000000e+06
5.151173000000000000e+06
4.861011000000000000e+06
3.426195000000000000e+06
2.983870000000000000e+05
7.974854000000000000e+06
2.324254000000000000e+06
3.211301000000000000e+06
2.357615000000000000e+06
5.202823000000000000e+06
1.689366000000000000e+06
3.972629000000000000e+06
3.602289000000000000e+06
2.900335000000000000e+06
3.063267000000000000e+06
5.924754000000000000e+06
2.441730000000000000e+05
8.377299000000000000e+06
3.999932000000000000e+06
4.886747000000000000e+06
6.264462000000000000e+06
8.579260000000000000e+06
1.583946000000000000e+06
5.320872000000000000e+06
4.244525000000000000e+06
2.305694000000000000e+06
1.109185000000000000e+06
3.094403000000000000e+06
2.060260000000000000e+05
6.856532000000000000e+06
1.545934000000000000e+06
1.743614000000000000e+06
2.357707000000000000e+06
6.228176000000000000e+06
1.539176000000000000e+06
4.061395000000000000e+06
3.896042000000000000e+06
4.648799000000000000e+06
6.732120000000000000e+06
8.190020000000000000e+06
2.959180000000000000e+05
8.237711000000000000e+06
3.481915000000000000e+06
2.355471000000000000e+06
2.084306000000000000e+06
6.328821000000000000e+06
1.462299000000000000e+06
3.732640000000000000e+06
2.799504000000000000e+06
4.125813000000000000e+06
4.019691000000000000e+06
5.831883000000000000e+06
6.447530000000000000e+05
7.200173000000000000e+06
4.699293000000000000e+06
5.073298000000000000e+06
5.186137000000000000e+06
7.728633000000000000e+06
1.703702000000000000e+06
7.233051000000000000e+06
7.852865000000000000e+06
8.910948000000000000e+06
1.090859400000000000e+07
7.620076000000000000e+06
5.246870000000000000e+05
9.073851000000000000e+06
3.262324000000000000e+06
2.703979000000000000e+06
2.165055000000000000e+06
5.119043000000000000e+06
1.812260000000000000e+06
3.442298000000000000e+06
3.031814000000000000e+06
3.013557000000000000e+06
2.728383000000000000e+06
3.992964000000000000e+06
3.324290000000000000e+05
7.289296000000000000e+06
2.711181000000000000e+06
3.349413000000000000e+06
3.527100000000000000e+06
5.770977000000000000e+06
1.508556000000000000e+06
3.198637000000000000e+06
2.883122000000000000e+06
2.397241000000000000e+06
2.113326000000000000e+06
2.577490000000000000e+06
3.360750000000000000e+05
5.776834000000000000e+06
1.298548000000000000e+06
7.688260000000000000e+05
8.957870000000000000e+05
1.592170000000000000e+06
1.236164000000000000e+06
8.640450000000000000e+05
1.359059000000000000e+06
1.353100000000000000e+06
1.234479000000000000e+06
4.054577000000000000e+06
1.065650000000000000e+05
7.265286000000000000e+06
4.581095000000000000e+06
3.250369000000000000e+06
3.095849000000000000e+06
5.774893000000000000e+06
1.348299000000000000e+06
3.804486000000000000e+06
3.742113000000000000e+06
2.966384000000000000e+06
2.510305000000000000e+06
3.188919000000000000e+06
