1.154765000000000000e+06
3.292338000000000000e+06
3.951143000000000000e+06
4.502934000000000000e+06
8.510983000000000000e+06
1.025663700000000000e+07
4.346390000000000000e+05
6.249033000000000000e+06
6.317213000000000000e+06
5.990586000000000000e+06
1.009060600000000000e+07
6.410269000000000000e+06
2.536330000000000000e+05
5.483984000000000000e+06
4.676958000000000000e+06
5.000769000000000000e+06
8.328964000000000000e+06
8.135736000000000000e+06
5.846690000000000000e+05
4.067653000000000000e+06
4.908533000000000000e+06
5.184879000000000000e+06
9.627900000000000000e+06
1.308054900000000000e+07
8.245610000000000000e+05
6.892217000000000000e+06
7.139603000000000000e+06
8.301459000000000000e+06
1.171252700000000000e+07
9.795296000000000000e+06
6.190780000000000000e+05
7.216799000000000000e+06
9.416160000000000000e+06
1.529975900000000000e+07
2.506477600000000000e+07
6.231025100000000000e+07
8.869900000000000000e+04
1.332579000000000000e+06
1.691960000000000000e+06
1.538256000000000000e+06
1.791442000000000000e+06
1.664177000000000000e+06
1.144820000000000000e+05
1.735324000000000000e+06
1.877892000000000000e+06
1.807914000000000000e+06
1.769562000000000000e+06
6.156575000000000000e+06
4.213090000000000000e+05
1.508470000000000000e+06
1.687132000000000000e+06
1.770761000000000000e+06
1.782587000000000000e+06
1.817965000000000000e+06
1.894535000000000000e+06
1.162860000000000000e+05
1.998489000000000000e+06
1.948776000000000000e+06
2.235691000000000000e+06
6.498121000000000000e+06
2.342235000000000000e+06
1.323020000000000000e+05
2.049761000000000000e+06
2.143422000000000000e+06
2.174062000000000000e+06
2.200567000000000000e+06
2.330533000000000000e+06
1.615250000000000000e+05
2.379340000000000000e+06
2.479440000000000000e+06
2.589174000000000000e+06
6.369422000000000000e+06
2.781374000000000000e+06
7.987000000000000000e+04
2.810182000000000000e+06
2.697780000000000000e+06
2.750042000000000000e+06
2.718314000000000000e+06
2.765855000000000000e+06
2.014180000000000000e+05
2.684383000000000000e+06
2.702421000000000000e+06
2.645996000000000000e+06
7.004184000000000000e+06
2.837069000000000000e+06
1.171580000000000000e+05
2.571217000000000000e+06
2.802313000000000000e+06
2.762955000000000000e+06
3.036783000000000000e+06
2.937759000000000000e+06
1.868750000000000000e+05
3.097170000000000000e+06
2.836363000000000000e+06
2.791527000000000000e+06
7.710088000000000000e+06
5.949144400000000000e+07
5.686090000000000000e+05
2.004194800000000000e+07
1.592989400000000000e+07
1.297411300000000000e+07
1.815037700000000000e+07
1.200188700000000000e+07
7.801930000000000000e+05
1.164426100000000000e+07
1.343415100000000000e+07
1.468628900000000000e+07
1.420941300000000000e+07
1.520565600000000000e+07
5.071780000000000000e+05
1.253829500000000000e+07
1.326434900000000000e+07
1.552139700000000000e+07
1.804037800000000000e+07
1.078884600000000000e+07
4.367210000000000000e+05
9.011629000000000000e+06
1.101449300000000000e+07
1.158967500000000000e+07
1.483635200000000000e+07
1.435957800000000000e+07
5.243950000000000000e+05
1.195005500000000000e+07
1.031940900000000000e+07
7.404719000000000000e+06
1.253931200000000000e+07
6.552670000000000000e+06
4.220260000000000000e+05
6.324873000000000000e+06
7.449389000000000000e+06
6.437366000000000000e+06
1.031739600000000000e+07
9.491923000000000000e+06
6.614510000000000000e+05
7.756236000000000000e+06
8.320930000000000000e+06
7.311890000000000000e+06
1.041345400000000000e+07
5.229658000000000000e+06
4.102900000000000000e+05
6.390008000000000000e+06
9.029122000000000000e+06
1.066258800000000000e+07
3.543748300000000000e+07
2.167270700000000000e+07
3.198410000000000000e+05
2.510218100000000000e+07
2.187166200000000000e+07
1.734530100000000000e+07
