1.641913000000000000e+06
7.712382000000000000e+06
8.083399000000000000e+06
4.482732000000000000e+06
6.000687000000000000e+06
8.223474000000000000e+06
6.451580000000000000e+05
4.868624000000000000e+06
5.300759000000000000e+06
4.673287000000000000e+06
5.220462000000000000e+06
6.948278000000000000e+06
4.354710000000000000e+05
6.368137000000000000e+06
9.462219000000000000e+06
5.510952000000000000e+06
4.987713000000000000e+06
8.864442000000000000e+06
6.924740000000000000e+05
3.290463000000000000e+06
9.621288000000000000e+06
4.429966000000000000e+06
4.393819000000000000e+06
4.763633000000000000e+06
3.457040000000000000e+05
3.927708000000000000e+06
1.025934100000000000e+07
6.283311000000000000e+06
5.795877000000000000e+06
9.576449000000000000e+06
6.176490000000000000e+05
3.701187000000000000e+06
5.404802000000000000e+06
4.197333000000000000e+06
6.350263000000000000e+06
5.447270700000000000e+07
3.885260000000000000e+05
1.256380000000000000e+05
1.423450000000000000e+05
1.663110000000000000e+05
1.978690000000000000e+05
2.572800000000000000e+05
2.542200000000000000e+04
2.840460000000000000e+05
3.218090000000000000e+05
3.509760000000000000e+05
3.560960000000000000e+05
4.156932000000000000e+06
4.226190000000000000e+05
5.549590000000000000e+05
6.556260000000000000e+05
6.439500000000000000e+05
4.317460000000000000e+05
4.720530000000000000e+05
3.691430000000000000e+05
3.669300000000000000e+04
5.322990000000000000e+05
6.511230000000000000e+05
6.316050000000000000e+05
4.492652000000000000e+06
8.234630000000000000e+05
4.189100000000000000e+04
4.169130000000000000e+05
5.486500000000000000e+05
5.310970000000000000e+05
4.701790000000000000e+05
5.204290000000000000e+05
5.683400000000000000e+04
5.577860000000000000e+05
6.329340000000000000e+05
6.745720000000000000e+05
4.586195000000000000e+06
1.042526000000000000e+06
2.494100000000000000e+04
7.261260000000000000e+05
7.870910000000000000e+05
7.362510000000000000e+05
7.902510000000000000e+05
6.852080000000000000e+05
8.139600000000000000e+04
6.841230000000000000e+05
7.522440000000000000e+05
7.583280000000000000e+05
4.691786000000000000e+06
9.443980000000000000e+05
4.357500000000000000e+04
6.003890000000000000e+05
7.169050000000000000e+05
7.631400000000000000e+05
8.838960000000000000e+05
7.623940000000000000e+05
7.639000000000000000e+04
7.164420000000000000e+05
7.810990000000000000e+05
8.972020000000000000e+05
5.391318000000000000e+06
1.307402000000000000e+06
7.572600000000000000e+04
8.899550000000000000e+05
8.387030000000000000e+05
6.995840000000000000e+05
5.583680000000000000e+05
4.901120000000000000e+05
5.861700000000000000e+04
5.340350000000000000e+05
5.492880000000000000e+05
5.617730000000000000e+05
4.634289000000000000e+06
8.783010000000000000e+05
6.487900000000000000e+04
5.739460000000000000e+05
5.492720000000000000e+05
5.902570000000000000e+05
5.303520000000000000e+05
4.790780000000000000e+05
7.641100000000000000e+04
5.061810000000000000e+05
4.593640000000000000e+05
4.080350000000000000e+05
4.534425000000000000e+06
7.905090000000000000e+05
4.582200000000000000e+04
5.037220000000000000e+05
6.468170000000000000e+05
5.482270000000000000e+05
5.193430000000000000e+05
5.029190000000000000e+05
7.361500000000000000e+04
5.662390000000000000e+05
5.835890000000000000e+05
4.404010000000000000e+05
4.578634000000000000e+06
9.151250000000000000e+05
5.498700000000000000e+04
5.414220000000000000e+05
5.038870000000000000e+05
4.327320000000000000e+05
4.277020000000000000e+05
4.136600000000000000e+05
2.478200000000000000e+04
4.115250000000000000e+05
5.074090000000000000e+05
3.690220000000000000e+05
4.051775000000000000e+06
7.785830000000000000e+05
4.727700000000000000e+04
4.423090000000000000e+05
4.546730000000000000e+05
2.751330000000000000e+05
