1.144751000000000000e+06
1.544239000000000000e+07
4.508240000000000000e+05
6.376365000000000000e+06
8.866913000000000000e+06
1.187681300000000000e+07
1.185297800000000000e+07
1.395292200000000000e+07
5.518180000000000000e+05
1.250491800000000000e+07
9.478142000000000000e+06
1.112333800000000000e+07
1.592186700000000000e+07
1.123722500000000000e+07
7.254760000000000000e+05
1.092616800000000000e+07
1.133022200000000000e+07
9.664322000000000000e+06
1.901639900000000000e+07
1.654209400000000000e+07
4.920450000000000000e+05
1.023053600000000000e+07
8.958532000000000000e+06
1.929921200000000000e+07
1.450218700000000000e+07
1.236761300000000000e+07
5.835580000000000000e+05
1.788103300000000000e+07
1.101457000000000000e+07
1.449143700000000000e+07
1.750420400000000000e+07
1.045942000000000000e+07
5.444370000000000000e+05
1.158950300000000000e+07
1.027867700000000000e+07
1.126088200000000000e+07
1.658746700000000000e+07
1.556120700000000000e+07
6.039090000000000000e+05
1.253179300000000000e+07
1.217565500000000000e+07
1.428367700000000000e+07
2.097298300000000000e+07
1.286094400000000000e+07
4.665300000000000000e+05
1.473411400000000000e+07
1.634656800000000000e+07
1.324988100000000000e+07
2.442757800000000000e+07
1.176336100000000000e+07
5.893480000000000000e+05
1.024176300000000000e+07
1.513869900000000000e+07
1.497058400000000000e+07
1.759105700000000000e+07
1.157785000000000000e+07
6.379940000000000000e+05
1.283390500000000000e+07
1.353044700000000000e+07
1.549438300000000000e+07
2.160950500000000000e+07
1.090927300000000000e+07
8.064120000000000000e+05
1.218500600000000000e+07
1.191381200000000000e+07
1.192367600000000000e+07
1.895722400000000000e+07
1.220119300000000000e+07
6.041290000000000000e+05
1.256641400000000000e+07
1.223933000000000000e+07
1.247855200000000000e+07
1.669182200000000000e+07
1.140831400000000000e+07
4.774760000000000000e+05
1.121577800000000000e+07
1.078899500000000000e+07
1.300358900000000000e+07
1.780030100000000000e+07
1.226497200000000000e+07
6.944500000000000000e+05
1.177417700000000000e+07
1.236812600000000000e+07
1.809545300000000000e+07
2.329839700000000000e+07
1.590067800000000000e+07
6.618800000000000000e+05
1.439019500000000000e+07
1.068248100000000000e+07
1.180088900000000000e+07
1.965453800000000000e+07
1.173129500000000000e+07
5.828070000000000000e+05
1.656859500000000000e+07
1.734054900000000000e+07
1.409808000000000000e+07
1.428019000000000000e+07
1.412107300000000000e+07
6.317430000000000000e+05
1.088209000000000000e+07
1.049950700000000000e+07
1.413414100000000000e+07
1.667383100000000000e+07
1.012932600000000000e+07
9.270820000000000000e+06
6.646490000000000000e+05
9.793987000000000000e+06
1.013448000000000000e+07
1.339185600000000000e+07
1.194385300000000000e+07
1.041136100000000000e+07
7.658460000000000000e+05
1.001058000000000000e+07
1.009218100000000000e+07
2.023584400000000000e+07
1.427029900000000000e+07
1.589507300000000000e+07
4.812680000000000000e+05
2.251400800000000000e+07
1.628113000000000000e+07
1.936216100000000000e+07
1.333046400000000000e+07
9.506475000000000000e+06
5.266940000000000000e+05
8.420456000000000000e+06
1.206388300000000000e+07
1.849746400000000000e+07
9.822967000000000000e+06
1.482826100000000000e+07
6.044780000000000000e+05
1.105672600000000000e+07
1.143723000000000000e+07
1.467898000000000000e+07
1.037897100000000000e+07
9.296409000000000000e+06
7.188680000000000000e+05
8.582384000000000000e+06
9.319168000000000000e+06
1.699384500000000000e+07
1.069788000000000000e+07
1.229718300000000000e+07
5.875810000000000000e+05
1.329143000000000000e+07
1.390595200000000000e+07
1.822354200000000000e+07
1.188737900000000000e+07
9.752341000000000000e+06
4.577380000000000000e+05
1.060871400000000000e+07
