1.789024200000000000e+07
9.078617000000000000e+06
9.136750000000000000e+06
5.339630000000000000e+05
7.620209000000000000e+06
9.281045000000000000e+06
1.213535400000000000e+07
1.009756900000000000e+07
1.084418100000000000e+07
6.036120000000000000e+05
1.581132300000000000e+07
1.392508600000000000e+07
1.476242100000000000e+07
1.236205500000000000e+07
1.209836300000000000e+07
4.625710000000000000e+05
1.048320300000000000e+07
9.897178000000000000e+06
1.973039700000000000e+07
1.104653700000000000e+07
8.839768000000000000e+06
3.912520000000000000e+05
1.068624500000000000e+07
1.198160500000000000e+07
1.747191800000000000e+07
1.292728000000000000e+07
1.669375900000000000e+07
5.036310000000000000e+05
1.516825800000000000e+07
1.223380400000000000e+07
1.699248300000000000e+07
1.354047200000000000e+07
1.099713200000000000e+07
5.854990000000000000e+05
1.284738400000000000e+07
1.475022600000000000e+07
1.941235100000000000e+07
1.400648200000000000e+07
1.378510100000000000e+07
6.395780000000000000e+05
1.381128600000000000e+07
1.552193200000000000e+07
2.410603900000000000e+07
2.045169300000000000e+07
1.611932900000000000e+07
5.027780000000000000e+05
2.029548800000000000e+07
1.839971600000000000e+07
2.001314600000000000e+07
1.191640900000000000e+07
1.218341800000000000e+07
5.784310000000000000e+05
1.499733300000000000e+07
1.487755900000000000e+07
2.416722600000000000e+07
1.858446200000000000e+07
1.824321100000000000e+07
7.630800000000000000e+05
2.015283900000000000e+07
1.937728300000000000e+07
2.844132300000000000e+07
2.270020600000000000e+07
2.322642700000000000e+07
9.331870000000000000e+05
2.330996400000000000e+07
2.141826300000000000e+07
2.421304200000000000e+07
1.292275400000000000e+07
1.413818700000000000e+07
7.847830000000000000e+05
1.570569400000000000e+07
1.556407100000000000e+07
2.192421300000000000e+07
1.399079500000000000e+07
1.518528100000000000e+07
7.587500000000000000e+05
1.699468800000000000e+07
1.647767400000000000e+07
2.452080500000000000e+07
1.930758400000000000e+07
1.831354200000000000e+07
1.124085000000000000e+06
1.923532900000000000e+07
1.866405600000000000e+07
3.210715100000000000e+07
2.176374200000000000e+07
2.031877500000000000e+07
9.027860000000000000e+05
1.853634900000000000e+07
1.643650400000000000e+07
1.923198800000000000e+07
1.712126800000000000e+07
1.621473800000000000e+07
8.560450000000000000e+05
1.688902100000000000e+07
1.673648100000000000e+07
1.795607300000000000e+07
1.461355600000000000e+07
1.390214200000000000e+07
5.427590000000000000e+05
1.633878800000000000e+07
1.681636000000000000e+07
2.184523600000000000e+07
1.707800600000000000e+07
2.001081600000000000e+07
8.987000000000000000e+05
2.106055300000000000e+07
2.167167600000000000e+07
2.813354400000000000e+07
1.838045400000000000e+07
1.776984700000000000e+07
8.016730000000000000e+05
1.643182100000000000e+07
1.415941700000000000e+07
1.930517500000000000e+07
1.530862300000000000e+07
1.668093100000000000e+07
8.421000000000000000e+05
1.743889000000000000e+07
1.783588000000000000e+07
2.056582700000000000e+07
2.225134700000000000e+07
1.692664200000000000e+07
6.445450000000000000e+05
1.666870500000000000e+07
1.686289200000000000e+07
1.667678900000000000e+07
1.671775500000000000e+07
1.527488300000000000e+07
6.535180000000000000e+05
1.530027600000000000e+07
1.635385800000000000e+07
1.876042000000000000e+07
2.346150800000000000e+07
1.778966700000000000e+07
9.067710000000000000e+05
1.456154300000000000e+07
1.540514400000000000e+07
1.692986000000000000e+07
2.482899100000000000e+07
1.926205000000000000e+07
5.533570000000000000e+05
1.749061400000000000e+07
1.706811500000000000e+07
1.651176000000000000e+07
1.893401900000000000e+07
1.226024100000000000e+07
5.645140000000000000e+05
1.232399600000000000e+07
