1.488826400000000000e+07
2.676688300000000000e+07
1.443970000000000000e+07
1.426523200000000000e+07
5.469980000000000000e+05
1.194205800000000000e+07
1.255354100000000000e+07
1.441738700000000000e+07
8.497711000000000000e+06
1.145367000000000000e+07
4.116680000000000000e+05
1.397273100000000000e+07
1.422853100000000000e+07
2.499570700000000000e+07
1.123642100000000000e+07
9.775481000000000000e+06
4.458420000000000000e+05
1.007328100000000000e+07
1.156959400000000000e+07
1.717785200000000000e+07
1.267664300000000000e+07
1.323640500000000000e+07
5.649270000000000000e+05
1.519883600000000000e+07
1.702461200000000000e+07
2.738384600000000000e+07
1.687481300000000000e+07
1.683578400000000000e+07
5.529160000000000000e+05
1.760600000000000000e+07
1.781077500000000000e+07
2.871791800000000000e+07
2.350447600000000000e+07
2.342482900000000000e+07
6.237550000000000000e+05
3.243915600000000000e+07
2.405923700000000000e+07
2.779102700000000000e+07
1.139710300000000000e+07
9.833794000000000000e+06
6.697460000000000000e+05
7.999769000000000000e+06
1.318901300000000000e+07
1.556248300000000000e+07
9.603848000000000000e+06
1.049264700000000000e+07
5.129520000000000000e+05
8.368368000000000000e+06
8.122792000000000000e+06
1.634785900000000000e+07
1.153235700000000000e+07
1.696545000000000000e+07
4.525500000000000000e+05
1.259579000000000000e+07
1.390132700000000000e+07
1.625256700000000000e+07
1.238963800000000000e+07
1.030698500000000000e+07
4.130100000000000000e+05
1.341233400000000000e+07
9.817861000000000000e+06
1.282529500000000000e+07
9.638607000000000000e+06
4.853675000000000000e+06
5.017260000000000000e+05
7.166248000000000000e+06
1.374019700000000000e+07
1.069425700000000000e+07
7.289840000000000000e+06
1.085780400000000000e+07
5.124680000000000000e+05
9.660198000000000000e+06
8.564671000000000000e+06
1.476987800000000000e+07
8.788960000000000000e+06
1.284788800000000000e+07
4.295980000000000000e+05
1.018060500000000000e+07
1.111906300000000000e+07
1.272217300000000000e+07
9.381678000000000000e+06
8.485012000000000000e+06
3.020440000000000000e+05
7.830361000000000000e+06
6.853134000000000000e+06
1.665672100000000000e+07
9.088681000000000000e+06
1.532334400000000000e+07
3.164470000000000000e+05
1.131345600000000000e+07
1.442970100000000000e+07
1.336559500000000000e+07
1.527151900000000000e+07
1.078858200000000000e+07
4.231010000000000000e+05
1.473602100000000000e+07
8.686656000000000000e+06
9.880256000000000000e+06
1.136374400000000000e+07
1.153743600000000000e+07
5.753230000000000000e+05
1.111170000000000000e+07
1.423745700000000000e+07
1.863884800000000000e+07
1.835793400000000000e+07
1.082759000000000000e+07
3.156760000000000000e+05
7.862719000000000000e+06
1.477743900000000000e+07
7.928646000000000000e+06
1.298831600000000000e+07
1.293819800000000000e+07
5.563290000000000000e+05
1.030774800000000000e+07
1.247617000000000000e+07
1.765732900000000000e+07
7.813085000000000000e+06
1.364792500000000000e+07
4.595530000000000000e+05
8.192161000000000000e+06
8.967591000000000000e+06
1.982850000000000000e+07
1.422674600000000000e+07
1.245790300000000000e+07
4.644580000000000000e+05
1.068212800000000000e+07
1.317123700000000000e+07
1.642535400000000000e+07
1.034956000000000000e+07
8.095411000000000000e+06
4.200360000000000000e+05
6.710884000000000000e+06
7.625011000000000000e+06
1.028290700000000000e+07
8.126134000000000000e+06
9.637796000000000000e+06
4.668830000000000000e+05
7.900996000000000000e+06
1.055374900000000000e+07
1.582397700000000000e+07
1.383782000000000000e+07
1.041287000000000000e+07
4.733740000000000000e+05
1.188009000000000000e+07
1.238379400000000000e+07
1.504039300000000000e+07
1.042845100000000000e+07
7.742069000000000000e+06
5.520720000000000000e+05
