9.181335000000000000e+06
9.412676000000000000e+06
7.436855000000000000e+06
6.958353000000000000e+06
3.050100000000000000e+05
7.802979000000000000e+06
1.023144100000000000e+07
1.599866400000000000e+07
1.251753400000000000e+07
1.118769000000000000e+07
3.565320000000000000e+05
9.737885000000000000e+06
1.232414700000000000e+07
8.268208000000000000e+06
8.844997000000000000e+06
6.421083000000000000e+06
3.749210000000000000e+05
5.319627000000000000e+06
6.337507000000000000e+06
9.246163000000000000e+06
7.800275000000000000e+06
4.102128000000000000e+06
3.198120000000000000e+05
7.417964000000000000e+06
7.393222000000000000e+06
7.837579000000000000e+06
6.916182000000000000e+06
7.174421000000000000e+06
3.255930000000000000e+05
5.905209000000000000e+06
5.613542000000000000e+06
8.838687000000000000e+06
4.657846000000000000e+06
4.888762000000000000e+06
3.565890000000000000e+05
9.169431000000000000e+06
6.438622000000000000e+06
9.038531000000000000e+06
3.267752000000000000e+06
4.949805000000000000e+06
2.921340000000000000e+05
8.695603000000000000e+06
7.689100000000000000e+06
1.408471000000000000e+07
8.769249000000000000e+06
6.100570000000000000e+06
2.948610000000000000e+05
6.459224000000000000e+06
8.057764000000000000e+06
8.986228000000000000e+06
6.711433000000000000e+06
1.137543500000000000e+07
1.412804100000000000e+07
3.513370000000000000e+05
6.445103000000000000e+06
1.814962500000000000e+07
1.411661900000000000e+07
1.144705200000000000e+07
1.243528600000000000e+07
1.252491000000000000e+06
1.092730500000000000e+07
1.439897500000000000e+07
8.584636000000000000e+06
1.033439300000000000e+07
9.595316000000000000e+06
4.266320000000000000e+05
8.770567000000000000e+06
1.074728500000000000e+07
6.091374000000000000e+06
6.579468000000000000e+06
8.073165000000000000e+06
1.312228000000000000e+06
1.231846100000000000e+07
1.234863000000000000e+07
6.483034000000000000e+06
4.372810000000000000e+06
7.121211000000000000e+06
3.138260000000000000e+05
5.370300000000000000e+06
7.903064000000000000e+06
6.225371000000000000e+06
4.365937000000000000e+06
7.267424000000000000e+06
1.200151000000000000e+06
1.237236500000000000e+07
9.750834000000000000e+06
7.319667000000000000e+06
1.185824900000000000e+07
1.061996200000000000e+07
3.804050000000000000e+05
6.382944000000000000e+06
1.242253400000000000e+07
6.097326000000000000e+06
6.461880000000000000e+06
1.027901800000000000e+07
1.364946000000000000e+06
1.218340500000000000e+07
1.686842900000000000e+07
1.001720700000000000e+07
6.825174000000000000e+06
9.679934000000000000e+06
2.805580000000000000e+05
9.456950000000000000e+06
1.715398600000000000e+07
1.970678900000000000e+07
2.001748300000000000e+07
1.390099000000000000e+07
1.489424000000000000e+06
1.575660300000000000e+07
2.240386100000000000e+07
1.428913000000000000e+07
9.836105000000000000e+06
1.021353000000000000e+07
3.951470000000000000e+05
1.050627300000000000e+07
1.782095600000000000e+07
1.080895500000000000e+07
9.640416000000000000e+06
1.224644900000000000e+07
1.594116000000000000e+06
1.175804000000000000e+07
1.319460100000000000e+07
1.322569200000000000e+07
1.316132900000000000e+07
9.833209000000000000e+06
4.807840000000000000e+05
1.153623400000000000e+07
1.597209700000000000e+07
1.421569300000000000e+07
9.191388000000000000e+06
9.256751000000000000e+06
1.630153000000000000e+06
1.493708700000000000e+07
1.316624900000000000e+07
1.137472800000000000e+07
8.817656000000000000e+06
7.785386000000000000e+06
4.173610000000000000e+05
8.061692000000000000e+06
1.059144200000000000e+07
1.216471200000000000e+07
9.321964000000000000e+06
6.677244000000000000e+06
1.379324000000000000e+06
1.095578900000000000e+07
6.428731000000000000e+06
9.661038000000000000e+06
6.798864000000000000e+06
6.582104000000000000e+06
