6.721324000000000000e+06
6.855195000000000000e+06
9.231122000000000000e+06
6.608974000000000000e+06
7.495680000000000000e+06
3.291690000000000000e+05
7.659785000000000000e+06
6.520474000000000000e+06
5.296552000000000000e+06
1.211236700000000000e+07
4.046471000000000000e+06
1.458719000000000000e+06
5.723484000000000000e+06
6.686416000000000000e+06
7.867668000000000000e+06
9.558440000000000000e+06
8.484833000000000000e+06
3.836260000000000000e+05
9.582755000000000000e+06
6.290888000000000000e+06
7.585408000000000000e+06
1.027770900000000000e+07
7.784732000000000000e+06
1.343162000000000000e+06
7.206672000000000000e+06
1.013445700000000000e+07
8.404032000000000000e+06
1.069356700000000000e+07
5.946907000000000000e+06
3.974840000000000000e+05
8.569455000000000000e+06
1.085956600000000000e+07
8.530436000000000000e+06
1.161175500000000000e+07
1.220553600000000000e+07
1.479738000000000000e+06
9.735005000000000000e+06
1.178248600000000000e+07
1.273849400000000000e+07
1.591263400000000000e+07
6.505335000000000000e+06
4.177960000000000000e+05
1.096338900000000000e+07
7.574309000000000000e+06
8.844188000000000000e+06
1.254805900000000000e+07
8.944188000000000000e+06
1.318248000000000000e+06
8.224201000000000000e+06
8.374246000000000000e+06
9.310242000000000000e+06
7.416487000000000000e+06
8.909543000000000000e+06
3.848730000000000000e+05
8.601812000000000000e+06
8.177460000000000000e+06
8.751093000000000000e+06
1.152948800000000000e+07
8.002700000000000000e+06
1.247928000000000000e+06
5.768767000000000000e+06
5.095727000000000000e+06
5.204462000000000000e+06
8.853967000000000000e+06
8.791068000000000000e+06
3.357980000000000000e+05
9.983369000000000000e+06
7.037528000000000000e+06
6.863866000000000000e+06
5.427015000000000000e+06
6.137542000000000000e+06
1.160995000000000000e+06
4.501852000000000000e+06
6.605977000000000000e+06
4.239789000000000000e+06
7.314729000000000000e+06
4.209696000000000000e+06
2.158470000000000000e+05
7.249216000000000000e+06
5.007121000000000000e+06
3.504666000000000000e+06
6.127945000000000000e+06
5.657308000000000000e+06
1.057134000000000000e+06
8.858105000000000000e+06
5.256495000000000000e+06
7.832167000000000000e+06
5.061616000000000000e+06
6.967122000000000000e+06
3.621420000000000000e+05
8.940607000000000000e+06
5.925807000000000000e+06
6.305562000000000000e+06
9.504668000000000000e+06
6.164756000000000000e+06
1.014031000000000000e+06
5.590895000000000000e+06
6.110186000000000000e+06
3.973247000000000000e+06
7.388547000000000000e+06
4.755160000000000000e+06
4.639229000000000000e+06
4.337956000000000000e+06
4.995811000000000000e+06
6.785306000000000000e+06
5.564720000000000000e+06
5.317106000000000000e+06
5.698947000000000000e+06
2.550250000000000000e+05
4.545906000000000000e+06
5.954102000000000000e+06
4.545786000000000000e+06
5.046018000000000000e+06
6.628086000000000000e+06
4.192907000000000000e+06
6.885297000000000000e+06
7.321305000000000000e+06
7.723717000000000000e+06
5.534015000000000000e+06
4.486785000000000000e+06
3.359980000000000000e+05
5.595131000000000000e+06
5.280489000000000000e+06
1.146394900000000000e+07
5.898930000000000000e+06
5.034379000000000000e+06
4.609223000000000000e+06
5.433879000000000000e+06
4.762909000000000000e+06
7.949468000000000000e+06
6.442477000000000000e+06
6.895772000000000000e+06
2.858450000000000000e+05
6.206569000000000000e+06
6.535618000000000000e+06
9.619524000000000000e+06
5.234635000000000000e+06
5.172415000000000000e+06
4.385848000000000000e+06
6.490951000000000000e+06
6.669402000000000000e+06
1.071917500000000000e+07
6.994073000000000000e+06
7.549243000000000000e+06
1.476520000000000000e+05
5.891444000000000000e+06
5.609801000000000000e+06
7.055619000000000000e+06
9.508302000000000000e+06
