5.024922000000000000e+06
6.765622000000000000e+06
8.055648000000000000e+06
1.006425600000000000e+07
4.088915000000000000e+06
4.607002000000000000e+06
1.942350000000000000e+05
4.822669000000000000e+06
4.548309000000000000e+06
7.219248000000000000e+06
5.175610000000000000e+06
6.157891000000000000e+06
4.669078000000000000e+06
5.167474000000000000e+06
7.035413000000000000e+06
5.848688000000000000e+06
7.173088000000000000e+06
4.076516000000000000e+06
3.030360000000000000e+05
4.497853000000000000e+06
5.390687000000000000e+06
7.384803000000000000e+06
3.429858000000000000e+06
4.424780000000000000e+06
4.469391000000000000e+06
4.732420000000000000e+06
4.275614000000000000e+06
6.491039000000000000e+06
5.834515000000000000e+06
6.844420000000000000e+06
2.688600000000000000e+05
5.642163000000000000e+06
5.435225000000000000e+06
1.144439600000000000e+07
9.226003000000000000e+06
1.028649500000000000e+07
4.677121000000000000e+06
1.105278700000000000e+07
9.364784000000000000e+06
7.264011000000000000e+06
4.731726000000000000e+06
4.628807000000000000e+06
3.828270000000000000e+05
6.058275000000000000e+06
5.911796000000000000e+06
7.249315000000000000e+06
6.463848000000000000e+06
6.278604000000000000e+06
4.769579000000000000e+06
5.905714000000000000e+06
5.304407000000000000e+06
3.487995400000000000e+07
8.931644000000000000e+06
9.025424000000000000e+06
3.435020000000000000e+05
8.512464000000000000e+06
1.541937900000000000e+07
8.902261000000000000e+06
9.353131000000000000e+06
1.150799700000000000e+07
4.783390000000000000e+05
1.014924900000000000e+07
1.392188100000000000e+07
1.266947100000000000e+07
1.027349000000000000e+07
1.142396700000000000e+07
5.657150000000000000e+05
1.087217100000000000e+07
1.183471500000000000e+07
1.286475600000000000e+07
1.082573400000000000e+07
1.406383200000000000e+07
6.144510000000000000e+05
1.577520800000000000e+07
1.878826600000000000e+07
1.273145200000000000e+07
8.988638000000000000e+06
7.907825000000000000e+06
3.046450000000000000e+05
9.341302000000000000e+06
1.261474400000000000e+07
8.076399000000000000e+06
8.278253000000000000e+06
1.046664700000000000e+07
4.514760000000000000e+05
1.071561400000000000e+07
1.134215800000000000e+07
1.355702200000000000e+07
1.199067400000000000e+07
1.133803200000000000e+07
4.651360000000000000e+05
1.188142000000000000e+07
1.471408200000000000e+07
1.213901000000000000e+07
1.063543300000000000e+07
1.043516600000000000e+07
5.481000000000000000e+05
1.205414800000000000e+07
1.552161900000000000e+07
1.459466900000000000e+07
9.723839000000000000e+06
1.075790600000000000e+07
3.975980000000000000e+05
1.057442300000000000e+07
1.419380900000000000e+07
1.255102400000000000e+07
1.131953700000000000e+07
1.146996000000000000e+07
5.870640000000000000e+05
1.513806100000000000e+07
2.332426900000000000e+07
1.466971400000000000e+07
1.115472900000000000e+07
1.243529200000000000e+07
4.836210000000000000e+05
1.382766300000000000e+07
1.396370400000000000e+07
1.175874000000000000e+07
1.196709400000000000e+07
1.030108200000000000e+07
4.346710000000000000e+05
1.108328600000000000e+07
1.435916800000000000e+07
1.075866400000000000e+07
9.429385000000000000e+06
9.387129000000000000e+06
4.348230000000000000e+05
9.706962000000000000e+06
1.306831200000000000e+07
8.572871000000000000e+06
8.609769000000000000e+06
8.825175000000000000e+06
3.655090000000000000e+05
8.572904000000000000e+06
1.190785900000000000e+07
9.148711000000000000e+06
7.775283000000000000e+06
7.131521000000000000e+06
3.187320000000000000e+05
7.552008000000000000e+06
1.263768400000000000e+07
9.438071000000000000e+06
1.068665300000000000e+07
8.581930000000000000e+06
7.045340000000000000e+05
8.258962000000000000e+06
1.293613900000000000e+07
1.064567900000000000e+07
8.258541000000000000e+06
