9.119516000000000000e+06
4.475750000000000000e+05
1.102300600000000000e+07
8.274284000000000000e+06
8.580984000000000000e+06
8.415828000000000000e+06
9.042106000000000000e+06
5.028800000000000000e+05
1.198965600000000000e+07
1.161447500000000000e+07
7.862081000000000000e+06
8.777414000000000000e+06
9.248556000000000000e+06
3.997940000000000000e+05
1.044473900000000000e+07
6.195462000000000000e+06
7.271984000000000000e+06
6.767354000000000000e+06
7.952583000000000000e+06
4.061480000000000000e+05
8.538857000000000000e+06
8.704442000000000000e+06
6.206897000000000000e+06
7.696718000000000000e+06
9.284915000000000000e+06
2.787680000000000000e+05
9.077302000000000000e+06
6.121871000000000000e+06
7.096206000000000000e+06
7.334920000000000000e+06
6.266584000000000000e+06
3.665280000000000000e+05
9.506030000000000000e+06
8.184570000000000000e+06
5.299966000000000000e+06
5.542033000000000000e+06
5.892368000000000000e+06
2.246940000000000000e+05
6.867663000000000000e+06
4.288539000000000000e+06
5.618966000000000000e+06
5.520985000000000000e+06
4.796178000000000000e+06
2.688180000000000000e+05
7.437046000000000000e+06
1.078361000000000000e+07
5.620305000000000000e+06
5.836185000000000000e+06
5.228991000000000000e+06
2.168900000000000000e+05
4.485365000000000000e+06
7.237681000000000000e+06
4.945346000000000000e+06
4.895074000000000000e+06
3.805383000000000000e+06
2.550320000000000000e+05
6.269379000000000000e+06
9.314986000000000000e+06
6.104022000000000000e+06
4.780321000000000000e+06
4.238430000000000000e+06
2.376220000000000000e+05
4.285348000000000000e+06
5.404221000000000000e+06
5.657063000000000000e+06
5.993406000000000000e+06
5.113161000000000000e+06
3.017640000000000000e+05
6.699023000000000000e+06
1.060633400000000000e+07
5.189388000000000000e+06
6.198142000000000000e+06
5.131957000000000000e+06
1.756220000000000000e+05
5.520116000000000000e+06
7.164446000000000000e+06
7.090976000000000000e+06
9.564432000000000000e+06
9.344243000000000000e+06
1.814990000000000000e+05
1.097237500000000000e+07
1.685733500000000000e+07
7.192694000000000000e+06
6.455412000000000000e+06
7.395123000000000000e+06
1.817100000000000000e+05
7.370794000000000000e+06
9.263013000000000000e+06
7.556952000000000000e+06
8.754676000000000000e+06
8.276735000000000000e+06
2.239790000000000000e+05
8.759887000000000000e+06
1.385635700000000000e+07
7.310573000000000000e+06
6.467913000000000000e+06
6.325561000000000000e+06
2.435720000000000000e+05
6.852292000000000000e+06
7.545536000000000000e+06
4.900296000000000000e+06
2.478200000000000000e+05
6.607558000000000000e+06
7.071535000000000000e+06
2.751230000000000000e+05
1.086980200000000000e+07
9.063308000000000000e+06
9.397931000000000000e+06
1.008338400000000000e+07
1.005170200000000000e+07
3.056420000000000000e+05
1.072606800000000000e+07
1.300751300000000000e+07
1.029669400000000000e+07
8.999367000000000000e+06
1.121987700000000000e+07
3.825430000000000000e+05
1.268675600000000000e+07
1.478965300000000000e+07
1.014121800000000000e+07
9.300810000000000000e+06
1.110115700000000000e+07
4.264990000000000000e+05
1.191821600000000000e+07
1.301880400000000000e+07
8.636900000000000000e+06
9.466236000000000000e+06
9.299527000000000000e+06
4.263880000000000000e+05
1.238742900000000000e+07
1.223574700000000000e+07
9.436847000000000000e+06
3.673095000000000000e+07
9.194218000000000000e+06
3.221770000000000000e+05
9.298037000000000000e+06
1.039106700000000000e+07
1.083408500000000000e+07
1.099709000000000000e+07
1.145687800000000000e+07
4.242080000000000000e+05
1.365660700000000000e+07
1.778038200000000000e+07
1.717734500000000000e+07
1.558513100000000000e+07
1.566324900000000000e+07
3.900980000000000000e+05
1.868762300000000000e+07
2.213541700000000000e+07
