8.414381000000000000e+06
7.799731000000000000e+06
6.210341000000000000e+06
3.980190000000000000e+05
8.537930000000000000e+06
6.621567000000000000e+06
4.699575000000000000e+06
3.796670000000000000e+06
5.200263000000000000e+06
5.069630000000000000e+06
5.668048000000000000e+06
4.948348000000000000e+06
4.809411000000000000e+06
4.644985000000000000e+06
3.757410000000000000e+06
1.643390000000000000e+05
5.706763000000000000e+06
3.786760000000000000e+06
4.935057000000000000e+06
4.922061000000000000e+06
6.332916000000000000e+06
4.741602000000000000e+06
7.047720000000000000e+06
5.573102000000000000e+06
6.011602000000000000e+06
4.703610000000000000e+06
8.933435000000000000e+06
1.407900000000000000e+05
8.704532000000000000e+06
8.744105000000000000e+06
8.552130000000000000e+06
6.456432000000000000e+06
7.294412000000000000e+06
4.989636000000000000e+06
7.986447000000000000e+06
5.877625000000000000e+06
6.153322000000000000e+06
7.052928000000000000e+06
6.579285000000000000e+06
2.258380000000000000e+05
7.498643000000000000e+06
5.273188000000000000e+06
6.917080000000000000e+06
8.054515000000000000e+06
1.239564300000000000e+07
5.066124000000000000e+06
1.833101500000000000e+07
1.478051400000000000e+07
1.339678300000000000e+07
1.208877500000000000e+07
1.182229700000000000e+07
3.928940000000000000e+05
1.711348500000000000e+07
1.348227200000000000e+07
1.409389700000000000e+07
1.533790400000000000e+07
9.766404000000000000e+06
5.056863000000000000e+06
1.129263600000000000e+07
1.073707400000000000e+07
6.321173000000000000e+07
5.166580000000000000e+06
5.139580000000000000e+06
2.592160000000000000e+05
4.987303000000000000e+06
4.896410000000000000e+06
4.856992000000000000e+06
4.659091000000000000e+06
4.605518000000000000e+06
2.563880000000000000e+05
4.488349000000000000e+06
4.975872000000000000e+06
8.111794000000000000e+06
4.840204000000000000e+06
4.602073000000000000e+06
2.141600000000000000e+05
4.337674000000000000e+06
4.418008000000000000e+06
4.385508000000000000e+06
4.415867000000000000e+06
4.445481000000000000e+06
2.235010000000000000e+05
4.706889000000000000e+06
5.719897000000000000e+06
9.284583000000000000e+06
5.797418000000000000e+06
5.909588000000000000e+06
2.411270000000000000e+05
6.234069000000000000e+06
6.449328000000000000e+06
6.733465000000000000e+06
6.828457000000000000e+06
6.993248000000000000e+06
2.546990000000000000e+05
6.724387000000000000e+06
6.696152000000000000e+06
9.188118000000000000e+06
6.505716000000000000e+06
6.920009000000000000e+06
2.982850000000000000e+05
6.922368000000000000e+06
6.796633000000000000e+06
6.669449000000000000e+06
6.601762000000000000e+06
6.609805000000000000e+06
6.622731000000000000e+06
2.428950000000000000e+05
7.039323000000000000e+06
9.552956000000000000e+06
6.687410000000000000e+06
6.410649000000000000e+06
6.368905000000000000e+06
2.903930000000000000e+05
6.193361000000000000e+06
6.205150000000000000e+06
5.957522000000000000e+06
5.885765000000000000e+06
5.655171000000000000e+06
2.819630000000000000e+05
6.135835000000000000e+06
9.425409000000000000e+06
5.477843000000000000e+06
5.273931000000000000e+06
4.968619000000000000e+06
1.656380000000000000e+05
4.064108000000000000e+06
4.545387000000000000e+06
5.040917000000000000e+06
5.462675000000000000e+06
5.324488000000000000e+06
3.240670000000000000e+05
5.901914000000000000e+06
8.795588000000000000e+06
5.568996000000000000e+06
5.540466000000000000e+06
5.450194000000000000e+06
3.637820000000000000e+05
5.131048000000000000e+06
5.138728000000000000e+06
5.076352000000000000e+06
4.891075000000000000e+06
4.857289000000000000e+06
3.120800000000000000e+05
5.444953000000000000e+06
8.604518000000000000e+06
4.958103000000000000e+06
4.796582000000000000e+06
4.649957000000000000e+06
2.787680000000000000e+05
