5.091079000000000000e+06
4.422866000000000000e+06
4.424357000000000000e+06
4.147608000000000000e+06
2.173540000000000000e+05
4.238444000000000000e+06
8.258165000000000000e+06
4.218027000000000000e+06
3.907556000000000000e+06
3.966234000000000000e+06
1.877960000000000000e+05
4.754512000000000000e+06
4.254785000000000000e+06
4.407695000000000000e+06
4.856753000000000000e+06
4.819866000000000000e+06
4.104080000000000000e+05
4.873235000000000000e+06
8.739516000000000000e+06
5.502295000000000000e+06
5.500225000000000000e+06
5.635767000000000000e+06
3.188740000000000000e+05
6.258927000000000000e+06
5.775701000000000000e+06
5.808148000000000000e+06
5.792668000000000000e+06
5.684438000000000000e+06
3.778840000000000000e+05
5.195847000000000000e+06
8.036701000000000000e+06
4.552404000000000000e+06
5.260923000000000000e+06
5.594391000000000000e+06
3.228710000000000000e+05
6.040933000000000000e+06
5.647161000000000000e+06
5.922178000000000000e+06
6.030551000000000000e+06
6.145133000000000000e+06
3.511530000000000000e+05
6.054057000000000000e+06
9.202096000000000000e+06
6.323734000000000000e+06
6.113764000000000000e+06
6.038570000000000000e+06
3.489650000000000000e+05
6.556000000000000000e+06
6.072204000000000000e+06
6.152539000000000000e+06
6.309667000000000000e+06
6.068573000000000000e+06
3.348390000000000000e+05
5.954845000000000000e+06
9.404166000000000000e+06
5.902942000000000000e+06
5.712768000000000000e+06
5.688849000000000000e+06
3.105940000000000000e+05
6.086229000000000000e+06
5.732275000000000000e+06
5.819807000000000000e+06
6.025040000000000000e+06
5.910206000000000000e+06
4.376310000000000000e+05
5.776483000000000000e+06
8.715890000000000000e+06
5.717199000000000000e+06
5.304703000000000000e+06
4.632436000000000000e+06
2.287280000000000000e+05
4.729839000000000000e+06
6.113910600000000000e+07
1.958035200000000000e+07
1.335134900000000000e+07
1.283691000000000000e+07
8.312580000000000000e+05
2.541737800000000000e+07
1.298636700000000000e+07
1.581395400000000000e+07
1.837153900000000000e+07
1.496672500000000000e+07
8.251790000000000000e+05
2.164533000000000000e+07
1.922618700000000000e+07
1.555141500000000000e+07
1.348539600000000000e+07
1.508181900000000000e+07
7.880660000000000000e+05
1.896795900000000000e+07
1.679986000000000000e+07
2.068421200000000000e+07
2.685038400000000000e+07
2.745115600000000000e+07
1.193232000000000000e+06
2.351512300000000000e+07
3.041146600000000000e+07
2.126096100000000000e+07
1.403036800000000000e+07
1.449142000000000000e+07
8.959900000000000000e+05
1.681403300000000000e+07
1.243542500000000000e+07
1.241690400000000000e+07
1.310825700000000000e+07
1.663083800000000000e+07
9.041870000000000000e+05
2.616404300000000000e+07
2.118168800000000000e+07
2.332712600000000000e+07
2.728257800000000000e+07
2.283491100000000000e+07
1.027094000000000000e+06
2.422287000000000000e+07
2.128956700000000000e+07
2.039527500000000000e+07
2.123463100000000000e+07
2.278521600000000000e+07
1.458553000000000000e+06
2.950865300000000000e+07
2.324484300000000000e+07
1.518310800000000000e+07
1.716049600000000000e+07
1.862921100000000000e+07
9.444950000000000000e+05
2.265801500000000000e+07
1.734655400000000000e+07
1.713564600000000000e+07
1.687240200000000000e+07
1.651381300000000000e+07
8.049350000000000000e+05
2.560280500000000000e+07
2.058463100000000000e+07
1.743043500000000000e+07
1.733878000000000000e+07
1.755545700000000000e+07
7.888090000000000000e+05
2.003681200000000000e+07
1.398434100000000000e+07
1.363833300000000000e+07
1.277951000000000000e+07
9.256875000000000000e+06
5.108860000000000000e+05
2.217868600000000000e+07
2.346973000000000000e+07
2.130680100000000000e+07
1.635940300000000000e+07
2.087593200000000000e+07
1.337092000000000000e+06
