5.057705000000000000e+06
3.160774000000000000e+06
3.208124000000000000e+06
7.932314000000000000e+06
3.573613000000000000e+06
5.109683000000000000e+06
3.370161000000000000e+06
1.572579000000000000e+06
2.508554000000000000e+06
1.727411000000000000e+06
4.072385000000000000e+06
3.074528000000000000e+06
1.347369000000000000e+06
3.631829000000000000e+06
3.385038000000000000e+06
3.138567000000000000e+06
1.742493000000000000e+06
3.556921000000000000e+06
1.147459000000000000e+06
1.080805000000000000e+06
2.350729000000000000e+06
3.570476000000000000e+06
9.094160000000000000e+05
3.780987000000000000e+06
3.007715000000000000e+06
2.649383000000000000e+06
1.329769000000000000e+06
1.565577000000000000e+06
1.577209000000000000e+06
1.998500000000000000e+06
7.353440000000000000e+05
1.596710000000000000e+06
1.827325000000000000e+06
1.783062000000000000e+06
2.736007000000000000e+06
9.092787000000000000e+06
5.459240000000000000e+06
3.114648000000000000e+06
4.379357000000000000e+06
8.619755000000000000e+06
1.137640700000000000e+07
1.075780400000000000e+07
1.764008000000000000e+06
4.628581000000000000e+06
5.666386000000000000e+06
6.883713000000000000e+06
7.290308000000000000e+06
6.438766000000000000e+06
5.921321000000000000e+06
2.095950000000000000e+06
2.776498000000000000e+06
1.479378000000000000e+06
3.826244000000000000e+06
1.564074000000000000e+06
2.586115000000000000e+06
3.501013000000000000e+06
1.707016000000000000e+06
4.025620000000000000e+06
2.058594000000000000e+06
8.999739000000000000e+06
3.538583000000000000e+06
4.133232000000000000e+06
3.783711000000000000e+06
4.032820000000000000e+06
5.300217000000000000e+06
6.117963000000000000e+06
5.572345000000000000e+06
9.146631000000000000e+06
6.609363000000000000e+06
1.170281700000000000e+07
6.561962000000000000e+06
1.906824000000000000e+07
1.762736100000000000e+07
1.662824800000000000e+07
1.666992800000000000e+07
1.869222500000000000e+07
1.553035100000000000e+07
1.577096700000000000e+07
1.805484000000000000e+07
1.853146100000000000e+07
1.462110100000000000e+07
1.260368100000000000e+07
1.325854100000000000e+07
1.223693400000000000e+07
1.137611800000000000e+07
1.670920300000000000e+07
8.517568000000000000e+06
2.661725000000000000e+06
7.761224000000000000e+06
8.940729000000000000e+06
1.060502900000000000e+07
1.069569500000000000e+07
1.052722000000000000e+07
4.271880000000000000e+06
5.704826000000000000e+06
7.285536000000000000e+06
2.757364000000000000e+06
2.485439000000000000e+06
5.004846000000000000e+06
3.079507000000000000e+06
3.719301000000000000e+06
7.896129000000000000e+06
7.229210000000000000e+06
5.908348000000000000e+06
3.991475000000000000e+06
6.370042000000000000e+06
5.492323000000000000e+06
9.980974000000000000e+06
4.603918000000000000e+06
4.819685000000000000e+06
2.373339000000000000e+06
5.452809000000000000e+06
6.767735000000000000e+06
8.498229000000000000e+06
1.436523300000000000e+07
6.016499000000000000e+06
5.158470000000000000e+06
1.493436100000000000e+07
9.775699000000000000e+06
1.468603900000000000e+07
1.744316000000000000e+07
5.537487000000000000e+06
6.792284000000000000e+06
4.462090000000000000e+06
5.995614000000000000e+06
4.875441000000000000e+06
4.429559000000000000e+06
6.026943000000000000e+06
5.093031000000000000e+06
3.414774000000000000e+06
5.016781000000000000e+06
7.452816000000000000e+06
4.273003000000000000e+06
3.474891000000000000e+06
3.438238000000000000e+06
5.148365000000000000e+06
2.016187000000000000e+06
1.082933800000000000e+07
1.074896100000000000e+07
3.716535000000000000e+06
3.542417000000000000e+06
8.902514000000000000e+06
7.756413000000000000e+06
5.500815000000000000e+06
4.723244000000000000e+06
6.168972000000000000e+06
8.914969000000000000e+06
4.799504000000000000e+06
4.588271000000000000e+06
