7.972058000000000000e+06
4.319376000000000000e+06
4.232501000000000000e+06
3.178135000000000000e+06
7.273879000000000000e+06
4.028621000000000000e+06
5.767510000000000000e+06
3.416627000000000000e+06
2.285074000000000000e+06
3.804142000000000000e+06
2.871075000000000000e+06
6.115260000000000000e+06
4.658520000000000000e+06
3.714782000000000000e+06
2.889653000000000000e+06
5.018041000000000000e+06
4.068120000000000000e+06
4.624301000000000000e+06
5.319134000000000000e+06
6.719000000000000000e+06
7.559698000000000000e+06
3.506469000000000000e+06
4.142663000000000000e+06
5.455753000000000000e+06
3.308942000000000000e+06
8.415900000000000000e+05
3.405546000000000000e+06
4.114179000000000000e+06
2.912966000000000000e+06
4.999342000000000000e+06
3.561101000000000000e+06
4.116174000000000000e+06
1.763930000000000000e+06
3.187430000000000000e+06
4.180476000000000000e+06
5.858950000000000000e+06
5.289669000000000000e+06
3.366297000000000000e+06
4.143108000000000000e+06
3.922592000000000000e+06
9.401030000000000000e+05
1.054051000000000000e+06
3.558571000000000000e+06
4.709061000000000000e+06
3.771679000000000000e+06
3.388477000000000000e+06
4.943328000000000000e+06
7.395045000000000000e+06
2.638012000000000000e+06
2.353579000000000000e+06
2.050281000000000000e+06
1.854997000000000000e+06
1.757221000000000000e+06
4.798083000000000000e+06
3.938757000000000000e+06
2.131363000000000000e+06
3.818595000000000000e+06
3.552329000000000000e+06
2.227318000000000000e+06
6.112585000000000000e+06
3.330703000000000000e+06
1.928908000000000000e+06
1.815980000000000000e+06
1.597914000000000000e+06
1.455800000000000000e+06
1.300098000000000000e+06
2.198315000000000000e+06
1.153230000000000000e+06
2.712790000000000000e+06
1.204162000000000000e+06
2.123571000000000000e+06
5.219169000000000000e+06
3.415523000000000000e+06
2.316008000000000000e+06
1.903695000000000000e+06
2.258752000000000000e+06
2.264260000000000000e+06
1.509241000000000000e+06
8.703660000000000000e+05
1.934753000000000000e+06
2.959929000000000000e+06
5.316402000000000000e+06
4.603932000000000000e+06
6.273275000000000000e+06
2.403691000000000000e+06
3.955641000000000000e+06
2.281172000000000000e+06
5.237167000000000000e+06
3.089313000000000000e+06
2.723361000000000000e+06
2.529592000000000000e+06
3.884659000000000000e+06
3.841934000000000000e+06
6.177769000000000000e+06
8.980756000000000000e+06
7.233887000000000000e+06
3.397657000000000000e+06
5.983692000000000000e+06
6.742943000000000000e+06
3.889014000000000000e+06
6.342090000000000000e+06
5.629708000000000000e+06
4.508691000000000000e+06
4.113687000000000000e+06
2.997803000000000000e+06
2.590590000000000000e+06
2.249283000000000000e+06
5.920949000000000000e+06
3.285329000000000000e+06
1.926047000000000000e+06
2.283238000000000000e+06
3.115372000000000000e+06
2.886949000000000000e+06
1.374393000000000000e+06
2.519754000000000000e+06
2.252736000000000000e+06
4.322878000000000000e+06
3.286343000000000000e+06
4.733650000000000000e+06
6.867641000000000000e+06
4.288226000000000000e+06
3.128809000000000000e+06
5.151458000000000000e+06
5.035382000000000000e+06
4.516132000000000000e+06
4.182744000000000000e+06
4.822821000000000000e+06
3.799087000000000000e+06
4.512634000000000000e+06
3.299477000000000000e+06
3.364722000000000000e+06
6.235640000000000000e+06
7.412712000000000000e+06
5.339117000000000000e+06
4.526277000000000000e+06
6.514908000000000000e+06
2.190940000000000000e+06
4.815286000000000000e+06
5.989476000000000000e+06
3.431324000000000000e+06
6.965113000000000000e+06
3.633769000000000000e+06
5.867834000000000000e+06
8.959721000000000000e+06
3.762416000000000000e+06
4.499486000000000000e+06
4.851974000000000000e+06
5.745030000000000000e+06
3.999028000000000000e+06
