6.545735000000000000e+06
5.504391000000000000e+06
4.617359000000000000e+06
5.785080000000000000e+06
7.585783000000000000e+06
1.013829500000000000e+07
9.629415000000000000e+06
7.100920000000000000e+06
6.690658000000000000e+06
1.032224700000000000e+07
1.523638200000000000e+07
1.398045700000000000e+07
1.265914400000000000e+07
1.489965300000000000e+07
1.148971200000000000e+07
1.278761800000000000e+07
6.780338000000000000e+06
1.147572900000000000e+07
3.885920000000000000e+06
4.828896000000000000e+06
2.164975000000000000e+06
5.679641000000000000e+06
6.959083000000000000e+06
9.334905000000000000e+06
6.652675000000000000e+06
1.275641500000000000e+07
1.427136700000000000e+07
1.335060800000000000e+07
7.619430000000000000e+06
1.037252700000000000e+07
7.063954000000000000e+06
7.347517000000000000e+06
4.636275000000000000e+06
3.744887000000000000e+06
3.457534000000000000e+06
4.365342000000000000e+06
3.286123000000000000e+06
3.132628000000000000e+06
4.304186000000000000e+06
2.612768000000000000e+06
3.133672000000000000e+06
6.026508000000000000e+06
6.502572000000000000e+06
5.101424000000000000e+06
7.959585000000000000e+06
3.263228000000000000e+06
8.495331000000000000e+06
4.383645000000000000e+06
5.038909000000000000e+06
4.652240000000000000e+06
5.941716000000000000e+06
2.785073000000000000e+06
2.800680000000000000e+06
7.357829000000000000e+06
4.964178000000000000e+06
6.530773000000000000e+06
5.501186000000000000e+06
3.809485000000000000e+06
4.036549000000000000e+06
4.631651000000000000e+06
4.565453000000000000e+06
4.138299000000000000e+06
2.201484000000000000e+06
6.856879000000000000e+06
3.940094000000000000e+06
1.015753200000000000e+07
7.055183000000000000e+06
7.239862000000000000e+06
6.989456000000000000e+06
7.856001000000000000e+06
9.567317000000000000e+06
1.023122500000000000e+07
8.812000000000000000e+06
7.005105000000000000e+06
4.920686000000000000e+06
4.427107000000000000e+06
6.518621000000000000e+06
9.785755000000000000e+06
6.624990000000000000e+06
8.353198000000000000e+06
8.776603000000000000e+06
4.495718000000000000e+06
3.476828000000000000e+06
3.549603000000000000e+06
5.647051000000000000e+06
8.975834000000000000e+06
7.459646000000000000e+06
4.364520000000000000e+06
4.784690000000000000e+06
8.738364000000000000e+06
2.831869000000000000e+06
8.743482000000000000e+06
4.232836000000000000e+06
3.701223000000000000e+06
5.587945000000000000e+06
7.018080000000000000e+06
4.469298000000000000e+06
4.888909000000000000e+06
5.039082000000000000e+06
4.686063000000000000e+06
3.950343000000000000e+06
6.208061000000000000e+06
6.257692000000000000e+06
3.143848000000000000e+06
5.263231000000000000e+06
5.046433000000000000e+06
4.862005000000000000e+06
3.911791000000000000e+06
6.437851000000000000e+06
6.649151000000000000e+06
5.397658000000000000e+06
6.819597000000000000e+06
3.829667000000000000e+06
7.421116000000000000e+06
6.601766000000000000e+06
4.725270000000000000e+06
8.462104000000000000e+06
7.770941000000000000e+06
4.270096000000000000e+06
3.310462000000000000e+06
2.071180000000000000e+06
4.147102000000000000e+06
5.048184000000000000e+06
2.476343000000000000e+06
5.179167000000000000e+06
6.279717000000000000e+06
4.817013000000000000e+06
2.753091000000000000e+06
3.342974000000000000e+06
2.361715000000000000e+06
3.207489000000000000e+06
5.614960000000000000e+06
7.290362000000000000e+06
2.559073000000000000e+06
7.369851000000000000e+06
3.775178000000000000e+06
8.575523000000000000e+06
8.856635000000000000e+06
6.555622000000000000e+06
2.950571000000000000e+06
5.780412000000000000e+06
5.704678000000000000e+06
3.529363000000000000e+06
3.550949000000000000e+06
3.912683000000000000e+06
5.164353000000000000e+06
7.785000000000000000e+06
6.024522000000000000e+06
4.153626000000000000e+06
