3.917306000000000000e+06
3.121516000000000000e+06
2.923425000000000000e+06
5.004615000000000000e+06
4.874945000000000000e+06
3.432000000000000000e+06
2.534905000000000000e+06
1.812027000000000000e+06
2.696567000000000000e+06
3.956177000000000000e+06
5.669267000000000000e+06
5.186234000000000000e+06
5.265460000000000000e+06
3.234094000000000000e+06
6.194901000000000000e+06
1.644039000000000000e+06
3.307573000000000000e+06
1.428287000000000000e+06
4.369615000000000000e+06
3.842362000000000000e+06
3.296191000000000000e+06
1.677461000000000000e+06
2.807947000000000000e+06
5.152073000000000000e+06
2.935945000000000000e+06
6.855050000000000000e+05
2.316872000000000000e+06
2.380247000000000000e+06
3.865177000000000000e+06
3.977712000000000000e+06
5.270180000000000000e+06
3.457956000000000000e+06
4.438810000000000000e+06
3.875132000000000000e+06
6.260751000000000000e+06
6.110778000000000000e+06
5.935271000000000000e+06
1.684480000000000000e+06
4.343714000000000000e+06
2.210610000000000000e+06
2.837213000000000000e+06
1.659399000000000000e+06
2.020987000000000000e+06
3.532467000000000000e+06
2.767629000000000000e+06
2.653445000000000000e+06
2.579023000000000000e+06
5.064118000000000000e+06
3.248532000000000000e+06
3.189292000000000000e+06
5.714178000000000000e+06
6.019406000000000000e+06
3.629524000000000000e+06
3.523052000000000000e+06
4.730327000000000000e+06
1.120411000000000000e+06
2.648006000000000000e+06
2.750816000000000000e+06
3.368196000000000000e+06
5.878453000000000000e+06
5.018068000000000000e+06
3.812311000000000000e+06
1.965907000000000000e+06
3.007423000000000000e+06
2.605714000000000000e+06
3.942807000000000000e+06
4.963909000000000000e+06
6.566101000000000000e+06
3.097665000000000000e+06
5.308207000000000000e+06
8.170078000000000000e+06
1.061228600000000000e+07
5.836098000000000000e+06
7.529929000000000000e+06
5.380695000000000000e+06
7.459540000000000000e+06
6.907080000000000000e+06
7.016781000000000000e+06
5.560236000000000000e+06
3.315035000000000000e+06
5.483381000000000000e+06
1.821796000000000000e+06
4.312064000000000000e+06
7.075520000000000000e+06
4.934081000000000000e+06
5.651259000000000000e+06
5.977660000000000000e+06
6.788927000000000000e+06
3.524490000000000000e+06
3.953109000000000000e+06
3.445326000000000000e+06
6.207160000000000000e+06
9.676417000000000000e+06
6.305895000000000000e+06
8.277939000000000000e+06
8.345806000000000000e+06
6.905796000000000000e+06
7.085892000000000000e+06
7.238970000000000000e+06
7.159092000000000000e+06
5.073772000000000000e+06
9.326047000000000000e+06
3.083507000000000000e+06
4.822370000000000000e+06
4.613168000000000000e+06
4.562993000000000000e+06
4.982899000000000000e+06
5.745876000000000000e+06
3.441748000000000000e+06
3.328812000000000000e+06
3.359674000000000000e+06
3.781869000000000000e+06
8.222160000000000000e+06
4.251380000000000000e+06
4.330316000000000000e+06
5.908488000000000000e+06
2.420446000000000000e+06
3.286749000000000000e+06
2.281106000000000000e+06
5.356297000000000000e+06
3.013279000000000000e+06
3.299682000000000000e+06
3.386922000000000000e+06
3.992576000000000000e+06
4.100886000000000000e+06
4.938378000000000000e+06
3.720784000000000000e+06
3.037154000000000000e+06
3.229962000000000000e+06
4.347325000000000000e+06
4.557349000000000000e+06
7.605251000000000000e+06
6.361887000000000000e+06
8.093487000000000000e+06
3.313520000000000000e+06
6.092889000000000000e+06
3.158453000000000000e+06
4.941621000000000000e+06
3.886928000000000000e+06
4.821528000000000000e+06
4.753889000000000000e+06
5.471830000000000000e+06
5.145073000000000000e+06
8.020991000000000000e+06
3.105135000000000000e+06
3.812896000000000000e+06
1.747673000000000000e+06
1.699177000000000000e+06
2.286407000000000000e+06
