4.432464000000000000e+06
3.423737000000000000e+06
2.033843000000000000e+06
1.367776000000000000e+06
2.195309000000000000e+06
5.170147000000000000e+06
2.093848000000000000e+06
2.053829000000000000e+06
5.677061000000000000e+06
4.876348000000000000e+06
3.363978000000000000e+06
4.999088000000000000e+06
3.130655000000000000e+06
1.868273000000000000e+06
2.403584000000000000e+06
2.292020000000000000e+06
2.367287000000000000e+06
6.546658000000000000e+06
3.771167000000000000e+06
5.526697000000000000e+06
3.013104000000000000e+06
4.984034000000000000e+06
3.643670000000000000e+06
4.292681000000000000e+06
4.680594000000000000e+06
2.902548000000000000e+06
6.602364000000000000e+06
5.368435000000000000e+06
3.953968000000000000e+06
5.631021000000000000e+06
4.529984000000000000e+06
3.162051000000000000e+06
3.562114000000000000e+06
3.210718000000000000e+06
2.577080000000000000e+06
3.398846000000000000e+06
2.506060000000000000e+06
4.865024000000000000e+06
1.775421000000000000e+06
6.337675000000000000e+06
2.057164000000000000e+06
7.025704000000000000e+06
5.601526000000000000e+06
5.670949000000000000e+06
4.326391000000000000e+06
5.808436000000000000e+06
3.031069000000000000e+06
4.242461000000000000e+06
5.572118000000000000e+06
3.236980000000000000e+06
4.568549000000000000e+06
5.588419000000000000e+06
5.569109000000000000e+06
7.250339000000000000e+06
3.414042000000000000e+06
3.645821000000000000e+06
4.347375000000000000e+06
3.008220000000000000e+06
1.641768000000000000e+06
2.053238000000000000e+06
4.833519000000000000e+06
4.592689000000000000e+06
3.709113000000000000e+06
4.118988000000000000e+06
6.936892000000000000e+06
8.770019000000000000e+06
5.558548000000000000e+06
7.277742000000000000e+06
6.437637000000000000e+06
4.323580000000000000e+06
3.010300000000000000e+06
4.035632000000000000e+06
4.937827000000000000e+06
6.914840000000000000e+06
8.850826000000000000e+06
6.740827000000000000e+06
4.640166000000000000e+06
7.876196000000000000e+06
6.087970000000000000e+06
4.781085000000000000e+06
6.021786000000000000e+06
5.642619000000000000e+06
8.333101000000000000e+06
8.154373000000000000e+06
3.655740000000000000e+06
3.450739000000000000e+06
5.612746000000000000e+06
5.843019000000000000e+06
3.187119000000000000e+06
6.104490000000000000e+06
5.024179000000000000e+06
4.373299000000000000e+06
4.734418000000000000e+06
4.348165000000000000e+06
5.359549000000000000e+06
6.047571000000000000e+06
5.561834000000000000e+06
4.475038000000000000e+06
4.874661000000000000e+06
5.974705000000000000e+06
3.827547000000000000e+06
7.686288000000000000e+06
5.373412000000000000e+06
1.938159000000000000e+06
5.894362000000000000e+06
6.071664000000000000e+06
5.240492000000000000e+06
7.051474000000000000e+06
3.930582000000000000e+06
4.714577000000000000e+06
1.511535000000000000e+06
3.349344000000000000e+06
3.473411000000000000e+06
6.717815000000000000e+06
4.832085000000000000e+06
6.596109000000000000e+06
6.535746000000000000e+06
3.575877000000000000e+06
2.297064000000000000e+06
3.242054000000000000e+06
4.817802000000000000e+06
4.460000000000000000e+06
3.622382000000000000e+06
6.470998000000000000e+06
7.214356000000000000e+06
8.294764000000000000e+06
4.496325000000000000e+06
2.010373000000000000e+06
3.653454000000000000e+06
9.817000000000000000e+05
2.164623000000000000e+06
3.247922000000000000e+06
3.036738000000000000e+06
1.654930000000000000e+06
3.929871000000000000e+06
2.457037000000000000e+06
1.685733000000000000e+06
7.748341000000000000e+06
2.851048000000000000e+06
3.198990000000000000e+06
4.734870000000000000e+06
2.774911000000000000e+06
3.290275000000000000e+06
3.644116000000000000e+06
3.333943000000000000e+06
3.534157000000000000e+06
6.940202000000000000e+06
3.911800000000000000e+06
1.376865000000000000e+06
