9.190909000000000000e+06
6.495186000000000000e+06
4.303671000000000000e+06
8.595438000000000000e+06
7.315343000000000000e+06
8.671618000000000000e+06
4.455083000000000000e+06
5.894779000000000000e+06
3.618720000000000000e+06
6.061717000000000000e+06
1.173523000000000000e+06
3.638288000000000000e+06
1.654149000000000000e+06
3.811449000000000000e+06
1.837125000000000000e+06
3.753761000000000000e+06
2.984785000000000000e+06
5.940053000000000000e+06
2.926384000000000000e+06
6.030755000000000000e+06
4.898407000000000000e+06
3.074117000000000000e+06
7.151576000000000000e+06
4.060639000000000000e+06
7.037118000000000000e+06
5.037814000000000000e+06
5.772566000000000000e+06
4.142320000000000000e+06
4.290176000000000000e+06
5.481446000000000000e+06
3.941357000000000000e+06
2.931555000000000000e+06
2.144884000000000000e+06
2.696223000000000000e+06
3.521291000000000000e+06
4.023923000000000000e+06
4.776682000000000000e+06
2.380537000000000000e+06
4.682431000000000000e+06
5.642538000000000000e+06
3.662442000000000000e+06
8.066752000000000000e+06
7.523221000000000000e+06
3.317873000000000000e+06
5.518313000000000000e+06
7.458623000000000000e+06
3.738685000000000000e+06
5.230460000000000000e+06
5.288131000000000000e+06
2.161366000000000000e+06
6.537270000000000000e+06
6.750099000000000000e+06
4.277324000000000000e+06
5.403488000000000000e+06
5.230889000000000000e+06
3.753933000000000000e+06
4.311335000000000000e+06
2.409183000000000000e+06
1.924465000000000000e+06
3.290364000000000000e+06
1.567345000000000000e+06
1.803689000000000000e+06
3.758695000000000000e+06
6.715790000000000000e+06
2.307211000000000000e+06
5.197765000000000000e+06
4.210356000000000000e+06
5.750744000000000000e+06
4.107898000000000000e+06
6.155914000000000000e+06
3.708359000000000000e+06
3.255884000000000000e+06
3.364052000000000000e+06
3.495126000000000000e+06
5.353314000000000000e+06
1.572025000000000000e+06
2.954506000000000000e+06
5.585549000000000000e+06
3.146828000000000000e+06
6.766741000000000000e+06
2.552942000000000000e+06
3.495733000000000000e+06
5.988076000000000000e+06
3.413157000000000000e+06
5.594247000000000000e+06
2.662803000000000000e+06
5.136220000000000000e+06
6.760382000000000000e+06
4.489843000000000000e+06
5.155578000000000000e+06
6.513782000000000000e+06
4.552147000000000000e+06
6.225995000000000000e+06
2.946691000000000000e+06
5.417392000000000000e+06
6.112499000000000000e+06
1.101280200000000000e+07
4.013233000000000000e+06
5.640782000000000000e+06
2.002061000000000000e+06
3.340783000000000000e+06
5.080902000000000000e+06
6.751917000000000000e+06
4.243854000000000000e+06
5.054982000000000000e+06
4.396672000000000000e+06
4.131926000000000000e+06
7.643030000000000000e+06
4.292885000000000000e+06
4.705188000000000000e+06
2.395920000000000000e+06
3.860695000000000000e+06
1.828348000000000000e+06
1.011692700000000000e+07
3.117008000000000000e+06
3.947334000000000000e+06
5.839285000000000000e+06
3.857618000000000000e+06
1.679235000000000000e+06
3.462237000000000000e+06
1.631996000000000000e+06
2.347077000000000000e+06
5.356849000000000000e+06
6.401943000000000000e+06
2.098339000000000000e+06
7.479259000000000000e+06
2.254905000000000000e+06
2.701627000000000000e+06
3.793249000000000000e+06
4.943991000000000000e+06
3.069452000000000000e+06
4.677222000000000000e+06
4.587940000000000000e+06
4.213089000000000000e+06
4.714973000000000000e+06
2.196056000000000000e+06
8.079930000000000000e+06
6.248776000000000000e+06
6.606397000000000000e+06
2.758834000000000000e+06
2.755255000000000000e+06
4.142762000000000000e+06
5.747631000000000000e+06
3.331772000000000000e+06
3.012929000000000000e+06
3.114627000000000000e+06
5.629457000000000000e+06
5.058320000000000000e+06
9.238931000000000000e+06
