8.695030000000000000e+06
8.159986000000000000e+06
4.158124000000000000e+06
2.118440000000000000e+06
3.256896000000000000e+06
7.411565000000000000e+06
7.437282000000000000e+06
4.285370000000000000e+06
2.599355000000000000e+06
4.639332000000000000e+06
1.730786000000000000e+06
5.187911000000000000e+06
1.385505000000000000e+06
2.681812000000000000e+06
7.110655000000000000e+06
7.131856000000000000e+06
4.076177000000000000e+06
8.802073000000000000e+06
2.225685000000000000e+06
3.042807000000000000e+06
3.858719000000000000e+06
2.492616000000000000e+06
1.813911000000000000e+06
7.026718000000000000e+06
2.416057000000000000e+06
2.941712000000000000e+06
3.591982000000000000e+06
1.676850000000000000e+06
3.052685000000000000e+06
2.595079000000000000e+06
5.077215000000000000e+06
2.959560000000000000e+06
7.325668000000000000e+06
2.702758000000000000e+06
1.685192000000000000e+06
6.855858000000000000e+06
4.545414000000000000e+06
1.892260000000000000e+06
9.377670000000000000e+05
1.643492000000000000e+06
2.895591000000000000e+06
4.471565000000000000e+06
2.970681000000000000e+06
3.453131000000000000e+06
1.740287000000000000e+06
2.214808000000000000e+06
3.820230000000000000e+06
7.813123000000000000e+06
1.923262000000000000e+06
2.291476000000000000e+06
6.391672000000000000e+06
2.496395000000000000e+06
1.116186700000000000e+07
4.610713000000000000e+06
2.514479000000000000e+06
3.454197000000000000e+06
5.540518000000000000e+06
6.000456000000000000e+06
5.617446000000000000e+06
5.583856000000000000e+06
4.025945000000000000e+06
2.267626000000000000e+06
2.279828000000000000e+06
6.824578000000000000e+06
1.412624000000000000e+06
4.712259000000000000e+06
1.197066000000000000e+06
4.708273000000000000e+06
2.726203000000000000e+06
3.600514000000000000e+06
8.148861000000000000e+06
5.828553000000000000e+06
3.074452000000000000e+06
9.529993000000000000e+06
5.972315000000000000e+06
5.117888000000000000e+06
3.635769000000000000e+06
4.797922000000000000e+06
3.656705000000000000e+06
6.754921000000000000e+06
6.453580000000000000e+06
7.018375000000000000e+06
3.647449000000000000e+06
5.581136000000000000e+06
4.418249000000000000e+06
4.463909000000000000e+06
8.522015000000000000e+06
6.956011000000000000e+06
7.125484000000000000e+06
2.377904000000000000e+06
7.651070000000000000e+06
8.125832000000000000e+06
2.789933000000000000e+06
2.025920000000000000e+06
2.113819000000000000e+06
5.815034000000000000e+06
1.536052000000000000e+06
1.074862000000000000e+06
1.369589000000000000e+06
5.337611000000000000e+06
6.786596000000000000e+06
5.672133000000000000e+06
3.689201000000000000e+06
5.086265000000000000e+06
3.715243000000000000e+06
2.332847000000000000e+06
2.287447000000000000e+06
8.229678000000000000e+06
5.053322000000000000e+06
8.734877000000000000e+06
1.239168500000000000e+07
2.516310000000000000e+06
2.853187000000000000e+06
1.364466000000000000e+06
3.527945000000000000e+06
3.937214000000000000e+06
4.076673000000000000e+06
6.941759000000000000e+06
2.991909000000000000e+06
7.157460000000000000e+06
2.704795000000000000e+06
5.025770000000000000e+06
4.734868000000000000e+06
4.427252000000000000e+06
3.657157000000000000e+06
3.847256000000000000e+06
3.754859000000000000e+06
9.973596000000000000e+06
7.228484000000000000e+06
7.287783000000000000e+06
4.233256000000000000e+06
6.411820000000000000e+06
4.154895000000000000e+06
3.440673000000000000e+06
4.357702000000000000e+06
3.233313000000000000e+06
2.327541000000000000e+06
5.010970000000000000e+06
5.259548000000000000e+06
5.932290000000000000e+06
4.658353000000000000e+06
6.329446000000000000e+06
3.551464000000000000e+06
6.034164000000000000e+06
3.947960000000000000e+06
4.694340000000000000e+06
3.662030000000000000e+06
5.717848000000000000e+06
9.509583000000000000e+06
