6.335957000000000000e+06
6.047086000000000000e+06
5.200338000000000000e+06
4.799767000000000000e+06
1.428396000000000000e+06
6.835605000000000000e+06
5.940536000000000000e+06
8.328178000000000000e+06
6.925156000000000000e+06
7.839252000000000000e+06
2.068118000000000000e+06
6.618383000000000000e+06
3.888819000000000000e+06
6.131932000000000000e+06
3.287306000000000000e+06
4.580887000000000000e+06
2.791558000000000000e+06
6.173484000000000000e+06
5.149997000000000000e+06
4.425841000000000000e+06
6.465389000000000000e+06
3.263756000000000000e+06
3.140750000000000000e+06
4.277590000000000000e+06
4.420580000000000000e+06
6.087754000000000000e+06
3.939115000000000000e+06
5.863203000000000000e+06
6.761043000000000000e+06
5.533337000000000000e+06
5.551142000000000000e+06
6.588756000000000000e+06
3.335209000000000000e+06
2.252692000000000000e+06
4.922717000000000000e+06
4.855981000000000000e+06
4.392031000000000000e+06
4.185732000000000000e+06
6.321179000000000000e+06
7.526806000000000000e+06
6.185762000000000000e+06
7.746395000000000000e+06
4.821653000000000000e+06
3.585286000000000000e+06
2.609746000000000000e+06
4.287135000000000000e+06
4.826929000000000000e+06
4.322529000000000000e+06
2.586676000000000000e+06
4.756199000000000000e+06
4.290493000000000000e+06
3.685936000000000000e+06
4.803857000000000000e+06
5.291399000000000000e+06
4.482362000000000000e+06
2.910361000000000000e+06
6.685298000000000000e+06
7.252516000000000000e+06
2.489552000000000000e+06
7.873619000000000000e+06
7.396462000000000000e+06
4.637869000000000000e+06
3.409758000000000000e+06
4.979938000000000000e+06
5.737774000000000000e+06
7.935001000000000000e+06
5.908931000000000000e+06
4.110736000000000000e+06
4.101666000000000000e+06
6.692105000000000000e+06
5.125973000000000000e+06
3.491724000000000000e+06
3.356348000000000000e+06
2.477587000000000000e+06
5.599070000000000000e+05
2.154018000000000000e+06
4.080247000000000000e+06
5.410917000000000000e+06
2.803226000000000000e+06
4.374339000000000000e+06
3.873248000000000000e+06
5.136120000000000000e+06
1.591026000000000000e+06
3.015220000000000000e+06
2.664345000000000000e+06
3.414531000000000000e+06
1.381245000000000000e+06
1.260768000000000000e+06
1.807479000000000000e+06
4.651868000000000000e+06
3.596953000000000000e+06
1.831641000000000000e+06
2.200131000000000000e+06
2.833961000000000000e+06
2.606565000000000000e+06
2.727505000000000000e+06
1.757324000000000000e+06
1.661277000000000000e+06
2.106267000000000000e+06
1.858103000000000000e+06
9.783980000000000000e+05
4.572769000000000000e+06
1.820945000000000000e+06
2.553875000000000000e+06
4.295881000000000000e+06
3.470167000000000000e+06
3.727290000000000000e+06
2.307216000000000000e+06
4.607918000000000000e+06
5.012435000000000000e+06
4.876810000000000000e+06
6.344650000000000000e+06
4.742377000000000000e+06
1.012683100000000000e+07
1.027681100000000000e+07
8.576424000000000000e+06
3.605464000000000000e+06
6.052656000000000000e+06
1.377209900000000000e+07
1.487155500000000000e+07
8.945144000000000000e+06
2.132275000000000000e+06
6.283795000000000000e+06
6.430819000000000000e+06
1.655625000000000000e+06
9.204279000000000000e+06
4.667524000000000000e+06
3.228624000000000000e+06
1.721699000000000000e+06
3.415151000000000000e+06
3.191128000000000000e+06
4.571996000000000000e+06
1.856883000000000000e+06
2.982346000000000000e+06
2.983777000000000000e+06
4.682201000000000000e+06
1.925120000000000000e+06
5.602468000000000000e+06
3.904221000000000000e+06
5.411898000000000000e+06
2.338556000000000000e+06
1.078964000000000000e+06
2.297818000000000000e+06
5.375394000000000000e+06
4.167480000000000000e+06
3.138427000000000000e+06
3.413457000000000000e+06
2.701714000000000000e+06
4.716817000000000000e+06
