1.798462000000000000e+06
2.793637000000000000e+06
3.514500000000000000e+06
1.309501000000000000e+06
4.887043000000000000e+06
2.904709000000000000e+06
4.424598000000000000e+06
2.403185000000000000e+06
4.546301000000000000e+06
4.054945000000000000e+06
3.560816000000000000e+06
7.117008000000000000e+06
7.457419000000000000e+06
6.895941000000000000e+06
9.968615000000000000e+06
9.897226000000000000e+06
8.742045000000000000e+06
5.189176000000000000e+06
4.559888000000000000e+06
5.396517000000000000e+06
6.574075000000000000e+06
7.669060000000000000e+06
4.360785000000000000e+06
8.413969000000000000e+06
7.541298000000000000e+06
4.864632000000000000e+06
6.850389000000000000e+06
9.689299000000000000e+06
5.568193000000000000e+06
4.073056000000000000e+06
5.448634000000000000e+06
5.926409000000000000e+06
4.729308000000000000e+06
4.617835000000000000e+06
4.553049000000000000e+06
7.774887000000000000e+06
9.248197000000000000e+06
3.340469000000000000e+06
4.978294000000000000e+06
5.121781000000000000e+06
3.693487000000000000e+06
2.731485000000000000e+06
5.001283000000000000e+06
6.089173000000000000e+06
6.504384000000000000e+06
2.237079000000000000e+06
4.716805000000000000e+06
7.169890000000000000e+06
2.952530000000000000e+06
2.766160000000000000e+06
3.747086000000000000e+06
4.600278000000000000e+06
3.330187000000000000e+06
4.419907000000000000e+06
4.287063000000000000e+06
8.793356000000000000e+06
9.646755000000000000e+06
2.288014000000000000e+06
7.316048000000000000e+06
1.005908700000000000e+07
9.296310000000000000e+06
5.716506000000000000e+06
9.364676000000000000e+06
1.026959900000000000e+07
8.904680000000000000e+06
5.742010000000000000e+06
5.293210000000000000e+06
1.013851200000000000e+07
9.205181000000000000e+06
3.246419000000000000e+06
9.771049000000000000e+06
9.858859000000000000e+06
6.707942000000000000e+06
3.119665000000000000e+06
5.629652000000000000e+06
5.472651000000000000e+06
2.857157000000000000e+06
3.945173000000000000e+06
4.385689000000000000e+06
5.734928000000000000e+06
2.171577000000000000e+06
5.975029000000000000e+06
2.712072000000000000e+06
6.737936000000000000e+06
4.066892000000000000e+06
3.029244000000000000e+06
4.467368000000000000e+06
4.422415000000000000e+06
1.596181000000000000e+06
1.873909000000000000e+06
2.698311000000000000e+06
1.442313000000000000e+06
5.859764000000000000e+06
3.796088000000000000e+06
5.142673000000000000e+06
4.837730000000000000e+06
4.516003000000000000e+06
6.477500000000000000e+06
5.519201000000000000e+06
2.805943000000000000e+06
3.090362000000000000e+06
3.759509000000000000e+06
4.838227000000000000e+06
1.912698000000000000e+06
5.367929000000000000e+06
3.374934000000000000e+06
3.304710000000000000e+06
5.633008000000000000e+06
3.378299000000000000e+06
3.625108000000000000e+06
7.586803000000000000e+06
3.942874000000000000e+06
6.438137000000000000e+06
2.658336000000000000e+06
6.294656000000000000e+06
4.450410000000000000e+06
6.317860000000000000e+05
3.800108000000000000e+06
2.980630000000000000e+06
5.511523000000000000e+06
4.707950000000000000e+06
5.098275000000000000e+06
2.847007000000000000e+06
2.534589000000000000e+06
4.105044000000000000e+06
1.065070000000000000e+06
3.236051000000000000e+06
6.539146000000000000e+06
4.815865000000000000e+06
4.292603000000000000e+06
6.291432000000000000e+06
7.777004000000000000e+06
2.709668000000000000e+06
4.361752000000000000e+06
2.375142000000000000e+06
3.683121000000000000e+06
4.860783000000000000e+06
3.869471000000000000e+06
3.274098000000000000e+06
4.167155000000000000e+06
3.943340000000000000e+06
2.767035000000000000e+06
5.041620000000000000e+06
4.510178000000000000e+06
8.396500000000000000e+05
2.036658000000000000e+06
4.385940000000000000e+06
5.661375000000000000e+06
6.322337000000000000e+06
