4.047451000000000000e+06
4.805702000000000000e+06
2.677695000000000000e+06
6.261719000000000000e+06
6.317877000000000000e+06
2.249473000000000000e+06
4.011246000000000000e+06
3.631890000000000000e+06
3.513413000000000000e+06
4.623713000000000000e+06
3.110850000000000000e+06
6.594809000000000000e+06
3.774540000000000000e+06
3.212260000000000000e+06
3.491956000000000000e+06
2.894515000000000000e+06
3.555900000000000000e+06
5.251653000000000000e+06
3.713375000000000000e+06
2.400419000000000000e+06
1.700659000000000000e+06
3.680428000000000000e+06
2.668722000000000000e+06
6.626886000000000000e+06
3.840401000000000000e+06
4.446993000000000000e+06
8.317573000000000000e+06
3.537076000000000000e+06
5.524314000000000000e+06
3.462535000000000000e+06
3.671136000000000000e+06
1.071428000000000000e+06
4.289504000000000000e+06
3.552399000000000000e+06
5.024593000000000000e+06
5.241154000000000000e+06
5.316783000000000000e+06
3.141395000000000000e+06
3.007899000000000000e+06
1.018119000000000000e+06
2.264948000000000000e+06
2.337081000000000000e+06
2.843490000000000000e+06
3.834092000000000000e+06
2.079891000000000000e+06
2.120586000000000000e+06
3.113341000000000000e+06
6.290278000000000000e+06
2.804456000000000000e+06
2.403879000000000000e+06
3.653139000000000000e+06
4.864078000000000000e+06
6.009272000000000000e+06
5.867693000000000000e+06
2.532959000000000000e+06
4.550576000000000000e+06
1.869194000000000000e+06
3.478760000000000000e+06
6.608920000000000000e+06
9.746610000000000000e+06
5.116987000000000000e+06
3.666238000000000000e+06
6.362429000000000000e+06
7.323049000000000000e+06
3.546529000000000000e+06
2.029417000000000000e+06
1.974961000000000000e+06
3.140994000000000000e+06
2.537997000000000000e+06
1.630627000000000000e+06
1.852579000000000000e+06
8.661376000000000000e+06
4.429569000000000000e+06
2.230435000000000000e+06
1.969419000000000000e+06
4.046699000000000000e+06
6.665100000000000000e+05
2.312749000000000000e+06
2.951786000000000000e+06
4.703775000000000000e+06
1.906065000000000000e+06
1.383848000000000000e+06
1.282456000000000000e+06
5.435823000000000000e+06
3.259861000000000000e+06
4.256098000000000000e+06
2.434681000000000000e+06
3.158841000000000000e+06
3.804617000000000000e+06
5.025886000000000000e+06
6.716298000000000000e+06
6.523373000000000000e+06
3.020383000000000000e+06
6.509087000000000000e+06
1.602563000000000000e+06
7.771027000000000000e+06
1.946646000000000000e+06
5.058249000000000000e+06
2.560260000000000000e+06
5.547366000000000000e+06
1.733422000000000000e+06
5.772125000000000000e+06
4.346791000000000000e+06
6.610652000000000000e+06
5.152362000000000000e+06
4.733081000000000000e+06
1.263019000000000000e+06
6.115225000000000000e+06
3.720274000000000000e+06
3.035743000000000000e+06
2.683908000000000000e+06
3.264077000000000000e+06
1.647110000000000000e+06
2.810297000000000000e+06
4.648025000000000000e+06
5.062079000000000000e+06
2.627396000000000000e+06
3.454445000000000000e+06
3.955576000000000000e+06
6.454051000000000000e+06
4.856581000000000000e+06
4.916107000000000000e+06
3.757871000000000000e+06
3.773122000000000000e+06
4.932842000000000000e+06
3.619082000000000000e+06
4.012060000000000000e+06
2.914685000000000000e+06
1.311797000000000000e+06
3.182263000000000000e+06
2.150315000000000000e+06
5.541599000000000000e+06
3.355118000000000000e+06
2.281051000000000000e+06
2.531322000000000000e+06
2.811494000000000000e+06
3.453530000000000000e+06
1.180627000000000000e+06
4.680311000000000000e+06
1.306407000000000000e+06
2.968447000000000000e+06
3.978565000000000000e+06
4.878639000000000000e+06
5.680503000000000000e+06
4.295651000000000000e+06
3.712578000000000000e+06
4.236529000000000000e+06
3.495873000000000000e+06
6.965537000000000000e+06
