2.901923000000000000e+06
1.888875000000000000e+06
2.366150000000000000e+06
4.078701000000000000e+06
1.528487000000000000e+06
7.010880000000000000e+06
1.112397000000000000e+06
3.974359000000000000e+06
2.922574000000000000e+06
1.868030000000000000e+06
2.137309000000000000e+06
2.380388000000000000e+06
3.372497000000000000e+06
2.429741000000000000e+06
8.887710000000000000e+05
2.481130000000000000e+06
1.946290000000000000e+06
5.025734000000000000e+06
1.508448000000000000e+06
2.987963000000000000e+06
2.423893000000000000e+06
1.674136000000000000e+06
2.096113000000000000e+06
2.333104000000000000e+06
3.094899000000000000e+06
2.600685000000000000e+06
2.264786000000000000e+06
4.624620000000000000e+06
6.991459000000000000e+06
8.477675000000000000e+06
7.769053000000000000e+06
4.823112000000000000e+06
6.055222000000000000e+06
4.656805000000000000e+06
1.182959600000000000e+07
8.977269000000000000e+06
6.736402000000000000e+06
7.352173000000000000e+06
8.064680000000000000e+06
6.813562000000000000e+06
4.025140000000000000e+06
8.509467000000000000e+06
4.036854000000000000e+06
2.730127000000000000e+06
1.158195000000000000e+06
3.376527000000000000e+06
5.769241000000000000e+06
5.057701000000000000e+06
3.681185000000000000e+06
2.095566000000000000e+06
3.691564000000000000e+06
6.027756000000000000e+06
7.219884000000000000e+06
9.666966000000000000e+06
3.978663000000000000e+06
6.050632000000000000e+06
3.596141000000000000e+06
4.987715000000000000e+06
5.918615000000000000e+06
6.763212000000000000e+06
3.703920000000000000e+06
4.935758000000000000e+06
4.926725000000000000e+06
2.540442000000000000e+06
2.670851000000000000e+06
6.846706000000000000e+06
3.054097000000000000e+06
6.501615000000000000e+06
5.932953000000000000e+06
3.037326000000000000e+06
5.863414000000000000e+06
5.475853000000000000e+06
2.376817000000000000e+06
4.497282000000000000e+06
4.542938000000000000e+06
1.924334000000000000e+06
4.129027000000000000e+06
6.600883000000000000e+06
5.273099000000000000e+06
3.160618000000000000e+06
3.824620000000000000e+06
4.950515000000000000e+06
2.916067000000000000e+06
3.591730000000000000e+06
3.381924000000000000e+06
3.740153000000000000e+06
3.816605000000000000e+06
3.746600000000000000e+06
3.620289000000000000e+06
6.056868000000000000e+06
5.688167000000000000e+06
5.574443000000000000e+06
4.289882000000000000e+06
3.864171000000000000e+06
4.828916000000000000e+06
8.430900000000000000e+06
5.126820000000000000e+06
5.466992000000000000e+06
5.414271000000000000e+06
6.825182000000000000e+06
3.391829000000000000e+06
6.336846000000000000e+06
5.393101000000000000e+06
4.909532000000000000e+06
3.435643000000000000e+06
2.418095000000000000e+06
3.432840000000000000e+06
4.474828000000000000e+06
1.618667000000000000e+06
1.718124000000000000e+06
2.821144000000000000e+06
3.619013000000000000e+06
3.520069000000000000e+06
5.316757000000000000e+06
4.186975000000000000e+06
7.599710000000000000e+05
6.036746000000000000e+06
1.718513000000000000e+06
6.078076000000000000e+06
5.411906000000000000e+06
2.631648000000000000e+06
1.411213000000000000e+06
2.940077000000000000e+06
2.087354000000000000e+06
3.718597000000000000e+06
4.678258000000000000e+06
2.602982000000000000e+06
7.783140000000000000e+06
6.113853000000000000e+06
1.818928000000000000e+06
5.189277000000000000e+06
4.725914000000000000e+06
2.779009000000000000e+06
5.027740000000000000e+06
7.435100000000000000e+05
4.858716000000000000e+06
3.238505000000000000e+06
6.408074000000000000e+06
3.353169000000000000e+06
4.011403000000000000e+06
1.766092000000000000e+06
6.975577000000000000e+06
3.080157000000000000e+06
4.802671000000000000e+06
2.060763000000000000e+06
2.513226000000000000e+06
3.574288000000000000e+06
2.191911000000000000e+06
2.321507000000000000e+06
