2.497615000000000000e+06
2.583601000000000000e+06
2.631699000000000000e+06
1.962292000000000000e+06
1.499535000000000000e+06
2.912308000000000000e+06
3.272796000000000000e+06
2.843969000000000000e+06
3.444149000000000000e+06
3.413155000000000000e+06
2.108099000000000000e+06
7.351930000000000000e+06
2.460135000000000000e+06
4.378156000000000000e+06
3.325208000000000000e+06
4.164022000000000000e+06
4.173518000000000000e+06
2.617681000000000000e+06
2.491452000000000000e+06
2.594865000000000000e+06
2.688246000000000000e+06
5.581971000000000000e+06
4.502069000000000000e+06
6.372260000000000000e+06
3.850989000000000000e+06
2.321207000000000000e+06
3.164182000000000000e+06
2.135530000000000000e+06
2.055880000000000000e+06
4.179343000000000000e+06
2.941769000000000000e+06
3.541263000000000000e+06
4.512556000000000000e+06
2.551564000000000000e+06
3.826677000000000000e+06
6.628737000000000000e+06
2.228164000000000000e+06
3.596452000000000000e+06
5.023858000000000000e+06
2.880476000000000000e+06
4.466777000000000000e+06
4.273920000000000000e+06
5.475211000000000000e+06
3.644637000000000000e+06
4.085341000000000000e+06
4.678382000000000000e+06
2.718632000000000000e+06
6.209893000000000000e+06
4.564528000000000000e+06
4.122829000000000000e+06
5.458280000000000000e+06
8.316754000000000000e+06
5.172777000000000000e+06
6.373012000000000000e+06
4.273295000000000000e+06
1.820821000000000000e+06
2.248600000000000000e+06
4.094551000000000000e+06
6.509094000000000000e+06
9.715051000000000000e+06
2.718891000000000000e+06
4.516846000000000000e+06
3.934478000000000000e+06
2.816950000000000000e+06
6.080074000000000000e+06
8.119327000000000000e+06
6.876710000000000000e+06
5.668674000000000000e+06
5.877388000000000000e+06
5.320910000000000000e+06
5.771925000000000000e+06
8.299332000000000000e+06
5.725957000000000000e+06
6.780294000000000000e+06
3.406836000000000000e+06
4.187011000000000000e+06
6.855397000000000000e+06
9.481596000000000000e+06
4.637853000000000000e+06
6.295180000000000000e+06
4.713987000000000000e+06
5.410048000000000000e+06
4.862370000000000000e+06
7.467073000000000000e+06
5.546388000000000000e+06
7.594191000000000000e+06
5.997613000000000000e+06
5.015078000000000000e+06
4.290767000000000000e+06
5.577123000000000000e+06
3.588923000000000000e+06
2.982544000000000000e+06
2.358769000000000000e+06
2.909960000000000000e+06
4.594000000000000000e+06
7.297242000000000000e+06
5.128485000000000000e+06
5.028908000000000000e+06
7.878831000000000000e+06
5.803074000000000000e+06
7.207236000000000000e+06
1.172018600000000000e+07
8.254882000000000000e+06
1.070880000000000000e+07
5.082657000000000000e+06
9.187521000000000000e+06
9.089587000000000000e+06
7.871544000000000000e+06
5.605136000000000000e+06
7.111484000000000000e+06
7.045645000000000000e+06
6.454322000000000000e+06
4.341187000000000000e+06
4.115328000000000000e+06
6.797692000000000000e+06
8.301634000000000000e+06
6.267600000000000000e+06
4.204385000000000000e+06
6.167166000000000000e+06
7.555481000000000000e+06
5.272763000000000000e+06
3.978726000000000000e+06
4.428764000000000000e+06
4.625379000000000000e+06
3.539356000000000000e+06
3.119833000000000000e+06
5.591910000000000000e+06
5.063920000000000000e+06
5.348526000000000000e+06
7.355335000000000000e+06
7.514416000000000000e+06
5.641701000000000000e+06
2.359495000000000000e+06
3.791274000000000000e+06
6.904104000000000000e+06
5.424134000000000000e+06
3.239714000000000000e+06
4.034654000000000000e+06
5.338205000000000000e+06
2.106785000000000000e+06
2.076708000000000000e+06
4.030936000000000000e+06
3.302043000000000000e+06
9.353340000000000000e+06
3.021241000000000000e+06
1.421554000000000000e+06
3.003786000000000000e+06
9.127160000000000000e+05
4.177171000000000000e+06
