2.895908000000000000e+06
4.409072000000000000e+06
4.423734000000000000e+06
1.999800000000000000e+06
1.591446000000000000e+06
5.908104000000000000e+06
2.494798000000000000e+06
4.012942000000000000e+06
4.491557000000000000e+06
3.184820000000000000e+06
2.207295000000000000e+06
6.299345000000000000e+06
4.889704000000000000e+06
4.685709000000000000e+06
4.684919000000000000e+06
5.559946000000000000e+06
2.580364000000000000e+06
6.078445000000000000e+06
4.612970000000000000e+06
2.560022000000000000e+06
2.779963000000000000e+06
2.382405000000000000e+06
6.121599000000000000e+06
3.358038000000000000e+06
6.997371000000000000e+06
1.390685000000000000e+06
5.397518000000000000e+06
3.570749000000000000e+06
4.072608000000000000e+06
5.736911000000000000e+06
4.666773000000000000e+06
4.443181000000000000e+06
5.234487000000000000e+06
4.967630000000000000e+06
2.219794000000000000e+06
5.242194000000000000e+06
2.334770000000000000e+06
2.172554000000000000e+06
3.172965000000000000e+06
4.209553000000000000e+06
3.920838000000000000e+06
6.066888000000000000e+06
4.408642000000000000e+06
2.628826000000000000e+06
2.022420000000000000e+06
1.547242000000000000e+06
1.983999000000000000e+06
3.225237000000000000e+06
3.037744000000000000e+06
1.351035000000000000e+06
2.458668000000000000e+06
2.402215000000000000e+06
2.654306000000000000e+06
4.382809000000000000e+06
3.539481000000000000e+06
6.517820000000000000e+05
1.495704000000000000e+06
1.766937000000000000e+06
2.013520000000000000e+06
1.641701000000000000e+06
1.997415000000000000e+06
1.650326000000000000e+06
1.566817000000000000e+06
2.460945000000000000e+06
1.067599000000000000e+06
4.628409000000000000e+06
1.726598000000000000e+06
3.033353000000000000e+06
2.379436000000000000e+06
3.711666000000000000e+06
4.009721000000000000e+06
4.150357000000000000e+06
4.738317000000000000e+06
3.413307000000000000e+06
3.284238000000000000e+06
2.985087000000000000e+06
3.719155000000000000e+06
4.713364000000000000e+06
2.553171000000000000e+06
3.266432000000000000e+06
3.856546000000000000e+06
3.435753000000000000e+06
3.079248000000000000e+06
4.751161000000000000e+06
2.851647000000000000e+06
3.012608000000000000e+06
4.230101000000000000e+06
2.757258000000000000e+06
5.787021000000000000e+06
5.972114000000000000e+06
5.918277000000000000e+06
5.883155000000000000e+06
3.929309000000000000e+06
2.453973000000000000e+06
4.382682000000000000e+06
3.425445000000000000e+06
1.821331000000000000e+06
1.667428000000000000e+06
3.188853000000000000e+06
1.278584000000000000e+06
3.147763000000000000e+06
5.283367000000000000e+06
4.733912000000000000e+06
2.141390000000000000e+06
4.872789000000000000e+06
4.716638000000000000e+06
4.664274000000000000e+06
3.933347000000000000e+06
3.168216000000000000e+06
2.062631000000000000e+06
2.153999000000000000e+06
1.969806000000000000e+06
3.195788000000000000e+06
4.892804000000000000e+06
4.452114000000000000e+06
4.216655000000000000e+06
1.508504000000000000e+06
3.901791000000000000e+06
2.640158000000000000e+06
2.703048000000000000e+06
1.081016000000000000e+06
3.011820000000000000e+06
2.280672000000000000e+06
3.784400000000000000e+06
9.119060000000000000e+05
4.725170000000000000e+06
2.934561000000000000e+06
1.391764000000000000e+06
1.626054000000000000e+06
2.881346000000000000e+06
9.654010000000000000e+05
3.413867000000000000e+06
7.372680000000000000e+05
7.014750000000000000e+05
9.490880000000000000e+05
2.985038000000000000e+06
7.286540000000000000e+05
5.891190000000000000e+06
1.538901000000000000e+06
3.666637000000000000e+06
1.830299000000000000e+06
3.117033000000000000e+06
2.571096000000000000e+06
2.010732000000000000e+06
1.317765000000000000e+06
2.390295000000000000e+06
8.174370000000000000e+05
1.627716000000000000e+06
9.377780000000000000e+05
