7.589493000000000000e+06
4.619184000000000000e+06
3.865803000000000000e+06
7.875018000000000000e+06
2.873043000000000000e+06
2.041700000000000000e+06
1.954237000000000000e+06
2.264623000000000000e+06
5.464586000000000000e+06
7.655596000000000000e+06
1.007401000000000000e+07
1.134163100000000000e+07
5.442876000000000000e+06
7.378291000000000000e+06
1.092704600000000000e+07
7.644578000000000000e+06
7.447335000000000000e+06
1.109773500000000000e+07
5.113186000000000000e+06
4.857973000000000000e+06
6.374018000000000000e+06
4.764144000000000000e+06
3.626448000000000000e+06
7.021415000000000000e+06
5.600785000000000000e+06
4.597063000000000000e+06
7.085222000000000000e+06
6.447823000000000000e+06
6.021176000000000000e+06
4.769425000000000000e+06
2.449877000000000000e+06
6.369198000000000000e+06
7.721721000000000000e+06
7.413296000000000000e+06
6.378013000000000000e+06
1.203742900000000000e+07
8.672659000000000000e+06
5.717733000000000000e+06
6.418855000000000000e+06
2.316811000000000000e+06
2.236765000000000000e+06
2.662661000000000000e+06
2.521291000000000000e+06
2.891919000000000000e+06
3.920305000000000000e+06
4.314817000000000000e+06
4.473076000000000000e+06
5.882357000000000000e+06
5.675612000000000000e+06
5.680980000000000000e+06
4.469795000000000000e+06
5.548579000000000000e+06
7.156469000000000000e+06
7.022532000000000000e+06
7.966874000000000000e+06
5.842947000000000000e+06
5.944863000000000000e+06
4.917526000000000000e+06
2.540466000000000000e+06
6.615046000000000000e+06
4.320911000000000000e+06
6.416469000000000000e+06
6.211000000000000000e+06
3.488728000000000000e+06
9.039331000000000000e+06
5.214580000000000000e+06
1.347986800000000000e+07
8.410256000000000000e+06
1.033749900000000000e+07
8.165081000000000000e+06
1.152728100000000000e+07
7.421667000000000000e+06
6.864030000000000000e+06
2.773877000000000000e+06
4.059886000000000000e+06
4.155842000000000000e+06
5.852965000000000000e+06
5.002944000000000000e+06
5.224088000000000000e+06
6.515056000000000000e+06
6.709389000000000000e+06
8.342968000000000000e+06
5.270479000000000000e+06
8.280845000000000000e+06
6.355102000000000000e+06
4.769918000000000000e+06
7.466432000000000000e+06
4.940193000000000000e+06
4.554536000000000000e+06
1.022044300000000000e+07
7.497863000000000000e+06
5.629454000000000000e+06
3.405570000000000000e+06
3.645881000000000000e+06
1.928641000000000000e+06
6.657349000000000000e+06
3.858234000000000000e+06
2.673116000000000000e+06
3.153655000000000000e+06
1.056109400000000000e+07
4.869889000000000000e+06
5.034823000000000000e+06
2.829462000000000000e+06
4.150915000000000000e+06
4.966718000000000000e+06
4.728944000000000000e+06
7.092712000000000000e+06
1.011815900000000000e+07
4.523256000000000000e+06
5.858954000000000000e+06
4.260017000000000000e+06
6.264501000000000000e+06
3.992935000000000000e+06
3.245506000000000000e+06
2.259363000000000000e+06
3.440399000000000000e+06
3.885507000000000000e+06
3.771915000000000000e+06
3.617073000000000000e+06
8.158241000000000000e+06
2.172377000000000000e+06
4.254528000000000000e+06
3.832265000000000000e+06
3.669679000000000000e+06
5.418256000000000000e+06
1.343038000000000000e+06
3.873455000000000000e+06
2.625591000000000000e+06
1.410667000000000000e+06
2.802451000000000000e+06
4.258553000000000000e+06
7.246582000000000000e+06
4.105874000000000000e+06
6.087491000000000000e+06
5.088902000000000000e+06
2.142839000000000000e+06
2.265291000000000000e+06
3.892376000000000000e+06
1.918459000000000000e+06
3.667255000000000000e+06
1.717337000000000000e+06
3.742183000000000000e+06
5.405455000000000000e+06
6.007914000000000000e+06
3.628196000000000000e+06
4.909356000000000000e+06
2.985275000000000000e+06
2.477049000000000000e+06
2.696975000000000000e+06
