2.615194000000000000e+06
1.806077000000000000e+06
1.830554000000000000e+06
2.823830000000000000e+06
2.351701000000000000e+06
5.675901000000000000e+06
2.888343000000000000e+06
1.752799000000000000e+06
2.687944000000000000e+06
2.870470000000000000e+06
3.661778000000000000e+06
3.541752000000000000e+06
2.060538000000000000e+06
2.533998000000000000e+06
1.272493000000000000e+06
1.776129000000000000e+06
2.141591000000000000e+06
6.099122000000000000e+06
3.787011000000000000e+06
2.697003000000000000e+06
3.025112000000000000e+06
2.480375000000000000e+06
4.417843000000000000e+06
4.641632000000000000e+06
2.770313000000000000e+06
3.477304000000000000e+06
5.700273000000000000e+06
1.092353000000000000e+06
3.184961000000000000e+06
8.714252000000000000e+06
1.404074000000000000e+06
5.715773000000000000e+06
1.755987000000000000e+06
4.474006000000000000e+06
1.749187000000000000e+06
2.571875000000000000e+06
3.536997000000000000e+06
4.750007000000000000e+06
4.821905000000000000e+06
6.261600000000000000e+06
5.753506000000000000e+06
8.068928000000000000e+06
2.855608000000000000e+06
6.041832000000000000e+06
4.124871000000000000e+06
5.719699000000000000e+06
2.948866000000000000e+06
6.281260000000000000e+06
4.142766000000000000e+06
6.483434000000000000e+06
4.415791000000000000e+06
3.779192000000000000e+06
6.823838000000000000e+06
8.650886000000000000e+06
7.430496000000000000e+06
3.903486000000000000e+06
8.022521000000000000e+06
4.924716000000000000e+06
1.069830400000000000e+07
5.204706000000000000e+06
6.999051000000000000e+06
6.581019000000000000e+06
6.869720000000000000e+06
1.027735100000000000e+07
4.339626000000000000e+06
9.511965000000000000e+06
5.846870000000000000e+06
7.983744000000000000e+06
1.351343000000000000e+06
4.966001000000000000e+06
3.816531000000000000e+06
3.390711000000000000e+06
4.861673000000000000e+06
3.032482000000000000e+06
3.374733000000000000e+06
2.157382000000000000e+06
5.048415000000000000e+06
5.161203000000000000e+06
5.156066000000000000e+06
4.792896000000000000e+06
6.177488000000000000e+06
3.572699000000000000e+06
3.570287000000000000e+06
4.032573000000000000e+06
3.310655000000000000e+06
6.617452000000000000e+06
7.885096000000000000e+06
1.966181000000000000e+06
4.546518000000000000e+06
5.331769000000000000e+06
6.977961000000000000e+06
2.732947000000000000e+06
8.415854000000000000e+06
7.091866000000000000e+06
4.123198000000000000e+06
5.438845000000000000e+06
5.701160000000000000e+06
4.448285000000000000e+06
3.169598000000000000e+06
3.553754000000000000e+06
4.296345000000000000e+06
7.137309000000000000e+06
3.160411000000000000e+06
5.908029000000000000e+06
6.555337000000000000e+06
3.939501000000000000e+06
3.956334000000000000e+06
4.100748000000000000e+06
2.145042000000000000e+06
3.613268000000000000e+06
3.673464000000000000e+06
1.766433000000000000e+06
4.749189000000000000e+06
5.971226000000000000e+06
2.881471000000000000e+06
7.710525000000000000e+06
6.893177000000000000e+06
2.277379000000000000e+06
2.363226000000000000e+06
3.436211000000000000e+06
1.993936000000000000e+06
5.133893000000000000e+06
6.163134000000000000e+06
5.124028000000000000e+06
6.017432000000000000e+06
6.555815000000000000e+06
4.975510000000000000e+06
2.582965000000000000e+06
5.257604000000000000e+06
3.332284000000000000e+06
7.940089000000000000e+06
3.392576000000000000e+06
4.488683000000000000e+06
1.879123000000000000e+06
3.242639000000000000e+06
3.620697000000000000e+06
3.266897000000000000e+06
6.407804000000000000e+06
3.967811000000000000e+06
4.957967000000000000e+06
2.577843000000000000e+06
5.057376000000000000e+06
5.838790000000000000e+06
4.355428000000000000e+06
2.604115000000000000e+06
3.990749000000000000e+06
4.859023000000000000e+06
5.777913000000000000e+06
5.246380000000000000e+06
