2.050612000000000000e+06
1.388247000000000000e+06
1.056369000000000000e+06
1.291032000000000000e+06
8.126570000000000000e+05
4.649777000000000000e+06
3.049404000000000000e+06
2.615875000000000000e+06
2.950910000000000000e+06
1.641395000000000000e+06
3.798735000000000000e+06
2.523137000000000000e+06
6.622509000000000000e+06
4.389543000000000000e+06
3.197487000000000000e+06
2.836172000000000000e+06
4.667811000000000000e+06
6.254920000000000000e+06
2.981518000000000000e+06
3.033876000000000000e+06
2.032416000000000000e+06
5.817204000000000000e+06
3.203640000000000000e+06
6.258194000000000000e+06
5.807100000000000000e+06
5.672208000000000000e+06
2.555776000000000000e+06
5.371464000000000000e+06
5.067116000000000000e+06
7.734234000000000000e+06
3.793124000000000000e+06
6.421880000000000000e+06
5.286344000000000000e+06
3.551674000000000000e+06
4.553814000000000000e+06
6.405955000000000000e+06
2.151677000000000000e+06
7.950399000000000000e+06
5.154185000000000000e+06
5.906519000000000000e+06
5.937148000000000000e+06
5.322600000000000000e+06
2.649443000000000000e+06
6.455000000000000000e+06
2.928619000000000000e+06
7.880779000000000000e+06
8.293466000000000000e+06
8.044092000000000000e+06
9.358285000000000000e+06
9.462591000000000000e+06
5.666203000000000000e+06
6.028572000000000000e+06
8.832236000000000000e+06
7.003403000000000000e+06
3.094959000000000000e+06
4.074707000000000000e+06
5.181790000000000000e+06
2.890816000000000000e+06
2.357046000000000000e+06
4.257763000000000000e+06
5.251739000000000000e+06
4.891827000000000000e+06
3.923281000000000000e+06
3.654902000000000000e+06
3.906622000000000000e+06
7.455512000000000000e+06
8.578019000000000000e+06
8.255115000000000000e+06
7.859354000000000000e+06
6.174848000000000000e+06
6.192376000000000000e+06
3.213242000000000000e+06
6.181074000000000000e+06
4.766308000000000000e+06
6.164345000000000000e+06
3.896872000000000000e+06
4.383312000000000000e+06
7.876508000000000000e+06
2.243226000000000000e+06
4.477031000000000000e+06
4.307413000000000000e+06
1.782738000000000000e+06
3.553998000000000000e+06
5.239099000000000000e+06
5.701360000000000000e+06
4.276130000000000000e+06
3.753043000000000000e+06
4.428048000000000000e+06
5.007703000000000000e+06
5.108320000000000000e+06
4.436644000000000000e+06
4.963832000000000000e+06
6.637850000000000000e+05
3.385452000000000000e+06
3.511288000000000000e+06
3.761009000000000000e+06
4.915458000000000000e+06
4.516421000000000000e+06
4.005584000000000000e+06
3.674180000000000000e+06
3.412356000000000000e+06
6.982755000000000000e+06
1.884722000000000000e+06
2.966885000000000000e+06
1.627777000000000000e+06
2.091065000000000000e+06
1.362079000000000000e+06
3.032158000000000000e+06
1.716631000000000000e+06
5.278468000000000000e+06
5.222873000000000000e+06
1.400695000000000000e+06
5.016479000000000000e+06
5.144223000000000000e+06
4.010335000000000000e+06
2.099161000000000000e+06
2.136172000000000000e+06
2.194675000000000000e+06
3.674566000000000000e+06
2.681059000000000000e+06
1.550324000000000000e+06
3.128000000000000000e+06
2.831459000000000000e+06
2.762395000000000000e+06
4.242663000000000000e+06
4.795486000000000000e+06
5.223970000000000000e+06
7.869376000000000000e+06
1.451709000000000000e+06
5.524323000000000000e+06
3.990864000000000000e+06
3.838672000000000000e+06
3.812421000000000000e+06
5.479423000000000000e+06
4.291281000000000000e+06
9.125902000000000000e+06
3.566737000000000000e+06
8.098804000000000000e+06
6.510016000000000000e+06
6.106826000000000000e+06
5.187286000000000000e+06
8.395415000000000000e+06
5.665465000000000000e+06
6.796402000000000000e+06
2.754764000000000000e+06
8.068538000000000000e+06
7.232074000000000000e+06
4.911988000000000000e+06
4.229417000000000000e+06
