5.706608000000000000e+06
8.214889000000000000e+06
6.549116000000000000e+06
6.435717000000000000e+06
6.315718000000000000e+06
3.828343000000000000e+06
7.427095000000000000e+06
7.663937000000000000e+06
5.962695000000000000e+06
7.610930000000000000e+06
3.123486000000000000e+06
9.143720000000000000e+06
7.338581000000000000e+06
1.108083900000000000e+07
1.182735700000000000e+07
1.080090600000000000e+07
8.659993000000000000e+06
7.569653000000000000e+06
2.060949000000000000e+06
4.518430000000000000e+06
4.857737000000000000e+06
3.966703000000000000e+06
1.843416000000000000e+06
6.861995000000000000e+06
4.322431000000000000e+06
3.100718000000000000e+06
2.822680000000000000e+06
1.658701000000000000e+06
2.189692000000000000e+06
2.250058000000000000e+06
3.825325000000000000e+06
4.903103000000000000e+06
3.052261000000000000e+06
3.128612000000000000e+06
2.085796000000000000e+06
6.075238000000000000e+06
3.140536000000000000e+06
2.134825000000000000e+06
2.433297000000000000e+06
3.742480000000000000e+06
3.078381000000000000e+06
4.531431000000000000e+06
3.094277000000000000e+06
5.909000000000000000e+06
4.543676000000000000e+06
5.828714000000000000e+06
2.689645000000000000e+06
5.967190000000000000e+06
3.876046000000000000e+06
3.500615000000000000e+06
1.672227000000000000e+06
4.696121000000000000e+06
3.854295000000000000e+06
4.193847000000000000e+06
4.162355000000000000e+06
3.304875000000000000e+06
3.354259000000000000e+06
3.209764000000000000e+06
6.165891000000000000e+06
6.430211000000000000e+06
2.843170000000000000e+06
1.006203000000000000e+06
3.734591000000000000e+06
5.437127000000000000e+06
2.690748000000000000e+06
1.199702000000000000e+06
3.677830000000000000e+06
2.587069000000000000e+06
2.748884000000000000e+06
1.144465000000000000e+06
3.702815000000000000e+06
5.173091000000000000e+06
3.055977000000000000e+06
2.366339000000000000e+06
1.964769000000000000e+06
1.585863000000000000e+06
1.911982000000000000e+06
2.578481000000000000e+06
2.938892000000000000e+06
2.039854000000000000e+06
2.379120000000000000e+06
1.152136000000000000e+06
1.924207000000000000e+06
4.592969000000000000e+06
3.998269000000000000e+06
2.393039000000000000e+06
9.829730000000000000e+05
1.195276000000000000e+06
2.907727000000000000e+06
3.115722000000000000e+06
3.180461000000000000e+06
2.728248000000000000e+06
2.668699000000000000e+06
5.866139000000000000e+06
3.171676000000000000e+06
5.441711000000000000e+06
2.570179000000000000e+06
4.307702000000000000e+06
4.563288000000000000e+06
3.066111000000000000e+06
4.904168000000000000e+06
3.371040000000000000e+06
2.841537000000000000e+06
3.276125000000000000e+06
3.450156000000000000e+06
1.282019000000000000e+06
3.644234000000000000e+06
5.651175000000000000e+06
5.234167000000000000e+06
4.187488000000000000e+06
2.307756000000000000e+06
4.640525000000000000e+06
2.263103000000000000e+06
2.832868000000000000e+06
4.064826000000000000e+06
3.059053000000000000e+06
3.995217000000000000e+06
1.812912000000000000e+06
2.882923000000000000e+06
4.316383000000000000e+06
3.920338000000000000e+06
2.144745000000000000e+06
2.543920000000000000e+06
3.607018000000000000e+06
6.289320000000000000e+06
2.217491000000000000e+06
5.777828000000000000e+06
5.441461000000000000e+06
5.171348000000000000e+06
4.297417000000000000e+06
1.791142000000000000e+06
6.238981000000000000e+06
2.764359000000000000e+06
4.548060000000000000e+06
4.303792000000000000e+06
3.192427000000000000e+06
1.173300000000000000e+06
1.953079000000000000e+06
2.293828000000000000e+06
2.899020000000000000e+06
3.717976000000000000e+06
5.247284000000000000e+06
8.754402000000000000e+06
9.645437000000000000e+06
5.927351000000000000e+06
8.794705000000000000e+06
5.596088000000000000e+06
6.947777000000000000e+06
5.200338000000000000e+06
