5.204400000000000000e+06
5.567436000000000000e+06
3.157416000000000000e+06
2.332136000000000000e+06
2.608906000000000000e+06
5.566995000000000000e+06
4.984096000000000000e+06
4.805674000000000000e+06
5.810501000000000000e+06
3.371281000000000000e+06
4.011550000000000000e+06
3.655931000000000000e+06
4.969595000000000000e+06
4.300966000000000000e+06
3.213359000000000000e+06
1.174143000000000000e+06
2.224234000000000000e+06
5.298583000000000000e+06
4.024020000000000000e+06
3.958328000000000000e+06
3.558995000000000000e+06
1.629155000000000000e+06
5.522079000000000000e+06
2.745248000000000000e+06
4.039657000000000000e+06
2.680751000000000000e+06
6.839758000000000000e+06
2.208111000000000000e+06
5.732649000000000000e+06
5.530128000000000000e+06
5.216481000000000000e+06
2.901188000000000000e+06
3.108392000000000000e+06
1.745436000000000000e+06
3.851973000000000000e+06
2.983627000000000000e+06
2.722393000000000000e+06
2.231613000000000000e+06
5.154623000000000000e+06
1.287794000000000000e+06
5.223064000000000000e+06
4.855931000000000000e+06
4.691732000000000000e+06
3.338262000000000000e+06
3.525853000000000000e+06
5.214194000000000000e+06
2.828752000000000000e+06
3.603408000000000000e+06
2.717751000000000000e+06
3.456277000000000000e+06
7.040480000000000000e+05
1.596720000000000000e+06
2.382130000000000000e+06
4.886807000000000000e+06
3.391026000000000000e+06
4.158681000000000000e+06
5.700239000000000000e+06
4.311460000000000000e+06
1.663097000000000000e+06
2.393222000000000000e+06
1.694362000000000000e+06
3.074742000000000000e+06
9.038360000000000000e+05
5.004574000000000000e+06
2.765583000000000000e+06
5.238557000000000000e+06
1.647937000000000000e+06
2.137815000000000000e+06
2.309562000000000000e+06
5.857212000000000000e+06
1.360165000000000000e+06
3.908910000000000000e+06
1.790734000000000000e+06
3.202288000000000000e+06
2.056061000000000000e+06
1.923265000000000000e+06
4.051427000000000000e+06
5.313396000000000000e+06
2.581951000000000000e+06
2.182732000000000000e+06
5.397840000000000000e+06
6.357039000000000000e+06
3.828434000000000000e+06
5.838521000000000000e+06
1.527430000000000000e+06
4.267930000000000000e+06
3.388596000000000000e+06
5.078617000000000000e+06
1.903232000000000000e+06
5.292425000000000000e+06
2.211273000000000000e+06
1.162029000000000000e+06
2.636919000000000000e+06
2.328475000000000000e+06
1.167223000000000000e+06
2.484690000000000000e+06
2.853628000000000000e+06
1.185929000000000000e+06
2.398534000000000000e+06
1.323240000000000000e+06
2.116956000000000000e+06
4.771725000000000000e+06
2.377627000000000000e+06
3.082179000000000000e+06
4.061892000000000000e+06
3.140116000000000000e+06
3.641254000000000000e+06
3.447181000000000000e+06
2.368296000000000000e+06
4.084580000000000000e+06
5.494962000000000000e+06
3.085834000000000000e+06
1.839753000000000000e+06
7.578890000000000000e+06
3.929634000000000000e+06
5.230444000000000000e+06
8.174392000000000000e+06
2.438156000000000000e+06
2.721722000000000000e+06
2.756277000000000000e+06
1.791135000000000000e+06
3.308933000000000000e+06
2.223765000000000000e+06
4.378403000000000000e+06
1.819945000000000000e+06
5.750252000000000000e+06
3.252258000000000000e+06
4.059281000000000000e+06
4.277908000000000000e+06
2.111361000000000000e+06
3.882255000000000000e+06
2.531065000000000000e+06
3.227124000000000000e+06
2.765034000000000000e+06
4.021035000000000000e+06
2.179578000000000000e+06
1.924116000000000000e+06
5.637514000000000000e+06
5.129779000000000000e+06
3.901670000000000000e+06
4.753171000000000000e+06
1.668944000000000000e+06
4.406913000000000000e+06
4.564897000000000000e+06
2.213556000000000000e+06
1.632285000000000000e+06
2.200471000000000000e+06
4.479706000000000000e+06
2.406967000000000000e+06
