1.006559600000000000e+07
1.203614700000000000e+07
9.348670000000000000e+06
7.593069000000000000e+06
7.727776000000000000e+06
9.123600000000000000e+06
6.312377000000000000e+06
6.206176000000000000e+06
5.708536000000000000e+06
5.337222000000000000e+06
4.945246000000000000e+06
3.450314000000000000e+06
1.009711900000000000e+07
1.150050600000000000e+07
5.823634000000000000e+06
3.486527000000000000e+06
7.047180000000000000e+06
1.057672600000000000e+07
7.057920000000000000e+06
4.737483000000000000e+06
7.677577000000000000e+06
9.203135000000000000e+06
6.721219000000000000e+06
7.576228000000000000e+06
8.054916000000000000e+06
6.200632000000000000e+06
4.148380000000000000e+06
4.306619000000000000e+06
5.267528000000000000e+06
9.700885000000000000e+06
6.183549000000000000e+06
6.366808000000000000e+06
8.626748000000000000e+06
8.702854000000000000e+06
5.243302000000000000e+06
4.858437000000000000e+06
1.512717500000000000e+07
1.832153800000000000e+07
4.298338000000000000e+06
1.180592000000000000e+07
8.381549000000000000e+06
8.451233000000000000e+06
5.446312000000000000e+06
3.410554000000000000e+06
4.325394000000000000e+06
3.081748000000000000e+06
4.046275000000000000e+06
4.907888000000000000e+06
5.689636000000000000e+06
3.874249000000000000e+06
2.300175000000000000e+06
1.845803000000000000e+06
6.259305000000000000e+06
8.762773000000000000e+06
4.418958000000000000e+06
3.338428000000000000e+06
4.789912000000000000e+06
6.416948000000000000e+06
6.050341000000000000e+06
3.661969000000000000e+06
7.012233000000000000e+06
4.458721000000000000e+06
7.470284000000000000e+06
5.779606000000000000e+06
6.362474000000000000e+06
9.392604000000000000e+06
9.725492000000000000e+06
3.836765000000000000e+06
6.443669000000000000e+06
3.372268000000000000e+06
3.526397000000000000e+06
5.854281000000000000e+06
6.158904000000000000e+06
3.506261000000000000e+06
3.291504000000000000e+06
2.515459000000000000e+06
3.559945000000000000e+06
6.585699000000000000e+06
2.339244000000000000e+06
4.503885000000000000e+06
2.192973000000000000e+06
2.999584000000000000e+06
1.540028000000000000e+06
3.089329000000000000e+06
3.018425000000000000e+06
2.347762000000000000e+06
4.710780000000000000e+06
3.657729000000000000e+06
1.675484000000000000e+06
7.183820000000000000e+06
5.077996000000000000e+06
4.195833000000000000e+06
3.782166000000000000e+06
4.891319000000000000e+06
7.523659000000000000e+06
4.928573000000000000e+06
2.357966000000000000e+06
3.725667000000000000e+06
2.681232000000000000e+06
4.088841000000000000e+06
2.434149000000000000e+06
6.541413000000000000e+06
3.451026000000000000e+06
4.036319000000000000e+06
3.827398000000000000e+06
5.188992000000000000e+06
2.138940000000000000e+06
5.437711000000000000e+06
2.823369000000000000e+06
5.237291000000000000e+06
2.551031000000000000e+06
3.252571000000000000e+06
1.577889000000000000e+06
5.218273000000000000e+06
4.060292000000000000e+06
3.097811000000000000e+06
4.306404000000000000e+06
5.943884000000000000e+06
3.932112000000000000e+06
2.808290000000000000e+06
6.677005000000000000e+06
5.312824000000000000e+06
3.578983000000000000e+06
1.012371800000000000e+07
6.544135000000000000e+06
7.813006000000000000e+06
8.771187000000000000e+06
4.278209000000000000e+06
6.612158000000000000e+06
1.123654800000000000e+07
4.875239000000000000e+06
5.763113000000000000e+06
4.031680000000000000e+06
4.866209000000000000e+06
3.759821000000000000e+06
2.833751000000000000e+06
5.907888000000000000e+06
8.664435000000000000e+06
5.101739000000000000e+06
5.694193000000000000e+06
5.903468000000000000e+06
5.891333000000000000e+06
4.640026000000000000e+06
7.130640000000000000e+06
1.776486000000000000e+06
4.096025000000000000e+06
3.090064000000000000e+06
4.651139000000000000e+06
2.700626000000000000e+06
