2.429513000000000000e+06
5.152994000000000000e+06
4.592226000000000000e+06
8.334409000000000000e+06
5.558111000000000000e+06
7.535354000000000000e+06
5.863302000000000000e+06
7.208990000000000000e+06
3.407674000000000000e+06
5.906795000000000000e+06
4.977485000000000000e+06
5.083836000000000000e+06
3.605620000000000000e+06
6.250096000000000000e+06
5.676541000000000000e+06
1.165198100000000000e+07
1.016411200000000000e+07
1.216879100000000000e+07
7.060642000000000000e+06
6.929095000000000000e+06
4.731563000000000000e+06
7.664533000000000000e+06
1.124665600000000000e+07
7.408329000000000000e+06
7.510772000000000000e+06
1.182987300000000000e+07
9.903635000000000000e+06
7.071476000000000000e+06
9.140628000000000000e+06
9.460125000000000000e+06
8.726887000000000000e+06
1.363998200000000000e+07
1.075079400000000000e+07
6.946117000000000000e+06
3.959369000000000000e+06
4.827969000000000000e+06
8.470416000000000000e+06
7.776524000000000000e+06
6.857840000000000000e+06
2.424834000000000000e+06
5.944777000000000000e+06
8.643065000000000000e+06
6.767045000000000000e+06
7.320523000000000000e+06
6.852995000000000000e+06
3.998004000000000000e+06
6.730274000000000000e+06
1.194057500000000000e+07
1.056136200000000000e+07
8.805109000000000000e+06
6.470351000000000000e+06
6.468086000000000000e+06
6.098733000000000000e+06
1.597724000000000000e+07
1.381930900000000000e+07
1.267475900000000000e+07
6.982231000000000000e+06
7.142026000000000000e+06
5.807970000000000000e+06
4.609638000000000000e+06
8.856194000000000000e+06
1.091451200000000000e+07
6.711067000000000000e+06
3.061753000000000000e+06
6.603878000000000000e+06
8.503297000000000000e+06
3.993899000000000000e+06
6.115424000000000000e+06
4.382812000000000000e+06
4.659078000000000000e+06
4.216028000000000000e+06
8.911546000000000000e+06
3.894914000000000000e+06
3.688440000000000000e+06
4.286446000000000000e+06
7.564122000000000000e+06
6.286673000000000000e+06
7.304537000000000000e+06
5.971932000000000000e+06
6.265803000000000000e+06
8.259280000000000000e+06
1.120920000000000000e+07
6.092591000000000000e+06
7.434947000000000000e+06
5.536440000000000000e+06
6.096760000000000000e+06
4.285501000000000000e+06
6.607153000000000000e+06
4.223133000000000000e+06
8.643854000000000000e+06
4.728076000000000000e+06
6.716339000000000000e+06
4.047189000000000000e+06
7.675305000000000000e+06
4.422859000000000000e+06
4.465533000000000000e+06
4.198087000000000000e+06
4.210727000000000000e+06
5.591339000000000000e+06
7.960642000000000000e+06
9.683873000000000000e+06
1.318309200000000000e+07
9.671604000000000000e+06
1.138519100000000000e+07
7.844399000000000000e+06
5.154842000000000000e+06
6.705177000000000000e+06
6.669989000000000000e+06
5.627866000000000000e+06
1.063754000000000000e+07
1.041074800000000000e+07
8.663145000000000000e+06
9.464823000000000000e+06
1.217441500000000000e+07
9.951144000000000000e+06
8.277412000000000000e+06
9.972387000000000000e+06
1.180364300000000000e+07
1.738013900000000000e+07
1.650235200000000000e+07
1.131360400000000000e+07
5.738832000000000000e+06
8.806748000000000000e+06
4.969264000000000000e+06
4.462909000000000000e+06
8.818718000000000000e+06
3.617877000000000000e+06
6.676851000000000000e+06
1.019765300000000000e+07
5.788295000000000000e+06
6.891906000000000000e+06
9.159491000000000000e+06
7.108119000000000000e+06
9.104680000000000000e+06
2.479825000000000000e+06
7.347957000000000000e+06
3.989792000000000000e+06
8.804706000000000000e+06
4.971380000000000000e+06
3.862267000000000000e+06
5.985201000000000000e+06
3.718989000000000000e+06
4.578794000000000000e+06
3.417223000000000000e+06
5.820727000000000000e+06
5.355448000000000000e+06
4.400235000000000000e+06
4.717037000000000000e+06
4.679076000000000000e+06
