5.348494000000000000e+06
3.950640000000000000e+06
6.715133000000000000e+06
5.570794000000000000e+06
6.199491000000000000e+06
8.021450000000000000e+06
5.601016000000000000e+06
5.216706000000000000e+06
2.082805000000000000e+06
3.623436000000000000e+06
5.080834000000000000e+06
3.801782000000000000e+06
2.496821000000000000e+06
5.263258000000000000e+06
4.452730000000000000e+06
6.606411000000000000e+06
3.154894000000000000e+06
7.916739000000000000e+06
2.417663000000000000e+06
3.485872000000000000e+06
4.373844000000000000e+06
1.541709000000000000e+06
2.461301000000000000e+06
3.863318000000000000e+06
5.092628000000000000e+06
2.756918000000000000e+06
2.778841000000000000e+06
2.284067000000000000e+06
5.934665000000000000e+06
6.017576000000000000e+06
4.212373000000000000e+06
1.845499000000000000e+06
4.526875000000000000e+06
2.952603000000000000e+06
5.599557000000000000e+06
3.295639000000000000e+06
3.026246000000000000e+06
3.031110000000000000e+06
2.588867000000000000e+06
4.274387000000000000e+06
3.557657000000000000e+06
5.753282000000000000e+06
2.394803000000000000e+06
4.252702000000000000e+06
5.292856000000000000e+06
1.992420000000000000e+06
3.255799000000000000e+06
2.985437000000000000e+06
1.325297000000000000e+06
1.133722000000000000e+06
1.230321000000000000e+06
3.330116000000000000e+06
4.252846000000000000e+06
8.714827000000000000e+06
7.083152000000000000e+06
2.466132000000000000e+06
6.032745000000000000e+06
6.103512000000000000e+06
2.902365000000000000e+06
8.031256000000000000e+06
6.550259000000000000e+06
5.415285000000000000e+06
6.295108000000000000e+06
6.405430000000000000e+06
5.830688000000000000e+06
7.197481000000000000e+06
6.107311000000000000e+06
3.428645000000000000e+06
2.549843000000000000e+06
3.068997000000000000e+06
5.457195000000000000e+06
2.747603000000000000e+06
3.493954000000000000e+06
4.313930000000000000e+06
2.019309000000000000e+06
3.164518000000000000e+06
1.213525000000000000e+06
6.180859000000000000e+06
2.238893000000000000e+06
2.603051000000000000e+06
4.602920000000000000e+06
2.485438000000000000e+06
3.905019000000000000e+06
2.562361000000000000e+06
3.535499000000000000e+06
2.181291000000000000e+06
2.404189000000000000e+06
2.141058000000000000e+06
3.178095000000000000e+06
6.579442000000000000e+06
3.104697000000000000e+06
2.526020000000000000e+06
3.061312000000000000e+06
4.654590000000000000e+06
4.470002000000000000e+06
3.879275000000000000e+06
1.083162900000000000e+07
1.015884100000000000e+07
3.797479000000000000e+06
5.734153000000000000e+06
7.453496000000000000e+06
7.151415000000000000e+06
8.018573000000000000e+06
5.838782000000000000e+06
2.322239000000000000e+06
5.676767000000000000e+06
7.045502000000000000e+06
3.615524000000000000e+06
5.397364000000000000e+06
5.184437000000000000e+06
6.893208000000000000e+06
5.781698000000000000e+06
6.464225000000000000e+06
6.730338000000000000e+06
3.567210000000000000e+06
2.860435000000000000e+06
3.596815000000000000e+06
4.825599000000000000e+06
1.837079000000000000e+06
3.963616000000000000e+06
2.687349000000000000e+06
2.663405000000000000e+06
3.984038000000000000e+06
3.884306000000000000e+06
5.941545000000000000e+06
5.548014000000000000e+06
5.141463000000000000e+06
1.467441000000000000e+06
2.825268000000000000e+06
2.628203000000000000e+06
1.766851000000000000e+06
3.721016000000000000e+06
1.296220000000000000e+06
1.521443000000000000e+06
8.074230000000000000e+05
6.472000000000000000e+05
2.874750000000000000e+06
5.101600000000000000e+06
2.112755000000000000e+06
5.035084000000000000e+06
3.917486000000000000e+06
5.719035000000000000e+06
3.712297000000000000e+06
4.738181000000000000e+06
2.985424000000000000e+06
3.869530000000000000e+06
3.153028000000000000e+06
2.504796000000000000e+06
3.034321000000000000e+06
