3.659620000000000000e+06
4.806219000000000000e+06
5.917601000000000000e+06
3.823209000000000000e+06
6.691434000000000000e+06
4.119370000000000000e+06
4.817285000000000000e+06
1.667011000000000000e+06
3.119075000000000000e+06
4.046762000000000000e+06
5.157834000000000000e+06
7.428806000000000000e+06
6.377321000000000000e+06
2.268041000000000000e+06
5.590063000000000000e+06
4.272702000000000000e+06
3.455795000000000000e+06
1.462599000000000000e+06
1.750552000000000000e+06
4.211627000000000000e+06
3.435823000000000000e+06
7.488722000000000000e+06
6.397693000000000000e+06
1.449985100000000000e+07
8.750598000000000000e+06
7.325251000000000000e+06
1.146743300000000000e+07
1.082087600000000000e+07
5.805244000000000000e+06
9.279563000000000000e+06
3.748977000000000000e+06
8.052579000000000000e+06
3.929954000000000000e+06
6.429171000000000000e+06
3.907841000000000000e+06
7.573050000000000000e+06
2.846551000000000000e+06
6.153677000000000000e+06
5.264691000000000000e+06
2.967371000000000000e+06
8.900534000000000000e+06
7.995195000000000000e+06
8.010104000000000000e+06
7.169231000000000000e+06
1.351186800000000000e+07
8.636635000000000000e+06
6.219151000000000000e+06
9.209899000000000000e+06
9.075820000000000000e+06
6.256456000000000000e+06
3.922328000000000000e+06
3.952762000000000000e+06
3.406183000000000000e+06
5.308168000000000000e+06
2.259544000000000000e+06
4.310594000000000000e+06
2.744464000000000000e+06
7.212382000000000000e+06
4.093337000000000000e+06
7.701737000000000000e+06
4.536586000000000000e+06
8.933713000000000000e+06
4.794682000000000000e+06
7.114464000000000000e+06
5.244314000000000000e+06
5.282891000000000000e+06
9.829253000000000000e+06
6.047569000000000000e+06
4.046380000000000000e+06
8.657467000000000000e+06
5.820161000000000000e+06
6.865721000000000000e+06
4.296277000000000000e+06
4.069756000000000000e+06
2.752993000000000000e+06
4.794852000000000000e+06
5.186357000000000000e+06
1.356620000000000000e+06
6.361439000000000000e+06
7.042365000000000000e+06
1.574369000000000000e+06
4.244261000000000000e+06
5.491491000000000000e+06
6.046556000000000000e+06
4.321131000000000000e+06
4.805585000000000000e+06
2.589706000000000000e+06
2.390203000000000000e+06
4.201101000000000000e+06
2.753785000000000000e+06
2.357604000000000000e+06
1.270462000000000000e+06
2.308285000000000000e+06
1.682155000000000000e+06
4.171575000000000000e+06
6.803177000000000000e+06
4.114315000000000000e+06
4.897676000000000000e+06
1.919106000000000000e+06
4.194314000000000000e+06
3.583123000000000000e+06
2.116717000000000000e+06
3.774648000000000000e+06
2.522631000000000000e+06
1.332779000000000000e+06
2.057777000000000000e+06
3.129014000000000000e+06
4.706287000000000000e+06
3.261324000000000000e+06
1.618175000000000000e+06
2.715482000000000000e+06
3.207896000000000000e+06
4.331885000000000000e+06
5.228933000000000000e+06
3.926602000000000000e+06
8.342883000000000000e+06
5.218304000000000000e+06
5.775273000000000000e+06
7.578561000000000000e+06
5.141024000000000000e+06
6.628957000000000000e+06
2.837352000000000000e+06
3.692348000000000000e+06
1.654127000000000000e+06
2.115479000000000000e+06
2.182908000000000000e+06
1.670331000000000000e+06
3.142886000000000000e+06
2.668073000000000000e+06
4.708330000000000000e+06
1.832673000000000000e+06
4.930794000000000000e+06
1.309486000000000000e+06
2.051345000000000000e+06
2.340197000000000000e+06
2.569407000000000000e+06
2.224944000000000000e+06
3.618727000000000000e+06
4.685244000000000000e+06
3.145165000000000000e+06
4.381073000000000000e+06
4.632274000000000000e+06
3.823781000000000000e+06
6.015911000000000000e+06
4.135729000000000000e+06
2.030716000000000000e+06
2.594029000000000000e+06
2.317105000000000000e+06
2.749851000000000000e+06
