4.030143000000000000e+06
2.889417000000000000e+06
4.789056000000000000e+06
2.353711000000000000e+06
3.689808000000000000e+06
5.787671000000000000e+06
2.355472000000000000e+06
1.155727000000000000e+06
3.410698000000000000e+06
2.931056000000000000e+06
3.736403000000000000e+06
2.887993000000000000e+06
3.400763000000000000e+06
1.506579000000000000e+06
3.757299000000000000e+06
4.691823000000000000e+06
3.515694000000000000e+06
6.345450000000000000e+06
2.393478000000000000e+06
2.901073000000000000e+06
2.667149000000000000e+06
1.985282000000000000e+06
2.246057000000000000e+06
3.128899000000000000e+06
1.674122000000000000e+06
2.332903000000000000e+06
2.993830000000000000e+06
2.852863000000000000e+06
2.713348000000000000e+06
6.473289000000000000e+06
2.582204000000000000e+06
3.473768000000000000e+06
3.546211000000000000e+06
6.636660000000000000e+06
4.180005000000000000e+06
6.708908000000000000e+06
2.339843000000000000e+06
6.881875000000000000e+06
2.269295000000000000e+06
2.607891000000000000e+06
2.869125000000000000e+06
4.838570000000000000e+06
3.323730000000000000e+06
2.223391000000000000e+06
3.576109000000000000e+06
3.171584000000000000e+06
3.410164000000000000e+06
3.565647000000000000e+06
3.898653000000000000e+06
3.180473000000000000e+06
3.107135000000000000e+06
3.114300000000000000e+06
3.278082000000000000e+06
5.506467000000000000e+06
3.459286000000000000e+06
1.248496000000000000e+06
2.014631000000000000e+06
1.453959000000000000e+06
3.581649000000000000e+06
3.764093000000000000e+06
3.348450000000000000e+06
5.206492000000000000e+06
4.876705000000000000e+06
2.811022000000000000e+06
5.028920000000000000e+06
7.035936000000000000e+06
2.583720000000000000e+06
1.649843000000000000e+06
1.766578000000000000e+06
4.320859000000000000e+06
5.736513000000000000e+06
7.384923000000000000e+06
4.873905000000000000e+06
6.738687000000000000e+06
3.305982000000000000e+06
8.190390000000000000e+06
6.130006000000000000e+06
6.414390000000000000e+06
3.989562000000000000e+06
4.160761000000000000e+06
4.408149000000000000e+06
2.796433000000000000e+06
3.762816000000000000e+06
4.524743000000000000e+06
5.187129000000000000e+06
2.169853000000000000e+06
5.441241000000000000e+06
3.220375000000000000e+06
4.171118000000000000e+06
6.566040000000000000e+06
5.460896000000000000e+06
2.672467000000000000e+06
4.197466000000000000e+06
5.465478000000000000e+06
8.311702000000000000e+06
5.293584000000000000e+06
2.307249000000000000e+06
3.297192000000000000e+06
3.723619000000000000e+06
5.341079000000000000e+06
5.367969000000000000e+06
4.998440000000000000e+06
3.989847000000000000e+06
3.053781000000000000e+06
5.687059000000000000e+06
4.994390000000000000e+06
1.821696000000000000e+06
6.215240000000000000e+06
6.491410000000000000e+06
5.486793000000000000e+06
6.207224000000000000e+06
6.805767000000000000e+06
3.765571000000000000e+06
8.099595000000000000e+06
8.326463000000000000e+06
4.424191000000000000e+06
3.578720000000000000e+06
6.394327000000000000e+06
4.446728000000000000e+06
2.713593000000000000e+06
4.154559000000000000e+06
4.485413000000000000e+06
2.802904000000000000e+06
6.161879000000000000e+06
3.966109000000000000e+06
5.164297000000000000e+06
6.460329000000000000e+06
2.890870000000000000e+06
5.714403000000000000e+06
5.279040000000000000e+06
7.509387000000000000e+06
5.729916000000000000e+06
3.235801000000000000e+06
5.053975000000000000e+06
2.746891000000000000e+06
2.319107000000000000e+06
3.448973000000000000e+06
5.509400000000000000e+06
3.940115000000000000e+06
3.391241000000000000e+06
2.001866000000000000e+06
2.515457000000000000e+06
2.438469000000000000e+06
3.934454000000000000e+06
5.501551000000000000e+06
4.715969000000000000e+06
1.651076000000000000e+06
3.855372000000000000e+06
5.401990000000000000e+06
