4.194977000000000000e+06
5.332767000000000000e+06
3.042648000000000000e+06
5.181632000000000000e+06
4.278555000000000000e+06
4.273078000000000000e+06
3.964102000000000000e+06
5.212450000000000000e+06
6.235799000000000000e+06
8.810507000000000000e+06
5.883658000000000000e+06
6.041842000000000000e+06
6.282860000000000000e+06
5.053761000000000000e+06
6.278521000000000000e+06
7.732861000000000000e+06
8.007267000000000000e+06
7.623113000000000000e+06
2.602287000000000000e+06
2.476912000000000000e+06
2.550737000000000000e+06
4.107129000000000000e+06
5.603099000000000000e+06
5.706713000000000000e+06
3.653656000000000000e+06
3.349137000000000000e+06
2.114182000000000000e+06
2.247945000000000000e+06
1.865412000000000000e+06
1.209525000000000000e+06
1.970691000000000000e+06
1.682673000000000000e+06
2.565210000000000000e+06
3.050401000000000000e+06
3.480287000000000000e+06
5.881026000000000000e+06
2.964772000000000000e+06
4.318474000000000000e+06
2.546491000000000000e+06
2.853718000000000000e+06
2.223653000000000000e+06
4.899904000000000000e+06
3.700313000000000000e+06
3.291960000000000000e+06
4.276437000000000000e+06
2.243805000000000000e+06
3.493155000000000000e+06
4.968434000000000000e+06
3.368989000000000000e+06
1.892221000000000000e+06
3.101066000000000000e+06
4.458024000000000000e+06
2.909845000000000000e+06
4.699631000000000000e+06
4.600247000000000000e+06
4.958358000000000000e+06
3.788757000000000000e+06
4.422027000000000000e+06
2.470524000000000000e+06
5.322976000000000000e+06
1.565599000000000000e+06
1.775728000000000000e+06
1.190641000000000000e+06
2.047782000000000000e+06
4.288179000000000000e+06
3.688793000000000000e+06
3.266589000000000000e+06
3.767522000000000000e+06
2.119154000000000000e+06
2.640657000000000000e+06
3.259177000000000000e+06
5.937117000000000000e+06
2.791045000000000000e+06
2.499300000000000000e+06
2.727470000000000000e+06
2.386167000000000000e+06
3.412453000000000000e+06
2.082574000000000000e+06
2.459628000000000000e+06
3.066902000000000000e+06
4.211335000000000000e+06
3.524616000000000000e+06
2.797486000000000000e+06
5.029586000000000000e+06
3.945101000000000000e+06
3.566814000000000000e+06
5.270250000000000000e+06
5.515168000000000000e+06
4.115561000000000000e+06
7.045577000000000000e+06
5.979257000000000000e+06
2.480271000000000000e+06
2.232939000000000000e+06
3.483097000000000000e+06
5.091302000000000000e+06
6.460902000000000000e+06
4.336080000000000000e+06
2.185079000000000000e+06
2.374597000000000000e+06
2.815646000000000000e+06
1.150731000000000000e+06
1.136608000000000000e+06
1.068273000000000000e+06
2.559599000000000000e+06
3.278985000000000000e+06
2.039431000000000000e+06
2.542873000000000000e+06
6.115007000000000000e+06
3.585919000000000000e+06
1.959404000000000000e+06
3.173074000000000000e+06
3.186342000000000000e+06
2.645517000000000000e+06
1.056118000000000000e+06
1.707666000000000000e+06
3.087772000000000000e+06
6.170674000000000000e+06
3.908563000000000000e+06
4.575428000000000000e+06
5.898851000000000000e+06
6.864421000000000000e+06
4.192717000000000000e+06
3.903339000000000000e+06
4.648579000000000000e+06
4.303249000000000000e+06
2.957635000000000000e+06
5.257599000000000000e+06
2.178931000000000000e+06
3.620710000000000000e+06
4.255528000000000000e+06
8.569966000000000000e+06
9.400063000000000000e+06
7.931773000000000000e+06
5.280838000000000000e+06
6.483883000000000000e+06
5.523014000000000000e+06
3.624506000000000000e+06
4.710897000000000000e+06
2.998082000000000000e+06
2.557198000000000000e+06
2.563353000000000000e+06
2.406166000000000000e+06
2.781529000000000000e+06
7.826467000000000000e+06
5.156944000000000000e+06
4.346471000000000000e+06
4.037686000000000000e+06
1.563797000000000000e+06
2.763526000000000000e+06
