5.014987000000000000e+06
2.833556000000000000e+06
6.213087000000000000e+06
4.849141000000000000e+06
3.795571000000000000e+06
5.187814000000000000e+06
1.476456000000000000e+06
4.471415000000000000e+06
2.977320000000000000e+06
4.259496000000000000e+06
2.448043000000000000e+06
5.510924000000000000e+06
2.629819000000000000e+06
2.797986000000000000e+06
4.364099000000000000e+06
1.945537000000000000e+06
3.937428000000000000e+06
4.053941000000000000e+06
4.450012000000000000e+06
7.492829000000000000e+06
4.440330000000000000e+06
2.240974000000000000e+06
4.562715000000000000e+06
7.327054000000000000e+06
3.841486000000000000e+06
3.762669000000000000e+06
3.651938000000000000e+06
2.286309000000000000e+06
4.129811000000000000e+06
2.103514000000000000e+06
6.157221000000000000e+06
6.750056000000000000e+06
6.668328000000000000e+06
7.612586000000000000e+06
5.158738000000000000e+06
6.960809000000000000e+06
5.548490000000000000e+06
5.862184000000000000e+06
4.260582000000000000e+06
4.664780000000000000e+06
6.863899000000000000e+06
6.611478000000000000e+06
4.714353000000000000e+06
4.461509000000000000e+06
5.686138000000000000e+06
5.443999000000000000e+06
5.028342000000000000e+06
6.261391000000000000e+06
2.949656000000000000e+06
3.699709000000000000e+06
4.542288000000000000e+06
3.217905000000000000e+06
5.814293000000000000e+06
4.409925000000000000e+06
4.230854000000000000e+06
8.845106000000000000e+06
8.655659000000000000e+06
9.004139000000000000e+06
5.323490000000000000e+06
7.401723000000000000e+06
9.595507000000000000e+06
6.526427000000000000e+06
8.082993000000000000e+06
7.871139000000000000e+06
8.709891000000000000e+06
7.697804000000000000e+06
8.636606000000000000e+06
1.043834700000000000e+07
8.266505000000000000e+06
1.083518000000000000e+07
9.196375000000000000e+06
9.456389000000000000e+06
8.466593000000000000e+06
7.552186000000000000e+06
6.506063000000000000e+06
6.623918000000000000e+06
5.409442000000000000e+06
7.300804000000000000e+06
3.831380000000000000e+06
4.041806000000000000e+06
6.037617000000000000e+06
6.834516000000000000e+06
8.226919000000000000e+06
1.259482700000000000e+07
1.018621100000000000e+07
9.072932000000000000e+06
6.913080000000000000e+06
7.757567000000000000e+06
2.948029000000000000e+06
4.132918000000000000e+06
2.934110000000000000e+06
3.917042000000000000e+06
5.199754000000000000e+06
5.489866000000000000e+06
7.497940000000000000e+06
8.321056000000000000e+06
1.049101000000000000e+07
8.980484000000000000e+06
6.818126000000000000e+06
6.179689000000000000e+06
7.528458000000000000e+06
6.531007000000000000e+06
3.494109000000000000e+06
3.994671000000000000e+06
1.188616000000000000e+06
1.555119000000000000e+06
3.680888000000000000e+06
6.416880000000000000e+06
4.568292000000000000e+06
2.505766000000000000e+06
3.899889000000000000e+06
1.362247000000000000e+06
4.001142000000000000e+06
2.764833000000000000e+06
3.013610000000000000e+06
2.377488000000000000e+06
3.707804000000000000e+06
3.843229000000000000e+06
2.813175000000000000e+06
6.647316000000000000e+06
2.569136000000000000e+06
5.947131000000000000e+06
3.632780000000000000e+06
5.231906000000000000e+06
1.091053000000000000e+06
5.347587000000000000e+06
5.734884000000000000e+06
1.418202000000000000e+06
4.375077000000000000e+06
3.954661000000000000e+06
3.440334000000000000e+06
6.362499000000000000e+06
3.531643000000000000e+06
3.052355000000000000e+06
2.152276000000000000e+06
1.078482000000000000e+06
1.953361000000000000e+06
2.045179000000000000e+06
1.650999000000000000e+06
2.460121000000000000e+06
1.293753000000000000e+06
2.615460000000000000e+06
2.593193000000000000e+06
6.412539000000000000e+06
2.507956000000000000e+06
2.091228000000000000e+06
2.639681000000000000e+06
1.097798000000000000e+06
2.269805000000000000e+06
