3.747302000000000000e+06
3.630979000000000000e+06
4.622498000000000000e+06
4.346629000000000000e+06
3.544831000000000000e+06
6.492106000000000000e+06
4.564294000000000000e+06
3.036644000000000000e+06
7.998748000000000000e+06
5.339112000000000000e+06
3.239366000000000000e+06
5.611653000000000000e+06
8.748324000000000000e+06
4.474520000000000000e+06
3.705040000000000000e+06
4.528202000000000000e+06
3.391212000000000000e+06
5.962326000000000000e+06
4.082872000000000000e+06
4.716011000000000000e+06
4.581976000000000000e+06
4.500827000000000000e+06
5.072378000000000000e+06
3.830180000000000000e+06
6.357163000000000000e+06
3.399903000000000000e+06
2.935055000000000000e+06
3.958110000000000000e+06
3.291754000000000000e+06
8.729494000000000000e+06
7.901473000000000000e+06
4.422071000000000000e+06
2.206102000000000000e+06
3.261402000000000000e+06
2.861728000000000000e+06
4.115993000000000000e+06
5.516950000000000000e+05
2.073246000000000000e+06
2.020766000000000000e+06
3.517339000000000000e+06
1.853687000000000000e+06
6.766500000000000000e+06
5.153893000000000000e+06
3.696685000000000000e+06
5.591259000000000000e+06
5.578314000000000000e+06
5.084377000000000000e+06
4.626378000000000000e+06
4.970065000000000000e+06
2.809354000000000000e+06
5.143824000000000000e+06
6.105333000000000000e+06
6.500262000000000000e+06
8.388231000000000000e+06
7.619878000000000000e+06
4.464631000000000000e+06
5.002422000000000000e+06
8.897748000000000000e+06
9.619278000000000000e+06
6.381156000000000000e+06
7.962077000000000000e+06
7.554715000000000000e+06
5.081984000000000000e+06
5.381178000000000000e+06
4.204968000000000000e+06
9.044568000000000000e+06
4.793018000000000000e+06
5.991464000000000000e+06
7.980924000000000000e+06
4.804835000000000000e+06
3.435872000000000000e+06
3.223881000000000000e+06
3.356221000000000000e+06
1.922245000000000000e+06
2.301434000000000000e+06
1.761396000000000000e+06
9.848540000000000000e+05
5.565274000000000000e+06
3.168664000000000000e+06
1.875778000000000000e+06
2.778758000000000000e+06
3.078829000000000000e+06
4.081566000000000000e+06
3.201099000000000000e+06
4.145178000000000000e+06
2.036153000000000000e+06
4.441470000000000000e+06
3.217686000000000000e+06
2.977846000000000000e+06
5.313299000000000000e+06
4.086168000000000000e+06
1.697571000000000000e+06
1.655888000000000000e+06
3.515714000000000000e+06
4.165555000000000000e+06
4.997290000000000000e+06
6.347562000000000000e+06
7.153381000000000000e+06
6.212595000000000000e+06
4.158148000000000000e+06
4.420033000000000000e+06
9.775483000000000000e+06
4.905932000000000000e+06
7.441290000000000000e+06
8.367745000000000000e+06
6.085604000000000000e+06
6.790103000000000000e+06
4.975503000000000000e+06
3.114214000000000000e+06
6.236631000000000000e+06
5.455491000000000000e+06
3.074120000000000000e+06
3.441902000000000000e+06
6.141529000000000000e+06
5.829337000000000000e+06
4.901705000000000000e+06
4.560417000000000000e+06
4.593443000000000000e+06
8.575737000000000000e+06
4.256297000000000000e+06
5.873673000000000000e+06
8.689435000000000000e+06
5.984475000000000000e+06
1.039917700000000000e+07
1.001763900000000000e+07
8.389003000000000000e+06
5.112149000000000000e+06
6.941273000000000000e+06
3.634482000000000000e+06
3.779650000000000000e+06
6.151739000000000000e+06
5.210377000000000000e+06
4.259050000000000000e+06
3.879336000000000000e+06
6.764854000000000000e+06
3.072302000000000000e+06
4.331631000000000000e+06
6.325103000000000000e+06
3.009959000000000000e+06
2.928213000000000000e+06
4.767177000000000000e+06
4.900886000000000000e+06
5.708306000000000000e+06
4.136939000000000000e+06
3.982397000000000000e+06
3.747139000000000000e+06
3.290695000000000000e+06
7.916471000000000000e+06
6.189302000000000000e+06
