5.246178000000000000e+06
3.775761000000000000e+06
4.329192000000000000e+06
8.411714000000000000e+06
5.051321000000000000e+06
7.947329000000000000e+06
5.599058000000000000e+06
5.003312000000000000e+06
4.838354000000000000e+06
2.513716000000000000e+06
5.707471000000000000e+06
7.636526000000000000e+06
7.964245000000000000e+06
5.988956000000000000e+06
2.633298000000000000e+06
2.677540000000000000e+06
3.028494000000000000e+06
4.701795000000000000e+06
1.458186000000000000e+06
3.397791000000000000e+06
1.003514000000000000e+06
2.415888000000000000e+06
1.725692000000000000e+06
5.101789000000000000e+06
2.682046000000000000e+06
4.857679000000000000e+06
4.240075000000000000e+06
4.534684000000000000e+06
4.877067000000000000e+06
3.491735000000000000e+06
3.431189000000000000e+06
3.434464000000000000e+06
3.359192000000000000e+06
5.197322000000000000e+06
1.941516000000000000e+06
6.070332000000000000e+06
3.127644000000000000e+06
2.793773000000000000e+06
5.727121000000000000e+06
4.653137000000000000e+06
2.092248000000000000e+06
5.018308000000000000e+06
3.622373000000000000e+06
2.123414000000000000e+06
4.947146000000000000e+06
4.344444000000000000e+06
4.032270000000000000e+06
6.036131000000000000e+06
4.391846000000000000e+06
3.583046000000000000e+06
5.016177000000000000e+06
1.829701000000000000e+06
5.825310000000000000e+06
4.669040000000000000e+06
4.499545000000000000e+06
3.516191000000000000e+06
2.717469000000000000e+06
4.420905000000000000e+06
4.239599000000000000e+06
4.733226000000000000e+06
2.831898000000000000e+06
2.167052000000000000e+06
4.453356000000000000e+06
3.098813000000000000e+06
3.486657000000000000e+06
2.303486000000000000e+06
7.091585000000000000e+06
3.262819000000000000e+06
6.805635000000000000e+06
3.905357000000000000e+06
3.206477000000000000e+06
5.788708000000000000e+06
4.885808000000000000e+06
1.697354000000000000e+06
5.439001000000000000e+06
4.075632000000000000e+06
2.949048000000000000e+06
2.590542000000000000e+06
2.496423000000000000e+06
1.443024000000000000e+06
6.796316000000000000e+06
4.190395000000000000e+06
6.539221000000000000e+06
5.967109000000000000e+06
5.388733000000000000e+06
1.918907000000000000e+06
4.820184000000000000e+06
1.298589000000000000e+06
4.944412000000000000e+06
3.624528000000000000e+06
1.764216000000000000e+06
2.892231000000000000e+06
1.033957000000000000e+06
1.572579000000000000e+06
1.555646000000000000e+06
6.343283000000000000e+06
3.629180000000000000e+06
3.490570000000000000e+06
4.559948000000000000e+06
2.840100000000000000e+06
3.192158000000000000e+06
2.715046000000000000e+06
3.103089000000000000e+06
1.725036000000000000e+06
3.286217000000000000e+06
1.938060000000000000e+06
4.491766000000000000e+06
6.285471000000000000e+06
4.133659000000000000e+06
4.360958000000000000e+06
8.363074000000000000e+06
7.327916000000000000e+06
9.417690000000000000e+06
5.333460000000000000e+06
9.854242000000000000e+06
3.094341000000000000e+06
9.328150000000000000e+06
5.453492000000000000e+06
5.086982000000000000e+06
6.539579000000000000e+06
4.126346000000000000e+06
2.734189000000000000e+06
1.227885000000000000e+06
3.126992000000000000e+06
4.885270000000000000e+05
1.475724000000000000e+06
1.864940000000000000e+06
1.923703000000000000e+06
2.892984000000000000e+06
1.942640000000000000e+06
2.746158000000000000e+06
4.845338000000000000e+06
8.888630000000000000e+05
1.453133000000000000e+06
2.229657000000000000e+06
2.603621000000000000e+06
3.271861000000000000e+06
1.061057000000000000e+06
3.433969000000000000e+06
1.147200000000000000e+06
3.082471000000000000e+06
1.085142000000000000e+06
1.104522000000000000e+06
3.898606000000000000e+06
2.354181000000000000e+06
2.244389000000000000e+06
2.099374000000000000e+06
4.200229000000000000e+06
1.853592000000000000e+06
