1.813572000000000000e+06
3.046451000000000000e+06
3.104752000000000000e+06
1.340772000000000000e+06
3.592363000000000000e+06
6.287086000000000000e+06
3.686096000000000000e+06
2.734588000000000000e+06
3.089075000000000000e+06
1.638937000000000000e+06
4.379813000000000000e+06
2.335392000000000000e+06
2.845343000000000000e+06
2.480344000000000000e+06
3.287968000000000000e+06
1.556276000000000000e+06
2.108407000000000000e+06
5.057114000000000000e+06
2.517487000000000000e+06
4.658181000000000000e+06
4.185932000000000000e+06
7.862890000000000000e+06
7.802103000000000000e+06
6.981256000000000000e+06
8.418151000000000000e+06
4.306197000000000000e+06
8.252663000000000000e+06
1.145681800000000000e+07
2.380532000000000000e+06
9.640222000000000000e+06
5.952570000000000000e+06
4.839673000000000000e+06
2.105375000000000000e+06
3.908531000000000000e+06
2.081216000000000000e+06
3.189498000000000000e+06
3.288935000000000000e+06
9.164900000000000000e+05
1.394034000000000000e+06
1.223216000000000000e+06
3.455240000000000000e+06
4.727448000000000000e+06
3.627707000000000000e+06
1.866481000000000000e+06
1.313938000000000000e+06
2.907956000000000000e+06
4.764748000000000000e+06
4.699200000000000000e+06
3.667188000000000000e+06
6.225862000000000000e+06
8.084767000000000000e+06
7.198439000000000000e+06
5.050283000000000000e+06
9.720968000000000000e+06
4.374986000000000000e+06
3.277855000000000000e+06
5.335496000000000000e+06
3.674461000000000000e+06
2.799429000000000000e+06
4.881156000000000000e+06
2.140585000000000000e+06
3.742619000000000000e+06
2.103349000000000000e+06
3.702673000000000000e+06
1.173409000000000000e+06
4.506340000000000000e+06
1.500982000000000000e+06
4.280732000000000000e+06
2.101458000000000000e+06
1.655016000000000000e+06
1.073086000000000000e+06
2.038732000000000000e+06
3.442221000000000000e+06
2.161009000000000000e+06
3.849556000000000000e+06
8.317230000000000000e+05
1.705225000000000000e+06
5.221737000000000000e+06
3.623837000000000000e+06
1.650890000000000000e+06
1.629441000000000000e+06
2.364019000000000000e+06
2.620559000000000000e+06
2.248010000000000000e+06
2.884633000000000000e+06
3.534127000000000000e+06
4.270172000000000000e+06
5.031450000000000000e+06
2.417832000000000000e+06
7.467780000000000000e+06
4.794649000000000000e+06
4.677760000000000000e+06
2.103900000000000000e+06
2.858767000000000000e+06
2.543673000000000000e+06
3.905623000000000000e+06
5.820351000000000000e+06
4.793567000000000000e+06
6.605250000000000000e+06
4.027055000000000000e+06
3.020938000000000000e+06
7.330047000000000000e+06
2.852733000000000000e+06
4.046872000000000000e+06
2.181365000000000000e+06
2.206623000000000000e+06
6.263320000000000000e+05
3.122412000000000000e+06
1.682952000000000000e+06
2.651588000000000000e+06
1.971088000000000000e+06
1.240440000000000000e+06
1.379749000000000000e+06
5.196787000000000000e+06
5.034454000000000000e+06
4.972533000000000000e+06
4.404321000000000000e+06
4.998184000000000000e+06
5.347950000000000000e+06
3.998353000000000000e+06
3.634066000000000000e+06
5.311283000000000000e+06
2.509687000000000000e+06
2.074282000000000000e+06
3.426031000000000000e+06
7.027409000000000000e+06
1.259614000000000000e+06
5.731444000000000000e+06
4.228684000000000000e+06
4.990264000000000000e+06
2.129668000000000000e+06
3.180505000000000000e+06
1.272192000000000000e+06
3.237469000000000000e+06
2.601198000000000000e+06
1.398459000000000000e+06
2.549641000000000000e+06
5.805814000000000000e+06
1.874055000000000000e+06
2.753495000000000000e+06
2.480328000000000000e+06
3.483793000000000000e+06
2.802002000000000000e+06
3.562084000000000000e+06
2.979415000000000000e+06
4.789329000000000000e+06
6.643799000000000000e+06
4.922671000000000000e+06
3.654772000000000000e+06
