1.980000000000000000e+02
1.200000000000000000e+02
0.000000000000000000e+00
0.000000000000000000e+00
3.100000000000000000e+02
1.203000000000000000e+03
1.640000000000000000e+02
1.128000000000000000e+03
0.000000000000000000e+00
1.055700000000000000e+04
4.374000000000000000e+03
1.825900000000000000e+04
4.918000000000000000e+03
1.299000000000000000e+04
0.000000000000000000e+00
1.632500000000000000e+04
1.773100000000000000e+04
1.880200000000000000e+04
1.932900000000000000e+04
2.868400000000000000e+04
7.920000000000000000e+02
2.191200000000000000e+04
3.162100000000000000e+04
5.494400000000000000e+04
3.827500000000000000e+04
4.616200000000000000e+04
1.099700000000000000e+04
6.464100000000000000e+04
7.222300000000000000e+04
1.270260000000000000e+05
5.749300000000000000e+04
7.508400000000000000e+04
1.117500000000000000e+04
7.731300000000000000e+04
7.442000000000000000e+04
1.128180000000000000e+05
6.659400000000000000e+04
8.774500000000000000e+04
4.095000000000000000e+03
8.413600000000000000e+04
6.070500000000000000e+04
7.732100000000000000e+04
5.634700000000000000e+04
7.922200000000000000e+04
9.625000000000000000e+03
7.488800000000000000e+04
1.007660000000000000e+05
1.089700000000000000e+05
8.173500000000000000e+04
8.409700000000000000e+04
1.917000000000000000e+03
8.992200000000000000e+04
8.513100000000000000e+04
1.029990000000000000e+05
5.526600000000000000e+04
1.136230000000000000e+05
2.449000000000000000e+03
2.187900000000000000e+04
9.240400000000000000e+04
9.576800000000000000e+04
6.618200000000000000e+04
1.333800000000000000e+04
3.570000000000000000e+02
5.271800000000000000e+04
5.652400000000000000e+04
6.937400000000000000e+04
8.648000000000000000e+04
4.112000000000000000e+04
3.224000000000000000e+03
9.956600000000000000e+04
6.962400000000000000e+04
1.330030000000000000e+05
2.407600000000000000e+04
6.267100000000000000e+04
3.359000000000000000e+03
1.044610000000000000e+05
5.559800000000000000e+04
1.278540000000000000e+05
6.251900000000000000e+04
8.832500000000000000e+04
3.876000000000000000e+03
1.269440000000000000e+05
9.030700000000000000e+04
1.473160000000000000e+05
4.851600000000000000e+04
8.243000000000000000e+04
6.072000000000000000e+03
1.053830000000000000e+05
1.300540000000000000e+05
7.023100000000000000e+04
1.071060000000000000e+05
8.307900000000000000e+04
6.763000000000000000e+03
5.996400000000000000e+04
1.043950000000000000e+05
1.320380000000000000e+05
1.846100000000000000e+04
9.249300000000000000e+04
7.673000000000000000e+03
3.324100000000000000e+04
5.926600000000000000e+04
1.362610000000000000e+05
2.132100000000000000e+04
7.203000000000000000e+03
2.741000000000000000e+03
8.661000000000000000e+03
2.571800000000000000e+04
7.299400000000000000e+04
0.000000000000000000e+00
0.000000000000000000e+00
0.000000000000000000e+00
0.000000000000000000e+00
0.000000000000000000e+00
0.000000000000000000e+00
0.000000000000000000e+00
0.000000000000000000e+00
0.000000000000000000e+00
1.970000000000000000e+02
0.000000000000000000e+00
2.478200000000000000e+04
0.000000000000000000e+00
0.000000000000000000e+00
0.000000000000000000e+00
0.000000000000000000e+00
5.680000000000000000e+02
1.250000000000000000e+02
5.150000000000000000e+04
5.675500000000000000e+04
6.745000000000000000e+03
1.801770000000000000e+05
1.238490000000000000e+05
2.341730000000000000e+05
1.510920000000000000e+05
1.297940000000000000e+05
6.285000000000000000e+03
1.852840000000000000e+05
1.219800000000000000e+05
1.338490000000000000e+05
5.274700000000000000e+04
8.804500000000000000e+04
9.643000000000000000e+03
6.053500000000000000e+04
5.387100000000000000e+04
1.063200000000000000e+05
1.948300000000000000e+04
5.612200000000000000e+04
1.539000000000000000e+03
1.218240000000000000e+05
1.453190000000000000e+05
