7.838000000000000000e+04
1.144680000000000000e+05
3.460400000000000000e+04
9.637600000000000000e+04
1.383660000000000000e+05
9.941100000000000000e+04
1.106160000000000000e+05
1.022720000000000000e+05
9.111000000000000000e+03
9.969000000000000000e+04
1.135140000000000000e+05
1.875030000000000000e+05
6.343900000000000000e+04
8.901300000000000000e+04
2.531000000000000000e+04
8.333500000000000000e+04
4.130860000000000000e+05
4.832940000000000000e+05
5.378980000000000000e+05
4.646590000000000000e+05
5.847600000000000000e+04
4.951510000000000000e+05
4.752110000000000000e+05
6.084900000000000000e+05
4.550950000000000000e+05
4.361940000000000000e+05
4.366100000000000000e+04
4.393580000000000000e+05
4.031600000000000000e+05
4.509210000000000000e+05
4.354710000000000000e+05
4.000060000000000000e+05
5.929300000000000000e+04
1.614300000000000000e+04
5.819000000000000000e+03
1.564480000000000000e+05
0.000000000000000000e+00
0.000000000000000000e+00
0.000000000000000000e+00
0.000000000000000000e+00
2.317000000000000000e+03
4.306700000000000000e+04
1.246933000000000000e+06
2.943525000000000000e+06
3.256100000000000000e+04
4.604337000000000000e+06
5.553300000000000000e+06
6.011149000000000000e+06
5.640868000000000000e+06
5.249059000000000000e+06
3.965000000000000000e+04
4.659686000000000000e+06
4.313665000000000000e+06
4.164708000000000000e+06
4.022174000000000000e+06
2.832874000000000000e+06
7.550000000000000000e+03
1.386122000000000000e+06
9.761790000000000000e+05
7.446150000000000000e+05
2.545770000000000000e+05
1.247030000000000000e+05
1.428600000000000000e+04
2.267710000000000000e+05
3.514220000000000000e+05
4.888220000000000000e+05
6.223270000000000000e+05
6.726330000000000000e+05
3.991700000000000000e+04
6.927010000000000000e+05
7.381410000000000000e+05
9.222090000000000000e+05
7.607950000000000000e+05
7.626680000000000000e+05
5.059000000000000000e+03
7.966150000000000000e+05
1.083552000000000000e+06
8.469750000000000000e+05
9.133100000000000000e+05
9.485250000000000000e+05
3.622800000000000000e+04
1.185763000000000000e+06
9.432070000000000000e+05
1.116263000000000000e+06
1.294099000000000000e+06
9.404040000000000000e+05
3.611400000000000000e+04
1.225263000000000000e+06
9.429650000000000000e+05
1.220710000000000000e+06
9.499330000000000000e+05
1.223546000000000000e+06
4.795300000000000000e+04
1.256368000000000000e+06
9.516790000000000000e+05
1.317448000000000000e+06
1.193779000000000000e+06
1.163085000000000000e+06
4.747100000000000000e+04
1.155531000000000000e+06
1.150584000000000000e+06
1.187232000000000000e+06
1.093132000000000000e+06
1.101819000000000000e+06
6.444500000000000000e+04
1.092469000000000000e+06
1.031176000000000000e+06
1.305923000000000000e+06
1.011379000000000000e+06
9.899030000000000000e+05
5.413200000000000000e+04
9.930050000000000000e+05
9.445460000000000000e+05
9.587890000000000000e+05
7.871400000000000000e+05
6.648920000000000000e+05
6.860000000000000000e+04
4.962690000000000000e+05
1.575418000000000000e+06
2.046436000000000000e+06
1.534992000000000000e+06
1.328521000000000000e+06
1.101730000000000000e+05
1.660246000000000000e+06
1.568834000000000000e+06
1.537615000000000000e+06
1.581101000000000000e+06
1.453927000000000000e+06
4.520400000000000000e+04
1.444548000000000000e+06
1.409595000000000000e+06
1.892417000000000000e+06
1.074223000000000000e+06
2.200000000000000000e+04
5.404000000000000000e+03
7.137500000000000000e+04
5.106100000000000000e+04
2.938400000000000000e+04
7.107700000000000000e+04
5.851400000000000000e+04
3.847100000000000000e+04
7.413000000000000000e+04
9.448100000000000000e+04
4.202340000000000000e+05
6.644400000000000000e+04
9.874000000000000000e+04
5.365000000000000000e+03
1.026560000000000000e+05
1.129180000000000000e+05
