7.145820000000000000e+05
7.089900000000000000e+04
7.246000000000000000e+03
1.302000000000000000e+03
3.100000000000000000e+02
1.560000000000000000e+02
0.000000000000000000e+00
0.000000000000000000e+00
0.000000000000000000e+00
0.000000000000000000e+00
0.000000000000000000e+00
8.184330000000000000e+05
6.942100000000000000e+04
7.801000000000000000e+03
0.000000000000000000e+00
0.000000000000000000e+00
0.000000000000000000e+00
0.000000000000000000e+00
0.000000000000000000e+00
0.000000000000000000e+00
0.000000000000000000e+00
0.000000000000000000e+00
0.000000000000000000e+00
7.406900000000000000e+04
6.942100000000000000e+04
7.801000000000000000e+03
0.000000000000000000e+00
0.000000000000000000e+00
0.000000000000000000e+00
0.000000000000000000e+00
0.000000000000000000e+00
0.000000000000000000e+00
0.000000000000000000e+00
0.000000000000000000e+00
0.000000000000000000e+00
6.963700000000000000e+04
6.942100000000000000e+04
7.801000000000000000e+03
0.000000000000000000e+00
0.000000000000000000e+00
0.000000000000000000e+00
0.000000000000000000e+00
0.000000000000000000e+00
0.000000000000000000e+00
0.000000000000000000e+00
0.000000000000000000e+00
0.000000000000000000e+00
7.091800000000000000e+04
6.942100000000000000e+04
7.801000000000000000e+03
0.000000000000000000e+00
0.000000000000000000e+00
0.000000000000000000e+00
0.000000000000000000e+00
0.000000000000000000e+00
0.000000000000000000e+00
0.000000000000000000e+00
0.000000000000000000e+00
0.000000000000000000e+00
1.671740000000000000e+05
6.666900000000000000e+04
6.190000000000000000e+03
0.000000000000000000e+00
0.000000000000000000e+00
0.000000000000000000e+00
0.000000000000000000e+00
0.000000000000000000e+00
0.000000000000000000e+00
0.000000000000000000e+00
0.000000000000000000e+00
0.000000000000000000e+00
6.998300000000000000e+04
6.822800000000000000e+04
6.190000000000000000e+03
0.000000000000000000e+00
0.000000000000000000e+00
0.000000000000000000e+00
3.490200000000000000e+04
2.100330000000000000e+06
2.143402000000000000e+06
2.429000000000000000e+04
1.986477000000000000e+06
3.103350000000000000e+05
1.503919000000000000e+06
3.906560000000000000e+05
7.763820000000000000e+05
1.223790000000000000e+05
7.469830000000000000e+05
1.175863000000000000e+06
1.450327000000000000e+06
1.309203000000000000e+06
1.126468000000000000e+06
2.855340000000000000e+05
1.077895000000000000e+06
1.576328000000000000e+06
2.967676000000000000e+06
5.049400000000000000e+05
6.730210000000000000e+05
7.861200000000000000e+04
9.394180000000000000e+05
1.112413000000000000e+06
1.286735000000000000e+06
1.352899000000000000e+06
1.639214000000000000e+06
3.850130000000000000e+05
1.134837000000000000e+06
1.341989000000000000e+06
2.962490000000000000e+06
3.536200000000000000e+05
5.197110000000000000e+05
5.603500000000000000e+04
9.248800000000000000e+05
1.475462000000000000e+06
1.092484000000000000e+06
8.990650000000000000e+05
7.166360000000000000e+05
1.837180000000000000e+05
6.330540000000000000e+05
6.161410000000000000e+05
1.255804000000000000e+06
1.703130000000000000e+05
1.093680000000000000e+05
0.000000000000000000e+00
8.419900000000000000e+04
1.209700000000000000e+05
3.293070000000000000e+05
2.119090000000000000e+05
1.164980000000000000e+05
2.381000000000000000e+03
1.619000000000000000e+05
3.643100000000000000e+04
1.868540000000000000e+05
1.640200000000000000e+04
0.000000000000000000e+00
0.000000000000000000e+00
2.329600000000000000e+04
0.000000000000000000e+00
0.000000000000000000e+00
0.000000000000000000e+00
5.285200000000000000e+05
1.933920000000000000e+05
1.326549000000000000e+06
1.881185000000000000e+06
2.371898000000000000e+06
1.296465000000000000e+06
2.220470000000000000e+05
4.616000000000000000e+03
2.332330000000000000e+05
3.711300000000000000e+05
