3.528380000000000000e+05
3.340190000000000000e+05
4.556900000000000000e+04
3.233420000000000000e+05
1.570380000000000000e+05
9.976950000000000000e+05
1.049730000000000000e+05
1.006500000000000000e+05
3.760000000000000000e+02
1.373900000000000000e+05
1.511850000000000000e+05
3.355170000000000000e+05
1.687540000000000000e+05
1.847500000000000000e+05
1.263200000000000000e+04
1.548080000000000000e+05
1.952450000000000000e+05
6.223760000000000000e+05
8.518500000000000000e+04
9.919700000000000000e+04
2.488000000000000000e+03
1.279820000000000000e+05
1.618220000000000000e+05
2.398150000000000000e+05
1.660710000000000000e+05
1.555110000000000000e+05
4.245000000000000000e+03
1.423210000000000000e+05
1.258550000000000000e+05
4.206790000000000000e+05
9.128200000000000000e+04
8.793200000000000000e+04
1.162000000000000000e+03
8.768300000000000000e+04
8.482600000000000000e+04
9.615200000000000000e+04
3.498400000000000000e+04
3.245900000000000000e+04
0.000000000000000000e+00
3.095100000000000000e+04
3.454300000000000000e+04
3.248380000000000000e+05
7.585900000000000000e+04
3.659600000000000000e+04
0.000000000000000000e+00
3.077100000000000000e+04
3.048300000000000000e+04
9.688600000000000000e+04
3.466300000000000000e+04
3.245900000000000000e+04
0.000000000000000000e+00
3.095100000000000000e+04
3.454300000000000000e+04
1.416260000000000000e+05
7.542400000000000000e+04
3.632000000000000000e+04
0.000000000000000000e+00
3.077100000000000000e+04
3.048300000000000000e+04
6.907800000000000000e+04
3.497000000000000000e+04
3.245900000000000000e+04
0.000000000000000000e+00
3.095100000000000000e+04
3.454300000000000000e+04
8.587900000000000000e+04
7.527800000000000000e+04
3.615000000000000000e+04
0.000000000000000000e+00
3.077100000000000000e+04
3.048300000000000000e+04
4.820600000000000000e+04
3.125800000000000000e+04
3.602700000000000000e+04
0.000000000000000000e+00
3.095100000000000000e+04
3.095100000000000000e+04
1.685350000000000000e+05
8.006100000000000000e+04
3.633400000000000000e+04
0.000000000000000000e+00
3.093900000000000000e+04
3.065100000000000000e+04
7.889800000000000000e+04
3.111900000000000000e+04
3.621100000000000000e+04
0.000000000000000000e+00
3.111900000000000000e+04
3.111900000000000000e+04
1.172780000000000000e+05
7.911800000000000000e+04
3.627100000000000000e+04
0.000000000000000000e+00
3.077100000000000000e+04
3.048300000000000000e+04
5.824900000000000000e+04
3.095100000000000000e+04
3.602700000000000000e+04
0.000000000000000000e+00
3.095100000000000000e+04
3.095100000000000000e+04
9.248100000000000000e+04
8.072800000000000000e+04
3.615000000000000000e+04
0.000000000000000000e+00
3.077100000000000000e+04
3.048300000000000000e+04
4.825500000000000000e+04
3.095100000000000000e+04
3.602700000000000000e+04
0.000000000000000000e+00
3.095100000000000000e+04
3.095100000000000000e+04
1.055080000000000000e+05
8.264400000000000000e+04
3.615000000000000000e+04
0.000000000000000000e+00
3.077100000000000000e+04
3.048300000000000000e+04
4.994800000000000000e+04
3.466300000000000000e+04
3.245900000000000000e+04
0.000000000000000000e+00
3.095100000000000000e+04
3.454300000000000000e+04
9.633600000000000000e+04
8.492400000000000000e+04
3.633400000000000000e+04
0.000000000000000000e+00
3.093900000000000000e+04
3.065100000000000000e+04
4.981300000000000000e+04
4.447000000000000000e+04
7.000300000000000000e+04
7.360000000000000000e+02
9.163100000000000000e+04
8.608200000000000000e+04
2.226830000000000000e+05
1.191300000000000000e+05
1.147760000000000000e+05
1.735600000000000000e+04
1.487450000000000000e+05
1.539470000000000000e+05
1.739200000000000000e+05
6.823430000000000000e+05
7.679200000000000000e+05
7.151300000000000000e+04
7.696280000000000000e+05
8.547330000000000000e+05
