1.432180000000000000e+06
1.947873000000000000e+06
1.872070000000000000e+05
1.546160000000000000e+06
1.046341000000000000e+06
1.143500000000000000e+06
1.212104000000000000e+06
1.010982000000000000e+06
2.249430000000000000e+05
9.746890000000000000e+05
1.044720000000000000e+06
1.152129000000000000e+06
4.075290000000000000e+05
4.852860000000000000e+05
4.073200000000000000e+04
4.721910000000000000e+05
5.297670000000000000e+05
7.284070000000000000e+05
3.123610000000000000e+05
2.677720000000000000e+05
7.266700000000000000e+04
1.144870000000000000e+05
1.351790000000000000e+05
2.574510000000000000e+05
1.971000000000000000e+04
1.748400000000000000e+04
7.525000000000000000e+03
3.006500000000000000e+04
5.528400000000000000e+04
4.527500000000000000e+04
7.402000000000000000e+04
5.230000000000000000e+04
8.555000000000000000e+03
3.208400000000000000e+04
6.129100000000000000e+04
1.398800000000000000e+05
9.176000000000000000e+03
3.341100000000000000e+04
0.000000000000000000e+00
6.089300000000000000e+04
1.160510000000000000e+05
1.563470000000000000e+05
1.025030000000000000e+05
1.108090000000000000e+05
7.943000000000000000e+03
9.580400000000000000e+04
1.048010000000000000e+05
2.906100000000000000e+05
3.403100000000000000e+04
5.571600000000000000e+04
1.751000000000000000e+03
9.982800000000000000e+04
8.793900000000000000e+04
5.141100000000000000e+04
6.231000000000000000e+04
7.653000000000000000e+04
1.006200000000000000e+04
6.911900000000000000e+04
8.535700000000000000e+04
2.674020000000000000e+05
3.590000000000000000e+04
8.573000000000000000e+04
3.738000000000000000e+03
4.445300000000000000e+04
8.474300000000000000e+04
6.292900000000000000e+04
5.247900000000000000e+04
5.891200000000000000e+04
3.157000000000000000e+03
9.044000000000000000e+03
1.019800000000000000e+04
1.726370000000000000e+05
1.130300000000000000e+04
0.000000000000000000e+00
0.000000000000000000e+00
0.000000000000000000e+00
2.587000000000000000e+03
0.000000000000000000e+00
4.205000000000000000e+03
2.217000000000000000e+03
0.000000000000000000e+00
5.296000000000000000e+03
0.000000000000000000e+00
1.015010000000000000e+05
1.248500000000000000e+04
0.000000000000000000e+00
0.000000000000000000e+00
0.000000000000000000e+00
0.000000000000000000e+00
0.000000000000000000e+00
0.000000000000000000e+00
0.000000000000000000e+00
0.000000000000000000e+00
0.000000000000000000e+00
0.000000000000000000e+00
4.468400000000000000e+04
1.564900000000000000e+04
0.000000000000000000e+00
0.000000000000000000e+00
0.000000000000000000e+00
0.000000000000000000e+00
0.000000000000000000e+00
0.000000000000000000e+00
0.000000000000000000e+00
0.000000000000000000e+00
0.000000000000000000e+00
0.000000000000000000e+00
4.281700000000000000e+04
1.587600000000000000e+04
0.000000000000000000e+00
0.000000000000000000e+00
0.000000000000000000e+00
0.000000000000000000e+00
0.000000000000000000e+00
0.000000000000000000e+00
0.000000000000000000e+00
0.000000000000000000e+00
0.000000000000000000e+00
0.000000000000000000e+00
2.347900000000000000e+04
1.555500000000000000e+04
0.000000000000000000e+00
0.000000000000000000e+00
0.000000000000000000e+00
0.000000000000000000e+00
0.000000000000000000e+00
0.000000000000000000e+00
0.000000000000000000e+00
0.000000000000000000e+00
0.000000000000000000e+00
0.000000000000000000e+00
1.578100000000000000e+04
1.539500000000000000e+04
0.000000000000000000e+00
0.000000000000000000e+00
0.000000000000000000e+00
0.000000000000000000e+00
0.000000000000000000e+00
0.000000000000000000e+00
0.000000000000000000e+00
0.000000000000000000e+00
0.000000000000000000e+00
0.000000000000000000e+00
3.735600000000000000e+04
1.335700000000000000e+04
0.000000000000000000e+00
0.000000000000000000e+00
0.000000000000000000e+00
0.000000000000000000e+00
