1.185360000000000000e+05
1.103420000000000000e+05
5.289200000000000000e+04
1.053050000000000000e+05
8.920600000000000000e+04
3.960290000000000000e+05
5.401000000000000000e+04
8.128800000000000000e+04
2.802000000000000000e+03
1.235650000000000000e+05
9.347900000000000000e+04
2.828700000000000000e+05
9.044200000000000000e+04
9.649000000000000000e+04
6.091000000000000000e+03
1.092670000000000000e+05
6.983800000000000000e+04
2.440360000000000000e+05
4.019300000000000000e+04
4.280800000000000000e+04
1.853000000000000000e+03
3.296700000000000000e+04
2.095700000000000000e+04
1.470790000000000000e+05
1.042100000000000000e+04
2.626000000000000000e+03
1.421000000000000000e+03
9.070000000000000000e+04
1.754000000000000000e+03
1.910390000000000000e+05
1.780500000000000000e+04
1.723000000000000000e+03
4.710000000000000000e+02
0.000000000000000000e+00
1.151000000000000000e+03
2.458560000000000000e+05
0.000000000000000000e+00
0.000000000000000000e+00
5.130000000000000000e+02
3.195000000000000000e+03
2.062000000000000000e+03
1.933780000000000000e+05
1.326900000000000000e+04
9.750000000000000000e+02
0.000000000000000000e+00
0.000000000000000000e+00
0.000000000000000000e+00
2.258590000000000000e+05
0.000000000000000000e+00
0.000000000000000000e+00
0.000000000000000000e+00
0.000000000000000000e+00
0.000000000000000000e+00
3.479200000000000000e+04
1.817000000000000000e+03
0.000000000000000000e+00
0.000000000000000000e+00
0.000000000000000000e+00
0.000000000000000000e+00
7.363000000000000000e+04
0.000000000000000000e+00
0.000000000000000000e+00
0.000000000000000000e+00
0.000000000000000000e+00
0.000000000000000000e+00
1.131060000000000000e+05
1.021200000000000000e+04
1.508000000000000000e+03
0.000000000000000000e+00
0.000000000000000000e+00
0.000000000000000000e+00
2.302150000000000000e+05
0.000000000000000000e+00
0.000000000000000000e+00
0.000000000000000000e+00
0.000000000000000000e+00
0.000000000000000000e+00
1.632360000000000000e+05
1.198800000000000000e+04
9.350000000000000000e+02
0.000000000000000000e+00
0.000000000000000000e+00
0.000000000000000000e+00
2.230960000000000000e+05
0.000000000000000000e+00
0.000000000000000000e+00
0.000000000000000000e+00
0.000000000000000000e+00
0.000000000000000000e+00
1.056000000000000000e+03
1.056000000000000000e+03
0.000000000000000000e+00
0.000000000000000000e+00
6.400000000000000000e+01
0.000000000000000000e+00
1.280000000000000000e+02
0.000000000000000000e+00
0.000000000000000000e+00
0.000000000000000000e+00
0.000000000000000000e+00
0.000000000000000000e+00
2.695090000000000000e+05
2.673900000000000000e+04
4.667000000000000000e+03
1.910000000000000000e+02
0.000000000000000000e+00
0.000000000000000000e+00
2.488470000000000000e+05
0.000000000000000000e+00
0.000000000000000000e+00
0.000000000000000000e+00
0.000000000000000000e+00
0.000000000000000000e+00
2.914680000000000000e+05
3.156400000000000000e+04
1.233300000000000000e+04
5.760000000000000000e+03
1.024000000000000000e+03
0.000000000000000000e+00
2.443530000000000000e+05
3.840000000000000000e+03
1.856000000000000000e+03
1.472000000000000000e+03
1.536000000000000000e+03
0.000000000000000000e+00
5.076780000000000000e+05
3.675900000000000000e+04
3.641000000000000000e+03
0.000000000000000000e+00
0.000000000000000000e+00
0.000000000000000000e+00
2.462320000000000000e+05
0.000000000000000000e+00
0.000000000000000000e+00
9.980000000000000000e+02
0.000000000000000000e+00
0.000000000000000000e+00
1.722400000000000000e+04
3.045910000000000000e+05
2.977590000000000000e+05
2.564800000000000000e+04
3.812210000000000000e+05
3.645140000000000000e+05
3.577980000000000000e+05
3.492670000000000000e+05
3.988900000000000000e+05
2.741700000000000000e+04
4.068390000000000000e+05
4.086320000000000000e+05
