4.245380000000000000e+05
4.016870000000000000e+05
2.481100000000000000e+04
4.486890000000000000e+05
4.459710000000000000e+05
3.417440000000000000e+05
8.605800000000000000e+04
1.489850000000000000e+05
5.223600000000000000e+04
1.333750000000000000e+05
2.270150000000000000e+05
8.144940000000000000e+05
3.902600000000000000e+04
1.146060000000000000e+05
1.255600000000000000e+04
1.882450000000000000e+05
1.620530000000000000e+05
3.001940000000000000e+05
3.025720000000000000e+05
3.669230000000000000e+05
1.452020000000000000e+05
2.279480000000000000e+05
3.420080000000000000e+05
9.223120000000000000e+05
6.874700000000000000e+04
1.163180000000000000e+05
2.691500000000000000e+04
2.019880000000000000e+05
3.370630000000000000e+05
2.590980000000000000e+05
3.181820000000000000e+05
3.758680000000000000e+05
1.192670000000000000e+05
3.016150000000000000e+05
2.739460000000000000e+05
7.360240000000000000e+05
3.232900000000000000e+04
2.587700000000000000e+04
2.765000000000000000e+03
1.010730000000000000e+05
1.689700000000000000e+05
1.641480000000000000e+05
1.293430000000000000e+05
1.456180000000000000e+05
1.950400000000000000e+04
2.194560000000000000e+05
1.803210000000000000e+05
3.378070000000000000e+05
4.776900000000000000e+04
5.938300000000000000e+04
1.293800000000000000e+04
7.464900000000000000e+04
1.314690000000000000e+05
1.238020000000000000e+05
1.171280000000000000e+05
1.238240000000000000e+05
1.416800000000000000e+04
1.173700000000000000e+05
9.658000000000000000e+04
3.420730000000000000e+05
5.872700000000000000e+04
7.127700000000000000e+04
1.235600000000000000e+04
1.193740000000000000e+05
9.198600000000000000e+04
8.069300000000000000e+04
8.718000000000000000e+04
7.690300000000000000e+04
3.437000000000000000e+03
8.018780000000000000e+05
1.928829000000000000e+06
2.932113000000000000e+06
2.601654000000000000e+06
1.615894000000000000e+06
1.268900000000000000e+04
2.284410000000000000e+05
2.545970000000000000e+05
2.847260000000000000e+05
3.066890000000000000e+05
3.344810000000000000e+05
6.005200000000000000e+04
3.562480000000000000e+05
3.619670000000000000e+05
1.031822000000000000e+06
8.151800000000000000e+04
9.445700000000000000e+04
7.540000000000000000e+02
1.590020000000000000e+05
1.933450000000000000e+05
1.579850000000000000e+05
1.916940000000000000e+05
1.879770000000000000e+05
8.378000000000000000e+03
2.146860000000000000e+05
1.690640000000000000e+05
6.478790000000000000e+05
7.808500000000000000e+04
1.224910000000000000e+05
7.910000000000000000e+03
1.566730000000000000e+05
2.307830000000000000e+05
1.774530000000000000e+05
2.159650000000000000e+05
1.628980000000000000e+05
8.322000000000000000e+03
1.556440000000000000e+05
1.565270000000000000e+05
5.461550000000000000e+05
7.883500000000000000e+04
1.061320000000000000e+05
9.360000000000000000e+02
1.211270000000000000e+05
1.024430000000000000e+05
5.650900000000000000e+04
3.751000000000000000e+04
3.265300000000000000e+04
0.000000000000000000e+00
3.255500000000000000e+04
4.165700000000000000e+04
2.775490000000000000e+05
5.848600000000000000e+04
3.702000000000000000e+04
0.000000000000000000e+00
3.298300000000000000e+04
3.186900000000000000e+04
3.155900000000000000e+04
3.309800000000000000e+04
3.312500000000000000e+04
0.000000000000000000e+00
3.460500000000000000e+04
3.330500000000000000e+04
7.128800000000000000e+04
6.044100000000000000e+04
3.763100000000000000e+04
0.000000000000000000e+00
3.369200000000000000e+04
3.207100000000000000e+04
3.194900000000000000e+04
3.110200000000000000e+04
3.110200000000000000e+04
0.000000000000000000e+00
3.110200000000000000e+04
3.110200000000000000e+04
1.655690000000000000e+05
6.292200000000000000e+04
3.626700000000000000e+04
0.000000000000000000e+00
3.378000000000000000e+04
3.393900000000000000e+04
