1.537140000000000000e+05
5.025400000000000000e+04
8.700000000000000000e+02
3.245200000000000000e+04
3.248500000000000000e+04
8.097900000000000000e+04
5.710600000000000000e+04
3.867200000000000000e+04
0.000000000000000000e+00
3.120900000000000000e+04
3.131000000000000000e+04
1.675830000000000000e+05
3.166000000000000000e+04
3.240900000000000000e+04
0.000000000000000000e+00
3.138100000000000000e+04
3.138100000000000000e+04
6.343200000000000000e+04
6.401600000000000000e+04
3.671700000000000000e+04
0.000000000000000000e+00
3.177000000000000000e+04
3.194000000000000000e+04
4.038000000000000000e+04
3.250800000000000000e+04
3.048700000000000000e+04
0.000000000000000000e+00
3.118300000000000000e+04
3.144600000000000000e+04
8.847100000000000000e+04
6.493800000000000000e+04
3.442800000000000000e+04
1.640000000000000000e+02
3.279600000000000000e+04
3.258400000000000000e+04
4.414100000000000000e+04
3.287900000000000000e+04
3.283900000000000000e+04
0.000000000000000000e+00
3.238400000000000000e+04
3.136500000000000000e+04
7.227200000000000000e+04
6.921800000000000000e+04
3.840400000000000000e+04
0.000000000000000000e+00
3.369300000000000000e+04
3.102600000000000000e+04
3.935200000000000000e+04
3.171300000000000000e+04
3.171300000000000000e+04
0.000000000000000000e+00
3.171000000000000000e+04
3.487800000000000000e+04
7.176200000000000000e+04
6.923400000000000000e+04
3.644000000000000000e+04
0.000000000000000000e+00
3.321800000000000000e+04
3.447200000000000000e+04
4.039100000000000000e+04
3.082300000000000000e+04
3.215800000000000000e+04
0.000000000000000000e+00
3.337500000000000000e+04
3.069900000000000000e+04
1.297770000000000000e+05
7.129100000000000000e+04
3.652100000000000000e+04
0.000000000000000000e+00
3.359600000000000000e+04
3.305500000000000000e+04
6.696000000000000000e+04
7.312600000000000000e+04
8.114500000000000000e+04
6.237000000000000000e+03
9.313900000000000000e+04
1.186350000000000000e+05
2.641350000000000000e+05
8.432100000000000000e+04
1.139840000000000000e+05
4.410000000000000000e+03
1.315370000000000000e+05
1.233550000000000000e+05
1.512610000000000000e+05
6.430700000000000000e+05
6.380790000000000000e+05
4.932300000000000000e+04
5.428450000000000000e+05
8.163110000000000000e+05
2.159036000000000000e+06
1.266082000000000000e+06
1.835166000000000000e+06
6.549700000000000000e+04
1.591669000000000000e+06
1.058303000000000000e+06
1.380023000000000000e+06
1.111522000000000000e+06
1.019100000000000000e+06
1.971800000000000000e+05
8.698860000000000000e+05
1.052835000000000000e+06
1.447709000000000000e+06
4.331460000000000000e+05
5.522340000000000000e+05
1.185400000000000000e+05
6.099900000000000000e+05
5.399930000000000000e+05
8.503740000000000000e+05
3.749430000000000000e+05
4.031720000000000000e+05
2.239100000000000000e+04
3.043670000000000000e+05
6.938200000000000000e+05
1.260422000000000000e+06
1.497562000000000000e+06
1.728720000000000000e+06
7.387200000000000000e+04
1.954380000000000000e+06
2.044665000000000000e+06
2.212493000000000000e+06
2.244983000000000000e+06
2.329549000000000000e+06
1.473700000000000000e+04
2.364322000000000000e+06
2.370344000000000000e+06
2.458378000000000000e+06
2.422885000000000000e+06
2.412466000000000000e+06
1.840900000000000000e+04
2.395145000000000000e+06
2.399431000000000000e+06
2.406246000000000000e+06
2.405885000000000000e+06
2.391169000000000000e+06
1.581700000000000000e+04
2.379090000000000000e+06
2.334874000000000000e+06
2.362057000000000000e+06
2.390742000000000000e+06
2.320821000000000000e+06
1.179000000000000000e+04
2.225663000000000000e+06
2.156183000000000000e+06
2.109977000000000000e+06
1.909312000000000000e+06
1.899587000000000000e+06
1.299800000000000000e+04
1.569537000000000000e+06
1.404427000000000000e+06
