7.476560000000000000e+05
3.390240000000000000e+05
1.434800000000000000e+04
4.124800000000000000e+04
5.694930000000000000e+05
9.493380000000000000e+05
1.036641000000000000e+06
1.437899000000000000e+06
1.166900000000000000e+04
1.510695000000000000e+06
1.859235000000000000e+06
2.450437000000000000e+06
2.133603000000000000e+06
2.210181000000000000e+06
1.623500000000000000e+04
2.514535000000000000e+06
2.583655000000000000e+06
2.595754000000000000e+06
2.691628000000000000e+06
2.760290000000000000e+06
4.305000000000000000e+04
2.686098000000000000e+06
2.760494000000000000e+06
4.059861000000000000e+06
2.500673000000000000e+06
2.649811000000000000e+06
2.166800000000000000e+04
2.697859000000000000e+06
2.739205000000000000e+06
2.588462000000000000e+06
2.511051000000000000e+06
2.455342000000000000e+06
4.823400000000000000e+04
2.311106000000000000e+06
2.144450000000000000e+06
3.740485000000000000e+06
1.580110000000000000e+06
1.525057000000000000e+06
6.734000000000000000e+03
1.425341000000000000e+06
1.281495000000000000e+06
7.975410000000000000e+05
3.235650000000000000e+05
7.828300000000000000e+04
2.687000000000000000e+03
7.615300000000000000e+04
1.361310000000000000e+05
1.315339000000000000e+06
8.270700000000000000e+04
9.115200000000000000e+04
2.547000000000000000e+03
0.000000000000000000e+00
3.153500000000000000e+04
1.840430000000000000e+05
2.335900000000000000e+04
6.797000000000000000e+04
1.609000000000000000e+03
1.300000000000000000e+02
4.337400000000000000e+04
6.839840000000000000e+05
1.440590000000000000e+05
3.795100000000000000e+04
3.155000000000000000e+03
1.377570000000000000e+05
1.116500000000000000e+04
0.000000000000000000e+00
1.381850000000000000e+05
3.593000000000000000e+03
0.000000000000000000e+00
1.309000000000000000e+03
1.091570000000000000e+05
8.295200000000000000e+05
9.322300000000000000e+04
1.256200000000000000e+04
0.000000000000000000e+00
1.416840000000000000e+05
6.142000000000000000e+04
2.889190000000000000e+05
1.002230000000000000e+05
2.098370000000000000e+05
1.070500000000000000e+04
5.227200000000000000e+04
2.815370000000000000e+05
7.154200000000000000e+05
1.566810000000000000e+05
2.842560000000000000e+05
2.174800000000000000e+04
3.224750000000000000e+05
5.673560000000000000e+05
5.698460000000000000e+05
4.541290000000000000e+05
8.179490000000000000e+05
2.983900000000000000e+04
6.712410000000000000e+05
1.158855000000000000e+06
1.887768000000000000e+06
1.643316000000000000e+06
5.861700000000000000e+04
3.491000000000000000e+03
1.074800000000000000e+04
1.269780000000000000e+05
1.124610000000000000e+05
1.377100000000000000e+04
1.563010000000000000e+05
3.043000000000000000e+03
1.851000000000000000e+03
5.950000000000000000e+03
7.053700000000000000e+05
6.218200000000000000e+04
9.951000000000000000e+03
0.000000000000000000e+00
0.000000000000000000e+00
0.000000000000000000e+00
0.000000000000000000e+00
0.000000000000000000e+00
0.000000000000000000e+00
0.000000000000000000e+00
0.000000000000000000e+00
0.000000000000000000e+00
8.133300000000000000e+04
5.531700000000000000e+04
9.951000000000000000e+03
0.000000000000000000e+00
0.000000000000000000e+00
0.000000000000000000e+00
0.000000000000000000e+00
0.000000000000000000e+00
0.000000000000000000e+00
0.000000000000000000e+00
0.000000000000000000e+00
0.000000000000000000e+00
9.930500000000000000e+04
5.613100000000000000e+04
7.963000000000000000e+03
0.000000000000000000e+00
0.000000000000000000e+00
0.000000000000000000e+00
0.000000000000000000e+00
0.000000000000000000e+00
0.000000000000000000e+00
0.000000000000000000e+00
0.000000000000000000e+00
0.000000000000000000e+00
5.679350000000000000e+05
5.161800000000000000e+04
3.215000000000000000e+03
0.000000000000000000e+00
0.000000000000000000e+00
0.000000000000000000e+00
