4.902840000000000000e+05
4.620600000000000000e+04
4.568000000000000000e+03
1.490000000000000000e+02
0.000000000000000000e+00
6.223500000000000000e+04
5.386300000000000000e+04
3.307000000000000000e+03
0.000000000000000000e+00
0.000000000000000000e+00
0.000000000000000000e+00
5.348970000000000000e+05
0.000000000000000000e+00
0.000000000000000000e+00
0.000000000000000000e+00
0.000000000000000000e+00
0.000000000000000000e+00
6.113000000000000000e+04
5.438900000000000000e+04
3.099000000000000000e+03
0.000000000000000000e+00
0.000000000000000000e+00
0.000000000000000000e+00
2.297800000000000000e+04
0.000000000000000000e+00
0.000000000000000000e+00
0.000000000000000000e+00
0.000000000000000000e+00
0.000000000000000000e+00
5.704900000000000000e+04
5.419800000000000000e+04
3.099000000000000000e+03
0.000000000000000000e+00
0.000000000000000000e+00
0.000000000000000000e+00
2.130600000000000000e+04
0.000000000000000000e+00
0.000000000000000000e+00
0.000000000000000000e+00
0.000000000000000000e+00
0.000000000000000000e+00
5.704900000000000000e+04
5.595000000000000000e+04
3.572800000000000000e+04
2.753000000000000000e+03
9.022800000000000000e+04
1.832010000000000000e+05
2.195540000000000000e+05
1.786570000000000000e+05
2.663580000000000000e+05
7.558100000000000000e+04
2.043570000000000000e+05
3.885880000000000000e+05
8.648510000000000000e+05
1.095940000000000000e+05
1.476720000000000000e+05
1.474200000000000000e+04
2.311860000000000000e+05
3.921500000000000000e+05
4.681830000000000000e+05
4.923820000000000000e+05
4.764980000000000000e+05
1.156980000000000000e+05
3.798380000000000000e+05
6.217040000000000000e+05
1.232780000000000000e+06
1.145390000000000000e+05
1.372820000000000000e+05
7.223000000000000000e+03
1.737640000000000000e+05
4.165030000000000000e+05
6.791280000000000000e+05
4.193820000000000000e+05
3.044000000000000000e+05
8.225100000000000000e+04
3.478010000000000000e+05
3.053380000000000000e+05
6.856060000000000000e+05
7.329300000000000000e+04
5.906000000000000000e+03
0.000000000000000000e+00
2.641500000000000000e+04
1.547670000000000000e+05
1.776000000000000000e+05
3.709040000000000000e+05
3.956280000000000000e+05
5.532700000000000000e+04
3.593240000000000000e+05
3.959750000000000000e+05
1.155256000000000000e+06
1.317000000000000000e+05
3.344730000000000000e+05
1.188800000000000000e+05
4.118820000000000000e+05
5.796610000000000000e+05
6.293600000000000000e+05
7.623520000000000000e+05
5.057980000000000000e+05
3.660300000000000000e+04
2.495200000000000000e+05
7.766100000000000000e+04
2.290390000000000000e+05
9.009800000000000000e+04
4.764600000000000000e+04
1.885900000000000000e+04
9.366200000000000000e+04
1.121040000000000000e+05
1.597740000000000000e+05
1.628750000000000000e+05
1.863690000000000000e+05
3.239700000000000000e+04
1.908810000000000000e+05
7.910930000000000000e+05
2.631518000000000000e+06
1.024836000000000000e+06
9.528290000000000000e+05
6.362100000000000000e+04
9.381830000000000000e+05
8.560960000000000000e+05
7.058600000000000000e+05
8.606060000000000000e+05
8.187960000000000000e+05
1.249260000000000000e+05
8.771390000000000000e+05
8.394240000000000000e+05
2.548516000000000000e+06
1.925980000000000000e+05
6.375950000000000000e+05
2.175700000000000000e+04
1.093285000000000000e+06
1.462868000000000000e+06
1.338433000000000000e+06
1.175179000000000000e+06
1.178821000000000000e+06
9.516600000000000000e+04
1.217219000000000000e+06
1.373143000000000000e+06
4.209459000000000000e+06
2.027290000000000000e+05
3.684670000000000000e+05
1.026600000000000000e+04
6.996340000000000000e+05
7.475250000000000000e+05
1.288701000000000000e+06
6.666750000000000000e+05
5.971590000000000000e+05
3.352200000000000000e+04
6.719940000000000000e+05
7.620620000000000000e+05
