1.817730000000000000e+05
1.713750000000000000e+05
3.251200000000000000e+04
1.811410000000000000e+05
1.580040000000000000e+05
1.858100000000000000e+05
1.584420000000000000e+05
1.557300000000000000e+04
3.007500000000000000e+04
1.031500000000000000e+04
2.392200000000000000e+04
6.170200000000000000e+04
1.380000000000000000e+02
0.000000000000000000e+00
0.000000000000000000e+00
0.000000000000000000e+00
0.000000000000000000e+00
9.214000000000000000e+03
1.750000000000000000e+02
0.000000000000000000e+00
0.000000000000000000e+00
0.000000000000000000e+00
0.000000000000000000e+00
4.571900000000000000e+04
0.000000000000000000e+00
0.000000000000000000e+00
0.000000000000000000e+00
0.000000000000000000e+00
0.000000000000000000e+00
3.715000000000000000e+03
0.000000000000000000e+00
0.000000000000000000e+00
0.000000000000000000e+00
0.000000000000000000e+00
0.000000000000000000e+00
3.501500000000000000e+04
0.000000000000000000e+00
0.000000000000000000e+00
0.000000000000000000e+00
0.000000000000000000e+00
0.000000000000000000e+00
2.040000000000000000e+02
0.000000000000000000e+00
0.000000000000000000e+00
0.000000000000000000e+00
0.000000000000000000e+00
0.000000000000000000e+00
1.850000000000000000e+02
0.000000000000000000e+00
0.000000000000000000e+00
0.000000000000000000e+00
0.000000000000000000e+00
0.000000000000000000e+00
0.000000000000000000e+00
0.000000000000000000e+00
0.000000000000000000e+00
0.000000000000000000e+00
0.000000000000000000e+00
0.000000000000000000e+00
1.061000000000000000e+03
0.000000000000000000e+00
0.000000000000000000e+00
0.000000000000000000e+00
0.000000000000000000e+00
0.000000000000000000e+00
2.625000000000000000e+03
3.230000000000000000e+02
5.758400000000000000e+04
6.530000000000000000e+02
5.240000000000000000e+04
4.743000000000000000e+04
8.185900000000000000e+04
4.219800000000000000e+04
6.600500000000000000e+04
1.214000000000000000e+03
6.799500000000000000e+04
7.110100000000000000e+04
1.029000000000000000e+05
8.246200000000000000e+04
7.582700000000000000e+04
3.440000000000000000e+03
6.938500000000000000e+04
8.169500000000000000e+04
8.429500000000000000e+04
6.720600000000000000e+04
6.903000000000000000e+04
5.842000000000000000e+03
6.268800000000000000e+04
8.280000000000000000e+04
1.059640000000000000e+05
6.169100000000000000e+04
8.829800000000000000e+04
3.981000000000000000e+03
7.519200000000000000e+04
1.143810000000000000e+05
9.188300000000000000e+04
6.116000000000000000e+04
4.610400000000000000e+04
2.739000000000000000e+03
4.721200000000000000e+04
4.305500000000000000e+04
3.194300000000000000e+04
1.544800000000000000e+04
2.325200000000000000e+04
2.089000000000000000e+03
2.010500000000000000e+04
1.704400000000000000e+04
1.912300000000000000e+04
8.592000000000000000e+03
1.569100000000000000e+04
5.400000000000000000e+02
8.225000000000000000e+03
6.055000000000000000e+03
1.165900000000000000e+04
2.241000000000000000e+03
2.816000000000000000e+03
1.280000000000000000e+02
1.509000000000000000e+03
1.710000000000000000e+03
2.440000000000000000e+02
1.920000000000000000e+02
0.000000000000000000e+00
0.000000000000000000e+00
0.000000000000000000e+00
0.000000000000000000e+00
0.000000000000000000e+00
0.000000000000000000e+00
7.200000000000000000e+02
0.000000000000000000e+00
1.477000000000000000e+03
2.592000000000000000e+03
6.740000000000000000e+03
4.827000000000000000e+03
7.716000000000000000e+03
1.497000000000000000e+03
1.418900000000000000e+04
2.541400000000000000e+04
2.390500000000000000e+04
1.796500000000000000e+04
2.932100000000000000e+04
4.559000000000000000e+03
4.124900000000000000e+04
4.805000000000000000e+04
5.933800000000000000e+04
3.993300000000000000e+04
7.428300000000000000e+04
6.537000000000000000e+03
8.990200000000000000e+04
8.753700000000000000e+04
