3.328800000000000000e+05
2.879390000000000000e+05
2.558200000000000000e+04
3.405790000000000000e+05
3.135230000000000000e+05
4.938660000000000000e+05
1.680580000000000000e+05
7.890000000000000000e+03
0.000000000000000000e+00
3.970000000000000000e+03
5.449000000000000000e+03
9.974100000000000000e+04
2.568500000000000000e+04
1.999800000000000000e+04
3.200000000000000000e+02
1.672900000000000000e+04
2.808300000000000000e+04
2.455020000000000000e+05
3.539600000000000000e+04
1.355600000000000000e+04
0.000000000000000000e+00
2.302100000000000000e+04
1.772500000000000000e+04
6.642100000000000000e+04
3.411400000000000000e+04
1.000900000000000000e+04
1.950000000000000000e+02
2.020100000000000000e+04
2.614800000000000000e+04
1.257390000000000000e+05
4.037100000000000000e+04
1.541300000000000000e+04
0.000000000000000000e+00
1.938100000000000000e+04
3.503300000000000000e+04
7.521700000000000000e+04
3.241100000000000000e+04
1.971600000000000000e+04
1.740000000000000000e+02
2.625100000000000000e+04
3.003000000000000000e+04
1.189590000000000000e+05
4.833800000000000000e+04
2.609800000000000000e+04
1.980000000000000000e+02
1.876000000000000000e+03
1.330000000000000000e+02
3.256200000000000000e+04
0.000000000000000000e+00
0.000000000000000000e+00
0.000000000000000000e+00
0.000000000000000000e+00
0.000000000000000000e+00
6.572800000000000000e+04
4.091700000000000000e+04
5.886000000000000000e+03
0.000000000000000000e+00
0.000000000000000000e+00
0.000000000000000000e+00
2.485100000000000000e+04
0.000000000000000000e+00
0.000000000000000000e+00
0.000000000000000000e+00
0.000000000000000000e+00
0.000000000000000000e+00
7.828700000000000000e+04
3.969000000000000000e+04
5.879000000000000000e+03
0.000000000000000000e+00
0.000000000000000000e+00
0.000000000000000000e+00
3.361300000000000000e+04
0.000000000000000000e+00
0.000000000000000000e+00
0.000000000000000000e+00
0.000000000000000000e+00
0.000000000000000000e+00
5.116600000000000000e+04
3.826700000000000000e+04
5.946000000000000000e+03
0.000000000000000000e+00
0.000000000000000000e+00
0.000000000000000000e+00
2.340500000000000000e+04
0.000000000000000000e+00
0.000000000000000000e+00
0.000000000000000000e+00
0.000000000000000000e+00
0.000000000000000000e+00
4.366700000000000000e+04
3.832600000000000000e+04
5.946000000000000000e+03
0.000000000000000000e+00
0.000000000000000000e+00
0.000000000000000000e+00
1.995700000000000000e+04
0.000000000000000000e+00
0.000000000000000000e+00
0.000000000000000000e+00
0.000000000000000000e+00
0.000000000000000000e+00
4.616600000000000000e+04
3.852200000000000000e+04
5.946000000000000000e+03
0.000000000000000000e+00
0.000000000000000000e+00
0.000000000000000000e+00
2.141600000000000000e+04
0.000000000000000000e+00
0.000000000000000000e+00
0.000000000000000000e+00
0.000000000000000000e+00
0.000000000000000000e+00
4.366000000000000000e+04
3.826700000000000000e+04
5.946000000000000000e+03
0.000000000000000000e+00
0.000000000000000000e+00
0.000000000000000000e+00
2.000100000000000000e+04
0.000000000000000000e+00
0.000000000000000000e+00
0.000000000000000000e+00
0.000000000000000000e+00
0.000000000000000000e+00
4.366000000000000000e+04
3.826700000000000000e+04
5.946000000000000000e+03
0.000000000000000000e+00
0.000000000000000000e+00
0.000000000000000000e+00
2.000100000000000000e+04
0.000000000000000000e+00
0.000000000000000000e+00
0.000000000000000000e+00
0.000000000000000000e+00
0.000000000000000000e+00
7.220900000000000000e+04
3.863300000000000000e+04
5.945000000000000000e+03
0.000000000000000000e+00
0.000000000000000000e+00
0.000000000000000000e+00
3.294900000000000000e+04
0.000000000000000000e+00
0.000000000000000000e+00
0.000000000000000000e+00
0.000000000000000000e+00
0.000000000000000000e+00
