1.210250000000000000e+05
1.076500000000000000e+04
1.210000000000000000e+02
0.000000000000000000e+00
0.000000000000000000e+00
7.372500000000000000e+04
6.410000000000000000e+04
3.992000000000000000e+03
0.000000000000000000e+00
0.000000000000000000e+00
0.000000000000000000e+00
1.476320000000000000e+05
3.882000000000000000e+03
5.620000000000000000e+02
0.000000000000000000e+00
0.000000000000000000e+00
0.000000000000000000e+00
7.791200000000000000e+04
6.508300000000000000e+04
3.751000000000000000e+03
0.000000000000000000e+00
0.000000000000000000e+00
0.000000000000000000e+00
3.975600000000000000e+04
3.882000000000000000e+03
5.620000000000000000e+02
0.000000000000000000e+00
0.000000000000000000e+00
0.000000000000000000e+00
7.658600000000000000e+04
1.667150000000000000e+05
1.342950000000000000e+05
1.984000000000000000e+03
1.229520000000000000e+05
1.296040000000000000e+05
1.753160000000000000e+05
1.186690000000000000e+05
1.081000000000000000e+03
0.000000000000000000e+00
0.000000000000000000e+00
0.000000000000000000e+00
1.148060000000000000e+05
6.933400000000000000e+04
3.925000000000000000e+03
0.000000000000000000e+00
0.000000000000000000e+00
0.000000000000000000e+00
4.574900000000000000e+04
3.882000000000000000e+03
5.620000000000000000e+02
0.000000000000000000e+00
0.000000000000000000e+00
0.000000000000000000e+00
8.474400000000000000e+04
6.898100000000000000e+04
3.751000000000000000e+03
0.000000000000000000e+00
1.092640000000000000e+05
1.242360000000000000e+05
1.630840000000000000e+05
1.337290000000000000e+05
1.226570000000000000e+05
6.142000000000000000e+03
1.279610000000000000e+05
5.320000000000000000e+02
1.261960000000000000e+05
6.935000000000000000e+04
3.751000000000000000e+03
0.000000000000000000e+00
0.000000000000000000e+00
0.000000000000000000e+00
4.705800000000000000e+04
3.882000000000000000e+03
5.620000000000000000e+02
0.000000000000000000e+00
0.000000000000000000e+00
0.000000000000000000e+00
9.031600000000000000e+04
6.926200000000000000e+04
3.751000000000000000e+03
0.000000000000000000e+00
0.000000000000000000e+00
0.000000000000000000e+00
4.499400000000000000e+04
3.882000000000000000e+03
5.620000000000000000e+02
0.000000000000000000e+00
0.000000000000000000e+00
0.000000000000000000e+00
8.948900000000000000e+04
6.720600000000000000e+04
1.632000000000000000e+03
0.000000000000000000e+00
0.000000000000000000e+00
0.000000000000000000e+00
4.410600000000000000e+04
3.882000000000000000e+03
5.620000000000000000e+02
0.000000000000000000e+00
0.000000000000000000e+00
0.000000000000000000e+00
8.025700000000000000e+04
6.692400000000000000e+04
1.632000000000000000e+03
0.000000000000000000e+00
0.000000000000000000e+00
0.000000000000000000e+00
3.921900000000000000e+04
3.882000000000000000e+03
5.620000000000000000e+02
0.000000000000000000e+00
0.000000000000000000e+00
0.000000000000000000e+00
8.582900000000000000e+04
6.692400000000000000e+04
1.632000000000000000e+03
0.000000000000000000e+00
0.000000000000000000e+00
0.000000000000000000e+00
4.184800000000000000e+04
3.882000000000000000e+03
5.620000000000000000e+02
0.000000000000000000e+00
0.000000000000000000e+00
0.000000000000000000e+00
8.359500000000000000e+04
6.705300000000000000e+04
1.632000000000000000e+03
0.000000000000000000e+00
0.000000000000000000e+00
0.000000000000000000e+00
4.072700000000000000e+04
3.882000000000000000e+03
5.620000000000000000e+02
0.000000000000000000e+00
0.000000000000000000e+00
0.000000000000000000e+00
7.967600000000000000e+04
6.692400000000000000e+04
1.632000000000000000e+03
0.000000000000000000e+00
0.000000000000000000e+00
0.000000000000000000e+00
3.886000000000000000e+04
3.882000000000000000e+03
5.620000000000000000e+02
0.000000000000000000e+00
0.000000000000000000e+00
0.000000000000000000e+00
