1.549700000000000000e+05
1.029900000000000000e+04
1.210000000000000000e+02
0.000000000000000000e+00
0.000000000000000000e+00
0.000000000000000000e+00
0.000000000000000000e+00
0.000000000000000000e+00
0.000000000000000000e+00
0.000000000000000000e+00
0.000000000000000000e+00
1.862540000000000000e+05
6.235800000000000000e+04
1.642000000000000000e+03
0.000000000000000000e+00
0.000000000000000000e+00
0.000000000000000000e+00
0.000000000000000000e+00
0.000000000000000000e+00
0.000000000000000000e+00
0.000000000000000000e+00
0.000000000000000000e+00
0.000000000000000000e+00
6.356800000000000000e+04
6.235800000000000000e+04
1.642000000000000000e+03
0.000000000000000000e+00
0.000000000000000000e+00
0.000000000000000000e+00
0.000000000000000000e+00
0.000000000000000000e+00
0.000000000000000000e+00
0.000000000000000000e+00
0.000000000000000000e+00
0.000000000000000000e+00
6.512100000000000000e+04
6.451900000000000000e+04
3.765000000000000000e+03
0.000000000000000000e+00
0.000000000000000000e+00
0.000000000000000000e+00
0.000000000000000000e+00
1.139500000000000000e+04
9.818000000000000000e+03
4.510000000000000000e+02
1.425400000000000000e+04
1.552000000000000000e+04
9.008400000000000000e+04
6.451800000000000000e+04
3.765000000000000000e+03
0.000000000000000000e+00
0.000000000000000000e+00
0.000000000000000000e+00
0.000000000000000000e+00
0.000000000000000000e+00
0.000000000000000000e+00
0.000000000000000000e+00
0.000000000000000000e+00
0.000000000000000000e+00
6.795500000000000000e+04
6.235700000000000000e+04
1.642000000000000000e+03
0.000000000000000000e+00
0.000000000000000000e+00
0.000000000000000000e+00
0.000000000000000000e+00
0.000000000000000000e+00
0.000000000000000000e+00
0.000000000000000000e+00
0.000000000000000000e+00
0.000000000000000000e+00
7.398400000000000000e+04
6.246700000000000000e+04
1.642000000000000000e+03
0.000000000000000000e+00
0.000000000000000000e+00
0.000000000000000000e+00
0.000000000000000000e+00
0.000000000000000000e+00
0.000000000000000000e+00
0.000000000000000000e+00
0.000000000000000000e+00
0.000000000000000000e+00
6.519700000000000000e+04
6.246700000000000000e+04
1.642000000000000000e+03
0.000000000000000000e+00
0.000000000000000000e+00
0.000000000000000000e+00
0.000000000000000000e+00
0.000000000000000000e+00
0.000000000000000000e+00
0.000000000000000000e+00
0.000000000000000000e+00
0.000000000000000000e+00
6.367700000000000000e+04
6.246700000000000000e+04
1.642000000000000000e+03
0.000000000000000000e+00
0.000000000000000000e+00
0.000000000000000000e+00
0.000000000000000000e+00
0.000000000000000000e+00
0.000000000000000000e+00
0.000000000000000000e+00
0.000000000000000000e+00
0.000000000000000000e+00
6.523000000000000000e+04
6.462800000000000000e+04
3.765000000000000000e+03
0.000000000000000000e+00
0.000000000000000000e+00
0.000000000000000000e+00
0.000000000000000000e+00
0.000000000000000000e+00
0.000000000000000000e+00
0.000000000000000000e+00
0.000000000000000000e+00
0.000000000000000000e+00
6.543500000000000000e+04
6.462800000000000000e+04
3.765000000000000000e+03
0.000000000000000000e+00
0.000000000000000000e+00
0.000000000000000000e+00
0.000000000000000000e+00
0.000000000000000000e+00
0.000000000000000000e+00
0.000000000000000000e+00
0.000000000000000000e+00
0.000000000000000000e+00
2.923090000000000000e+05
3.059010000000000000e+05
3.385640000000000000e+05
2.842600000000000000e+04
2.862300000000000000e+05
3.523720000000000000e+05
3.287560000000000000e+05
3.356190000000000000e+05
3.559110000000000000e+05
1.034800000000000000e+04
3.534940000000000000e+05
3.456340000000000000e+05
5.928780000000000000e+05
2.713610000000000000e+05
3.494700000000000000e+05
3.954000000000000000e+03
3.188850000000000000e+05
3.758090000000000000e+05
