1.743990000000000000e+05
1.510700000000000000e+04
6.920000000000000000e+02
1.732000000000000000e+03
0.000000000000000000e+00
1.453920000000000000e+05
9.266600000000000000e+04
3.814000000000000000e+03
0.000000000000000000e+00
0.000000000000000000e+00
0.000000000000000000e+00
2.151980000000000000e+05
3.930000000000000000e+03
5.620000000000000000e+02
0.000000000000000000e+00
0.000000000000000000e+00
0.000000000000000000e+00
1.518110000000000000e+05
9.569700000000000000e+04
5.829000000000000000e+03
0.000000000000000000e+00
0.000000000000000000e+00
0.000000000000000000e+00
6.745700000000000000e+04
3.930000000000000000e+03
5.620000000000000000e+02
0.000000000000000000e+00
0.000000000000000000e+00
0.000000000000000000e+00
1.582160000000000000e+05
9.752200000000000000e+04
4.065000000000000000e+03
0.000000000000000000e+00
0.000000000000000000e+00
0.000000000000000000e+00
6.443500000000000000e+04
3.930000000000000000e+03
5.620000000000000000e+02
0.000000000000000000e+00
0.000000000000000000e+00
0.000000000000000000e+00
1.603810000000000000e+05
9.419400000000000000e+04
3.729000000000000000e+03
0.000000000000000000e+00
1.727000000000000000e+03
0.000000000000000000e+00
6.716500000000000000e+04
3.930000000000000000e+03
2.222000000000000000e+03
0.000000000000000000e+00
0.000000000000000000e+00
1.877000000000000000e+03
1.664930000000000000e+05
9.399200000000000000e+04
8.710000000000000000e+03
0.000000000000000000e+00
7.292000000000000000e+03
1.420000000000000000e+02
7.105700000000000000e+04
5.716000000000000000e+03
7.450000000000000000e+02
0.000000000000000000e+00
8.701000000000000000e+03
0.000000000000000000e+00
1.926800000000000000e+05
1.080820000000000000e+05
1.449300000000000000e+04
1.720000000000000000e+02
1.132500000000000000e+04
9.914000000000000000e+03
7.924200000000000000e+04
3.930000000000000000e+03
5.070000000000000000e+03
1.940000000000000000e+02
6.249000000000000000e+03
0.000000000000000000e+00
1.922630000000000000e+05
9.245800000000000000e+04
2.120100000000000000e+04
0.000000000000000000e+00
3.338000000000000000e+03
1.915000000000000000e+04
7.470600000000000000e+04
1.613700000000000000e+04
7.326000000000000000e+03
2.080000000000000000e+02
9.743000000000000000e+03
4.726000000000000000e+03
2.116920000000000000e+05
1.029350000000000000e+05
2.952600000000000000e+04
0.000000000000000000e+00
1.782500000000000000e+04
1.610700000000000000e+04
8.427200000000000000e+04
3.000600000000000000e+04
1.703800000000000000e+04
0.000000000000000000e+00
2.170800000000000000e+04
1.638200000000000000e+04
2.439820000000000000e+05
1.117920000000000000e+05
3.693800000000000000e+04
2.279000000000000000e+03
2.453700000000000000e+04
3.005600000000000000e+04
9.446900000000000000e+04
4.101800000000000000e+04
2.306400000000000000e+04
2.309000000000000000e+03
3.145000000000000000e+04
2.982800000000000000e+04
2.758860000000000000e+05
1.143610000000000000e+05
5.735800000000000000e+04
3.437000000000000000e+03
5.494900000000000000e+04
5.109600000000000000e+04
1.067020000000000000e+05
6.073500000000000000e+04
5.556600000000000000e+04
5.869000000000000000e+03
5.042400000000000000e+04
3.502000000000000000e+04
2.970260000000000000e+05
9.574300000000000000e+04
5.244000000000000000e+03
0.000000000000000000e+00
0.000000000000000000e+00
0.000000000000000000e+00
8.264800000000000000e+04
3.930000000000000000e+03
5.620000000000000000e+02
0.000000000000000000e+00
0.000000000000000000e+00
0.000000000000000000e+00
1.704610000000000000e+05
9.448300000000000000e+04
1.770000000000000000e+03
0.000000000000000000e+00
0.000000000000000000e+00
0.000000000000000000e+00
7.087600000000000000e+04
3.930000000000000000e+03
5.620000000000000000e+02
0.000000000000000000e+00
0.000000000000000000e+00
0.000000000000000000e+00
