5.048280000000000000e+05
6.828700000000000000e+04
1.522600000000000000e+04
8.848000000000000000e+03
3.306000000000000000e+03
6.307000000000000000e+03
1.231000000000000000e+03
1.790000000000000000e+02
1.920000000000000000e+02
4.400000000000000000e+02
2.757700000000000000e+04
9.770440000000000000e+05
5.322576200000000000e+07
7.354500000000000000e+04
6.242520000000000000e+06
2.926800000000000000e+04
4.155200000000000000e+04
9.321600000000000000e+04
2.030500000000000000e+05
8.924000000000000000e+04
8.151600000000000000e+04
1.010990000000000000e+05
1.024810000000000000e+05
2.662449000000000000e+06
1.027200000000000000e+04
5.087000000000000000e+03
8.090000000000000000e+02
4.485554000000000000e+07
1.419480000000000000e+05
1.014130000000000000e+05
1.415900000000000000e+04
2.648000000000000000e+03
5.090000000000000000e+02
6.363000000000000000e+03
1.149700000000000000e+04
3.186929000000000000e+06
5.011600000000000000e+04
2.593000000000000000e+03
0.000000000000000000e+00
0.000000000000000000e+00
0.000000000000000000e+00
0.000000000000000000e+00
3.583383600000000000e+07
1.620750000000000000e+05
2.063620000000000000e+05
1.998700000000000000e+04
0.000000000000000000e+00
5.516676000000000000e+06
2.880900000000000000e+05
1.026900000000000000e+04
2.640000000000000000e+02
0.000000000000000000e+00
0.000000000000000000e+00
0.000000000000000000e+00
0.000000000000000000e+00
2.780000000000000000e+03
0.000000000000000000e+00
4.715866800000000000e+07
3.234190000000000000e+05
7.733200000000000000e+05
1.653000000000000000e+04
4.944000000000000000e+03
2.210000000000000000e+02
0.000000000000000000e+00
0.000000000000000000e+00
6.330000000000000000e+02
0.000000000000000000e+00
3.356000000000000000e+03
0.000000000000000000e+00
4.867492000000000000e+06
3.865720000000000000e+05
1.019898000000000000e+06
4.831657000000000000e+07
4.697160000000000000e+05
3.887400000000000000e+04
5.345000000000000000e+03
1.907000000000000000e+03
9.910000000000000000e+02
1.353000000000000000e+03
1.164000000000000000e+03
1.122100000000000000e+04
1.915000000000000000e+03
3.253000000000000000e+03
6.851030000000000000e+05
1.341076000000000000e+06
4.166660000000000000e+05
2.366400000000000000e+04
7.282936700000000000e+07
3.357860000000000000e+05
4.372200000000000000e+04
5.565000000000000000e+03
5.514000000000000000e+03
0.000000000000000000e+00
1.125900000000000000e+04
0.000000000000000000e+00
3.908250000000000000e+05
9.516000000000000000e+03
1.148000000000000000e+03
0.000000000000000000e+00
1.242904000000000000e+06
2.827360000000000000e+05
8.156000000000000000e+03
4.943716100000000000e+07
2.955540000000000000e+05
2.566200000000000000e+04
2.246000000000000000e+03
1.554000000000000000e+03
4.683960000000000000e+05
1.065900000000000000e+04
0.000000000000000000e+00
0.000000000000000000e+00
0.000000000000000000e+00
1.280000000000000000e+03
1.280000000000000000e+03
6.433010000000000000e+05
2.737770000000000000e+05
2.030200000000000000e+04
2.460938800000000000e+07
3.168690000000000000e+05
7.784820000000000000e+05
5.895800000000000000e+04
8.678000000000000000e+03
0.000000000000000000e+00
1.792000000000000000e+03
0.000000000000000000e+00
0.000000000000000000e+00
3.981870000000000000e+06
3.518970000000000000e+05
2.340300000000000000e+04
3.805000000000000000e+03
2.527000000000000000e+03
6.893280000000000000e+05
1.780618700000000000e+07
3.178720000000000000e+05
2.699610000000000000e+05
3.919600000000000000e+04
4.608000000000000000e+03
0.000000000000000000e+00
4.100098000000000000e+06
3.060680000000000000e+05
1.860600000000000000e+04
3.224000000000000000e+03
1.450000000000000000e+02
7.867010000000000000e+05
4.145000000000000000e+03
0.000000000000000000e+00
0.000000000000000000e+00
5.634857400000000000e+07
2.675020000000000000e+05
