5.269660000000000000e+05
3.059000000000000000e+04
1.884000000000000000e+03
4.510000000000000000e+02
1.620000000000000000e+02
4.680000000000000000e+02
4.375395000000000000e+06
3.673410000000000000e+05
2.098400000000000000e+04
4.160000000000000000e+02
3.740000000000000000e+02
6.352230000000000000e+05
1.583364700000000000e+07
2.481420000000000000e+05
2.574240000000000000e+05
3.731500000000000000e+04
5.936000000000000000e+03
7.420000000000000000e+02
4.400650000000000000e+06
4.019290000000000000e+05
1.804800000000000000e+04
1.625000000000000000e+03
3.330000000000000000e+02
8.071640000000000000e+05
9.582000000000000000e+03
4.290000000000000000e+02
0.000000000000000000e+00
1.352877600000000000e+07
3.499760000000000000e+05
1.653660000000000000e+05
4.628684000000000000e+06
3.483790000000000000e+05
1.845400000000000000e+04
4.434000000000000000e+03
1.492000000000000000e+03
8.259760000000000000e+05
1.260000000000000000e+04
0.000000000000000000e+00
1.888000000000000000e+03
0.000000000000000000e+00
0.000000000000000000e+00
0.000000000000000000e+00
1.674321300000000000e+07
3.567950000000000000e+05
1.250000000000000000e+04
1.683000000000000000e+03
5.250000000000000000e+02
6.505910000000000000e+05
1.323300000000000000e+04
0.000000000000000000e+00
0.000000000000000000e+00
0.000000000000000000e+00
0.000000000000000000e+00
7.552000000000000000e+03
8.239990000000000000e+05
3.225240000000000000e+05
1.052100000000000000e+04
1.562202900000000000e+07
3.813500000000000000e+05
9.090580000000000000e+05
4.997200000000000000e+04
1.904800000000000000e+04
5.271000000000000000e+03
9.632000000000000000e+03
0.000000000000000000e+00
2.754000000000000000e+03
5.232853000000000000e+06
3.874760000000000000e+05
3.389100000000000000e+04
2.556000000000000000e+03
4.468000000000000000e+03
7.971790000000000000e+05
2.029939800000000000e+07
4.446660000000000000e+05
2.445340000000000000e+05
3.215300000000000000e+04
2.160000000000000000e+03
0.000000000000000000e+00
4.615002000000000000e+06
3.660940000000000000e+05
1.432800000000000000e+04
3.920000000000000000e+02
0.000000000000000000e+00
8.744140000000000000e+05
1.004900000000000000e+04
0.000000000000000000e+00
0.000000000000000000e+00
1.905563700000000000e+07
3.016760000000000000e+05
2.342170000000000000e+05
4.221369000000000000e+06
3.476040000000000000e+05
2.753900000000000000e+04
3.753000000000000000e+03
4.760000000000000000e+02
7.986650000000000000e+05
1.726900000000000000e+04
4.050000000000000000e+02
0.000000000000000000e+00
0.000000000000000000e+00
0.000000000000000000e+00
0.000000000000000000e+00
2.875279100000000000e+07
2.900070000000000000e+05
1.440100000000000000e+04
2.322000000000000000e+03
1.419000000000000000e+03
5.607280000000000000e+05
1.082200000000000000e+04
0.000000000000000000e+00
0.000000000000000000e+00
0.000000000000000000e+00
0.000000000000000000e+00
0.000000000000000000e+00
3.372810000000000000e+05
2.565160000000000000e+05
8.159000000000000000e+03
1.731349200000000000e+07
3.436940000000000000e+05
8.430530000000000000e+05
6.499500000000000000e+04
1.654600000000000000e+04
1.825000000000000000e+03
2.352000000000000000e+03
0.000000000000000000e+00
0.000000000000000000e+00
5.185736000000000000e+06
3.537500000000000000e+05
2.860300000000000000e+04
5.070000000000000000e+03
1.754000000000000000e+03
8.274870000000000000e+05
2.294054900000000000e+07
3.416460000000000000e+05
3.128490000000000000e+05
2.801000000000000000e+04
6.320000000000000000e+02
0.000000000000000000e+00
5.232132000000000000e+06
3.762910000000000000e+05
3.069400000000000000e+04
6.140000000000000000e+03
3.422000000000000000e+03
9.745130000000000000e+05
1.454600000000000000e+04
3.430000000000000000e+02
0.000000000000000000e+00
2.724599300000000000e+07
3.802960000000000000e+05
