4.588670000000000000e+05
6.958000000000000000e+03
0.000000000000000000e+00
0.000000000000000000e+00
0.000000000000000000e+00
0.000000000000000000e+00
0.000000000000000000e+00
0.000000000000000000e+00
0.000000000000000000e+00
3.095030000000000000e+05
2.525540000000000000e+05
2.908270000000000000e+05
5.030268400000000000e+07
2.966590000000000000e+05
1.885800000000000000e+04
4.061000000000000000e+03
9.930000000000000000e+03
5.570000000000000000e+02
1.320000000000000000e+03
0.000000000000000000e+00
0.000000000000000000e+00
0.000000000000000000e+00
0.000000000000000000e+00
3.479700000000000000e+05
6.735780000000000000e+05
2.904960000000000000e+05
9.646000000000000000e+03
3.522479400000000000e+07
3.314640000000000000e+05
3.345000000000000000e+04
3.764000000000000000e+03
2.620000000000000000e+02
0.000000000000000000e+00
0.000000000000000000e+00
0.000000000000000000e+00
5.803250000000000000e+05
5.837000000000000000e+03
0.000000000000000000e+00
0.000000000000000000e+00
7.623340000000000000e+05
3.036670000000000000e+05
2.394700000000000000e+04
2.246617800000000000e+07
3.514940000000000000e+05
3.291050000000000000e+05
3.697100000000000000e+04
9.107000000000000000e+03
6.336330000000000000e+05
2.339100000000000000e+04
2.754000000000000000e+03
7.855000000000000000e+03
4.504989000000000000e+06
4.114830000000000000e+05
1.692100000000000000e+04
9.520000000000000000e+02
2.580000000000000000e+02
5.920000000000000000e+02
2.007530400000000000e+07
5.060910000000000000e+05
8.737430000000000000e+05
3.333800000000000000e+04
3.142000000000000000e+03
2.880000000000000000e+02
4.634982000000000000e+06
4.212490000000000000e+05
2.319900000000000000e+04
1.509000000000000000e+03
4.940000000000000000e+02
0.000000000000000000e+00
0.000000000000000000e+00
0.000000000000000000e+00
7.518840000000000000e+05
2.675090800000000000e+07
3.715290000000000000e+05
3.282460000000000000e+05
4.515450000000000000e+06
4.432630000000000000e+05
1.819400000000000000e+04
4.948000000000000000e+03
0.000000000000000000e+00
0.000000000000000000e+00
0.000000000000000000e+00
0.000000000000000000e+00
8.912950000000000000e+05
5.150000000000000000e+03
0.000000000000000000e+00
0.000000000000000000e+00
2.594151900000000000e+07
3.399210000000000000e+05
2.832100000000000000e+04
2.737000000000000000e+03
1.488000000000000000e+03
1.101000000000000000e+03
2.522000000000000000e+03
3.170000000000000000e+02
6.308880000000000000e+05
6.599000000000000000e+03
8.680000000000000000e+02
0.000000000000000000e+00
4.559790000000000000e+05
3.010030000000000000e+05
1.057900000000000000e+04
4.241938000000000000e+07
3.478490000000000000e+05
2.982100000000000000e+04
4.879000000000000000e+03
2.181000000000000000e+03
5.610950000000000000e+05
6.300000000000000000e+03
0.000000000000000000e+00
0.000000000000000000e+00
0.000000000000000000e+00
1.734400000000000000e+04
1.440000000000000000e+03
8.044770000000000000e+05
3.096070000000000000e+05
1.686000000000000000e+04
3.984554800000000000e+07
3.017060000000000000e+05
4.833070000000000000e+05
8.983000000000000000e+03
3.082000000000000000e+03
0.000000000000000000e+00
4.736000000000000000e+03
0.000000000000000000e+00
0.000000000000000000e+00
0.000000000000000000e+00
0.000000000000000000e+00
1.472000000000000000e+03
5.569700000000000000e+05
2.884130000000000000e+05
2.078980000000000000e+05
6.404700900000000000e+07
4.177350000000000000e+05
1.511600000000000000e+04
3.044000000000000000e+03
1.678000000000000000e+03
1.790000000000000000e+02
0.000000000000000000e+00
0.000000000000000000e+00
0.000000000000000000e+00
0.000000000000000000e+00
0.000000000000000000e+00
4.905480000000000000e+05
4.966450000000000000e+05
4.276690000000000000e+05
1.474000000000000000e+04
6.794978200000000000e+07
4.516180000000000000e+05
