8.044550000000000000e+05
1.551470000000000000e+05
3.478700000000000000e+04
2.247100000000000000e+04
4.223000000000000000e+03
6.924000000000000000e+03
2.369000000000000000e+03
2.078000000000000000e+03
1.500000000000000000e+03
7.570000000000000000e+02
3.458900000000000000e+04
7.519480000000000000e+05
5.424305400000000000e+07
1.264500000000000000e+04
6.260457000000000000e+06
3.139600000000000000e+04
4.006600000000000000e+04
1.156240000000000000e+05
2.070710000000000000e+05
1.132120000000000000e+05
7.815400000000000000e+04
1.198940000000000000e+05
1.062630000000000000e+05
2.388232000000000000e+06
5.265200000000000000e+04
1.781600000000000000e+04
7.970000000000000000e+02
4.508826100000000000e+07
1.100220000000000000e+05
1.028230000000000000e+05
7.211000000000000000e+03
9.890000000000000000e+02
0.000000000000000000e+00
7.127000000000000000e+03
1.331800000000000000e+04
2.945408000000000000e+06
8.915600000000000000e+04
6.134000000000000000e+03
0.000000000000000000e+00
0.000000000000000000e+00
0.000000000000000000e+00
0.000000000000000000e+00
3.613516300000000000e+07
1.256460000000000000e+05
2.052240000000000000e+05
1.942100000000000000e+04
0.000000000000000000e+00
5.431908000000000000e+06
3.001680000000000000e+05
1.017100000000000000e+04
0.000000000000000000e+00
0.000000000000000000e+00
0.000000000000000000e+00
0.000000000000000000e+00
0.000000000000000000e+00
2.496000000000000000e+03
0.000000000000000000e+00
4.738679500000000000e+07
2.831620000000000000e+05
1.868300000000000000e+04
0.000000000000000000e+00
4.282000000000000000e+03
0.000000000000000000e+00
0.000000000000000000e+00
2.160000000000000000e+02
6.220000000000000000e+02
0.000000000000000000e+00
3.498000000000000000e+03
0.000000000000000000e+00
5.041743000000000000e+06
3.354470000000000000e+05
1.421100000000000000e+04
4.854758800000000000e+07
4.079490000000000000e+05
2.736600000000000000e+04
0.000000000000000000e+00
0.000000000000000000e+00
0.000000000000000000e+00
0.000000000000000000e+00
0.000000000000000000e+00
9.110000000000000000e+03
1.395000000000000000e+03
1.856000000000000000e+03
0.000000000000000000e+00
1.287553000000000000e+06
4.012660000000000000e+05
2.276400000000000000e+04
7.309128700000000000e+07
2.958840000000000000e+05
3.069600000000000000e+04
0.000000000000000000e+00
3.759000000000000000e+03
0.000000000000000000e+00
1.101500000000000000e+04
0.000000000000000000e+00
8.481000000000000000e+03
0.000000000000000000e+00
7.040000000000000000e+02
0.000000000000000000e+00
1.144177000000000000e+06
2.690170000000000000e+05
7.636000000000000000e+03
4.971824100000000000e+07
2.523740000000000000e+05
1.790900000000000000e+04
0.000000000000000000e+00
1.024000000000000000e+03
0.000000000000000000e+00
2.368000000000000000e+03
0.000000000000000000e+00
0.000000000000000000e+00
0.000000000000000000e+00
1.024000000000000000e+03
1.024000000000000000e+03
6.096610000000000000e+05
2.659570000000000000e+05
1.869200000000000000e+04
2.479879400000000000e+07
2.814760000000000000e+05
2.602550000000000000e+05
5.591400000000000000e+04
7.802000000000000000e+03
0.000000000000000000e+00
1.792000000000000000e+03
0.000000000000000000e+00
0.000000000000000000e+00
4.022366000000000000e+06
2.876270000000000000e+05
1.361700000000000000e+04
0.000000000000000000e+00
1.792000000000000000e+03
0.000000000000000000e+00
1.803045600000000000e+07
3.059710000000000000e+05
2.646070000000000000e+05
4.007900000000000000e+04
4.096000000000000000e+03
0.000000000000000000e+00
4.134536000000000000e+06
2.247730000000000000e+05
6.776000000000000000e+03
0.000000000000000000e+00
0.000000000000000000e+00
0.000000000000000000e+00
0.000000000000000000e+00
0.000000000000000000e+00
0.000000000000000000e+00
5.658822900000000000e+07
2.435180000000000000e+05
9.735000000000000000e+03
0.000000000000000000e+00
0.000000000000000000e+00
0.000000000000000000e+00
0.000000000000000000e+00
0.000000000000000000e+00
0.000000000000000000e+00
0.000000000000000000e+00
0.000000000000000000e+00
0.000000000000000000e+00
2.705410000000000000e+05
2.427910000000000000e+05
6.485000000000000000e+03
5.052236100000000000e+07
2.752920000000000000e+05
1.108500000000000000e+04
0.000000000000000000e+00
7.449000000000000000e+03
0.000000000000000000e+00
1.152000000000000000e+03
0.000000000000000000e+00
0.000000000000000000e+00
0.000000000000000000e+00
0.000000000000000000e+00
0.000000000000000000e+00
6.233450000000000000e+05
2.735730000000000000e+05
1.000300000000000000e+04
3.536213400000000000e+07
2.849980000000000000e+05
2.692600000000000000e+04
0.000000000000000000e+00
1.920000000000000000e+02
0.000000000000000000e+00
0.000000000000000000e+00
0.000000000000000000e+00
0.000000000000000000e+00
0.000000000000000000e+00
0.000000000000000000e+00
0.000000000000000000e+00
7.260110000000000000e+05
2.896740000000000000e+05
2.322100000000000000e+04
2.262548500000000000e+07
3.240700000000000000e+05
3.183400000000000000e+05
3.538400000000000000e+04
8.518000000000000000e+03
0.000000000000000000e+00
1.012400000000000000e+04
0.000000000000000000e+00
6.512000000000000000e+03
4.606682000000000000e+06
3.365010000000000000e+05
1.041200000000000000e+04
0.000000000000000000e+00
0.000000000000000000e+00
0.000000000000000000e+00
2.020834200000000000e+07
4.667040000000000000e+05
1.863860000000000000e+05
2.316300000000000000e+04
1.344000000000000000e+03
0.000000000000000000e+00
4.726706000000000000e+06
3.537440000000000000e+05
1.465400000000000000e+04
0.000000000000000000e+00
0.000000000000000000e+00
0.000000000000000000e+00
0.000000000000000000e+00
0.000000000000000000e+00
0.000000000000000000e+00
2.691442500000000000e+07
3.395660000000000000e+05
3.196150000000000000e+05
4.606038000000000000e+06
3.497140000000000000e+05
1.496000000000000000e+03
3.543000000000000000e+03
0.000000000000000000e+00
0.000000000000000000e+00
0.000000000000000000e+00
0.000000000000000000e+00
0.000000000000000000e+00
0.000000000000000000e+00
0.000000000000000000e+00
0.000000000000000000e+00
2.610112500000000000e+07
2.799070000000000000e+05
1.616100000000000000e+04
0.000000000000000000e+00
5.520000000000000000e+02
0.000000000000000000e+00
2.496000000000000000e+03
0.000000000000000000e+00
0.000000000000000000e+00
0.000000000000000000e+00
0.000000000000000000e+00
0.000000000000000000e+00
4.138640000000000000e+05
2.861010000000000000e+05
1.043200000000000000e+04
4.268511800000000000e+07
3.031690000000000000e+05
2.150800000000000000e+04
0.000000000000000000e+00
0.000000000000000000e+00
0.000000000000000000e+00
0.000000000000000000e+00
0.000000000000000000e+00
0.000000000000000000e+00
0.000000000000000000e+00
1.657600000000000000e+04
1.344000000000000000e+03
7.267080000000000000e+05
2.925940000000000000e+05
1.740200000000000000e+04
4.015968800000000000e+07
2.703590000000000000e+05
1.947100000000000000e+04
0.000000000000000000e+00
3.072000000000000000e+03
0.000000000000000000e+00
4.096000000000000000e+03
0.000000000000000000e+00
0.000000000000000000e+00
0.000000000000000000e+00
0.000000000000000000e+00
1.344000000000000000e+03
5.286950000000000000e+05
2.812150000000000000e+05
3.221300000000000000e+04
6.452031400000000000e+07
3.998180000000000000e+05
1.021000000000000000e+04
0.000000000000000000e+00
0.000000000000000000e+00
0.000000000000000000e+00
0.000000000000000000e+00
0.000000000000000000e+00
0.000000000000000000e+00
0.000000000000000000e+00
0.000000000000000000e+00
0.000000000000000000e+00
4.295680000000000000e+05
4.004100000000000000e+05
1.446300000000000000e+04
6.841872600000000000e+07
4.150960000000000000e+05
4.178700000000000000e+04
3.023000000000000000e+03
0.000000000000000000e+00
0.000000000000000000e+00
0.000000000000000000e+00
0.000000000000000000e+00
1.280000000000000000e+03
0.000000000000000000e+00
7.967000000000000000e+03
0.000000000000000000e+00
7.485380000000000000e+05
4.255540000000000000e+05
4.511600000000000000e+04
4.909619900000000000e+07
3.225380000000000000e+05
2.492200000000000000e+04
0.000000000000000000e+00
0.000000000000000000e+00
0.000000000000000000e+00
4.032000000000000000e+03
0.000000000000000000e+00
2.688000000000000000e+03
0.000000000000000000e+00
0.000000000000000000e+00
1.344000000000000000e+03
8.155140000000000000e+05
3.435490000000000000e+05
1.538700000000000000e+04
2.019719700000000000e+07
3.461920000000000000e+05
3.534040000000000000e+05
6.102100000000000000e+04
3.424300000000000000e+04
9.290000000000000000e+03
9.387000000000000000e+03
0.000000000000000000e+00
1.420300000000000000e+04
5.765787000000000000e+06
3.792850000000000000e+05
1.420900000000000000e+04
7.680000000000000000e+02
0.000000000000000000e+00
0.000000000000000000e+00
1.582992700000000000e+07
2.961790000000000000e+05
3.953500000000000000e+05
3.992500000000000000e+04
3.065100000000000000e+04
0.000000000000000000e+00
5.367952000000000000e+06
3.314340000000000000e+05
1.477200000000000000e+04
0.000000000000000000e+00
0.000000000000000000e+00
0.000000000000000000e+00
0.000000000000000000e+00
0.000000000000000000e+00
0.000000000000000000e+00
1.693087500000000000e+07
1.520240000000000000e+05
2.942590000000000000e+05
5.155756000000000000e+06
3.167020000000000000e+05
1.314300000000000000e+04
0.000000000000000000e+00
0.000000000000000000e+00
2.048000000000000000e+03
0.000000000000000000e+00
0.000000000000000000e+00
0.000000000000000000e+00
0.000000000000000000e+00
0.000000000000000000e+00
0.000000000000000000e+00
1.804662300000000000e+07
3.484580000000000000e+05
1.703100000000000000e+04
0.000000000000000000e+00
0.000000000000000000e+00
0.000000000000000000e+00
1.094400000000000000e+04
0.000000000000000000e+00
0.000000000000000000e+00
0.000000000000000000e+00
2.624000000000000000e+03
0.000000000000000000e+00
5.621530000000000000e+05
3.382230000000000000e+05
1.150000000000000000e+04
2.079356200000000000e+07
3.748510000000000000e+05
3.052320000000000000e+05
4.711900000000000000e+04
1.271000000000000000e+03
0.000000000000000000e+00
1.722300000000000000e+04
0.000000000000000000e+00
1.088000000000000000e+03
4.824146000000000000e+06
3.277030000000000000e+05
1.593600000000000000e+04
0.000000000000000000e+00
0.000000000000000000e+00
0.000000000000000000e+00
2.125888300000000000e+07
3.139840000000000000e+05
3.394250000000000000e+05
2.087300000000000000e+04
1.606400000000000000e+04
0.000000000000000000e+00
4.906081000000000000e+06
4.194790000000000000e+05
1.229300000000000000e+04
2.711000000000000000e+03
5.632000000000000000e+03
1.664000000000000000e+03
0.000000000000000000e+00
0.000000000000000000e+00
0.000000000000000000e+00
2.875408100000000000e+07
2.295730000000000000e+05
3.765230000000000000e+05
4.299161000000000000e+06
3.412750000000000000e+05
6.694000000000000000e+03
0.000000000000000000e+00
0.000000000000000000e+00
0.000000000000000000e+00
0.000000000000000000e+00
0.000000000000000000e+00
0.000000000000000000e+00
0.000000000000000000e+00
0.000000000000000000e+00
0.000000000000000000e+00
2.456600100000000000e+07
2.900210000000000000e+05
1.295700000000000000e+04
0.000000000000000000e+00
0.000000000000000000e+00
0.000000000000000000e+00
4.032000000000000000e+03
0.000000000000000000e+00
4.032000000000000000e+03
0.000000000000000000e+00
0.000000000000000000e+00
2.944000000000000000e+03
5.490300000000000000e+05
2.869950000000000000e+05
7.261000000000000000e+03
2.356321200000000000e+07
2.404780000000000000e+05
2.818090000000000000e+05
3.177000000000000000e+04
3.264000000000000000e+03
0.000000000000000000e+00
0.000000000000000000e+00
0.000000000000000000e+00
0.000000000000000000e+00
4.427027000000000000e+06
3.107050000000000000e+05
1.423700000000000000e+04
0.000000000000000000e+00
0.000000000000000000e+00
0.000000000000000000e+00
1.592285300000000000e+07
2.370930000000000000e+05
2.546580000000000000e+05
3.555600000000000000e+04
5.027000000000000000e+03
0.000000000000000000e+00
4.469108000000000000e+06
3.142330000000000000e+05
1.287600000000000000e+04
0.000000000000000000e+00
0.000000000000000000e+00
1.152000000000000000e+03
0.000000000000000000e+00
0.000000000000000000e+00
0.000000000000000000e+00
1.361282200000000000e+07
3.326610000000000000e+05
1.605150000000000000e+05
4.712646000000000000e+06
2.723250000000000000e+05
7.577000000000000000e+03
1.600000000000000000e+03
0.000000000000000000e+00
0.000000000000000000e+00
0.000000000000000000e+00
0.000000000000000000e+00
1.344000000000000000e+03
0.000000000000000000e+00
0.000000000000000000e+00
0.000000000000000000e+00
1.690988300000000000e+07
3.062360000000000000e+05
4.475000000000000000e+03
0.000000000000000000e+00
0.000000000000000000e+00
0.000000000000000000e+00
0.000000000000000000e+00
0.000000000000000000e+00
0.000000000000000000e+00
0.000000000000000000e+00
0.000000000000000000e+00
6.464000000000000000e+03
7.650500000000000000e+05
3.068740000000000000e+05
9.425000000000000000e+03
1.572397000000000000e+07
3.640720000000000000e+05
2.694120000000000000e+05
3.710800000000000000e+04
1.572700000000000000e+04
5.209000000000000000e+03
1.049600000000000000e+04
0.000000000000000000e+00
2.240000000000000000e+03
5.332725000000000000e+06
3.147510000000000000e+05
1.904600000000000000e+04
0.000000000000000000e+00
3.968000000000000000e+03
0.000000000000000000e+00
2.046484100000000000e+07
4.221200000000000000e+05
2.405700000000000000e+05
3.010300000000000000e+04
2.135000000000000000e+03
0.000000000000000000e+00
4.702757000000000000e+06
2.795470000000000000e+05
5.520000000000000000e+03
0.000000000000000000e+00
0.000000000000000000e+00
0.000000000000000000e+00
0.000000000000000000e+00
0.000000000000000000e+00
0.000000000000000000e+00
1.927175000000000000e+07
2.771010000000000000e+05
2.327890000000000000e+05
4.336954000000000000e+06
2.690910000000000000e+05
1.806500000000000000e+04
0.000000000000000000e+00
0.000000000000000000e+00
0.000000000000000000e+00
0.000000000000000000e+00
0.000000000000000000e+00
0.000000000000000000e+00
0.000000000000000000e+00
0.000000000000000000e+00
0.000000000000000000e+00
2.902281800000000000e+07
2.512300000000000000e+05
7.313000000000000000e+03
0.000000000000000000e+00
0.000000000000000000e+00
0.000000000000000000e+00
0.000000000000000000e+00
0.000000000000000000e+00
0.000000000000000000e+00
0.000000000000000000e+00
0.000000000000000000e+00
0.000000000000000000e+00
2.955550000000000000e+05
2.425800000000000000e+05
7.313000000000000000e+03
1.748128000000000000e+07
3.179410000000000000e+05
2.273570000000000000e+05
5.442400000000000000e+04
1.078400000000000000e+04
0.000000000000000000e+00
2.352000000000000000e+03
0.000000000000000000e+00
0.000000000000000000e+00
5.318221000000000000e+06
2.555820000000000000e+05
1.419500000000000000e+04
7.020000000000000000e+02
0.000000000000000000e+00
0.000000000000000000e+00
2.317245100000000000e+07
3.176290000000000000e+05
3.006170000000000000e+05
2.617200000000000000e+04
0.000000000000000000e+00
0.000000000000000000e+00
5.402239000000000000e+06
2.529440000000000000e+05
7.498000000000000000e+03
0.000000000000000000e+00
1.592000000000000000e+03
0.000000000000000000e+00
0.000000000000000000e+00
0.000000000000000000e+00
0.000000000000000000e+00
2.749367100000000000e+07
3.488420000000000000e+05
3.110550000000000000e+05
6.368219000000000000e+06
3.675840000000000000e+05
8.568000000000000000e+03
0.000000000000000000e+00
0.000000000000000000e+00
0.000000000000000000e+00
0.000000000000000000e+00
0.000000000000000000e+00
0.000000000000000000e+00
0.000000000000000000e+00
0.000000000000000000e+00
0.000000000000000000e+00
2.867993100000000000e+07
3.314290000000000000e+05
7.601000000000000000e+03
0.000000000000000000e+00
0.000000000000000000e+00
0.000000000000000000e+00
0.000000000000000000e+00
0.000000000000000000e+00
0.000000000000000000e+00
0.000000000000000000e+00
0.000000000000000000e+00
0.000000000000000000e+00
4.074270000000000000e+05
3.366180000000000000e+05
7.601000000000000000e+03
2.082768200000000000e+07
4.417080000000000000e+05
3.796440000000000000e+05
3.558600000000000000e+04
5.601000000000000000e+03
0.000000000000000000e+00
9.648000000000000000e+03
0.000000000000000000e+00
0.000000000000000000e+00
6.199765000000000000e+06
3.857540000000000000e+05
1.932100000000000000e+04
4.640000000000000000e+02
0.000000000000000000e+00
0.000000000000000000e+00
1.663963500000000000e+07
6.510720000000000000e+05
2.675510000000000000e+05
2.784300000000000000e+04
1.692800000000000000e+04
0.000000000000000000e+00
6.289536000000000000e+06
4.135080000000000000e+05
1.667800000000000000e+04
6.240000000000000000e+02
0.000000000000000000e+00
0.000000000000000000e+00
0.000000000000000000e+00
0.000000000000000000e+00
0.000000000000000000e+00
2.084164600000000000e+07
4.253740000000000000e+05
1.134900000000000000e+04
4.234000000000000000e+03
0.000000000000000000e+00
0.000000000000000000e+00
4.032000000000000000e+03
0.000000000000000000e+00
0.000000000000000000e+00
0.000000000000000000e+00
0.000000000000000000e+00
0.000000000000000000e+00
5.578320000000000000e+05
4.287050000000000000e+05
9.471000000000000000e+03
2.588699100000000000e+07
3.977590000000000000e+05
2.033400000000000000e+04
0.000000000000000000e+00
0.000000000000000000e+00
0.000000000000000000e+00
0.000000000000000000e+00
0.000000000000000000e+00
0.000000000000000000e+00
0.000000000000000000e+00
0.000000000000000000e+00
0.000000000000000000e+00
7.852830000000000000e+05
4.093360000000000000e+05
2.182900000000000000e+04
2.786547200000000000e+07
4.132850000000000000e+05
1.133200000000000000e+04
0.000000000000000000e+00
0.000000000000000000e+00
0.000000000000000000e+00
0.000000000000000000e+00
0.000000000000000000e+00
0.000000000000000000e+00
0.000000000000000000e+00
0.000000000000000000e+00
0.000000000000000000e+00
4.604250000000000000e+05
4.122760000000000000e+05
9.368000000000000000e+03
3.711456100000000000e+07
3.842400000000000000e+05
1.136000000000000000e+03
0.000000000000000000e+00
0.000000000000000000e+00
0.000000000000000000e+00
0.000000000000000000e+00
0.000000000000000000e+00
0.000000000000000000e+00
0.000000000000000000e+00
0.000000000000000000e+00
0.000000000000000000e+00
4.708900000000000000e+05
3.811460000000000000e+05
0.000000000000000000e+00
5.908253400000000000e+07
4.221480000000000000e+05
1.467300000000000000e+04
0.000000000000000000e+00
0.000000000000000000e+00
0.000000000000000000e+00
0.000000000000000000e+00
0.000000000000000000e+00
0.000000000000000000e+00
0.000000000000000000e+00
0.000000000000000000e+00
0.000000000000000000e+00
5.512750000000000000e+05
4.118570000000000000e+05
1.689500000000000000e+04
