1.029138000000000000e+06
2.138330000000000000e+06
1.244243000000000000e+06
3.537034000000000000e+06
2.725358000000000000e+06
2.914255000000000000e+06
2.974392000000000000e+06
3.176001000000000000e+06
3.459534000000000000e+06
3.608222000000000000e+06
4.243681000000000000e+06
4.188167000000000000e+06
4.963278000000000000e+06
6.350610000000000000e+06
4.705671000000000000e+06
3.715051000000000000e+06
3.831896000000000000e+06
3.765606000000000000e+06
4.019610000000000000e+06
4.070338000000000000e+06
4.215403000000000000e+06
4.387510000000000000e+06
4.177428000000000000e+06
4.518372000000000000e+06
4.753518000000000000e+06
5.975354000000000000e+06
4.953865000000000000e+06
4.646686000000000000e+06
4.611964000000000000e+06
4.333325000000000000e+06
4.372177000000000000e+06
4.136061000000000000e+06
3.895894000000000000e+06
4.028877000000000000e+06
3.934655000000000000e+06
3.998021000000000000e+06
3.453514000000000000e+06
5.503633000000000000e+06
3.657827000000000000e+06
3.977854000000000000e+06
3.753536000000000000e+06
3.963126000000000000e+06
3.915216000000000000e+06
3.852028000000000000e+06
3.534256000000000000e+06
2.905236000000000000e+06
2.767685000000000000e+06
2.666888000000000000e+06
2.065376000000000000e+06
4.308553000000000000e+06
1.529105000000000000e+06
8.730990000000000000e+05
7.986420000000000000e+05
4.021390000000000000e+05
3.908000000000000000e+05
3.555670000000000000e+05
1.791740000000000000e+05
3.347980000000000000e+05
1.210100000000000000e+05
8.341730000000000000e+05
2.315900000000000000e+04
3.757007000000000000e+06
4.489672700000000000e+07
4.718670000000000000e+06
4.508278000000000000e+06
4.268952000000000000e+06
4.542197000000000000e+06
4.234212000000000000e+06
4.266269000000000000e+06
4.087945000000000000e+06
3.975770000000000000e+06
4.467397000000000000e+06
4.183244000000000000e+06
4.037677000000000000e+06
6.614780000000000000e+06
4.210144000000000000e+06
3.782625000000000000e+06
3.609321000000000000e+06
3.554454000000000000e+06
3.624169000000000000e+06
3.572865000000000000e+06
3.536839000000000000e+06
3.337546000000000000e+06
3.845942000000000000e+06
3.285754000000000000e+06
3.296276000000000000e+06
5.524912000000000000e+06
3.314841000000000000e+06
3.168111000000000000e+06
2.879473000000000000e+06
3.234158000000000000e+06
3.272312000000000000e+06
2.927827000000000000e+06
3.012376000000000000e+06
2.762462000000000000e+06
2.946948000000000000e+06
2.606663000000000000e+06
2.601537000000000000e+06
4.908465000000000000e+06
2.980680000000000000e+06
2.652070000000000000e+06
2.591682000000000000e+06
2.591910000000000000e+06
2.276108000000000000e+06
2.203060000000000000e+06
2.046321000000000000e+06
2.070712000000000000e+06
2.502555000000000000e+06
2.324130000000000000e+06
2.221335000000000000e+06
4.189490000000000000e+06
2.399967000000000000e+06
1.985451000000000000e+06
2.089768000000000000e+06
1.783538000000000000e+06
1.888559000000000000e+06
1.936405000000000000e+06
1.385350000000000000e+06
8.708420000000000000e+05
9.610130000000000000e+05
5.593100000000000000e+04
2.057270000000000000e+05
3.082282000000000000e+06
2.384370700000000000e+07
1.350648000000000000e+06
1.432312000000000000e+06
1.095377000000000000e+06
1.210672000000000000e+06
1.246964000000000000e+06
1.437927000000000000e+06
1.377488000000000000e+06
1.519684000000000000e+06
1.441251000000000000e+06
1.400874000000000000e+06
1.449430000000000000e+06
2.761381000000000000e+06
1.504955000000000000e+06
1.467673000000000000e+06
1.437054000000000000e+06
1.311970000000000000e+06
1.148784000000000000e+06
1.126334000000000000e+06
1.174457000000000000e+06
1.340632000000000000e+06
1.279790000000000000e+06
8.368420000000000000e+05
5.955670000000000000e+05
2.074341000000000000e+06
6.759490000000000000e+05
