1.288171000000000000e+06
1.528951000000000000e+06
1.582109000000000000e+06
3.647154000000000000e+06
2.186251000000000000e+06
1.263461000000000000e+06
1.337935000000000000e+06
2.071881000000000000e+06
1.381907000000000000e+06
2.094133000000000000e+06
1.424059000000000000e+06
1.823937000000000000e+06
1.362881000000000000e+06
2.102288000000000000e+06
1.528405000000000000e+06
3.660231000000000000e+06
2.127188000000000000e+06
1.250023000000000000e+06
1.562866000000000000e+06
9.782070000000000000e+05
1.265921000000000000e+06
9.711030000000000000e+05
9.863700000000000000e+05
1.950500000000000000e+06
1.457937000000000000e+06
1.445401000000000000e+06
1.579331000000000000e+06
3.210908000000000000e+06
2.714901000000000000e+06
1.492498000000000000e+06
8.409610000000000000e+05
8.909950000000000000e+05
1.487680000000000000e+06
1.771669000000000000e+06
1.101313000000000000e+06
2.569235000000000000e+06
2.034386000000000000e+06
1.353321000000000000e+06
2.167854000000000000e+06
3.492591000000000000e+06
1.367795000000000000e+06
1.954082000000000000e+06
2.190736000000000000e+06
1.268625000000000000e+06
1.725971000000000000e+06
6.705850000000000000e+05
1.458786000000000000e+06
1.023352000000000000e+06
1.799769000000000000e+06
3.690980000000000000e+05
1.345279000000000000e+06
3.022847000000000000e+06
1.725757000000000000e+06
1.221881000000000000e+06
9.443690000000000000e+05
5.737210000000000000e+05
9.554140000000000000e+05
1.414303000000000000e+06
9.959700000000000000e+05
1.899332000000000000e+06
1.004019000000000000e+06
8.667180000000000000e+05
1.470517000000000000e+06
2.565418000000000000e+06
1.546412000000000000e+06
2.811070000000000000e+05
9.760620000000000000e+05
9.548750000000000000e+05
8.701730000000000000e+05
5.434210000000000000e+05
1.317744000000000000e+06
1.151373000000000000e+06
1.605388000000000000e+06
1.582326000000000000e+06
1.197301000000000000e+06
3.403748000000000000e+06
1.603422000000000000e+06
6.722250000000000000e+05
7.595710000000000000e+05
8.551340000000000000e+05
1.281382000000000000e+06
1.133917000000000000e+06
1.621542000000000000e+06
1.047390000000000000e+06
1.193496000000000000e+06
8.485610000000000000e+05
1.030479000000000000e+06
2.973766000000000000e+06
9.291100000000000000e+05
7.047690000000000000e+05
6.870910000000000000e+05
4.021760000000000000e+05
6.737260000000000000e+05
8.120490000000000000e+05
2.000390000000000000e+05
7.946380000000000000e+05
6.701760000000000000e+05
3.961250000000000000e+05
6.894510000000000000e+05
2.351732000000000000e+06
8.085700000000000000e+05
2.913740000000000000e+05
1.102448000000000000e+06
9.744450000000000000e+05
6.172250000000000000e+05
4.350260000000000000e+05
4.684500000000000000e+05
7.548800000000000000e+05
1.280321000000000000e+06
1.117537000000000000e+06
3.901900000000000000e+05
2.815388000000000000e+06
1.529444000000000000e+06
8.017330000000000000e+05
4.214890000000000000e+05
2.270400000000000000e+05
8.865020000000000000e+05
1.032204000000000000e+06
1.135101000000000000e+06
1.261509000000000000e+06
1.325037000000000000e+06
1.010546000000000000e+06
8.547730000000000000e+05
2.492829000000000000e+06
9.287730000000000000e+05
7.757020000000000000e+05
5.932580000000000000e+05
1.384023000000000000e+06
1.060965000000000000e+06
1.062936000000000000e+06
4.849010000000000000e+05
7.022060000000000000e+05
9.087520000000000000e+05
4.126310000000000000e+05
5.993840000000000000e+05
2.621910000000000000e+06
9.864950000000000000e+05
6.742150000000000000e+05
9.155760000000000000e+05
5.716620000000000000e+05
4.811070000000000000e+05
1.299792000000000000e+06
9.333770000000000000e+05
1.830449000000000000e+06
2.017733000000000000e+06
7.523020000000000000e+05
9.393650000000000000e+05
3.206073000000000000e+06
1.042784000000000000e+06
