2.314220000000000000e+06
2.219029000000000000e+06
2.630849000000000000e+06
1.515557000000000000e+06
1.456911000000000000e+06
9.742390000000000000e+05
9.312270000000000000e+05
1.147784000000000000e+06
8.443223800000000000e+07
9.105250000000000000e+05
1.329040000000000000e+05
2.434480000000000000e+05
1.181980000000000000e+06
5.613860000000000000e+05
5.291660000000000000e+05
4.933790000000000000e+05
8.523000000000000000e+05
7.154140000000000000e+05
3.151540000000000000e+05
3.523060000000000000e+05
3.537950000000000000e+06
7.598230000000000000e+05
1.000033000000000000e+06
6.311620000000000000e+05
8.213930000000000000e+05
1.430992000000000000e+06
2.763180000000000000e+05
5.641800000000000000e+05
2.866520000000000000e+05
7.983250000000000000e+05
1.204223000000000000e+06
2.852120000000000000e+05
3.519320000000000000e+06
4.931850000000000000e+05
1.210790000000000000e+06
5.355730000000000000e+05
3.299780000000000000e+05
3.783840000000000000e+05
5.869550000000000000e+05
6.568800000000000000e+04
1.815920000000000000e+05
3.448540000000000000e+05
5.694030000000000000e+05
4.973810000000000000e+05
3.205399000000000000e+06
5.549820000000000000e+05
8.263480000000000000e+05
4.220360000000000000e+05
8.427140000000000000e+05
4.628740000000000000e+05
4.021550000000000000e+05
3.499380000000000000e+05
9.691700000000000000e+05
7.049540000000000000e+05
4.758010000000000000e+05
4.095530000000000000e+05
2.940661000000000000e+06
6.490750000000000000e+05
1.044800000000000000e+05
3.965670000000000000e+05
2.216140000000000000e+05
3.168700000000000000e+05
6.488600000000000000e+05
3.076580000000000000e+05
3.023360000000000000e+05
2.462300000000000000e+05
3.014000000000000000e+05
5.276340000000000000e+05
2.633069000000000000e+06
5.541500000000000000e+05
7.960260000000000000e+05
2.029950000000000000e+05
5.418330000000000000e+05
4.331310000000000000e+05
3.278080000000000000e+05
7.783740000000000000e+05
1.983690000000000000e+05
3.345760000000000000e+05
8.885690000000000000e+05
3.959340000000000000e+05
3.075605000000000000e+06
5.899070000000000000e+05
7.352990000000000000e+05
3.968330000000000000e+05
1.566730000000000000e+05
4.786920000000000000e+05
1.030012000000000000e+06
2.643980000000000000e+05
1.622450000000000000e+05
4.986110000000000000e+05
1.527640000000000000e+05
3.013190000000000000e+05
3.435565000000000000e+06
5.667800000000000000e+05
3.201170000000000000e+05
6.907590000000000000e+05
3.345590000000000000e+05
8.887930000000000000e+05
2.072870000000000000e+05
6.248910000000000000e+05
4.528390000000000000e+05
7.264450000000000000e+05
7.060780000000000000e+05
3.274400000000000000e+05
3.341785000000000000e+06
6.521130000000000000e+05
2.596160000000000000e+05
1.124381000000000000e+06
4.299800000000000000e+05
8.021340000000000000e+05
3.214690000000000000e+05
1.176434000000000000e+06
8.970030000000000000e+05
7.983780000000000000e+05
7.704920000000000000e+05
2.589450000000000000e+05
3.654386000000000000e+06
1.268836000000000000e+06
3.300030000000000000e+05
8.702100000000000000e+05
4.717220000000000000e+05
8.509710000000000000e+05
9.554450000000000000e+05
3.199730000000000000e+05
8.092480000000000000e+05
3.847680000000000000e+05
1.284618000000000000e+06
1.160615000000000000e+06
3.804443000000000000e+06
9.171510000000000000e+05
6.771410000000000000e+05
9.973350000000000000e+05
6.423190000000000000e+05
4.181600000000000000e+05
9.298740000000000000e+05
5.470750000000000000e+05
1.328348000000000000e+06
1.884783000000000000e+06
9.726200000000000000e+05
2.197855000000000000e+06
4.844448000000000000e+06
2.153784000000000000e+06
1.757558000000000000e+06
2.002776000000000000e+06
2.437754000000000000e+06
3.098762000000000000e+06
3.850725000000000000e+06
4.400574000000000000e+06
5.209118000000000000e+06
