4.087819000000000000e+06
3.585737000000000000e+06
5.475495000000000000e+06
2.781120000000000000e+06
2.267269000000000000e+06
2.022047000000000000e+06
2.405277000000000000e+06
1.831774000000000000e+06
1.331326000000000000e+06
1.048584000000000000e+06
9.941010000000000000e+05
1.705760000000000000e+06
1.776377000000000000e+06
1.245305000000000000e+06
4.806008000000000000e+06
1.539845000000000000e+06
1.769206000000000000e+06
1.052315000000000000e+06
1.234947000000000000e+06
6.631420000000000000e+05
1.391061000000000000e+06
6.689270000000000000e+05
8.117070000000000000e+05
1.316842000000000000e+06
5.389480000000000000e+05
7.112680000000000000e+05
3.784583000000000000e+06
1.461494000000000000e+06
5.692260000000000000e+05
1.221990000000000000e+06
1.434467000000000000e+06
1.232849000000000000e+06
1.119995000000000000e+06
8.858890000000000000e+05
1.201672000000000000e+06
1.367617000000000000e+06
1.109298000000000000e+06
6.012760000000000000e+05
3.614010000000000000e+06
7.462620000000000000e+05
1.085018000000000000e+06
1.160308000000000000e+06
9.479120000000000000e+05
9.456330000000000000e+05
1.343733000000000000e+06
1.650647000000000000e+06
6.142660000000000000e+05
9.383900000000000000e+05
5.801200000000000000e+05
3.954080000000000000e+05
3.225495000000000000e+06
7.634100000000000000e+05
6.535280000000000000e+05
4.572530000000000000e+05
4.237560000000000000e+05
3.730210000000000000e+05
4.726950000000000000e+05
5.130440000000000000e+05
6.277740000000000000e+05
7.364190000000000000e+05
8.858020000000000000e+05
4.700580000000000000e+05
2.640413000000000000e+06
5.973550000000000000e+05
2.631320000000000000e+05
5.176940000000000000e+05
3.479310000000000000e+05
5.997740000000000000e+05
2.988460000000000000e+05
8.022070000000000000e+05
7.183420000000000000e+05
1.180595000000000000e+06
4.066140000000000000e+05
9.567010000000000000e+05
2.769301000000000000e+06
7.306700000000000000e+05
7.231060000000000000e+05
5.470700000000000000e+05
2.274240000000000000e+05
4.059760000000000000e+05
1.964560000000000000e+05
5.436860000000000000e+05
1.961238000000000000e+06
1.239889000000000000e+06
9.442600000000000000e+05
1.947446000000000000e+06
3.795526000000000000e+06
6.412830000000000000e+05
2.462900000000000000e+05
3.406320000000000000e+05
1.672409000000000000e+06
9.085150000000000000e+05
1.449150000000000000e+06
1.008239000000000000e+06
1.669370000000000000e+06
9.140620000000000000e+05
3.583310000000000000e+05
1.034263000000000000e+06
2.680082000000000000e+06
4.586880000000000000e+05
7.601210000000000000e+05
1.106865000000000000e+06
8.668570000000000000e+05
4.684440000000000000e+05
6.098410000000000000e+05
5.169540000000000000e+05
3.983330000000000000e+05
7.496790000000000000e+05
4.448210000000000000e+05
4.499590000000000000e+05
2.966094000000000000e+06
6.657640000000000000e+05
4.090140000000000000e+05
2.358460000000000000e+05
5.334630000000000000e+05
3.663630000000000000e+05
3.822840000000000000e+05
4.908200000000000000e+05
4.655740000000000000e+05
8.237520000000000000e+05
5.453380000000000000e+05
6.118670000000000000e+05
2.617255000000000000e+06
8.157010000000000000e+05
5.674100000000000000e+05
1.028971000000000000e+06
1.672736000000000000e+06
6.805370000000000000e+05
8.158140000000000000e+05
4.023450000000000000e+05
5.455950000000000000e+05
1.025217000000000000e+06
8.835930000000000000e+05
4.583120000000000000e+05
3.008186000000000000e+06
1.333914000000000000e+06
3.559360000000000000e+05
1.173385000000000000e+06
3.120100000000000000e+05
3.664300000000000000e+05
5.161540000000000000e+05
3.822270000000000000e+05
3.867130000000000000e+05
5.988970000000000000e+05
5.065480000000000000e+05
3.785130000000000000e+05
2.828495000000000000e+06
6.043780000000000000e+05
3.609730000000000000e+05
