3.301570000000000000e+05
3.946680000000000000e+05
2.347340000000000000e+05
3.885900000000000000e+05
2.179840000000000000e+05
2.331640000000000000e+05
5.665000000000000000e+05
4.297990000000000000e+05
2.584866000000000000e+06
5.699990000000000000e+05
4.856150000000000000e+05
5.556170000000000000e+05
2.702320000000000000e+05
1.842550000000000000e+05
5.757720000000000000e+05
5.142080000000000000e+05
1.966630000000000000e+05
2.056610000000000000e+05
2.135330000000000000e+05
2.220130000000000000e+05
2.324241000000000000e+06
6.057860000000000000e+05
1.597930000000000000e+05
1.009700820000000000e+08
2.013540000000000000e+05
2.871100000000000000e+04
3.334600000000000000e+04
3.398200000000000000e+04
6.707900000000000000e+04
8.960700000000000000e+04
5.535900000000000000e+04
1.244110000000000000e+05
1.345200000000000000e+05
2.167350000000000000e+05
1.271960000000000000e+05
2.168551000000000000e+06
3.110520000000000000e+05
1.266060000000000000e+05
6.344700000000000000e+04
9.137000000000000000e+04
1.349360000000000000e+05
2.002130000000000000e+05
1.173660000000000000e+05
1.475270000000000000e+05
1.501630000000000000e+05
1.804910000000000000e+05
1.399670000000000000e+05
2.346165000000000000e+06
3.712630000000000000e+05
1.523100000000000000e+04
1.015990000000000000e+05
2.517720000000000000e+05
1.611730000000000000e+05
1.890100000000000000e+05
3.239510000000000000e+05
9.702700000000000000e+04
2.411560000000000000e+05
9.875000000000000000e+04
2.585790000000000000e+05
2.800066000000000000e+06
3.980320000000000000e+05
7.237400000000000000e+04
2.154450000000000000e+05
6.803300000000000000e+04
2.402210000000000000e+05
8.551500000000000000e+04
2.361330000000000000e+05
9.826600000000000000e+04
2.622980000000000000e+05
9.217400000000000000e+04
1.831100000000000000e+05
2.461532000000000000e+06
3.478550000000000000e+05
5.812100000000000000e+04
1.917700000000000000e+05
1.001370000000000000e+05
1.847170000000000000e+05
1.455360000000000000e+05
1.767890000000000000e+05
8.110300000000000000e+04
1.224220000000000000e+05
7.264200000000000000e+04
1.886800000000000000e+05
2.753134000000000000e+06
2.622190000000000000e+05
5.301200000000000000e+04
2.469440000000000000e+05
3.098510000000000000e+05
8.910200000000000000e+04
1.179400000000000000e+05
1.270580000000000000e+05
9.958100000000000000e+04
1.683660000000000000e+05
9.642800000000000000e+04
8.820900000000000000e+04
2.569611000000000000e+06
4.069950000000000000e+05
1.622890000000000000e+05
1.274800000000000000e+05
1.917870000000000000e+05
1.698940000000000000e+05
1.503460000000000000e+05
1.329570000000000000e+05
1.263780000000000000e+05
1.583520000000000000e+05
1.561940000000000000e+05
2.162560000000000000e+05
2.681503000000000000e+06
2.418830000000000000e+05
8.212700000000000000e+04
1.169270000000000000e+05
6.712800000000000000e+04
1.420170000000000000e+05
2.348570000000000000e+05
5.269200000000000000e+04
2.494260000000000000e+05
1.973200000000000000e+05
2.461500000000000000e+05
7.585000000000000000e+04
2.813535000000000000e+06
3.273350000000000000e+05
7.373700000000000000e+04
6.076100000000000000e+04
1.155670000000000000e+05
7.135700000000000000e+04
1.917280000000000000e+05
9.638100000000000000e+04
1.842780000000000000e+05
7.688100000000000000e+04
1.873540000000000000e+05
1.439320000000000000e+05
2.551022000000000000e+06
2.763420000000000000e+05
4.487500000000000000e+04
7.970300000000000000e+04
1.033370000000000000e+05
8.342700000000000000e+04
2.501560000000000000e+05
5.400900000000000000e+04
1.584240000000000000e+05
9.084000000000000000e+04
1.877440000000000000e+05
2.179160000000000000e+05
2.650237000000000000e+06
3.291140000000000000e+05
9.491200000000000000e+04
6.890600000000000000e+04
6.676600000000000000e+04
1.219160000000000000e+05
