1.605047000000000000e+06
1.824151000000000000e+06
1.877612000000000000e+06
1.097903000000000000e+06
5.180085000000000000e+06
1.776572000000000000e+06
2.173718000000000000e+06
3.155785000000000000e+06
1.097440000000000000e+06
1.766281000000000000e+06
1.481175000000000000e+06
2.600295000000000000e+06
1.901776000000000000e+06
3.584851000000000000e+06
2.934123000000000000e+06
2.279199000000000000e+06
6.067227000000000000e+06
2.475585000000000000e+06
2.225399000000000000e+06
1.788588000000000000e+06
2.510169000000000000e+06
2.263803000000000000e+06
2.044148000000000000e+06
2.856308000000000000e+06
1.645838000000000000e+06
3.321114000000000000e+06
2.631437000000000000e+06
1.914128000000000000e+06
5.581323000000000000e+06
1.625278000000000000e+06
2.292268000000000000e+06
2.157333000000000000e+06
2.333037000000000000e+06
2.145994000000000000e+06
2.062921000000000000e+06
2.862357000000000000e+06
1.918251000000000000e+06
2.286325000000000000e+06
1.966113000000000000e+06
2.007511000000000000e+06
5.912710000000000000e+06
2.347548000000000000e+06
2.825578000000000000e+06
2.608835000000000000e+06
2.328768000000000000e+06
1.782033000000000000e+06
2.258542000000000000e+06
3.765497000000000000e+06
3.648263000000000000e+06
1.981022000000000000e+06
3.129474000000000000e+06
4.650566000000000000e+06
5.958860000000000000e+06
3.722727000000000000e+06
2.526697000000000000e+06
3.316931000000000000e+06
2.027242000000000000e+06
3.555035000000000000e+06
2.845674000000000000e+06
3.961823000000000000e+06
2.095116000000000000e+06
4.737858000000000000e+06
2.503644000000000000e+06
3.890766000000000000e+06
5.783198000000000000e+06
2.808637000000000000e+06
2.650993000000000000e+06
3.447431000000000000e+06
3.266978000000000000e+06
3.036604000000000000e+06
2.491744000000000000e+06
2.757982000000000000e+06
2.634747000000000000e+06
2.793416000000000000e+06
2.956814000000000000e+06
2.388554000000000000e+06
6.147447000000000000e+06
2.803915000000000000e+06
2.754357000000000000e+06
3.779412000000000000e+06
2.649913000000000000e+06
2.781627000000000000e+06
2.413211000000000000e+06
2.858028000000000000e+06
2.411198000000000000e+06
2.655684000000000000e+06
2.066660000000000000e+06
3.096515000000000000e+06
5.792275000000000000e+06
3.171551000000000000e+06
2.620781000000000000e+06
2.742324000000000000e+06
3.090150000000000000e+06
2.567085000000000000e+06
2.887759000000000000e+06
3.544017000000000000e+06
2.925499000000000000e+06
2.732269000000000000e+06
2.898968000000000000e+06
2.940909000000000000e+06
5.532084000000000000e+06
3.221516000000000000e+06
3.237246000000000000e+06
3.404598000000000000e+06
2.698283000000000000e+06
2.899161000000000000e+06
2.892172000000000000e+06
3.625169000000000000e+06
2.871338000000000000e+06
3.247208000000000000e+06
2.676358000000000000e+06
2.822870000000000000e+06
5.514843000000000000e+06
2.933144000000000000e+06
2.514758000000000000e+06
2.440989000000000000e+06
2.797347000000000000e+06
2.298691000000000000e+06
2.843281000000000000e+06
2.804971000000000000e+06
2.480229000000000000e+06
2.306392000000000000e+06
2.399958000000000000e+06
2.907070000000000000e+06
5.937941000000000000e+06
2.582927000000000000e+06
1.926794000000000000e+06
2.110320000000000000e+06
1.835358000000000000e+06
2.160353000000000000e+06
1.838557000000000000e+06
2.415749000000000000e+06
2.778001000000000000e+06
2.399461000000000000e+06
1.632342000000000000e+06
1.600941000000000000e+06
4.560584000000000000e+06
2.212983000000000000e+06
1.574408000000000000e+06
1.564862000000000000e+06
1.521528000000000000e+06
1.106813000000000000e+06
1.294892000000000000e+06
1.520533000000000000e+06
2.238093000000000000e+06
1.292808000000000000e+06
2.117630000000000000e+06
1.364828000000000000e+06
4.216049000000000000e+06
