8.093890000000000000e+05
8.004650000000000000e+05
9.419780000000000000e+05
5.941230000000000000e+05
6.590440000000000000e+05
3.465140000000000000e+05
9.693090000000000000e+05
7.097610000000000000e+05
7.594550000000000000e+05
9.946470000000000000e+05
3.228018000000000000e+06
1.245955000000000000e+06
7.160390000000000000e+05
4.534460000000000000e+05
7.522600000000000000e+05
4.473430000000000000e+05
4.311300000000000000e+05
3.509090000000000000e+05
3.694040000000000000e+05
2.962350000000000000e+05
4.373690000000000000e+05
2.862200000000000000e+05
2.865994000000000000e+06
7.774030000000000000e+05
1.632580000000000000e+05
2.076120000000000000e+05
2.095670000000000000e+05
1.925180000000000000e+05
2.529230000000000000e+05
2.155150000000000000e+05
1.850720000000000000e+05
2.083300000000000000e+05
1.977710000000000000e+05
1.325530000000000000e+05
1.860158000000000000e+06
6.184600000000000000e+05
2.213780000000000000e+05
2.255370000000000000e+05
6.096480000000000000e+05
2.253860000000000000e+05
6.531750000000000000e+05
5.589960000000000000e+05
3.102460000000000000e+05
2.395630000000000000e+05
3.081160000000000000e+05
3.479270000000000000e+05
2.384979000000000000e+06
1.203610000000000000e+06
4.569570000000000000e+05
1.793122000000000000e+06
2.520042000000000000e+06
1.680503000000000000e+06
4.326870000000000000e+05
1.349983000000000000e+06
2.708220000000000000e+05
4.642040000000000000e+05
3.492980000000000000e+05
5.759510000000000000e+05
3.551323000000000000e+06
1.192474000000000000e+06
9.882210000000000000e+05
2.155524000000000000e+06
2.087901000000000000e+06
2.021414000000000000e+06
1.974397000000000000e+06
9.078400000000000000e+05
3.137140000000000000e+05
4.783010000000000000e+05
3.347010000000000000e+05
5.343510000000000000e+05
2.985591000000000000e+06
3.705280000000000000e+05
1.836720000000000000e+05
3.089000000000000000e+05
2.067200000000000000e+05
6.095780000000000000e+05
2.082790000000000000e+05
6.146380000000000000e+05
2.133030000000000000e+05
1.033887000000000000e+06
5.132100000000000000e+05
1.542573000000000000e+06
3.148672000000000000e+06
1.525055000000000000e+06
3.222190000000000000e+05
2.174565000000000000e+06
3.922520000000000000e+05
7.202524400000000000e+07
4.181440000000000000e+05
4.738500000000000000e+04
7.747000000000000000e+04
1.805450000000000000e+05
1.598360000000000000e+05
9.437000000000000000e+04
2.045870000000000000e+05
3.094320000000000000e+05
1.639940000000000000e+05
2.515000000000000000e+05
1.643970000000000000e+05
1.678247000000000000e+06
4.820830000000000000e+05
8.616600000000000000e+04
2.759200000000000000e+05
2.100735000000000000e+06
2.619815000000000000e+06
1.093508000000000000e+06
3.853050000000000000e+05
3.670120000000000000e+05
4.338560000000000000e+05
3.866620000000000000e+05
4.526200000000000000e+05
3.727701000000000000e+06
1.344653000000000000e+06
2.021680000000000000e+05
1.990190000000000000e+05
3.779380000000000000e+05
3.074690000000000000e+05
1.446689000000000000e+06
2.471030000000000000e+05
6.585000000000000000e+05
1.435880000000000000e+05
8.963070000000000000e+05
1.627100000000000000e+05
3.736747000000000000e+06
6.108580000000000000e+05
4.121900000000000000e+05
3.324330000000000000e+05
5.787990000000000000e+05
3.439540000000000000e+05
4.624590000000000000e+05
1.232750000000000000e+05
2.409650000000000000e+05
1.204980000000000000e+05
5.709270000000000000e+05
4.687780000000000000e+05
2.784100000000000000e+06
1.070131000000000000e+06
3.836680000000000000e+05
4.623310000000000000e+05
4.951200000000000000e+05
6.420170000000000000e+05
8.995480000000000000e+05
5.642780000000000000e+05
4.970510000000000000e+05
5.003670000000000000e+05
5.943870000000000000e+05
2.394430000000000000e+05
2.877598000000000000e+06
5.548640000000000000e+05
