3.544230000000000000e+05
2.185780000000000000e+05
2.413630000000000000e+05
3.687270000000000000e+05
2.206450000000000000e+05
8.176700000000000000e+04
6.974600000000000000e+04
1.091540000000000000e+05
1.348600000000000000e+05
2.087881000000000000e+06
7.463680000000000000e+05
5.314050000000000000e+05
2.843530000000000000e+05
1.330260000000000000e+05
1.323180000000000000e+05
1.278920000000000000e+05
5.909100000000000000e+04
1.962550000000000000e+05
8.093700000000000000e+04
2.120300000000000000e+05
1.622340000000000000e+05
2.496178000000000000e+06
5.981840000000000000e+05
4.800280000000000000e+05
6.434600000000000000e+04
1.551390000000000000e+05
7.277160000000000000e+05
1.604760000000000000e+05
1.738810000000000000e+05
1.123280000000000000e+05
4.244930000000000000e+05
8.593500000000000000e+04
3.948210000000000000e+05
2.684059000000000000e+06
8.133690000000000000e+05
4.889030000000000000e+05
4.514010000000000000e+05
1.812770000000000000e+05
4.141270000000000000e+05
9.375400000000000000e+04
3.569680000000000000e+05
1.059780000000000000e+05
2.495430000000000000e+05
9.402600000000000000e+04
4.483680000000000000e+05
2.019673000000000000e+06
6.722680000000000000e+05
4.680650000000000000e+05
1.121440000000000000e+05
4.859100000000000000e+04
4.434720000000000000e+05
2.639180000000000000e+05
4.609830000000000000e+05
5.178800000000000000e+04
4.605790000000000000e+05
9.062830000000000000e+05
9.382640000000000000e+05
3.283274000000000000e+06
6.475920000000000000e+05
4.891940000000000000e+05
1.339940000000000000e+05
1.358940000000000000e+05
1.287540000000000000e+05
6.342000000000000000e+04
1.757590000000000000e+05
1.279340000000000000e+05
1.755450000000000000e+05
1.485710000000000000e+05
6.814100000000000000e+04
1.968669000000000000e+06
5.237020000000000000e+05
2.009700000000000000e+06
1.568225000000000000e+06
8.747590000000000000e+05
2.492970000000000000e+05
1.402930000000000000e+05
1.676950000000000000e+05
2.513530000000000000e+05
4.741910000000000000e+05
3.389750000000000000e+05
2.051820000000000000e+05
3.390517000000000000e+06
6.911790000000000000e+05
5.632130000000000000e+05
1.910420000000000000e+05
7.900990000000000000e+05
2.057340000000000000e+05
4.946250000000000000e+05
1.823740000000000000e+05
5.487070000000000000e+05
1.622160000000000000e+05
6.508690000000000000e+05
2.964300000000000000e+05
2.930999000000000000e+06
6.090870000000000000e+05
5.754100000000000000e+05
4.657100000000000000e+04
9.809700000000000000e+04
1.788300000000000000e+05
5.294550000000000000e+05
1.266370000000000000e+05
3.057290000000000000e+05
8.313500000000000000e+04
4.096620000000000000e+05
9.744800000000000000e+04
2.719458000000000000e+06
4.818320000000000000e+05
5.229650000000000000e+05
5.840500000000000000e+04
4.615740000000000000e+05
1.701130000000000000e+05
6.528230000000000000e+05
7.444800000000000000e+04
4.007860000000000000e+05
8.822580000000000000e+05
2.488050000000000000e+05
9.341500000000000000e+04
3.078016000000000000e+06
5.292510000000000000e+05
6.112330000000000000e+05
2.557760000000000000e+05
2.470570000000000000e+05
4.285950000000000000e+05
1.682300000000000000e+05
1.563220000000000000e+05
1.053230000000000000e+05
9.084800000000000000e+04
8.884400000000000000e+04
9.941200000000000000e+04
2.400131000000000000e+06
6.727470000000000000e+05
7.345220000000000000e+05
1.078770000000000000e+05
6.719500000000000000e+04
1.240070000000000000e+05
2.199560000000000000e+05
4.112090000000000000e+05
4.204220000000000000e+05
3.069790000000000000e+05
2.937660000000000000e+05
8.791900000000000000e+04
2.216674000000000000e+06
4.692520000000000000e+05
5.077340000000000000e+05
3.105920000000000000e+05
4.487000000000000000e+04
3.569940000000000000e+05
2.725990000000000000e+05
8.957590000000000000e+05
