3.928390000000000000e+05
1.462695620000000000e+08
1.748060000000000000e+06
1.286090000000000000e+05
1.078110000000000000e+06
3.447110000000000000e+05
1.084811000000000000e+06
1.128658000000000000e+06
5.547190000000000000e+05
5.549710000000000000e+05
3.080880000000000000e+05
5.380170000000000000e+05
6.908500000000000000e+05
1.943438000000000000e+06
9.080990000000000000e+05
6.660390000000000000e+05
8.346850000000000000e+05
1.491905000000000000e+06
1.512710000000000000e+05
1.949089000000000000e+06
1.678779000000000000e+06
1.856460000000000000e+06
1.700411000000000000e+06
1.321708000000000000e+06
1.210633000000000000e+06
3.345402000000000000e+06
1.288544000000000000e+06
1.752262000000000000e+06
8.138700000000000000e+05
1.463850000000000000e+06
1.536311000000000000e+06
4.167090000000000000e+05
1.322447000000000000e+06
6.089210000000000000e+05
2.101515000000000000e+06
1.446258000000000000e+06
1.188041000000000000e+06
3.855472000000000000e+06
1.948876000000000000e+06
1.145759000000000000e+06
9.590090000000000000e+05
5.691370000000000000e+05
1.247598000000000000e+06
9.246840000000000000e+05
1.459886000000000000e+06
1.250164000000000000e+06
2.183349000000000000e+06
1.283059000000000000e+06
1.441797000000000000e+06
3.593449000000000000e+06
2.097657000000000000e+06
1.788614000000000000e+06
1.579143000000000000e+06
1.981445000000000000e+06
1.422128000000000000e+06
1.398133000000000000e+06
1.726731000000000000e+06
1.855539000000000000e+06
8.336420000000000000e+05
1.621250000000000000e+06
1.124263000000000000e+06
4.062895000000000000e+06
1.160024000000000000e+06
1.219036000000000000e+06
1.155356000000000000e+06
9.036200000000000000e+05
1.130329000000000000e+06
1.732055000000000000e+06
7.003870000000000000e+05
1.649693000000000000e+06
1.365349000000000000e+06
1.482250000000000000e+06
1.809266000000000000e+06
3.222392000000000000e+06
1.214609000000000000e+06
1.444191000000000000e+06
1.837630000000000000e+06
1.019663000000000000e+06
1.819724000000000000e+06
1.899536000000000000e+06
1.493294000000000000e+06
1.946824000000000000e+06
1.917863000000000000e+06
8.509040000000000000e+05
1.405602000000000000e+06
4.241210000000000000e+06
1.610818000000000000e+06
1.466971000000000000e+06
8.517790000000000000e+05
1.531912000000000000e+06
1.212118000000000000e+06
1.391853000000000000e+06
1.296073000000000000e+06
9.503580000000000000e+05
1.030737000000000000e+06
6.604530000000000000e+05
1.368609000000000000e+06
3.230859000000000000e+06
1.107430000000000000e+06
6.460530000000000000e+05
9.798420000000000000e+05
1.290200000000000000e+06
1.279665000000000000e+06
1.638190000000000000e+06
2.778810000000000000e+05
1.445635000000000000e+06
1.101271000000000000e+06
9.737050000000000000e+05
8.575740000000000000e+05
2.669453000000000000e+06
1.312526000000000000e+06
1.003894000000000000e+06
5.295210000000000000e+05
8.241450000000000000e+05
1.264869000000000000e+06
1.277446000000000000e+06
1.668877000000000000e+06
7.319310000000000000e+05
1.363297000000000000e+06
1.199918000000000000e+06
9.617570000000000000e+05
3.469623000000000000e+06
1.132233000000000000e+06
8.169950000000000000e+05
9.600680000000000000e+05
1.434468000000000000e+06
1.149240000000000000e+06
1.134316000000000000e+06
7.337150000000000000e+05
1.189527000000000000e+06
8.046040000000000000e+05
1.208501000000000000e+06
6.901200000000000000e+05
2.821648000000000000e+06
6.657780000000000000e+05
2.962710000000000000e+05
7.211530000000000000e+05
5.958270000000000000e+05
1.792910000000000000e+05
7.378630000000000000e+05
5.206240000000000000e+05
4.892640000000000000e+05
6.767220000000000000e+05
6.012830000000000000e+05
6.403370000000000000e+05
2.263779000000000000e+06
1.371241000000000000e+06
2.807970000000000000e+05
9.003960000000000000e+05
