5.288160000000000000e+05
7.439160000000000000e+05
3.791690000000000000e+05
5.762450000000000000e+05
8.972770000000000000e+05
3.707920000000000000e+05
8.372270000000000000e+05
3.839880000000000000e+05
5.614706000000000000e+06
9.376240000000000000e+05
7.370350000000000000e+05
1.538660000000000000e+06
1.036523000000000000e+06
2.607510000000000000e+05
9.662850000000000000e+05
2.671450000000000000e+05
6.739020000000000000e+05
6.987860000000000000e+05
7.248570000000000000e+05
2.986940000000000000e+05
5.377386000000000000e+06
9.476670000000000000e+05
8.787150000000000000e+05
1.612459000000000000e+06
1.068135000000000000e+06
3.674970000000000000e+05
9.112550000000000000e+05
3.161550000000000000e+05
8.004940000000000000e+05
3.369070000000000000e+05
5.446100000000000000e+05
8.707170000000000000e+05
5.233454000000000000e+06
3.271100400000000000e+07
5.283440000000000000e+05
3.948630000000000000e+05
4.215540000000000000e+05
4.055180000000000000e+05
3.738220000000000000e+05
4.123540000000000000e+05
4.199470000000000000e+05
4.180850000000000000e+05
3.649350000000000000e+05
3.717980000000000000e+05
4.254680000000000000e+05
1.358187000000000000e+06
5.130420000000000000e+05
4.095560000000000000e+05
3.760440000000000000e+05
4.073700000000000000e+05
3.766570000000000000e+05
3.606650000000000000e+05
3.948030000000000000e+05
3.780580000000000000e+05
4.261650000000000000e+05
4.167130000000000000e+05
4.489450000000000000e+05
1.624093000000000000e+06
6.193090000000000000e+05
4.841540000000000000e+05
4.820760000000000000e+05
6.121130000000000000e+05
3.750520000000000000e+05
4.774810000000000000e+05
3.337880000000000000e+05
5.095560000000000000e+05
4.426810000000000000e+05
4.773070000000000000e+05
5.318180000000000000e+05
1.958974000000000000e+06
8.123940000000000000e+05
6.437460000000000000e+05
6.849400000000000000e+05
7.919940000000000000e+05
8.330210000000000000e+05
8.065280000000000000e+05
8.416550000000000000e+05
8.323570000000000000e+05
7.576340000000000000e+05
7.651050000000000000e+05
7.396850000000000000e+05
2.051353000000000000e+06
8.769440000000000000e+05
6.392620000000000000e+05
6.563920000000000000e+05
6.689220000000000000e+05
6.158020000000000000e+05
7.308430000000000000e+05
7.325140000000000000e+05
8.058560000000000000e+05
8.742880000000000000e+05
7.942320000000000000e+05
7.545780000000000000e+05
2.256383000000000000e+07
7.076520000000000000e+05
5.807560000000000000e+05
5.596870000000000000e+05
1.065889000000000000e+06
3.255550000000000000e+05
9.340460000000000000e+05
1.370630000000000000e+05
3.530000000000000000e+05
4.719660000000000000e+05
3.510450000000000000e+05
6.090960000000000000e+05
3.673330000000000000e+06
7.530030000000000000e+05
4.007250000000000000e+05
4.276540000000000000e+05
4.327160000000000000e+05
4.496890000000000000e+05
4.376330000000000000e+05
7.235860000000000000e+05
4.970260000000000000e+05
5.017700000000000000e+05
5.364380000000000000e+05
5.704420000000000000e+05
3.678300000000000000e+06
5.949550000000000000e+05
3.629620000000000000e+05
5.252100000000000000e+05
2.816180000000000000e+05
5.501110000000000000e+05
4.157630000000000000e+05
5.390230000000000000e+05
5.183830000000000000e+05
6.076630000000000000e+05
6.324850000000000000e+05
7.109930000000000000e+05
3.783142000000000000e+06
6.029800000000000000e+05
4.973220000000000000e+05
2.613810000000000000e+05
5.777410000000000000e+05
3.953230000000000000e+05
4.705600000000000000e+05
4.007200000000000000e+05
5.987580000000000000e+05
3.424490000000000000e+05
6.463980000000000000e+05
5.022760000000000000e+05
3.617635000000000000e+06
6.008140000000000000e+05
5.438110000000000000e+05
4.765990000000000000e+05
7.141690000000000000e+05
4.125550000000000000e+05
5.774870000000000000e+05
3.658250000000000000e+05
