2.947890000000000000e+05
6.204790000000000000e+05
8.571690000000000000e+05
1.348336000000000000e+06
8.208190000000000000e+05
7.891260000000000000e+05
1.015716000000000000e+06
2.981327000000000000e+06
9.640250000000000000e+05
1.731940000000000000e+05
4.662380000000000000e+05
1.367336000000000000e+06
1.044713000000000000e+06
1.070192000000000000e+06
8.470660000000000000e+05
1.729120000000000000e+06
8.836180000000000000e+05
8.675360000000000000e+05
9.549140000000000000e+05
2.388851000000000000e+06
7.588800000000000000e+05
1.120695000000000000e+06
8.781520000000000000e+05
1.606023000000000000e+06
4.595120000000000000e+05
5.642420000000000000e+05
6.051670000000000000e+05
3.721100000000000000e+05
6.083600000000000000e+05
7.447890000000000000e+05
7.178590000000000000e+05
2.614995000000000000e+06
1.255213000000000000e+06
7.377580000000000000e+05
3.355120000000000000e+05
1.111119000000000000e+06
1.183601000000000000e+06
9.308510000000000000e+05
1.747814000000000000e+06
1.765253000000000000e+06
6.138330000000000000e+05
1.308202000000000000e+06
4.632960000000000000e+05
3.493607000000000000e+06
1.542046000000000000e+06
2.336540000000000000e+06
2.918226000000000000e+06
1.233982000000000000e+06
2.350828000000000000e+06
5.756810000000000000e+05
1.171881000000000000e+06
6.345480000000000000e+05
9.926120000000000000e+05
5.717770000000000000e+05
1.131158000000000000e+06
3.033520000000000000e+06
1.226743000000000000e+06
7.313760000000000000e+05
1.072784000000000000e+06
7.388710000000000000e+05
6.769570000000000000e+05
3.525580000000000000e+05
9.182020000000000000e+05
7.268490000000000000e+05
4.015400000000000000e+05
4.386900000000000000e+05
5.667840000000000000e+05
2.370900000000000000e+06
5.512600000000000000e+05
6.770280000000000000e+05
6.725440000000000000e+05
1.770634000000000000e+06
9.578950000000000000e+05
1.466460000000000000e+06
6.895330000000000000e+05
1.749441000000000000e+06
1.055824000000000000e+06
1.383166000000000000e+06
1.242890000000000000e+06
3.813239000000000000e+06
8.414970000000000000e+05
1.271214000000000000e+06
5.105690000000000000e+05
8.385050000000000000e+05
7.872850000000000000e+05
9.022330000000000000e+05
5.687070000000000000e+05
1.077060000000000000e+06
6.211870000000000000e+05
8.215130000000000000e+05
4.054630000000000000e+05
2.521263000000000000e+06
6.956490000000000000e+05
4.993640000000000000e+05
1.280547000000000000e+06
8.218900000000000000e+05
2.441195000000000000e+06
4.031760000000000000e+05
1.227814000000000000e+06
5.740580000000000000e+05
1.204198000000000000e+06
5.158920000000000000e+05
1.692228000000000000e+06
2.828041000000000000e+06
1.532970000000000000e+06
3.150830000000000000e+05
2.039629000000000000e+06
2.372413000000000000e+06
2.432654000000000000e+06
1.880409000000000000e+06
1.990936000000000000e+06
6.735570000000000000e+05
6.645850000000000000e+05
7.915580000000000000e+05
6.138500000000000000e+05
3.686861000000000000e+06
7.166850000000000000e+05
7.078390000000000000e+05
8.610480000000000000e+05
6.844890000000000000e+05
7.762790000000000000e+05
5.185100000000000000e+05
5.442060000000000000e+05
5.249340000000000000e+05
1.474819000000000000e+06
1.880707000000000000e+06
5.283790000000000000e+05
2.700803000000000000e+06
8.397240000000000000e+05
3.229050000000000000e+05
5.575840000000000000e+05
6.753120000000000000e+05
3.223880000000000000e+05
4.491470000000000000e+05
5.909120000000000000e+05
7.661210000000000000e+05
4.347380000000000000e+05
3.487890000000000000e+05
4.841140000000000000e+05
2.499398000000000000e+06
5.638030000000000000e+05
5.217800000000000000e+05
2.746720000000000000e+05
6.464800000000000000e+05
3.468150000000000000e+05
2.894720000000000000e+06
6.692053000000000000e+06
6.654653000000000000e+06
5.281336000000000000e+06
