7.327199000000000000e+06
7.082634000000000000e+06
5.565865000000000000e+06
8.132782000000000000e+06
6.578291000000000000e+06
5.786464000000000000e+06
8.360231000000000000e+06
7.613225000000000000e+06
5.174059000000000000e+06
8.387628000000000000e+06
1.615502000000000000e+06
4.702590000000000000e+05
1.849470000000000000e+05
2.043583000000000000e+06
2.223210000000000000e+05
2.705500000000000000e+04
2.647100000000000000e+04
2.539300000000000000e+04
3.000600000000000000e+04
3.772400000000000000e+04
3.432200000000000000e+04
2.650400000000000000e+04
3.467900000000000000e+04
3.203450000000000000e+05
2.255000000000000000e+04
1.035754000000000000e+06
2.059430000000000000e+05
2.157700000000000000e+05
3.169400000000000000e+04
0.000000000000000000e+00
1.546100000000000000e+04
3.970000000000000000e+03
4.912000000000000000e+03
2.264200000000000000e+04
5.258000000000000000e+03
6.358677200000000000e+07
4.866328600000000000e+07
6.238461000000000000e+07
3.104725300000000000e+07
5.363044500000000000e+07
5.179917200000000000e+07
3.090120000000000000e+05
3.780132000000000000e+07
4.717480000000000000e+05
2.985259400000000000e+07
4.736822400000000000e+07
1.635330000000000000e+05
3.422887100000000000e+07
3.901060000000000000e+05
1.620334200000000000e+07
3.447330000000000000e+05
5.016706300000000000e+07
5.174630000000000000e+05
2.309884100000000000e+07
3.929880000000000000e+05
3.053913400000000000e+07
7.594585500000000000e+07
3.081390000000000000e+05
1.009824700000000000e+07
3.656199000000000000e+06
2.126895000000000000e+06
2.856930000000000000e+05
1.717948000000000000e+06
1.969140000000000000e+05
2.531043000000000000e+06
8.760230000000000000e+05
3.547030000000000000e+05
1.602060000000000000e+06
3.406062000000000000e+06
1.170861000000000000e+06
1.776330000000000000e+05
1.366097000000000000e+06
1.987280000000000000e+05
9.427260000000000000e+05
2.551920000000000000e+05
9.976910000000000000e+05
2.213830000000000000e+05
1.239840000000000000e+06
2.621530000000000000e+05
1.060043000000000000e+06
2.236258000000000000e+06
1.135060000000000000e+06
1.329170000000000000e+05
7.510330000000000000e+05
1.487400000000000000e+05
7.555790000000000000e+05
1.917670000000000000e+05
5.719590000000000000e+05
1.650110000000000000e+05
5.928140000000000000e+05
1.505860000000000000e+05
7.709640000000000000e+05
2.036641000000000000e+06
8.078690000000000000e+05
1.034480000000000000e+05
5.111170000000000000e+05
1.396660000000000000e+05
5.118220000000000000e+05
1.579600000000000000e+05
5.327880000000000000e+05
1.254760000000000000e+05
5.164310000000000000e+05
1.317900000000000000e+05
5.246520000000000000e+05
1.855078000000000000e+06
4.264840000000000000e+05
6.250900000000000000e+04
5.567970000000000000e+05
1.599410000000000000e+05
4.354130000000000000e+05
1.137430000000000000e+05
4.706740000000000000e+05
1.162810000000000000e+05
4.605130000000000000e+05
1.174470000000000000e+05
3.375940000000000000e+05
1.884487000000000000e+06
4.843400000000000000e+05
8.922000000000000000e+04
3.986570000000000000e+05
1.084000000000000000e+05
1.414220000000000000e+05
1.296310000000000000e+05
3.695150000000000000e+05
1.310310000000000000e+05
1.414600000000000000e+05
1.161230000000000000e+05
8.240600000000000000e+04
1.758018000000000000e+06
2.669260000000000000e+05
4.723700000000000000e+04
1.395130000000000000e+05
5.862100000000000000e+04
1.505730000000000000e+05
1.166370000000000000e+05
1.686350000000000000e+05
5.357500000000000000e+04
2.581248000000000000e+06
3.958053000000000000e+06
2.583615000000000000e+06
5.608910000000000000e+06
3.266072000000000000e+06
3.326013000000000000e+06
3.858493000000000000e+06
3.799148000000000000e+06
4.350263000000000000e+06
4.157829000000000000e+06
3.752821000000000000e+06
3.936191000000000000e+06
