4.603573000000000000e+06
3.126999000000000000e+06
5.810601000000000000e+06
4.974630000000000000e+05
3.162731000000000000e+06
6.520790000000000000e+05
3.812400000000000000e+06
5.161800000000000000e+05
2.472440000000000000e+05
3.967906000000000000e+06
4.713870000000000000e+05
4.335256000000000000e+06
4.828220000000000000e+05
4.496496000000000000e+06
3.975097000000000000e+06
4.739306000000000000e+06
3.854180000000000000e+05
6.839204000000000000e+06
6.042450000000000000e+05
5.682816000000000000e+06
5.551170000000000000e+05
6.039125000000000000e+06
6.274760000000000000e+05
9.435490000000000000e+05
4.099960000000000000e+05
1.054160000000000000e+05
4.089455000000000000e+06
3.705760000000000000e+05
3.848580000000000000e+05
1.053300000000000000e+07
4.584210000000000000e+05
3.996377000000000000e+06
5.707520000000000000e+05
1.933670000000000000e+05
9.109400000000000000e+04
7.266400000000000000e+05
8.257000000000000000e+04
6.379000000000000000e+04
3.324608000000000000e+06
3.105040000000000000e+05
5.536600000000000000e+04
5.940800000000000000e+04
9.184466000000000000e+06
3.330210000000000000e+05
2.809419000000000000e+06
2.688650000000000000e+05
2.398165000000000000e+06
6.057010000000000000e+05
1.319890000000000000e+05
5.010000000000000000e+04
2.518491000000000000e+06
2.258350000000000000e+05
2.054600000000000000e+04
1.670600000000000000e+04
2.612900000000000000e+04
1.453950000000000000e+05
3.453444000000000000e+06
1.429940000000000000e+05
6.113020000000000000e+05
4.098130000000000000e+05
1.093956000000000000e+06
1.009060000000000000e+05
2.809074000000000000e+06
2.424840000000000000e+05
4.849160000000000000e+05
3.827300000000000000e+04
8.823890000000000000e+05
8.315570000000000000e+05
1.552040000000000000e+05
2.264300000000000000e+04
2.325600000000000000e+04
3.144410000000000000e+05
2.740700000000000000e+04
1.960000000000000000e+04
1.684069000000000000e+06
2.082160000000000000e+05
1.143600000000000000e+04
2.280000000000000000e+03
6.424000000000000000e+03
4.275000000000000000e+03
4.556000000000000000e+03
1.278000000000000000e+03
1.792000000000000000e+03
2.761990000000000000e+05
1.202000000000000000e+04
4.664000000000000000e+03
1.024194000000000000e+06
2.081930000000000000e+05
1.823300000000000000e+04
0.000000000000000000e+00
2.050000000000000000e+03
1.828851800000000000e+07
2.268640000000000000e+05
1.672157000000000000e+06
4.469830000000000000e+05
2.691357000000000000e+06
2.383670000000000000e+05
2.130642000000000000e+06
2.615670000000000000e+06
5.440170000000000000e+05
1.355863000000000000e+06
3.000790000000000000e+05
8.919140000000000000e+05
2.882250000000000000e+05
1.072387000000000000e+06
2.146280000000000000e+05
8.341700000000000000e+05
5.444270000000000000e+05
1.032810000000000000e+06
1.464860000000000000e+05
2.535741000000000000e+06
1.931230000000000000e+05
4.091890000000000000e+05
7.682400000000000000e+04
3.851900000000000000e+05
1.019260000000000000e+05
4.263880000000000000e+05
1.237100000000000000e+05
3.593230000000000000e+05
3.783260000000000000e+05
3.709330000000000000e+05
5.325300000000000000e+04
1.659055000000000000e+06
2.249920000000000000e+05
2.995950000000000000e+05
8.174700000000000000e+04
5.209600000000000000e+05
6.599000000000000000e+04
7.669410000000000000e+05
2.287030000000000000e+05
7.665440000000000000e+05
5.527600000000000000e+05
1.154660000000000000e+06
2.709130000000000000e+05
3.283434000000000000e+06
2.503510000000000000e+05
9.212160000000000000e+05
1.986160000000000000e+05
1.614341000000000000e+06
4.152420000000000000e+05
9.018760000000000000e+05
2.168790000000000000e+05
1.404149000000000000e+06
5.622000000000000000e+05
1.381376000000000000e+06
2.750280000000000000e+05
2.673005000000000000e+06
2.713220000000000000e+05
3.623820000000000000e+05
