2.052491000000000000e+06
1.939195000000000000e+06
1.896465000000000000e+06
1.925652000000000000e+06
2.150080000000000000e+06
1.938385000000000000e+06
1.960375000000000000e+06
2.049648000000000000e+06
4.088665000000000000e+06
2.673531000000000000e+06
3.573589000000000000e+06
1.595923000000000000e+06
1.392519000000000000e+06
1.336947000000000000e+06
1.435423000000000000e+06
1.081428000000000000e+06
1.093733000000000000e+06
7.237070000000000000e+05
4.191140000000000000e+05
7.786680000000000000e+05
3.539340000000000000e+06
8.455860000000000000e+05
6.534970000000000000e+05
1.029103000000000000e+06
8.397810000000000000e+05
9.123230000000000000e+05
9.533810000000000000e+05
1.178041000000000000e+06
9.817530000000000000e+05
1.223288000000000000e+06
1.037563000000000000e+06
1.219468000000000000e+06
3.332573000000000000e+06
8.315420000000000000e+05
6.898090000000000000e+05
1.027572000000000000e+06
1.296411000000000000e+06
3.098478000000000000e+06
3.034768000000000000e+06
3.165717000000000000e+06
3.058655000000000000e+06
3.266519000000000000e+06
2.778593000000000000e+06
2.407271000000000000e+06
5.024349000000000000e+06
1.600773000000000000e+06
2.898988000000000000e+06
3.026200000000000000e+06
2.669568000000000000e+06
2.485380000000000000e+06
2.488423000000000000e+06
6.041450000000000000e+05
4.305490000000000000e+05
3.045110000000000000e+05
1.347730000000000000e+05
1.662620000000000000e+05
3.060347000000000000e+06
5.718350000000000000e+05
2.058010000000000000e+05
6.267150000000000000e+05
1.391740000000000000e+05
1.645080000000000000e+05
3.233230000000000000e+05
6.998480000000000000e+05
6.535660000000000000e+05
3.900540000000000000e+05
1.092060000000000000e+05
9.992400000000000000e+04
2.255314000000000000e+06
7.185720000000000000e+05
2.223720000000000000e+05
5.149800000000000000e+05
2.771520000000000000e+05
3.158400000000000000e+04
4.990300000000000000e+04
3.955240000000000000e+05
4.733890000000000000e+05
4.126800000000000000e+05
3.898370000000000000e+05
1.755250000000000000e+05
2.463991000000000000e+06
8.054760000000000000e+05
4.595020000000000000e+05
6.204970000000000000e+05
5.543620000000000000e+05
6.225220000000000000e+05
5.284180000000000000e+05
5.204850000000000000e+05
7.540360000000000000e+05
7.262990000000000000e+05
3.979400000000000000e+05
3.390140000000000000e+05
2.466648000000000000e+06
5.999610000000000000e+05
1.048870000000000000e+05
6.452770000000000000e+05
4.491480000000000000e+05
6.714550000000000000e+05
1.426630000000000000e+05
1.267690000000000000e+05
2.735240000000000000e+05
1.668150000000000000e+05
3.002100000000000000e+04
1.668980000000000000e+05
1.999220000000000000e+06
5.223820000000000000e+05
2.017290000000000000e+05
4.113720000000000000e+05
1.191070000000000000e+05
2.053880000000000000e+05
8.440400000000000000e+04
8.331400000000000000e+04
2.383550000000000000e+05
7.642400000000000000e+04
4.293400000000000000e+04
4.419730000000000000e+05
1.556785000000000000e+06
3.691250000000000000e+05
9.672100000000000000e+04
2.673580000000000000e+05
2.351490000000000000e+05
8.157860000000000000e+05
7.224620000000000000e+05
3.249450000000000000e+05
2.059590000000000000e+05
3.032560000000000000e+05
1.370270000000000000e+05
3.665180000000000000e+05
2.326860000000000000e+06
4.468860000000000000e+05
1.924770000000000000e+05
3.178450000000000000e+05
7.427100000000000000e+04
3.943800000000000000e+04
1.053400000000000000e+05
2.286630000000000000e+05
2.781700000000000000e+04
2.932450000000000000e+05
3.509270000000000000e+05
1.075780000000000000e+05
1.912179000000000000e+06
4.195710000000000000e+05
1.546820000000000000e+05
2.445040000000000000e+05
1.249970000000000000e+05
4.753240000000000000e+05
5.522230000000000000e+05
5.688820000000000000e+05
7.846200000000000000e+04
