3.792440000000000000e+05
6.730610000000000000e+05
6.516600000000000000e+05
3.687533000000000000e+06
4.046353400000000000e+07
7.000877000000000000e+06
2.503467000000000000e+06
7.642560000000000000e+05
9.766840000000000000e+05
1.212606000000000000e+06
1.098270000000000000e+06
1.806901000000000000e+06
1.098293000000000000e+06
7.898280000000000000e+05
5.306250000000000000e+05
9.808340000000000000e+05
5.897299000000000000e+06
1.317371000000000000e+06
7.703580000000000000e+05
9.507550000000000000e+05
5.816680000000000000e+05
6.625450000000000000e+05
6.924100000000000000e+05
1.768303000000000000e+06
5.572580000000000000e+05
6.695330000000000000e+05
7.694630000000000000e+05
8.711200000000000000e+05
4.790119000000000000e+06
1.509145000000000000e+06
4.271860000000000000e+05
6.457010000000000000e+05
9.602240000000000000e+05
1.088241000000000000e+06
6.391230000000000000e+05
1.607146000000000000e+06
1.123480000000000000e+06
9.021610000000000000e+05
5.099050000000000000e+05
8.127460000000000000e+05
5.242491000000000000e+06
1.353063000000000000e+06
5.237140000000000000e+05
7.226970000000000000e+05
6.017640000000000000e+05
5.139980000000000000e+05
5.069100000000000000e+05
1.593816000000000000e+06
8.369380000000000000e+05
8.387910000000000000e+05
6.077900000000000000e+05
8.464070000000000000e+05
4.970338000000000000e+06
1.176600000000000000e+06
4.503130000000000000e+05
1.041984000000000000e+06
6.756970000000000000e+05
4.190500000000000000e+05
8.249340000000000000e+05
1.707048000000000000e+06
2.487005000000000000e+06
3.917027000000000000e+06
8.130800000000000000e+05
1.601770000000000000e+06
3.491023000000000000e+07
9.948950000000000000e+05
3.910010000000000000e+05
3.057253000000000000e+06
5.738260000000000000e+05
6.831260000000000000e+05
6.647880000000000000e+05
1.037390000000000000e+06
4.477220000000000000e+05
8.188830000000000000e+05
6.082800000000000000e+05
5.716310000000000000e+05
4.050967000000000000e+06
8.861190000000000000e+05
4.475650000000000000e+05
3.836380000000000000e+05
4.620400000000000000e+05
8.304080000000000000e+05
5.618400000000000000e+05
1.343169000000000000e+06
4.565740000000000000e+05
8.918780000000000000e+05
4.020060000000000000e+05
8.168780000000000000e+05
3.182650000000000000e+06
1.055834000000000000e+06
4.276720000000000000e+05
8.989110000000000000e+05
6.581110000000000000e+05
5.461670000000000000e+05
5.358040000000000000e+05
1.275707000000000000e+06
7.255210000000000000e+05
5.465690000000000000e+05
5.700350000000000000e+05
5.754970000000000000e+05
3.536876000000000000e+06
8.050800000000000000e+05
5.983770000000000000e+05
6.916300000000000000e+05
5.907390000000000000e+05
6.449290000000000000e+05
4.709270000000000000e+05
1.086854000000000000e+06
6.144260000000000000e+05
4.860910000000000000e+05
7.546730000000000000e+05
3.881290000000000000e+05
2.929526000000000000e+06
7.346790000000000000e+05
3.434790000000000000e+05
6.367780000000000000e+05
3.707980000000000000e+05
5.286240000000000000e+05
6.294730000000000000e+05
1.166934000000000000e+06
9.187060000000000000e+05
3.931360000000000000e+05
5.197960000000000000e+05
3.977008000000000000e+07
4.553726000000000000e+06
4.673213000000000000e+06
4.239644000000000000e+06
4.470150000000000000e+06
4.804839000000000000e+06
4.648170000000000000e+06
4.851624000000000000e+06
4.957559000000000000e+06
4.679336000000000000e+06
4.817219000000000000e+06
4.306924000000000000e+06
7.237835000000000000e+06
4.785854000000000000e+06
5.092692000000000000e+06
5.034506000000000000e+06
4.865527000000000000e+06
5.006301000000000000e+06
4.485057000000000000e+06
4.041687000000000000e+06
4.537379000000000000e+06
3.911255000000000000e+06
3.945020000000000000e+06
4.472550000000000000e+06
6.796608000000000000e+06
4.166617000000000000e+06
