3.746339000000000000e+06
3.921110000000000000e+06
1.670072000000000000e+06
6.454569000000000000e+07
1.759370000000000000e+05
1.379700000000000000e+04
5.833400000000000000e+04
4.682700000000000000e+04
7.504100000000000000e+04
2.880400000000000000e+04
7.028300000000000000e+04
4.468600000000000000e+04
4.005300000000000000e+04
2.892600000000000000e+04
9.061400000000000000e+04
9.473360000000000000e+05
1.923270000000000000e+05
3.411700000000000000e+04
8.693400000000000000e+04
6.342900000000000000e+04
1.394870000000000000e+05
5.711800000000000000e+04
1.543920000000000000e+05
8.440200000000000000e+04
1.064470000000000000e+05
9.648800000000000000e+04
1.678390000000000000e+05
1.109052000000000000e+06
4.284010000000000000e+05
1.756830000000000000e+05
1.193760000000000000e+05
2.562850000000000000e+05
3.199410000000000000e+05
1.692750000000000000e+05
7.290800000000000000e+04
6.156500000000000000e+04
1.243270000000000000e+05
1.111140000000000000e+05
6.037500000000000000e+04
9.243470000000000000e+05
1.493860000000000000e+05
4.328400000000000000e+04
5.161600000000000000e+04
4.348000000000000000e+04
5.762700000000000000e+04
3.287700000000000000e+04
4.626600000000000000e+04
6.127400000000000000e+04
3.756100000000000000e+04
8.539300000000000000e+04
5.299500000000000000e+04
6.495150000000000000e+05
1.253080000000000000e+05
7.091000000000000000e+04
5.933700000000000000e+04
5.557200000000000000e+04
4.795600000000000000e+04
3.796200000000000000e+04
4.104500000000000000e+04
4.408700000000000000e+04
2.768600000000000000e+04
2.047900000000000000e+04
5.188000000000000000e+04
6.861480000000000000e+05
1.219460000000000000e+05
4.562525800000000000e+07
9.814010000000000000e+05
5.513840000000000000e+05
5.454880000000000000e+05
5.612370000000000000e+05
5.634680000000000000e+05
6.550750000000000000e+05
6.032520000000000000e+05
6.374640000000000000e+05
6.007860000000000000e+05
1.355406000000000000e+06
7.783100000000000000e+05
3.551853000000000000e+06
1.125642000000000000e+06
4.751560000000000000e+05
6.092390000000000000e+05
6.615200000000000000e+05
6.477660000000000000e+05
6.734430000000000000e+05
6.298030000000000000e+05
7.235050000000000000e+05
6.234550000000000000e+05
1.664195000000000000e+06
6.464460000000000000e+05
3.847642000000000000e+06
1.117670000000000000e+06
5.932590000000000000e+05
6.866700000000000000e+05
5.767470000000000000e+05
7.901980000000000000e+05
6.000370000000000000e+05
6.590900000000000000e+05
6.831030000000000000e+05
7.312240000000000000e+05
1.639803000000000000e+06
7.752310000000000000e+05
3.826687000000000000e+06
9.947010000000000000e+05
6.500220000000000000e+05
6.616620000000000000e+05
6.637580000000000000e+05
7.012710000000000000e+05
6.496000000000000000e+05
7.108110000000000000e+05
6.842610000000000000e+05
7.145380000000000000e+05
1.642799000000000000e+06
6.925570000000000000e+05
3.684936000000000000e+06
1.062978000000000000e+06
6.271000000000000000e+05
5.646340000000000000e+05
6.914920000000000000e+05
6.934190000000000000e+05
7.918680000000000000e+05
6.128680000000000000e+05
6.308890000000000000e+05
6.303030000000000000e+05
5.697558200000000000e+07
3.778538000000000000e+06
4.206868000000000000e+06
4.367049000000000000e+06
3.837922000000000000e+06
4.272575000000000000e+06
3.824377000000000000e+06
4.249482000000000000e+06
4.112069000000000000e+06
3.965741000000000000e+06
4.203057000000000000e+06
4.523575000000000000e+06
5.626355000000000000e+06
4.342308000000000000e+06
4.101931000000000000e+06
3.760549000000000000e+06
4.109984000000000000e+06
3.896034000000000000e+06
4.575422000000000000e+06
4.483152000000000000e+06
3.712503000000000000e+06
4.612664000000000000e+06
4.221665000000000000e+06
3.666307000000000000e+06
6.492742000000000000e+06
3.419825000000000000e+06
