4.016797000000000000e+06
3.208353000000000000e+06
3.914419000000000000e+06
3.612155000000000000e+06
3.140411000000000000e+06
3.518764000000000000e+06
2.910422000000000000e+06
3.195747000000000000e+06
3.168868000000000000e+06
5.124553000000000000e+06
2.818333000000000000e+06
2.073064000000000000e+06
1.528163000000000000e+06
1.673700000000000000e+06
1.327669000000000000e+06
1.603639000000000000e+06
1.599490000000000000e+06
1.362189000000000000e+06
1.553388000000000000e+06
1.494631000000000000e+06
1.453415000000000000e+06
3.187678000000000000e+06
1.725538000000000000e+06
1.581729000000000000e+06
1.568717000000000000e+06
1.395302000000000000e+06
1.485521000000000000e+06
1.552257000000000000e+06
1.289019000000000000e+06
1.446525000000000000e+06
1.375708000000000000e+06
1.072181000000000000e+06
6.349568600000000000e+07
1.452847400000000000e+07
1.505067300000000000e+07
1.483893400000000000e+07
1.314193800000000000e+07
1.121858200000000000e+07
9.446530000000000000e+06
9.734072000000000000e+06
8.744175000000000000e+06
7.738013000000000000e+06
6.955598000000000000e+06
6.666833000000000000e+06
1.164030800000000000e+07
5.952289000000000000e+06
5.204251000000000000e+06
5.618661000000000000e+06
5.743572000000000000e+06
4.514663000000000000e+06
3.955902000000000000e+06
4.208332000000000000e+06
4.570246000000000000e+06
4.025478000000000000e+06
4.091522000000000000e+06
3.897974000000000000e+06
8.524062000000000000e+06
3.341967000000000000e+06
2.534164000000000000e+06
3.305368000000000000e+06
2.353486000000000000e+06
2.395931000000000000e+06
2.184113000000000000e+06
1.949959000000000000e+06
2.003714000000000000e+06
1.714738000000000000e+06
2.024130000000000000e+06
1.719481000000000000e+06
5.830247000000000000e+06
1.926268000000000000e+06
1.771730000000000000e+06
2.149946000000000000e+06
1.528755000000000000e+06
1.413442000000000000e+06
1.471182000000000000e+06
1.546511000000000000e+06
1.356380000000000000e+06
1.484622000000000000e+06
1.368832000000000000e+06
1.431823000000000000e+06
4.199565000000000000e+06
1.741347000000000000e+06
1.377844000000000000e+06
2.123811000000000000e+06
1.534562000000000000e+06
1.452938000000000000e+06
1.505474000000000000e+06
1.503007000000000000e+06
1.613119000000000000e+06
1.433397000000000000e+06
1.290137000000000000e+06
1.301204000000000000e+06
3.920812000000000000e+06
1.834104000000000000e+06
3.908990600000000000e+07
6.174062000000000000e+06
6.833551000000000000e+06
6.858818000000000000e+06
7.296394000000000000e+06
7.008936000000000000e+06
6.803950000000000000e+06
6.479673000000000000e+06
6.454986000000000000e+06
6.339245000000000000e+06
6.495617000000000000e+06
6.477438000000000000e+06
8.477538000000000000e+06
6.740192000000000000e+06
7.026404000000000000e+06
6.778164000000000000e+06
6.963373000000000000e+06
6.800653000000000000e+06
6.938257000000000000e+06
6.749046000000000000e+06
6.641199000000000000e+06
6.371836000000000000e+06
6.603742000000000000e+06
6.411416000000000000e+06
8.359334000000000000e+06
6.927547000000000000e+06
6.662687000000000000e+06
6.508586000000000000e+06
6.392165000000000000e+06
6.061892000000000000e+06
5.126978000000000000e+06
4.797582000000000000e+06
4.573015000000000000e+06
4.618907000000000000e+06
4.676754000000000000e+06
4.837254000000000000e+06
7.100144000000000000e+06
5.175255000000000000e+06
4.757681000000000000e+06
4.336304000000000000e+06
4.051992000000000000e+06
3.643557000000000000e+06
3.543318000000000000e+06
3.595174000000000000e+06
3.483618000000000000e+06
3.644278000000000000e+06
3.448925000000000000e+06
3.485148000000000000e+06
5.664547000000000000e+06
3.978330000000000000e+06
3.340714000000000000e+06
2.915655000000000000e+06
2.324328000000000000e+06
1.933847000000000000e+06
1.270299000000000000e+06
