1.737150000000000000e+05
3.545291100000000000e+07
1.172892900000000000e+07
1.222078900000000000e+07
1.234958500000000000e+07
1.321940000000000000e+07
1.284803700000000000e+07
1.255727200000000000e+07
1.208797000000000000e+07
1.172528500000000000e+07
1.107321100000000000e+07
1.071768800000000000e+07
1.054278700000000000e+07
1.165897500000000000e+07
1.052556500000000000e+07
1.042441700000000000e+07
1.037455400000000000e+07
1.028155600000000000e+07
1.000369800000000000e+07
9.910671000000000000e+06
9.479540000000000000e+06
9.410639000000000000e+06
8.971375000000000000e+06
8.811837000000000000e+06
8.536507000000000000e+06
9.784991000000000000e+06
8.197381000000000000e+06
8.111347000000000000e+06
7.986287000000000000e+06
7.878776000000000000e+06
7.742509000000000000e+06
7.655068000000000000e+06
7.437608000000000000e+06
7.350998000000000000e+06
7.212665000000000000e+06
7.122579000000000000e+06
7.015819000000000000e+06
8.668060000000000000e+06
6.919392000000000000e+06
6.972379000000000000e+06
6.707226000000000000e+06
6.680793000000000000e+06
6.379652000000000000e+06
6.273467000000000000e+06
5.851506000000000000e+06
5.850540000000000000e+06
5.563295000000000000e+06
5.367152000000000000e+06
5.362503000000000000e+06
7.114104000000000000e+06
5.082448000000000000e+06
4.943825000000000000e+06
4.772531000000000000e+06
4.672971000000000000e+06
4.582806000000000000e+06
4.095985000000000000e+06
3.899608000000000000e+06
3.352806000000000000e+06
2.807246000000000000e+06
2.680394000000000000e+06
2.455156000000000000e+06
5.302550000000000000e+06
2.220132100000000000e+07
6.348650000000000000e+05
5.993850000000000000e+05
5.492250000000000000e+05
3.937580000000000000e+05
2.768740000000000000e+05
2.278310000000000000e+05
2.279440000000000000e+05
2.423070000000000000e+05
2.734130000000000000e+05
3.388890000000000000e+05
4.582960000000000000e+05
1.721235000000000000e+06
5.709630000000000000e+05
7.028140000000000000e+05
6.774620000000000000e+05
5.896210000000000000e+05
4.493980000000000000e+05
2.241410000000000000e+05
2.441860000000000000e+05
3.516040000000000000e+05
4.254020000000000000e+05
2.543960000000000000e+05
4.225950000000000000e+05
1.858014000000000000e+06
5.390360000000000000e+05
1.774490000000000000e+05
1.494170000000000000e+05
1.502680000000000000e+05
1.949530000000000000e+05
1.602020000000000000e+05
1.173600000000000000e+05
1.266400000000000000e+05
1.353510000000000000e+05
1.824150000000000000e+05
3.721390000000000000e+05
1.500130000000000000e+06
2.973470000000000000e+05
1.542540000000000000e+05
2.098770000000000000e+05
1.870540000000000000e+05
2.086470000000000000e+05
2.460270000000000000e+05
2.698150000000000000e+05
3.340440000000000000e+05
3.190770000000000000e+05
3.537660000000000000e+05
6.944770000000000000e+05
1.318350000000000000e+06
6.738670000000000000e+05
6.464850000000000000e+05
7.012840000000000000e+05
7.731000000000000000e+05
8.705760000000000000e+05
9.714770000000000000e+05
1.140400000000000000e+06
1.512016000000000000e+06
5.282385000000000000e+06
2.539445000000000000e+06
1.362203000000000000e+06
3.355398900000000000e+07
2.287541000000000000e+06
1.881479000000000000e+06
2.069891000000000000e+06
2.073365000000000000e+06
2.199706000000000000e+06
2.154442000000000000e+06
2.268543000000000000e+06
2.275533000000000000e+06
2.258061000000000000e+06
2.388908000000000000e+06
2.634827000000000000e+06
4.541288000000000000e+06
2.672035000000000000e+06
2.523591000000000000e+06
2.398105000000000000e+06
2.671727000000000000e+06
2.293247000000000000e+06
2.595511000000000000e+06
2.424697000000000000e+06
2.534590000000000000e+06
2.385407000000000000e+06
2.410607000000000000e+06
2.792723000000000000e+06
4.669195000000000000e+06
2.544864000000000000e+06
2.471173000000000000e+06
