1.082670000000000000e+06
8.190270000000000000e+05
8.616250000000000000e+05
8.471240000000000000e+05
8.397240000000000000e+05
8.716430000000000000e+05
8.142010000000000000e+05
1.011888000000000000e+06
1.839598000000000000e+06
3.601969000000000000e+06
1.913438000000000000e+06
1.861293000000000000e+06
8.445080000000000000e+05
7.482460000000000000e+05
1.040826000000000000e+06
8.790220000000000000e+05
8.968120000000000000e+05
8.692370000000000000e+05
9.737040000000000000e+05
1.790855000000000000e+06
1.442494000000000000e+06
3.202242000000000000e+06
1.341976000000000000e+06
1.501073000000000000e+06
1.493905000000000000e+06
1.545768000000000000e+06
1.496074000000000000e+06
1.445021000000000000e+06
1.370178000000000000e+06
1.477702000000000000e+06
1.430169000000000000e+06
1.388256000000000000e+06
5.276431900000000000e+07
5.915370000000000000e+05
5.577480000000000000e+05
2.855374000000000000e+06
4.437532000000000000e+06
4.567208000000000000e+06
4.455144000000000000e+06
4.260071000000000000e+06
3.686684000000000000e+06
3.887305000000000000e+06
3.453366000000000000e+06
3.284315000000000000e+06
6.271168000000000000e+06
4.402726000000000000e+06
3.618667000000000000e+06
3.981175000000000000e+06
4.021535000000000000e+06
5.176862000000000000e+06
4.503454000000000000e+06
3.319439000000000000e+06
3.977270000000000000e+06
4.416837000000000000e+06
4.988949000000000000e+06
5.178330000000000000e+06
7.885619000000000000e+06
6.080201000000000000e+06
7.227847000000000000e+06
8.207489000000000000e+06
7.714186000000000000e+06
7.930582000000000000e+06
7.233620000000000000e+06
5.898684000000000000e+06
5.208999000000000000e+06
4.903405000000000000e+06
4.397656000000000000e+06
4.179332000000000000e+06
7.007996000000000000e+06
3.139017000000000000e+06
2.767246000000000000e+06
3.075208000000000000e+06
2.350379000000000000e+06
2.402992000000000000e+06
2.312014000000000000e+06
2.366661000000000000e+06
2.512789000000000000e+06
2.611307000000000000e+06
2.523980000000000000e+06
2.523441000000000000e+06
5.159701000000000000e+06
2.401732000000000000e+06
1.332011000000000000e+06
1.446700000000000000e+06
6.617140000000000000e+05
6.690570000000000000e+05
7.266660000000000000e+05
5.151410000000000000e+05
5.928050000000000000e+05
4.865010000000000000e+05
3.947190000000000000e+05
4.098614200000000000e+07
9.898500000000000000e+04
2.582000000000000000e+03
3.276000000000000000e+03
1.898700000000000000e+04
1.954600000000000000e+04
3.628700000000000000e+04
4.268200000000000000e+04
5.319000000000000000e+04
2.555900000000000000e+04
3.540700000000000000e+04
4.536000000000000000e+04
1.955849000000000000e+06
9.807100000000000000e+04
1.410100000000000000e+04
9.258000000000000000e+03
1.136600000000000000e+04
3.168200000000000000e+04
2.784100000000000000e+04
5.120100000000000000e+04
2.967600000000000000e+04
5.343500000000000000e+04
3.252000000000000000e+04
4.676100000000000000e+04
2.063887000000000000e+06
1.094770000000000000e+05
1.151100000000000000e+04
2.192700000000000000e+04
2.839100000000000000e+04
1.639400000000000000e+04
8.960800000000000000e+04
1.527100000000000000e+04
2.531600000000000000e+04
2.626000000000000000e+04
4.638300000000000000e+04
4.520300000000000000e+04
1.905002000000000000e+06
1.412040000000000000e+05
6.015300000000000000e+04
6.866000000000000000e+03
4.775300000000000000e+04
1.611200000000000000e+04
6.576800000000000000e+04
3.512900000000000000e+04
4.818400000000000000e+04
5.034400000000000000e+04
5.424200000000000000e+04
1.521500000000000000e+04
1.248201000000000000e+06
1.893570000000000000e+05
8.055100000000000000e+04
9.808000000000000000e+03
3.366900000000000000e+04
3.981000000000000000e+03
6.680900000000000000e+04
3.778200000000000000e+04
8.438700000000000000e+04
1.672300000000000000e+04
