1.736646000000000000e+06
1.081468000000000000e+06
3.643187100000000000e+07
1.805377000000000000e+06
1.685159000000000000e+06
1.511308000000000000e+06
1.633922000000000000e+06
1.467874000000000000e+06
1.715397000000000000e+06
1.610611000000000000e+06
1.575563000000000000e+06
1.740707000000000000e+06
1.637481000000000000e+06
1.446101000000000000e+06
2.785453000000000000e+06
1.512202000000000000e+06
1.450867000000000000e+06
1.404733000000000000e+06
1.635596000000000000e+06
1.478118000000000000e+06
1.645908000000000000e+06
1.429168000000000000e+06
1.327899000000000000e+06
1.488708000000000000e+06
1.424441000000000000e+06
1.320544000000000000e+06
2.778001000000000000e+06
1.495274000000000000e+06
1.636801000000000000e+06
1.258990000000000000e+06
1.694825000000000000e+06
1.521775000000000000e+06
1.355439000000000000e+06
1.393019000000000000e+06
1.313940000000000000e+06
1.628063000000000000e+06
1.189782000000000000e+06
8.518180000000000000e+05
2.561429000000000000e+06
4.962400000000000000e+05
7.523700000000000000e+04
4.563300000000000000e+04
1.727800000000000000e+04
4.814900000000000000e+04
1.535400000000000000e+04
7.384400000000000000e+04
1.295300000000000000e+04
5.190370000000000000e+05
8.013000000000000000e+04
1.678300000000000000e+04
1.329357000000000000e+06
3.131040000000000000e+05
1.966600000000000000e+04
5.580100000000000000e+04
1.427100000000000000e+04
5.120000000000000000e+03
8.966000000000000000e+03
1.899000000000000000e+04
1.348500000000000000e+04
3.092510000000000000e+05
5.933200000000000000e+04
9.828800000000000000e+04
1.435352000000000000e+06
3.548683600000000000e+07
5.593849000000000000e+06
6.007669000000000000e+06
5.645151000000000000e+06
5.672938000000000000e+06
5.703930000000000000e+06
5.742585000000000000e+06
5.616916000000000000e+06
5.902729000000000000e+06
5.394908000000000000e+06
5.424473000000000000e+06
5.140213000000000000e+06
6.766605000000000000e+06
4.882992000000000000e+06
4.761119000000000000e+06
4.766655000000000000e+06
4.724520000000000000e+06
4.741226000000000000e+06
4.829184000000000000e+06
4.602254000000000000e+06
4.923171000000000000e+06
4.372094000000000000e+06
4.202944000000000000e+06
3.924843000000000000e+06
5.670690000000000000e+06
3.661997000000000000e+06
3.506748000000000000e+06
3.575566000000000000e+06
3.498077000000000000e+06
3.881983000000000000e+06
3.507673000000000000e+06
3.527960000000000000e+06
3.596706000000000000e+06
3.387407000000000000e+06
3.096778000000000000e+06
3.163013000000000000e+06
4.837704000000000000e+06
2.976538000000000000e+06
2.753284000000000000e+06
2.801448000000000000e+06
2.523026000000000000e+06
2.652747000000000000e+06
2.270799000000000000e+06
2.132877000000000000e+06
2.406211000000000000e+06
2.184242000000000000e+06
2.059483000000000000e+06
1.922769000000000000e+06
3.589960000000000000e+06
1.464968000000000000e+06
1.128311000000000000e+06
9.336870000000000000e+05
7.790920000000000000e+05
4.850150000000000000e+05
4.309030000000000000e+05
3.867660000000000000e+05
8.230120000000000000e+05
3.415570000000000000e+05
3.899769100000000000e+07
6.263771000000000000e+06
5.954494000000000000e+06
5.796591000000000000e+06
5.637659000000000000e+06
5.338571000000000000e+06
5.344912000000000000e+06
5.044733000000000000e+06
5.024488000000000000e+06
4.879551000000000000e+06
4.951581000000000000e+06
5.036309000000000000e+06
6.504599000000000000e+06
5.100818000000000000e+06
4.960227000000000000e+06
4.404292000000000000e+06
4.579742000000000000e+06
4.288610000000000000e+06
4.240626000000000000e+06
4.008643000000000000e+06
3.985636000000000000e+06
4.162810000000000000e+06
4.142353000000000000e+06
4.010503000000000000e+06
5.753164000000000000e+06
4.689360000000000000e+06
4.526312000000000000e+06
4.333930000000000000e+06
