4.381470000000000000e+06
4.464577000000000000e+06
4.086355000000000000e+06
3.858472000000000000e+06
3.736343000000000000e+06
3.454346000000000000e+06
3.434622000000000000e+06
5.057619000000000000e+06
3.686069000000000000e+06
3.390680000000000000e+06
3.526996000000000000e+06
3.669222000000000000e+06
3.658804000000000000e+06
3.518094000000000000e+06
3.516827000000000000e+06
3.388348000000000000e+06
3.283807000000000000e+06
3.128085000000000000e+06
2.875465000000000000e+06
4.092585000000000000e+06
2.742029000000000000e+06
2.442132000000000000e+06
2.585284000000000000e+06
2.751444000000000000e+06
2.519635000000000000e+06
2.565361000000000000e+06
2.372713000000000000e+06
2.536862000000000000e+06
3.055525000000000000e+06
2.348978000000000000e+06
2.302340000000000000e+06
3.817838000000000000e+06
2.445967000000000000e+06
2.667405900000000000e+07
3.565160000000000000e+06
4.363796000000000000e+06
4.034889000000000000e+06
4.233799000000000000e+06
4.345886000000000000e+06
4.174003000000000000e+06
4.568529000000000000e+06
4.259750000000000000e+06
4.520846000000000000e+06
6.146891000000000000e+06
4.719229000000000000e+06
5.146719000000000000e+06
4.650157000000000000e+06
4.824660000000000000e+06
4.925851000000000000e+06
4.850300000000000000e+06
5.244250000000000000e+06
4.972782000000000000e+06
5.095189000000000000e+06
4.853315000000000000e+06
4.499897000000000000e+06
6.010141000000000000e+06
4.315839000000000000e+06
4.835392000000000000e+06
4.400487000000000000e+06
4.226961000000000000e+06
4.052764000000000000e+06
3.880185000000000000e+06
3.949471000000000000e+06
3.723034000000000000e+06
3.765150000000000000e+06
3.539504000000000000e+06
3.427777000000000000e+06
5.338734000000000000e+06
3.297368000000000000e+06
3.793303000000000000e+06
3.333087000000000000e+06
3.265908000000000000e+06
3.226209000000000000e+06
3.031754000000000000e+06
3.059761000000000000e+06
2.737987000000000000e+06
2.659733000000000000e+06
2.618471000000000000e+06
2.392452000000000000e+06
4.441831000000000000e+06
2.289022000000000000e+06
2.585078000000000000e+06
2.227753000000000000e+06
2.049118000000000000e+06
2.181542000000000000e+06
1.707808000000000000e+06
1.751065000000000000e+06
1.495529000000000000e+06
1.349439000000000000e+06
1.351558000000000000e+06
1.144380000000000000e+06
3.631377000000000000e+06
1.289661000000000000e+06
1.395479000000000000e+06
6.366085200000000000e+07
4.242944000000000000e+06
4.245238000000000000e+06
4.199129000000000000e+06
4.385526000000000000e+06
4.719661000000000000e+06
4.614871000000000000e+06
4.318340000000000000e+06
3.940718000000000000e+06
4.267022000000000000e+06
4.496387000000000000e+06
4.641116000000000000e+06
6.338774000000000000e+06
4.876754000000000000e+06
4.883991000000000000e+06
4.703388000000000000e+06
4.424458000000000000e+06
4.607767000000000000e+06
4.526527000000000000e+06
4.470321000000000000e+06
4.499020000000000000e+06
4.793550000000000000e+06
4.806995000000000000e+06
5.441640000000000000e+06
6.679195000000000000e+06
5.374044000000000000e+06
5.292759000000000000e+06
5.035352000000000000e+06
4.648360000000000000e+06
6.195530400000000000e+07
1.130710000000000000e+05
3.062150000000000000e+05
1.702350000000000000e+05
1.096330000000000000e+05
1.309510000000000000e+05
4.000130000000000000e+05
2.661998000000000000e+06
3.536930000000000000e+05
7.808300000000000000e+04
8.622800000000000000e+04
8.972600000000000000e+04
1.531110000000000000e+05
6.739900000000000000e+04
1.030020000000000000e+05
8.036000000000000000e+04
7.506200000000000000e+04
9.660700000000000000e+04
5.915540000000000000e+05
1.511117000000000000e+06
3.409300000000000000e+05
3.472300000000000000e+04
4.962000000000000000e+04
7.299200000000000000e+04
8.987400000000000000e+04
1.107610000000000000e+05
