3.179473000000000000e+06
3.161565000000000000e+06
3.437531000000000000e+06
3.739114000000000000e+06
3.339127000000000000e+06
3.657857000000000000e+06
3.809766000000000000e+06
3.467728000000000000e+06
3.805967000000000000e+06
4.570730000000000000e+05
5.041853000000000000e+06
1.178809000000000000e+06
6.972900000000000000e+04
7.264200000000000000e+04
6.794800000000000000e+04
1.188270000000000000e+05
1.112940000000000000e+05
1.236270000000000000e+05
8.857100000000000000e+04
5.495400000000000000e+04
7.736700000000000000e+04
5.911700000000000000e+04
1.818601000000000000e+06
6.774280000000000000e+05
6.942600000000000000e+04
4.828500000000000000e+04
3.580100000000000000e+04
4.040100000000000000e+04
3.889700000000000000e+04
6.196700000000000000e+04
1.194740000000000000e+05
5.139600000000000000e+04
5.126600000000000000e+04
4.663300000000000000e+04
1.895483000000000000e+06
6.088270000000000000e+05
5.532100000000000000e+04
4.003700000000000000e+04
5.149900000000000000e+04
5.046700000000000000e+04
3.498600000000000000e+04
4.674600000000000000e+04
6.253500000000000000e+04
4.179100000000000000e+04
3.970600000000000000e+04
6.112200000000000000e+04
1.200197000000000000e+06
4.894450000000000000e+05
6.996000000000000000e+04
5.437400000000000000e+04
5.278600000000000000e+04
5.683700000000000000e+04
5.748700000000000000e+04
4.974400000000000000e+04
5.939100000000000000e+04
5.555400000000000000e+04
3.435200000000000000e+04
4.806584000000000000e+06
1.193353800000000000e+07
6.024261000000000000e+06
7.386466000000000000e+06
5.879541000000000000e+06
6.167397000000000000e+06
5.564850000000000000e+06
5.482218000000000000e+06
5.281063000000000000e+06
4.756654000000000000e+06
4.949675000000000000e+06
4.891506000000000000e+06
4.742233000000000000e+06
8.598273000000000000e+06
2.746704000000000000e+06
1.846246000000000000e+06
1.214210000000000000e+05
5.448900000000000000e+04
1.290560000000000000e+05
4.616200000000000000e+04
2.752700000000000000e+04
2.207700000000000000e+04
3.500200000000000000e+04
2.282000000000000000e+04
1.727800000000000000e+04
5.202300000000000000e+06
7.958620000000000000e+05
1.598700000000000000e+04
6.160000000000000000e+02
1.284800000000000000e+04
1.237300000000000000e+04
1.546600000000000000e+04
4.498500000000000000e+04
3.576400000000000000e+04
1.722900000000000000e+04
9.258000000000000000e+03
1.068200000000000000e+04
2.595416000000000000e+06
5.025000000000000000e+05
1.578100000000000000e+04
2.765000000000000000e+03
1.357600000000000000e+04
9.706000000000000000e+03
6.501000000000000000e+03
8.526000000000000000e+03
8.901000000000000000e+03
1.659400000000000000e+04
5.997000000000000000e+03
8.718000000000000000e+03
9.276910000000000000e+05
3.698300000000000000e+05
2.079000000000000000e+04
1.687100000000000000e+04
7.386000000000000000e+03
3.240000000000000000e+03
1.455300000000000000e+04
1.134700000000000000e+04
2.162000000000000000e+03
0.000000000000000000e+00
3.375000000000000000e+03
1.171900000000000000e+04
1.743291000000000000e+06
4.456730000000000000e+05
2.557000000000000000e+04
9.403000000000000000e+03
1.314800000000000000e+04
0.000000000000000000e+00
2.073600000000000000e+04
1.076700000000000000e+04
1.580900000000000000e+04
2.404000000000000000e+03
9.239000000000000000e+03
7.100000000000000000e+03
1.626023000000000000e+06
4.169970000000000000e+05
2.588900000000000000e+04
2.452076000000000000e+06
4.925037000000000000e+06
5.338814000000000000e+06
5.107699000000000000e+06
5.099588000000000000e+06
5.758733000000000000e+06
5.882715000000000000e+06
6.726387000000000000e+06
6.251967000000000000e+06
1.049403100000000000e+07
3.924362000000000000e+06
5.581354000000000000e+06
5.296693000000000000e+06
5.724810000000000000e+06
5.065655000000000000e+06
9.268430000000000000e+05
