9.418280000000000000e+05
6.567000000000000000e+04
1.676000000000000000e+04
2.656600000000000000e+04
5.901937000000000000e+06
4.582070000000000000e+05
2.424400000000000000e+04
5.742000000000000000e+03
3.055100000000000000e+04
2.014200000000000000e+04
3.607600000000000000e+04
8.355560000000000000e+05
2.633800000000000000e+04
1.656000000000000000e+04
3.880500000000000000e+04
2.058800000000000000e+04
1.299784000000000000e+06
3.701930000000000000e+05
3.852300000000000000e+04
1.919300000000000000e+04
1.991200000000000000e+04
2.555600000000000000e+04
3.737900000000000000e+04
4.031160000000000000e+05
3.207900000000000000e+04
3.821000000000000000e+03
1.600300000000000000e+04
1.074100000000000000e+04
1.179626000000000000e+06
4.091320000000000000e+05
5.273300000000000000e+04
7.276000000000000000e+03
2.160200000000000000e+04
7.688000000000000000e+03
1.775300000000000000e+04
4.035650000000000000e+05
6.424800000000000000e+04
1.120500000000000000e+04
1.349500000000000000e+04
1.932700000000000000e+04
1.065702000000000000e+06
4.091570000000000000e+05
4.026500000000000000e+04
0.000000000000000000e+00
1.970400000000000000e+04
1.209700000000000000e+04
2.648000000000000000e+03
3.365480000000000000e+05
3.184000000000000000e+04
2.685000000000000000e+03
4.762120000000000000e+05
4.176842000000000000e+06
6.655585000000000000e+06
3.213318000000000000e+06
4.586145000000000000e+06
4.607226000000000000e+06
4.899514000000000000e+06
5.118258000000000000e+06
4.825532000000000000e+06
5.706016000000000000e+06
5.870838000000000000e+06
4.798807000000000000e+06
6.531699000000000000e+06
4.474233000000000000e+06
7.657881000000000000e+06
1.362087000000000000e+06
1.549870000000000000e+05
1.378570000000000000e+05
1.221420000000000000e+05
1.446560000000000000e+05
1.164710000000000000e+05
9.142080000000000000e+05
1.220720000000000000e+05
1.201760000000000000e+05
1.100710000000000000e+05
1.615950000000000000e+05
3.270818000000000000e+06
4.781880000000000000e+05
6.561800000000000000e+04
8.380300000000000000e+04
7.450300000000000000e+04
1.080240000000000000e+05
8.984100000000000000e+04
6.857020000000000000e+05
1.009580000000000000e+05
9.357900000000000000e+04
8.333800000000000000e+04
6.919800000000000000e+04
1.710676000000000000e+06
4.461900000000000000e+05
1.178160000000000000e+05
1.052960000000000000e+05
1.663830000000000000e+05
1.953780000000000000e+05
2.180780000000000000e+05
5.803820000000000000e+05
2.137940000000000000e+05
1.576190000000000000e+05
1.688360000000000000e+05
1.401690000000000000e+05
1.752185000000000000e+06
4.832080000000000000e+05
1.041150000000000000e+05
1.886060000000000000e+05
2.035970000000000000e+05
2.331760000000000000e+05
1.277230000000000000e+05
5.350050000000000000e+05
1.217550000000000000e+05
1.541360000000000000e+05
1.252110000000000000e+05
1.285320000000000000e+05
1.842952000000000000e+06
4.681180000000000000e+05
1.405480000000000000e+05
1.461450000000000000e+05
1.513530000000000000e+05
1.462100000000000000e+05
1.524880000000000000e+05
5.464930000000000000e+05
2.275230000000000000e+05
1.264050000000000000e+05
1.883840000000000000e+05
1.424400000000000000e+05
1.930197000000000000e+06
5.198390000000000000e+05
1.471600000000000000e+05
1.159590000000000000e+05
1.648720000000000000e+05
9.177400000000000000e+04
1.284560000000000000e+05
5.277950000000000000e+05
8.597390000000000000e+05
4.010273000000000000e+06
4.160215000000000000e+06
4.893090000000000000e+06
7.539446000000000000e+06
2.951300000000000000e+06
4.633266000000000000e+06
4.628555000000000000e+06
5.187985000000000000e+06
5.101055000000000000e+06
5.305302000000000000e+06
5.767472000000000000e+06
5.201011000000000000e+06
5.353735000000000000e+06
4.757338000000000000e+06
2.281651000000000000e+06
6.191149000000000000e+06
