5.594190000000000000e+05
7.421700000000000000e+04
3.918100000000000000e+04
2.473800000000000000e+04
6.221400000000000000e+04
3.609000000000000000e+04
5.557100000000000000e+04
4.215100000000000000e+04
2.781700000000000000e+04
2.186000000000000000e+04
2.804104000000000000e+06
8.818500000000000000e+05
4.654100000000000000e+04
1.522100000000000000e+04
1.739100000000000000e+04
4.658900000000000000e+04
1.307400000000000000e+04
8.553000000000000000e+03
1.453300000000000000e+04
2.537300000000000000e+04
3.043000000000000000e+03
6.545000000000000000e+03
1.828355000000000000e+06
7.320100000000000000e+05
5.662000000000000000e+04
1.039400000000000000e+04
6.844000000000000000e+03
1.508300000000000000e+04
1.281200000000000000e+04
1.332800000000000000e+04
1.884900000000000000e+04
2.943800000000000000e+04
0.000000000000000000e+00
1.898900000000000000e+04
1.353407000000000000e+06
6.696180000000000000e+05
6.439900000000000000e+04
1.864100000000000000e+04
7.064300000000000000e+04
5.521600000000000000e+04
6.193800000000000000e+04
9.686200000000000000e+04
9.653300000000000000e+04
8.665800000000000000e+04
1.396170000000000000e+05
1.242150000000000000e+05
1.548063000000000000e+06
7.534550000000000000e+05
1.443070000000000000e+05
1.013200000000000000e+05
1.413490000000000000e+05
7.371500000000000000e+04
1.221084500000000000e+07
8.917807000000000000e+06
7.572974000000000000e+06
6.413931000000000000e+06
7.058985000000000000e+06
6.238669000000000000e+06
1.045112200000000000e+07
3.096206000000000000e+06
5.470482000000000000e+06
3.658675000000000000e+06
4.754503000000000000e+06
5.343575000000000000e+06
4.933412000000000000e+06
4.963662000000000000e+06
4.455779000000000000e+06
6.047080000000000000e+05
5.479810000000000000e+05
2.617350000000000000e+05
6.358429000000000000e+06
1.248038000000000000e+06
1.203140000000000000e+05
1.419070000000000000e+05
1.839400000000000000e+05
2.086640000000000000e+05
1.528110000000000000e+05
2.053650000000000000e+05
2.268010000000000000e+05
2.929170000000000000e+05
2.740350000000000000e+05
3.594460000000000000e+05
2.309907000000000000e+06
6.311300000000000000e+05
2.001810000000000000e+05
1.085660000000000000e+05
1.750170000000000000e+05
1.374800000000000000e+05
3.669010000000000000e+05
2.694420000000000000e+05
7.104470000000000000e+05
2.079290000000000000e+05
5.783850000000000000e+05
2.326770000000000000e+05
3.974011000000000000e+06
7.561420000000000000e+05
1.663230000000000000e+05
9.995000000000000000e+04
2.235200000000000000e+05
9.784400000000000000e+04
2.904730000000000000e+05
1.431990000000000000e+05
3.682140000000000000e+05
1.843650000000000000e+05
6.891990000000000000e+05
3.642450000000000000e+05
4.028567000000000000e+06
7.649750000000000000e+05
2.131610000000000000e+05
6.882900000000000000e+04
3.491290000000000000e+05
6.793000000000000000e+04
1.828030000000000000e+05
2.487420000000000000e+05
1.376100000000000000e+05
2.652860000000000000e+05
5.094570000000000000e+05
5.377430000000000000e+05
4.507818000000000000e+06
9.197490000000000000e+05
2.395180000000000000e+05
2.308230000000000000e+05
3.805760000000000000e+05
4.270390000000000000e+05
5.527350000000000000e+05
4.569800000000000000e+05
5.542420000000000000e+05
4.543830000000000000e+05
3.335120000000000000e+05
2.516720000000000000e+05
3.888068000000000000e+06
1.026657000000000000e+06
1.982130000000000000e+05
3.891700000000000000e+05
1.624940000000000000e+05
4.848750000000000000e+05
1.745150000000000000e+05
8.144270000000000000e+05
2.697560000000000000e+05
1.057913000000000000e+06
3.491700000000000000e+05
4.417100000000000000e+05
4.829820000000000000e+06
1.358188000000000000e+06
2.590880000000000000e+05
6.343030000000000000e+05
1.165513000000000000e+06
8.223240000000000000e+05
4.413070000000000000e+05
