8.100220000000000000e+05
2.613620000000000000e+05
2.096760000000000000e+05
1.894080000000000000e+05
4.992785000000000000e+06
4.022570000000000000e+05
9.313430000000000000e+05
7.442660000000000000e+05
3.476520000000000000e+05
3.472920000000000000e+05
5.124130000000000000e+05
1.165778000000000000e+06
2.183790000000000000e+05
4.928690000000000000e+05
7.081760000000000000e+05
8.966980000000000000e+05
4.598721000000000000e+06
3.966790000000000000e+05
2.322450000000000000e+05
4.619710000000000000e+05
2.228260000000000000e+05
1.770720000000000000e+05
3.722570000000000000e+05
1.074338000000000000e+06
4.611900000000000000e+05
2.976270000000000000e+05
3.064750000000000000e+05
8.117960000000000000e+05
4.399680000000000000e+06
5.160740000000000000e+05
2.647860000000000000e+05
5.767670000000000000e+05
9.595470000000000000e+05
5.312290000000000000e+05
4.615120000000000000e+05
1.125805000000000000e+06
3.523760000000000000e+05
2.603590000000000000e+05
4.179560000000000000e+05
5.317300000000000000e+05
4.705211000000000000e+06
4.654630000000000000e+05
1.373120000000000000e+05
2.991890000000000000e+05
2.743680000000000000e+05
6.243070000000000000e+05
3.550770000000000000e+05
8.947770000000000000e+05
2.224250000000000000e+05
1.983730000000000000e+05
2.754550000000000000e+05
3.614570000000000000e+05
5.019371000000000000e+06
3.294060000000000000e+05
1.236910000000000000e+05
2.154020000000000000e+05
3.215010000000000000e+05
1.454170000000000000e+05
2.614420000000000000e+05
8.447780000000000000e+05
5.308790000000000000e+05
1.670700000000000000e+05
6.063010000000000000e+05
7.060840000000000000e+05
4.676387000000000000e+06
5.724890000000000000e+05
1.108810000000000000e+05
8.934100000000000000e+04
3.229690000000000000e+05
2.535070000000000000e+05
2.049510000000000000e+05
1.180990000000000000e+06
2.253110000000000000e+06
3.500340000000000000e+05
1.402604000000000000e+06
2.170740000000000000e+05
4.629879000000000000e+06
4.401010000000000000e+05
1.644150000000000000e+05
1.186620000000000000e+05
2.350910000000000000e+05
8.289390000000000000e+05
3.967930000000000000e+05
1.256005000000000000e+06
3.084410000000000000e+05
5.717760000000000000e+05
1.141109000000000000e+06
2.833110000000000000e+05
3.819233000000000000e+06
5.190270000000000000e+05
4.486100000000000000e+05
1.239419000000000000e+06
2.707950000000000000e+05
2.937420000000000000e+05
6.834600000000000000e+05
1.540173000000000000e+06
7.419430000000000000e+05
1.825430000000000000e+05
6.074460000000000000e+05
3.000900000000000000e+04
4.566457000000000000e+06
5.399960000000000000e+05
4.482410000000000000e+05
9.202960000000000000e+05
9.519850000000000000e+05
1.024946000000000000e+06
2.936010000000000000e+05
1.117850000000000000e+06
1.271570000000000000e+06
1.146640000000000000e+06
2.188850000000000000e+05
2.876730000000000000e+05
4.099306000000000000e+06
4.652860000000000000e+05
1.632200000000000000e+05
1.824040000000000000e+05
4.092710000000000000e+05
1.257337000000000000e+06
1.225945000000000000e+06
1.259052000000000000e+06
5.547660000000000000e+05
5.879360000000000000e+05
3.213550000000000000e+05
2.596380000000000000e+05
4.956028000000000000e+06
8.975880000000000000e+05
3.963060000000000000e+05
1.204920000000000000e+05
5.297170000000000000e+05
3.041560000000000000e+05
7.975850000000000000e+05
1.178162000000000000e+06
9.320470000000000000e+05
1.019862000000000000e+06
3.093940000000000000e+05
4.554360000000000000e+05
4.673829000000000000e+06
5.274630000000000000e+05
1.157250000000000000e+05
2.964430000000000000e+05
1.456620000000000000e+05
6.805250000000000000e+05
3.793530000000000000e+05
1.415047000000000000e+06
2.195731000000000000e+06
8.570850000000000000e+05
3.481310000000000000e+05
3.659830000000000000e+05
4.806628000000000000e+06
