2.510030000000000000e+05
2.421570000000000000e+05
2.298580000000000000e+05
2.166740000000000000e+05
3.997670000000000000e+05
2.773660000000000000e+05
2.895310000000000000e+05
1.344010000000000000e+05
4.746240000000000000e+05
1.905970000000000000e+05
3.750637000000000000e+06
9.553270000000000000e+05
2.018310000000000000e+05
2.219350000000000000e+05
2.598980000000000000e+05
2.098300000000000000e+05
3.570340000000000000e+05
2.172100000000000000e+05
3.935350000000000000e+05
2.113200000000000000e+05
3.326290000000000000e+05
5.136040000000000000e+05
3.786610000000000000e+06
1.087141000000000000e+06
2.600860000000000000e+05
3.198350000000000000e+05
1.794300000000000000e+05
6.132560000000000000e+05
4.779330000000000000e+05
3.079280000000000000e+05
3.334220000000000000e+05
6.649260000000000000e+05
4.065360000000000000e+05
3.865010000000000000e+05
4.001303000000000000e+06
1.090269000000000000e+06
3.971110000000000000e+05
3.037450000000000000e+05
3.321490000000000000e+05
4.754150000000000000e+05
4.340190000000000000e+05
3.429050000000000000e+05
2.992150000000000000e+05
3.429200000000000000e+05
3.126970000000000000e+05
9.912020000000000000e+05
5.133432000000000000e+06
1.221935000000000000e+06
3.450110000000000000e+05
3.366890000000000000e+05
5.341700000000000000e+05
4.163310000000000000e+05
5.258030000000000000e+05
5.082980000000000000e+05
7.059840000000000000e+05
4.924770000000000000e+05
4.626660000000000000e+05
8.053830000000000000e+05
5.022663000000000000e+06
1.277017000000000000e+06
4.532230000000000000e+05
4.850720000000000000e+05
4.255570000000000000e+05
4.672890000000000000e+05
5.570010000000000000e+05
4.609910000000000000e+05
4.259110000000000000e+05
5.248130000000000000e+05
5.196620000000000000e+05
5.330100000000000000e+05
3.892319000000000000e+06
1.200078000000000000e+06
4.795010000000000000e+05
4.397790000000000000e+05
5.280420000000000000e+05
8.315120000000000000e+05
9.267810000000000000e+05
5.440000000000000000e+05
4.592220000000000000e+05
4.996420000000000000e+05
7.913000000000000000e+05
4.966160000000000000e+05
4.792437000000000000e+06
1.415379000000000000e+06
5.250310000000000000e+05
7.233080000000000000e+05
1.006341000000000000e+06
9.908280000000000000e+05
6.075510000000000000e+05
5.650470000000000000e+05
7.817490000000000000e+05
9.131370000000000000e+05
6.090330000000000000e+05
7.966940000000000000e+05
4.884759000000000000e+06
1.433111000000000000e+06
8.302240000000000000e+05
8.334120000000000000e+05
7.062190000000000000e+05
8.681940000000000000e+05
5.422020000000000000e+05
1.206383000000000000e+06
1.980192000000000000e+06
5.553650000000000000e+05
1.097600000000000000e+06
8.482500000000000000e+05
5.592041000000000000e+06
1.647677000000000000e+06
6.777820000000000000e+05
1.308114000000000000e+06
1.084815000000000000e+06
1.581515000000000000e+06
8.588300000000000000e+05
1.068931000000000000e+06
6.846240000000000000e+05
7.663450000000000000e+05
6.310790300000000000e+07
8.255640000000000000e+05
2.823390000000000000e+05
4.608840000000000000e+05
4.880532000000000000e+06
8.762655000000000000e+06
2.543823000000000000e+06
2.085449000000000000e+06
4.643320000000000000e+05
1.167193000000000000e+06
2.476298000000000000e+06
1.333746000000000000e+06
3.981721000000000000e+06
5.991340000000000000e+05
5.056000000000000000e+04
1.902680000000000000e+05
2.004300000000000000e+04
1.197470000000000000e+05
2.035300000000000000e+04
2.376900000000000000e+05
8.717300000000000000e+04
2.736950000000000000e+05
5.632300000000000000e+04
3.067900000000000000e+05
2.097283000000000000e+06
4.761050000000000000e+05
8.775300000000000000e+04
1.778320000000000000e+05
5.759800000000000000e+04
9.454300000000000000e+04
3.183870000000000000e+05
4.103100000000000000e+04
1.546359000000000000e+06
