8.772080000000000000e+05
6.474210000000000000e+05
3.590260000000000000e+06
6.840350000000000000e+05
6.502200000000000000e+04
7.212800000000000000e+05
4.792460000000000000e+05
1.652134000000000000e+06
2.937230000000000000e+05
2.481580000000000000e+05
4.020440000000000000e+05
7.692550000000000000e+05
9.574560000000000000e+05
6.154620000000000000e+05
3.538758000000000000e+06
7.879850000000000000e+05
3.435420000000000000e+05
2.226900000000000000e+05
8.934850000000000000e+05
6.900380000000000000e+05
4.647070000000000000e+05
5.438700000000000000e+05
5.516420000000000000e+05
9.033060000000000000e+05
3.225070000000000000e+05
7.689220000000000000e+05
3.128003000000000000e+06
7.087720000000000000e+05
4.688010000000000000e+05
5.610540000000000000e+05
3.533930000000000000e+05
8.338140000000000000e+05
4.402820000000000000e+05
4.591790000000000000e+05
5.825770000000000000e+05
9.431260000000000000e+05
8.873030000000000000e+05
7.890780000000000000e+05
2.631355000000000000e+06
8.431380000000000000e+05
5.171150000000000000e+05
8.133500000000000000e+04
1.151010000000000000e+05
2.804060000000000000e+05
1.996310000000000000e+05
4.427580000000000000e+05
2.864250000000000000e+05
6.295860000000000000e+05
3.931430000000000000e+05
2.529750000000000000e+05
2.005042000000000000e+06
5.854410000000000000e+05
1.113500000000000000e+05
1.468480000000000000e+05
3.140320000000000000e+05
8.362660000000000000e+05
8.481900000000000000e+04
3.899470000000000000e+05
7.953300000000000000e+04
5.711190000000000000e+05
7.517400000000000000e+04
2.442740000000000000e+05
2.629187000000000000e+06
5.726790000000000000e+05
3.314600000000000000e+04
1.641650000000000000e+05
1.461080000000000000e+05
2.794170000000000000e+05
3.554200000000000000e+04
3.342010000000000000e+05
7.227800000000000000e+04
9.813660000000000000e+05
1.685170000000000000e+05
1.769580000000000000e+05
2.320049000000000000e+06
7.132870000000000000e+05
5.072900000000000000e+04
3.250290000000000000e+05
1.154240000000000000e+05
4.358890000000000000e+05
1.585680000000000000e+05
4.607560000000000000e+05
1.454740000000000000e+05
7.109330000000000000e+05
3.376310000000000000e+05
2.625150000000000000e+05
2.378541000000000000e+06
6.022490000000000000e+05
2.278190000000000000e+05
1.330470000000000000e+05
1.885100000000000000e+05
1.949590000000000000e+05
1.587460000000000000e+05
1.316930000000000000e+05
9.793000000000000000e+04
6.870020000000000000e+05
4.331090000000000000e+05
3.290010000000000000e+05
2.249906000000000000e+06
8.047090000000000000e+05
2.875260000000000000e+05
7.945790000000000000e+05
5.690220000000000000e+05
6.095330000000000000e+05
1.911960000000000000e+05
3.144870000000000000e+05
2.727330000000000000e+05
6.678100000000000000e+05
1.212980000000000000e+05
1.960800000000000000e+05
3.216541000000000000e+06
5.980770000000000000e+05
7.453800000000000000e+04
4.439300000000000000e+04
2.813970000000000000e+05
3.621500000000000000e+04
1.666473000000000000e+06
1.959714000000000000e+06
1.203490000000000000e+05
9.390268000000000000e+07
7.114581000000000000e+06
6.349469000000000000e+06
6.529902000000000000e+06
5.349563000000000000e+06
6.963985000000000000e+06
7.159513000000000000e+06
6.428784000000000000e+06
3.394137000000000000e+06
3.488036000000000000e+06
3.587934000000000000e+06
4.112058000000000000e+06
6.811274000000000000e+06
3.297640000000000000e+06
2.504601000000000000e+06
5.160813000000000000e+06
5.036343000000000000e+06
3.588539000000000000e+06
2.562736000000000000e+06
3.266174000000000000e+06
3.163887000000000000e+06
4.193198000000000000e+06
3.372469000000000000e+06
2.675425000000000000e+06
7.139713000000000000e+06
2.662596000000000000e+06
3.161962000000000000e+06
3.407049000000000000e+06
4.389662000000000000e+06
4.426722000000000000e+06
