4.016277000000000000e+06
3.120124000000000000e+06
3.315821000000000000e+06
3.840585000000000000e+06
2.907452000000000000e+06
6.544902000000000000e+06
3.055844000000000000e+06
4.994105000000000000e+06
6.692520000000000000e+06
5.058488000000000000e+06
4.502856000000000000e+06
4.739632000000000000e+06
3.774248000000000000e+06
3.950783000000000000e+06
4.192203000000000000e+06
5.081691000000000000e+06
3.865201000000000000e+06
7.889161000000000000e+06
3.575087000000000000e+06
3.420864000000000000e+06
3.681514000000000000e+06
3.723784000000000000e+06
3.345773000000000000e+06
4.304841000000000000e+06
2.916713000000000000e+06
3.467486000000000000e+06
2.581887000000000000e+06
2.980405000000000000e+06
3.815618000000000000e+06
7.412687000000000000e+06
3.613052000000000000e+06
3.319436000000000000e+06
4.347024000000000000e+06
4.391675000000000000e+06
4.256084000000000000e+06
5.561094000000000000e+06
4.027864000000000000e+06
4.238635000000000000e+06
3.319217000000000000e+06
3.526190000000000000e+06
3.997911000000000000e+06
7.875299000000000000e+06
4.221923000000000000e+06
4.796131000000000000e+06
5.626694000000000000e+06
5.739347000000000000e+06
5.344728000000000000e+06
6.476233000000000000e+06
4.947655000000000000e+06
4.169272000000000000e+06
4.327614000000000000e+06
4.431136000000000000e+06
4.067893000000000000e+06
7.892783000000000000e+06
3.913518000000000000e+06
4.585167000000000000e+06
5.369256000000000000e+06
5.758029000000000000e+06
4.763734000000000000e+06
4.925306000000000000e+06
5.395012000000000000e+06
3.756092000000000000e+06
3.206697000000000000e+06
4.182540000000000000e+06
3.483352000000000000e+06
8.848686000000000000e+06
1.076060800000000000e+07
4.740753000000000000e+06
7.003797000000000000e+06
5.036565000000000000e+06
4.352638000000000000e+06
4.711018000000000000e+06
5.588292000000000000e+06
4.785527000000000000e+06
5.939600000000000000e+06
5.178285000000000000e+06
5.932013000000000000e+06
1.245563300000000000e+07
4.465972000000000000e+06
3.004451000000000000e+06
1.355439900000000000e+07
6.200490000000000000e+06
5.531552000000000000e+06
6.777092000000000000e+06
1.637970600000000000e+07
8.629768000000000000e+06
5.561930000000000000e+06
7.010772000000000000e+06
5.301531000000000000e+06
1.154778700000000000e+07
1.001986300000000000e+07
8.627797000000000000e+06
1.201318500000000000e+07
1.352203500000000000e+07
3.410723100000000000e+07
3.525530700000000000e+07
1.001725000000000000e+06
9.629920000000000000e+05
9.036970000000000000e+05
2.356185000000000000e+06
3.147043000000000000e+06
4.410555000000000000e+06
5.105568000000000000e+06
4.809558000000000000e+06
5.750017000000000000e+06
4.202508900000000000e+07
1.457864000000000000e+06
1.702790000000000000e+05
7.428240000000000000e+05
8.163890000000000000e+05
6.126660000000000000e+05
9.805100000000000000e+05
5.905860000000000000e+05
1.299538000000000000e+06
3.261000000000000000e+05
6.561820000000000000e+05
3.773870000000000000e+05
2.221272000000000000e+06
1.412391000000000000e+06
3.548050000000000000e+05
1.076300000000000000e+05
6.149130000000000000e+05
1.211700000000000000e+05
1.275279000000000000e+06
9.359380000000000000e+05
8.557070000000000000e+05
2.163926000000000000e+06
1.402692000000000000e+06
2.091611000000000000e+06
3.023471000000000000e+06
1.876161000000000000e+06
1.037542000000000000e+06
9.762710000000000000e+05
1.281198000000000000e+06
1.820306000000000000e+06
1.594948000000000000e+06
1.131054000000000000e+06
1.165131000000000000e+06
1.029544000000000000e+06
1.617423000000000000e+06
1.263151000000000000e+06
4.280415000000000000e+06
7.390530000000000000e+05
1.782458000000000000e+06
5.639150000000000000e+05
1.954454000000000000e+06
2.091910000000000000e+05
1.194277000000000000e+06
8.515710000000000000e+05
