1.092072000000000000e+06
1.458900000000000000e+06
1.835456000000000000e+06
2.204240000000000000e+06
2.501728000000000000e+06
2.899631000000000000e+06
3.301472000000000000e+06
3.551142000000000000e+06
1.879440000000000000e+05
4.095608000000000000e+06
4.522117000000000000e+06
6.864315000000000000e+06
5.634708000000000000e+06
6.079806000000000000e+06
1.022440000000000000e+05
6.843304000000000000e+06
7.501598000000000000e+06
8.278357000000000000e+06
8.948165000000000000e+06
9.079322000000000000e+06
1.544820000000000000e+05
9.889775000000000000e+06
1.057733100000000000e+07
1.341708300000000000e+07
1.201232900000000000e+07
1.269187500000000000e+07
8.098400000000000000e+04
1.350040700000000000e+07
1.439205500000000000e+07
1.626622600000000000e+07
1.792758700000000000e+07
1.972520900000000000e+07
2.834190000000000000e+05
2.159930600000000000e+07
3.301665100000000000e+07
3.155840200000000000e+07
3.092779800000000000e+07
3.586468000000000000e+07
7.273850000000000000e+05
4.483740700000000000e+07
3.613416200000000000e+07
2.444911400000000000e+07
4.483358600000000000e+07
5.769501600000000000e+07
2.041970000000000000e+05
1.738876000000000000e+06
1.363582000000000000e+06
6.992956000000000000e+06
1.519719000000000000e+06
1.955432000000000000e+06
1.710080000000000000e+05
9.820590000000000000e+05
6.169440000000000000e+05
5.795230000000000000e+05
5.793390000000000000e+05
7.351590000000000000e+05
1.435400000000000000e+05
5.097640000000000000e+05
6.919110000000000000e+05
5.837629000000000000e+06
8.272990000000000000e+05
1.121069000000000000e+06
7.941400000000000000e+04
7.950820000000000000e+05
7.938260000000000000e+05
8.425910000000000000e+05
8.664540000000000000e+05
1.917958000000000000e+06
1.187490000000000000e+05
1.087702000000000000e+06
1.263567000000000000e+06
4.103190000000000000e+06
1.383650000000000000e+06
1.571244000000000000e+06
9.890500000000000000e+04
8.118800000000000000e+05
7.534520000000000000e+05
6.938260000000000000e+05
7.289580000000000000e+05
1.045712000000000000e+06
3.735600000000000000e+04
5.590590000000000000e+05
8.261770000000000000e+05
4.896979000000000000e+06
1.352977000000000000e+06
1.656800000000000000e+06
1.284070000000000000e+05
1.031687000000000000e+06
1.030560000000000000e+06
8.735155500000000000e+07
2.412764000000000000e+06
2.241736000000000000e+06
1.703150000000000000e+05
2.215851000000000000e+06
2.248852000000000000e+06
2.366744000000000000e+06
1.915014000000000000e+06
1.807979000000000000e+06
1.479940000000000000e+05
1.463076000000000000e+06
1.485475000000000000e+06
4.142989000000000000e+06
1.085472000000000000e+06
6.909390000000000000e+05
4.665500000000000000e+04
5.045500000000000000e+05
6.591510000000000000e+05
1.070329000000000000e+06
4.306010000000000000e+05
4.191850000000000000e+05
3.405600000000000000e+04
4.536940000000000000e+05
8.956100000000000000e+05
3.815672000000000000e+06
7.155100000000000000e+05
5.208910000000000000e+05
2.788500000000000000e+04
6.188310000000000000e+05
6.170950000000000000e+05
1.283658000000000000e+06
8.939280000000000000e+05
9.044490000000000000e+05
4.463000000000000000e+04
1.195075000000000000e+06
1.598972000000000000e+06
4.381299000000000000e+06
1.840181000000000000e+06
1.820033000000000000e+06
1.166850000000000000e+05
1.831626000000000000e+06
2.160872000000000000e+06
2.781104000000000000e+06
2.527744000000000000e+06
2.510371000000000000e+06
1.554320000000000000e+05
2.485803000000000000e+06
2.904991000000000000e+06
5.496056000000000000e+06
3.088924000000000000e+06
2.687651000000000000e+06
1.167220000000000000e+05
8.786464700000000000e+07
1.439581000000000000e+06
1.755813000000000000e+06
1.230464000000000000e+06
1.395240000000000000e+06
9.001200000000000000e+04
2.518536000000000000e+06
1.740512000000000000e+06
