2.260893000000000000e+06
1.724390000000000000e+06
1.554860000000000000e+05
1.694960000000000000e+06
5.023922000000000000e+06
1.884030000000000000e+06
1.511107000000000000e+06
1.699576000000000000e+06
1.268520000000000000e+05
1.927272000000000000e+06
1.872907000000000000e+06
2.533111000000000000e+06
1.834341000000000000e+06
1.668829000000000000e+06
1.157170000000000000e+05
1.347845000000000000e+06
4.100126000000000000e+06
1.478289000000000000e+06
8.317030000000000000e+05
9.461010000000000000e+05
7.134600000000000000e+04
8.512940000000000000e+05
8.887090000000000000e+05
1.533016000000000000e+06
7.399500000000000000e+05
8.359430000000000000e+05
5.624400000000000000e+04
8.535260000000000000e+05
2.964775000000000000e+06
1.246683000000000000e+06
7.677450000000000000e+05
9.846090000000000000e+05
7.026000000000000000e+04
1.217896000000000000e+06
1.431929000000000000e+06
2.123037000000000000e+06
2.408876000000000000e+06
2.692252000000000000e+06
1.552790000000000000e+05
1.926499000000000000e+06
3.175358000000000000e+06
1.476339000000000000e+06
1.097064000000000000e+06
1.298337000000000000e+06
9.951000000000000000e+04
6.369819300000000000e+07
1.692525000000000000e+06
2.113122000000000000e+06
2.077024000000000000e+06
2.039977000000000000e+06
1.614840000000000000e+05
1.805412000000000000e+06
1.366617000000000000e+06
1.576564000000000000e+06
1.838415000000000000e+06
2.208251000000000000e+06
1.068620000000000000e+05
5.007995000000000000e+06
2.707461000000000000e+06
2.923894000000000000e+06
2.592449000000000000e+06
2.474460000000000000e+06
1.805350000000000000e+05
2.386860000000000000e+06
2.387332000000000000e+06
2.122289000000000000e+06
1.919023000000000000e+06
1.618530000000000000e+06
1.330360000000000000e+05
4.039727000000000000e+06
1.448212000000000000e+06
1.646653000000000000e+06
1.033906000000000000e+06
6.537750000000000000e+05
4.744000000000000000e+04
6.665040000000000000e+05
7.769100000000000000e+05
7.658660000000000000e+05
7.977970000000000000e+05
7.667720000000000000e+05
3.035300000000000000e+04
4.215461000000000000e+06
1.096445000000000000e+06
1.356548000000000000e+06
6.503440000000000000e+05
8.196570000000000000e+05
4.856700000000000000e+04
8.022400000000000000e+05
8.279420000000000000e+05
9.026740000000000000e+05
8.558080000000000000e+05
7.368670000000000000e+05
5.964600000000000000e+04
3.935278000000000000e+06
8.865210000000000000e+05
1.680023000000000000e+06
1.610490000000000000e+06
1.866692000000000000e+06
1.363880000000000000e+05
1.330939000000000000e+06
1.076960000000000000e+06
8.125500000000000000e+05
6.376920000000000000e+05
7.052280000000000000e+05
3.367200000000000000e+04
2.977632000000000000e+06
1.567614000000000000e+06
1.651267000000000000e+06
1.171676000000000000e+06
9.231780000000000000e+05
6.858400000000000000e+04
6.807130000000000000e+05
3.657460000000000000e+05
8.775660000000000000e+05
8.803898900000000000e+07
2.087382000000000000e+06
1.432020000000000000e+05
6.832300000000000000e+05
5.226430000000000000e+05
1.217350000000000000e+06
7.197130000000000000e+05
1.545994000000000000e+06
9.347700000000000000e+04
7.376780000000000000e+05
7.020690000000000000e+05
5.739380000000000000e+05
3.312371000000000000e+06
1.409538000000000000e+06
9.670400000000000000e+04
5.398900000000000000e+05
6.021640000000000000e+05
1.196157000000000000e+06
7.217420000000000000e+05
1.112281000000000000e+06
6.384700000000000000e+04
4.029880000000000000e+05
4.539980000000000000e+05
3.984750000000000000e+05
3.177558000000000000e+06
1.563537000000000000e+06
1.373160000000000000e+05
6.738200000000000000e+05
6.467890000000000000e+05
1.307678000000000000e+06
5.334890000000000000e+05
1.182046000000000000e+06
7.625300000000000000e+04
3.294830000000000000e+05
6.269970000000000000e+05
