4.128251000000000000e+06
2.569785000000000000e+06
1.776060000000000000e+05
1.247634000000000000e+06
8.192983800000000000e+07
1.347754000000000000e+06
1.288207000000000000e+06
1.404763000000000000e+06
9.689800000000000000e+04
1.673837000000000000e+06
1.897087000000000000e+06
2.430554000000000000e+06
2.312904000000000000e+06
2.362837000000000000e+06
1.950890000000000000e+05
2.490977000000000000e+06
4.862910000000000000e+06
2.767664000000000000e+06
2.637914000000000000e+06
2.760872000000000000e+06
1.470600000000000000e+05
2.517913000000000000e+06
2.497632000000000000e+06
2.562851000000000000e+06
1.901274000000000000e+06
1.543707000000000000e+06
9.721200000000000000e+04
1.182486000000000000e+06
3.549933000000000000e+06
1.138264000000000000e+06
9.434180000000000000e+05
8.057490000000000000e+05
6.435800000000000000e+04
7.950780000000000000e+05
1.033129000000000000e+06
1.642703000000000000e+06
1.452552000000000000e+06
1.750645000000000000e+06
1.112850000000000000e+05
1.513490000000000000e+06
3.825080000000000000e+06
2.509220000000000000e+06
2.665886000000000000e+06
2.820883000000000000e+06
1.057310000000000000e+05
2.887677000000000000e+06
6.223409400000000000e+07
1.516658000000000000e+06
8.796420000000000000e+05
1.448731000000000000e+06
1.082180000000000000e+05
1.870687000000000000e+06
2.016918000000000000e+06
2.155736000000000000e+06
2.277621000000000000e+06
2.222069000000000000e+06
1.826960000000000000e+05
1.810846000000000000e+06
4.255575000000000000e+06
2.395079000000000000e+06
2.511999000000000000e+06
2.645960000000000000e+06
1.884590000000000000e+05
2.395929000000000000e+06
2.053572000000000000e+06
1.778466000000000000e+06
1.816626000000000000e+06
1.909493000000000000e+06
1.339650000000000000e+05
2.046548000000000000e+06
4.784234000000000000e+06
3.202715000000000000e+06
2.772691000000000000e+06
2.482281000000000000e+06
1.942600000000000000e+05
1.783547000000000000e+06
1.372083000000000000e+06
2.332840000000000000e+06
3.090563000000000000e+06
2.890030000000000000e+06
2.236370000000000000e+05
2.418055000000000000e+06
4.097017000000000000e+06
2.154778000000000000e+06
1.258839000000000000e+06
2.110501000000000000e+06
1.360130000000000000e+05
2.805719000000000000e+06
3.500989000000000000e+06
3.934216000000000000e+06
3.978224000000000000e+06
4.361144000000000000e+06
3.605740000000000000e+05
5.053341000000000000e+06
7.078769000000000000e+06
4.778605000000000000e+06
3.909305000000000000e+06
3.769629000000000000e+06
3.039200000000000000e+05
3.794901000000000000e+06
4.111749000000000000e+06
4.458182000000000000e+06
4.478062000000000000e+06
4.389184000000000000e+06
3.430450000000000000e+05
3.725195000000000000e+06
5.767938000000000000e+06
5.821425800000000000e+07
1.835704000000000000e+06
1.702795000000000000e+06
8.531000000000000000e+04
2.246639000000000000e+06
2.683833000000000000e+06
2.808807000000000000e+06
2.658593000000000000e+06
2.354575000000000000e+06
2.276320000000000000e+05
2.012701000000000000e+06
2.216806000000000000e+06
4.402615000000000000e+06
1.622145000000000000e+06
9.008920000000000000e+05
5.839100000000000000e+04
8.615830000000000000e+05
8.543390000000000000e+05
1.082044000000000000e+06
9.283020000000000000e+05
8.453900000000000000e+05
5.688500000000000000e+04
7.628620000000000000e+05
5.571590000000000000e+05
2.970329000000000000e+06
1.385584000000000000e+06
9.412570000000000000e+05
2.359800000000000000e+04
1.166802000000000000e+06
8.228550000000000000e+05
6.422590000000000000e+05
5.996549100000000000e+07
7.998000000000000000e+05
2.421900000000000000e+04
3.519880000000000000e+05
4.657250000000000000e+05
9.597800000000000000e+05
2.827210000000000000e+05
2.084940000000000000e+05
1.336300000000000000e+04
4.928270000000000000e+05
4.190990000000000000e+05
