3.633488000000000000e+06
9.802500000000000000e+05
3.607200000000000000e+04
3.967320000000000000e+05
4.495800000000000000e+05
2.149690000000000000e+05
2.873030000000000000e+05
6.297330000000000000e+05
9.372000000000000000e+03
5.744940000000000000e+05
3.430170000000000000e+05
9.133890000000000000e+05
3.320081000000000000e+06
6.807790000000000000e+05
3.327900000000000000e+04
3.126140000000000000e+05
6.578620000000000000e+05
5.004710000000000000e+05
2.049240000000000000e+05
3.679360000000000000e+05
8.440000000000000000e+03
4.553080000000000000e+05
7.059300000000000000e+04
9.307190000000000000e+05
1.981079000000000000e+06
6.405230000000000000e+05
1.995900000000000000e+04
2.297000000000000000e+05
4.625080000000000000e+05
4.566290000000000000e+05
3.937360000000000000e+05
5.946270000000000000e+05
2.303100000000000000e+04
5.979074700000000000e+07
1.293730000000000000e+06
1.363203000000000000e+06
1.077242000000000000e+06
9.879730000000000000e+05
7.786700000000000000e+04
7.580550000000000000e+05
6.086230000000000000e+05
5.141590000000000000e+05
6.473940000000000000e+05
6.802930000000000000e+05
7.706400000000000000e+04
2.397337000000000000e+06
1.247983000000000000e+06
1.644011000000000000e+06
1.346112000000000000e+06
7.589430000000000000e+05
7.907700000000000000e+04
1.343909000000000000e+06
1.495035000000000000e+06
1.346784000000000000e+06
1.222180000000000000e+06
1.312414000000000000e+06
6.221400000000000000e+04
3.200641000000000000e+06
1.965264000000000000e+06
2.327580000000000000e+06
1.784458000000000000e+06
1.543029000000000000e+06
1.121270000000000000e+05
1.423224000000000000e+06
1.340469000000000000e+06
8.786580000000000000e+05
1.113909000000000000e+06
1.434661000000000000e+06
8.209500000000000000e+04
4.558638000000000000e+06
2.696483000000000000e+06
1.906267000000000000e+06
1.005389000000000000e+06
7.809000000000000000e+05
5.369900000000000000e+04
6.950910000000000000e+05
8.942570000000000000e+05
1.119751000000000000e+06
1.732253000000000000e+06
2.537867000000000000e+06
1.322420000000000000e+05
6.070028000000000000e+06
3.863965000000000000e+06
3.647922000000000000e+06
2.819974000000000000e+06
2.436278000000000000e+06
9.096700000000000000e+04
1.864465000000000000e+06
1.922688000000000000e+06
1.929737000000000000e+06
1.706499000000000000e+06
1.404540000000000000e+06
1.038840000000000000e+05
3.779499000000000000e+06
1.243426000000000000e+06
1.469463000000000000e+06
1.174818000000000000e+06
1.475795000000000000e+06
1.179040000000000000e+05
1.845505000000000000e+06
2.346626000000000000e+06
2.556110000000000000e+06
2.315625000000000000e+06
1.814780000000000000e+06
5.762500000000000000e+04
3.592758000000000000e+06
1.602301000000000000e+06
1.888522000000000000e+06
1.601700000000000000e+06
1.725587000000000000e+06
6.886100000000000000e+04
1.603316000000000000e+06
1.560140000000000000e+06
1.292460000000000000e+06
1.187319000000000000e+06
1.299967000000000000e+06
8.815400000000000000e+04
3.498438000000000000e+06
1.177445000000000000e+06
1.173113000000000000e+06
5.016270000000000000e+05
3.883870000000000000e+05
1.674100000000000000e+04
4.760590000000000000e+05
5.237790000000000000e+05
6.041630000000000000e+05
8.123130000000000000e+05
8.345890000000000000e+05
3.126700000000000000e+04
2.594049000000000000e+06
1.679506000000000000e+06
1.869267000000000000e+06
1.434622000000000000e+06
1.235070000000000000e+06
8.755200000000000000e+04
8.717730000000000000e+05
8.978150000000000000e+05
1.380789000000000000e+06
2.090473000000000000e+06
2.177939000000000000e+06
1.215320000000000000e+05
8.308082900000000000e+07
1.179870000000000000e+06
1.434980000000000000e+06
1.063163000000000000e+06
1.165015000000000000e+06
7.446200000000000000e+04
2.538451000000000000e+06
1.510226000000000000e+06
