2.838655000000000000e+06
3.011278000000000000e+06
1.351950000000000000e+05
7.820179000000000000e+06
4.857900000000000000e+06
4.168895000000000000e+06
5.710960000000000000e+06
6.148230000000000000e+06
2.293090000000000000e+05
8.300662000000000000e+06
1.490110800000000000e+07
2.380188700000000000e+07
2.305851200000000000e+07
2.142589400000000000e+07
4.903790000000000000e+05
2.113892000000000000e+07
1.272832100000000000e+07
7.466199000000000000e+06
8.224482000000000000e+06
9.818938000000000000e+06
4.294270000000000000e+05
1.172052300000000000e+07
1.307586800000000000e+07
1.664408200000000000e+07
1.688914000000000000e+07
1.717460200000000000e+07
5.278880000000000000e+05
2.214384900000000000e+07
1.854589100000000000e+07
1.815471200000000000e+07
1.661937000000000000e+07
1.625208000000000000e+07
5.611160000000000000e+05
1.454810100000000000e+07
1.706839300000000000e+07
2.041405900000000000e+07
1.784674900000000000e+07
1.649765600000000000e+07
5.373270000000000000e+05
2.065038400000000000e+07
1.746077200000000000e+07
1.436748600000000000e+07
1.255839900000000000e+07
1.150878300000000000e+07
3.157590000000000000e+05
1.271487300000000000e+07
1.635888300000000000e+07
1.897335900000000000e+07
1.772744700000000000e+07
1.754532100000000000e+07
5.713790000000000000e+05
2.242697700000000000e+07
1.925390600000000000e+07
1.846631200000000000e+07
1.620006800000000000e+07
1.644037100000000000e+07
4.989500000000000000e+05
1.916439100000000000e+07
1.957799800000000000e+07
1.965764000000000000e+07
1.839760000000000000e+07
1.787591800000000000e+07
5.201520000000000000e+05
2.057443000000000000e+07
2.030408800000000000e+07
1.951317200000000000e+07
1.661558200000000000e+07
1.483853400000000000e+07
4.831310000000000000e+05
1.642010900000000000e+07
2.033478100000000000e+07
2.014401800000000000e+07
1.733850700000000000e+07
1.977296900000000000e+07
6.393060000000000000e+05
2.343807700000000000e+07
1.995346300000000000e+07
1.615175100000000000e+07
5.055084600000000000e+07
1.198861000000000000e+07
4.462150000000000000e+05
1.430522000000000000e+07
1.515366200000000000e+07
1.608391500000000000e+07
1.756221400000000000e+07
1.833464200000000000e+07
5.393480000000000000e+05
2.063377700000000000e+07
2.094350800000000000e+07
2.304593000000000000e+07
2.789639800000000000e+07
2.488668300000000000e+07
5.309660000000000000e+05
2.102178600000000000e+07
2.179109500000000000e+07
2.452171400000000000e+07
2.180467100000000000e+07
2.179256900000000000e+07
4.952990000000000000e+05
2.295486900000000000e+07
2.246734200000000000e+07
2.256160200000000000e+07
2.608705200000000000e+07
2.493484800000000000e+07
4.121370000000000000e+05
2.696103100000000000e+07
2.930890800000000000e+07
3.010069700000000000e+07
3.570177700000000000e+07
4.332837300000000000e+07
6.805840000000000000e+05
3.831075300000000000e+07
4.493905100000000000e+07
2.009554600000000000e+07
2.589970300000000000e+07
3.246359000000000000e+06
6.309300000000000000e+04
8.321960000000000000e+05
2.706350000000000000e+05
8.802670000000000000e+05
1.512460000000000000e+05
3.044120000000000000e+05
1.626700000000000000e+04
2.908160000000000000e+05
1.249050000000000000e+05
1.371970000000000000e+05
2.308093000000000000e+06
6.562130000000000000e+05
3.312900000000000000e+04
2.775120000000000000e+05
2.523930000000000000e+05
7.157110000000000000e+05
1.784030000000000000e+05
1.317070000000000000e+05
1.296300000000000000e+04
1.368040000000000000e+05
2.053440000000000000e+05
4.593360000000000000e+05
1.901207000000000000e+06
9.717090000000000000e+05
5.330600000000000000e+04
5.741040000000000000e+05
3.319060000000000000e+05
7.798060000000000000e+05
5.398470000000000000e+05
6.268610000000000000e+05
3.413700000000000000e+04
6.417880000000000000e+05
8.419750000000000000e+05
