2.897913000000000000e+06
1.142305000000000000e+06
6.705500000000000000e+04
7.545350000000000000e+05
8.350700000000000000e+05
7.267030000000000000e+05
7.358610000000000000e+05
6.189480000000000000e+05
2.561900000000000000e+04
5.545650000000000000e+05
5.826040000000000000e+05
9.747040000000000000e+05
2.230531000000000000e+06
6.859300000000000000e+05
3.159500000000000000e+04
2.126360000000000000e+05
2.599090000000000000e+05
3.533590000000000000e+05
1.972750000000000000e+05
1.933700000000000000e+05
1.164200000000000000e+04
2.614080000000000000e+05
2.546830000000000000e+05
7.371220000000000000e+05
2.105312000000000000e+06
7.455730000000000000e+05
2.979400000000000000e+04
3.366350000000000000e+05
4.861300000000000000e+05
4.794520000000000000e+05
5.218570000000000000e+05
6.049940000000000000e+05
1.424600000000000000e+04
7.529950000000000000e+05
8.322820000000000000e+05
1.266251000000000000e+06
2.659480000000000000e+06
1.004385000000000000e+06
2.836800000000000000e+04
6.442660000000000000e+05
7.056620000000000000e+05
6.101590000000000000e+05
6.785330000000000000e+05
5.871220000000000000e+05
1.642400000000000000e+04
4.826900000000000000e+05
4.313500000000000000e+05
5.926595800000000000e+07
4.592380000000000000e+05
1.656160000000000000e+05
1.108000000000000000e+03
2.632850000000000000e+05
3.764710000000000000e+05
5.225400000000000000e+05
5.820940000000000000e+05
5.846710000000000000e+05
5.308300000000000000e+04
5.971420000000000000e+05
6.378030000000000000e+05
2.194064000000000000e+06
8.172100000000000000e+05
4.431400000000000000e+05
3.949500000000000000e+04
3.226240000000000000e+05
3.918430000000000000e+05
2.445220000000000000e+05
1.963340000000000000e+05
1.407850000000000000e+05
1.170000000000000000e+04
9.305300000000000000e+04
1.347410000000000000e+05
1.942881000000000000e+06
4.168200000000000000e+05
8.841400000000000000e+04
8.666000000000000000e+03
2.554200000000000000e+04
2.325000000000000000e+04
2.437400000000000000e+04
2.029000000000000000e+04
2.344900000000000000e+04
1.307000000000000000e+03
3.256600000000000000e+04
1.142100000000000000e+04
1.341586000000000000e+06
4.024790000000000000e+05
2.477900000000000000e+04
9.530000000000000000e+02
2.686400000000000000e+04
1.059480000000000000e+05
6.404700000000000000e+04
8.301500000000000000e+04
5.810200000000000000e+04
0.000000000000000000e+00
3.591100000000000000e+04
2.917300000000000000e+04
1.273542000000000000e+06
4.434270000000000000e+05
4.912400000000000000e+04
1.634000000000000000e+03
1.519600000000000000e+04
5.219000000000000000e+03
1.675300000000000000e+04
3.931800000000000000e+04
6.212900000000000000e+04
9.680000000000000000e+02
4.962700000000000000e+04
9.734000000000000000e+04
1.245413000000000000e+06
4.268640000000000000e+05
4.436100000000000000e+04
0.000000000000000000e+00
3.157600000000000000e+04
6.493200000000000000e+04
5.207500000000000000e+04
2.722700000000000000e+04
2.951600000000000000e+04
3.304000000000000000e+03
5.234000000000000000e+04
4.357000000000000000e+04
5.752827600000000000e+07
8.918240000000000000e+05
5.746450000000000000e+05
2.375900000000000000e+04
5.935530000000000000e+05
7.257560000000000000e+05
9.501930000000000000e+05
1.064116000000000000e+06
1.047984000000000000e+06
5.573400000000000000e+04
9.014130000000000000e+05
7.516630000000000000e+05
2.662122000000000000e+06
8.699180000000000000e+05
5.357340000000000000e+05
2.895300000000000000e+04
5.000890000000000000e+05
5.532860000000000000e+05
4.013800000000000000e+05
4.790800000000000000e+05
3.178570000000000000e+05
1.913200000000000000e+04
3.655560000000000000e+05
3.503200000000000000e+05
2.457759000000000000e+06
4.188670000000000000e+05
8.222900000000000000e+04
3.962000000000000000e+03
4.318300000000000000e+04
9.671400000000000000e+04
