9.954860000000000000e+05
3.822690000000000000e+05
1.906300000000000000e+04
2.902850000000000000e+05
4.235580000000000000e+05
3.805300000000000000e+05
2.405130000000000000e+06
5.917133200000000000e+07
4.121680000000000000e+05
4.097280000000000000e+05
5.279540000000000000e+05
9.008810000000000000e+05
4.604510000000000000e+05
4.653170000000000000e+05
5.544900000000000000e+04
3.743020000000000000e+05
2.349850000000000000e+05
2.270770000000000000e+05
5.429350000000000000e+05
2.538087000000000000e+06
3.951360000000000000e+05
9.055050000000000000e+05
8.798680000000000000e+05
1.256643000000000000e+06
8.255300000000000000e+05
6.706980000000000000e+05
5.863900000000000000e+04
7.489140000000000000e+05
6.971880000000000000e+05
5.996820000000000000e+05
5.552970000000000000e+05
2.318634000000000000e+06
4.019570000000000000e+05
4.475010000000000000e+05
6.191200000000000000e+05
1.017410000000000000e+06
6.267550000000000000e+05
6.280850000000000000e+05
3.343200000000000000e+04
6.260050000000000000e+05
5.617410000000000000e+05
3.536000000000000000e+05
3.939310000000000000e+05
2.239827000000000000e+06
3.849960000000000000e+05
2.938710000000000000e+05
3.358740000000000000e+05
7.320720000000000000e+05
1.983770000000000000e+05
1.545520000000000000e+05
1.187700000000000000e+04
2.614820000000000000e+05
2.212340000000000000e+05
8.828900000000000000e+04
9.625700000000000000e+04
1.597216000000000000e+06
4.054380000000000000e+05
2.285470000000000000e+05
2.632230000000000000e+05
6.813450000000000000e+05
2.785200000000000000e+05
1.329890000000000000e+05
8.825000000000000000e+03
1.461660000000000000e+05
1.048020000000000000e+05
1.431310000000000000e+05
2.527720000000000000e+05
1.763759000000000000e+06
3.999290000000000000e+05
4.659430000000000000e+05
6.745390000000000000e+05
5.486339200000000000e+07
1.905002000000000000e+06
1.961453000000000000e+06
1.335890000000000000e+05
2.288155000000000000e+06
2.539553000000000000e+06
2.710945000000000000e+06
2.497190000000000000e+06
2.164375000000000000e+06
1.815380000000000000e+05
2.081216000000000000e+06
1.721017000000000000e+06
4.980643000000000000e+06
2.655226000000000000e+06
1.811536000000000000e+06
1.106740000000000000e+05
1.492382000000000000e+06
1.689838000000000000e+06
1.493207000000000000e+06
1.539474000000000000e+06
1.709003000000000000e+06
5.996500000000000000e+04
1.949164000000000000e+06
2.965399000000000000e+06
4.978470000000000000e+06
3.513291000000000000e+06
3.245665000000000000e+06
2.384970000000000000e+05
7.050166100000000000e+07
6.372413000000000000e+06
5.733410000000000000e+06
5.908900000000000000e+06
5.078169000000000000e+06
2.600830000000000000e+05
5.718462000000000000e+06
6.444204000000000000e+06
7.125802000000000000e+06
7.029064000000000000e+06
6.443424000000000000e+06
3.477980000000000000e+05
7.726850000000000000e+06
5.612667000000000000e+06
5.148156000000000000e+06
4.721455000000000000e+06
4.915882000000000000e+06
4.109110000000000000e+05
4.308191000000000000e+06
4.947626000000000000e+06
5.429276000000000000e+06
5.903390000000000000e+06
5.728056000000000000e+06
3.061850000000000000e+05
7.919377000000000000e+06
6.336136000000000000e+06
5.254682000000000000e+06
5.352234000000000000e+06
6.455128000000000000e+06
5.591660000000000000e+05
7.462584000000000000e+06
7.366142000000000000e+06
7.324273000000000000e+06
5.289126000000000000e+06
3.220612000000000000e+06
2.764730000000000000e+05
6.951856000000000000e+06
5.181782000000000000e+06
6.772292000000000000e+06
7.095251000000000000e+06
6.843556000000000000e+06
3.641010000000000000e+05
6.558161000000000000e+06
7.407070000000000000e+06
7.797467000000000000e+06
6.969626000000000000e+06
6.984119000000000000e+06
3.883920000000000000e+05
8.506762000000000000e+06
5.872368000000000000e+06
