2.659409000000000000e+06
2.053874000000000000e+06
1.833410000000000000e+05
5.052200000000000000e+06
1.668545000000000000e+06
1.130126000000000000e+06
9.515260000000000000e+05
8.669130000000000000e+05
5.683300000000000000e+04
1.392960000000000000e+06
7.036180000000000000e+05
1.237676000000000000e+06
5.025680000000000000e+05
5.048800000000000000e+05
3.381200000000000000e+04
5.426953000000000000e+06
1.207378000000000000e+06
8.262670000000000000e+05
9.358250000000000000e+05
9.667070000000000000e+05
6.637000000000000000e+04
6.055603400000000000e+07
7.312392000000000000e+06
7.727740000000000000e+06
6.070351000000000000e+06
6.678640000000000000e+06
2.587520000000000000e+05
7.750055000000000000e+06
7.342983000000000000e+06
6.486494000000000000e+06
3.923030000000000000e+06
3.961351000000000000e+06
1.821900000000000000e+05
8.693845000000000000e+06
5.303712000000000000e+06
6.371351000000000000e+06
5.670025000000000000e+06
6.588291000000000000e+06
2.916460000000000000e+05
1.285148900000000000e+07
1.161100600000000000e+07
8.676715000000000000e+06
6.441905000000000000e+06
4.401627000000000000e+06
2.502180000000000000e+05
6.691613000000000000e+06
3.769451000000000000e+06
3.803155000000000000e+06
3.674912000000000000e+06
4.010131000000000000e+06
3.820640000000000000e+05
2.895146000000000000e+06
2.349925000000000000e+06
2.113541000000000000e+06
1.996946000000000000e+06
1.290437000000000000e+06
7.303100000000000000e+04
6.039092500000000000e+07
2.526351000000000000e+06
2.514822000000000000e+06
2.255436000000000000e+06
2.009009000000000000e+06
1.230780000000000000e+05
1.896904000000000000e+06
1.530145000000000000e+06
1.012067000000000000e+06
7.571110000000000000e+05
8.094390000000000000e+05
4.896700000000000000e+04
3.870110000000000000e+06
1.376263000000000000e+06
1.773112000000000000e+06
1.509530000000000000e+06
1.676319000000000000e+06
1.007060000000000000e+05
1.841850000000000000e+06
2.159261000000000000e+06
2.367104000000000000e+06
2.441944000000000000e+06
2.101105000000000000e+06
1.462440000000000000e+05
4.218717000000000000e+06
2.348504000000000000e+06
3.097386000000000000e+06
2.908940000000000000e+06
6.247110100000000000e+07
2.433600000000000000e+05
6.665902000000000000e+06
7.936488000000000000e+06
6.782090000000000000e+06
5.281380000000000000e+06
5.641175000000000000e+06
8.190200000000000000e+04
4.815202000000000000e+06
3.397514000000000000e+06
2.202163000000000000e+06
1.023978000000000000e+06
3.119949000000000000e+06
4.018180000000000000e+05
1.358204000000000000e+06
2.172538000000000000e+06
3.168645000000000000e+06
4.061427000000000000e+06
4.632031000000000000e+06
1.776130000000000000e+05
4.752454000000000000e+06
5.026994000000000000e+06
5.160961000000000000e+06
4.644956000000000000e+06
6.182736000000000000e+06
3.036990000000000000e+05
3.107386000000000000e+06
2.925560000000000000e+06
2.209897000000000000e+06
1.608220000000000000e+06
1.401487000000000000e+06
9.880900000000000000e+04
1.150782000000000000e+06
9.295720000000000000e+05
1.415745000000000000e+06
6.011040000000000000e+05
4.094792000000000000e+06
4.727240000000000000e+05
3.004920000000000000e+05
4.995310000000000000e+05
4.831690000000000000e+05
3.898420000000000000e+05
2.882060000000000000e+05
1.320100000000000000e+04
2.831450000000000000e+05
1.724150000000000000e+05
1.066305000000000000e+06
3.430910000000000000e+05
3.419732000000000000e+06
3.994550000000000000e+05
1.274340000000000000e+05
1.199730000000000000e+05
1.740370000000000000e+05
1.911030000000000000e+05
1.046610000000000000e+05
2.675500000000000000e+04
6.053700000000000000e+04
6.116306000000000000e+07
2.643152000000000000e+06
2.620633000000000000e+06
2.507705000000000000e+06
1.489030000000000000e+05
1.947675000000000000e+06
1.770395000000000000e+06
