1.607750000000000000e+05
5.612500000000000000e+04
1.915000000000000000e+03
1.088040000000000000e+05
1.064180000000000000e+05
7.356400000000000000e+04
6.867100000000000000e+04
1.472570000000000000e+06
4.101190000000000000e+05
3.369900000000000000e+04
2.226800000000000000e+04
4.346350000000000000e+05
2.450380000000000000e+05
3.958920000000000000e+05
1.730800000000000000e+04
5.985091800000000000e+07
1.880784000000000000e+06
2.050834000000000000e+06
2.309560000000000000e+06
2.589759000000000000e+06
1.038960000000000000e+05
2.738330000000000000e+06
2.821354000000000000e+06
3.284685000000000000e+06
2.761912000000000000e+06
3.018899000000000000e+06
1.971620000000000000e+05
5.262961000000000000e+06
2.982152000000000000e+06
2.179717000000000000e+06
1.677330000000000000e+06
1.273700000000000000e+06
1.295760000000000000e+05
1.149248000000000000e+06
1.979060000000000000e+06
2.254477000000000000e+06
1.076342000000000000e+06
9.452850000000000000e+05
7.559200000000000000e+04
3.687854000000000000e+06
9.531690000000000000e+05
3.897180000000000000e+05
3.446630000000000000e+05
4.155000000000000000e+05
1.961800000000000000e+04
4.293160000000000000e+05
5.686550000000000000e+05
1.311497000000000000e+06
6.337530000000000000e+05
7.301570000000000000e+05
3.553400000000000000e+04
3.532417000000000000e+06
6.093580000000000000e+05
1.190230000000000000e+05
2.521660000000000000e+05
2.724910000000000000e+05
7.210000000000000000e+03
3.502270000000000000e+05
4.191740000000000000e+05
1.062476000000000000e+06
5.047780000000000000e+05
4.421760000000000000e+05
4.041700000000000000e+04
3.402815000000000000e+06
6.759080000000000000e+05
1.657630000000000000e+05
1.262640000000000000e+05
1.090740000000000000e+05
1.303000000000000000e+04
6.526879900000000000e+07
2.288577000000000000e+06
2.518265000000000000e+06
1.646944000000000000e+06
1.344893000000000000e+06
1.153060000000000000e+05
9.402970000000000000e+05
9.976390000000000000e+05
1.162038000000000000e+06
9.475790000000000000e+05
6.729470000000000000e+05
4.824200000000000000e+04
4.024816000000000000e+06
1.430319000000000000e+06
1.651884000000000000e+06
6.159710000000000000e+05
9.193090000000000000e+05
2.846700000000000000e+04
1.238348000000000000e+06
1.572575000000000000e+06
1.745999000000000000e+06
1.862519000000000000e+06
2.358483000000000000e+06
1.634420000000000000e+05
5.270494000000000000e+06
3.018596000000000000e+06
3.309196000000000000e+06
2.727143000000000000e+06
2.628883000000000000e+06
2.523210000000000000e+05
2.625683000000000000e+06
2.382877000000000000e+06
2.043595000000000000e+06
1.676180000000000000e+06
1.442065000000000000e+06
1.152340000000000000e+05
4.380845000000000000e+06
1.536703000000000000e+06
1.790338000000000000e+06
1.289293000000000000e+06
1.423587000000000000e+06
8.009800000000000000e+04
1.433384000000000000e+06
1.378390000000000000e+06
6.860097700000000000e+07
5.769460000000000000e+05
2.427540000000000000e+05
8.200000000000000000e+03
3.730640000000000000e+05
5.021470000000000000e+05
9.344820000000000000e+05
6.259520000000000000e+05
6.816130000000000000e+05
1.507800000000000000e+04
8.034070000000000000e+05
1.049916000000000000e+06
3.385824000000000000e+06
1.117707000000000000e+06
6.454850000000000000e+05
3.032200000000000000e+04
8.475650000000000000e+05
1.203928000000000000e+06
1.791909000000000000e+06
1.336648000000000000e+06
1.298712000000000000e+06
6.670800000000000000e+04
9.626210000000000000e+05
1.056930000000000000e+06
3.547192000000000000e+06
1.380666000000000000e+06
1.172266000000000000e+06
5.858500000000000000e+04
1.155093000000000000e+06
8.502260000000000000e+05
1.327770000000000000e+06
6.643420000000000000e+05
5.423870000000000000e+05
4.409800000000000000e+04
3.121350000000000000e+05
5.990940000000000000e+05
