1.699380000000000000e+05
1.420510000000000000e+05
7.628000000000000000e+03
1.445480000000000000e+05
1.249900000000000000e+05
1.988240000000000000e+05
1.470170000000000000e+05
1.920420000000000000e+05
1.591900000000000000e+04
2.151630000000000000e+05
1.605696000000000000e+06
7.786680000000000000e+05
2.189350000000000000e+05
2.012260000000000000e+05
1.843600000000000000e+04
2.127860000000000000e+05
2.676190000000000000e+05
2.158240000000000000e+05
1.845520000000000000e+05
1.540610000000000000e+05
1.037800000000000000e+04
8.900800000000000000e+04
1.826709000000000000e+06
6.620330000000000000e+05
6.130100000000000000e+04
7.848900000000000000e+04
5.707000000000000000e+03
7.256000000000000000e+04
1.877100000000000000e+04
7.826000000000000000e+04
6.330700000000000000e+04
5.117200000000000000e+04
1.858000000000000000e+03
5.147400000000000000e+04
1.388521000000000000e+06
6.125940000000000000e+05
8.294800000000000000e+04
7.182200000000000000e+04
4.309000000000000000e+03
8.627100000000000000e+04
1.313130000000000000e+05
1.343540000000000000e+05
1.199650000000000000e+05
8.895000000000000000e+04
5.036000000000000000e+03
5.394600000000000000e+04
1.361177000000000000e+06
5.991584400000000000e+07
1.111713000000000000e+06
9.208690000000000000e+05
4.722800000000000000e+04
1.032482000000000000e+06
1.135185000000000000e+06
9.175960000000000000e+05
7.700180000000000000e+05
6.158340000000000000e+05
5.079700000000000000e+04
3.178080000000000000e+05
4.721210000000000000e+05
3.278715000000000000e+06
7.730980000000000000e+05
2.133320000000000000e+05
2.488000000000000000e+03
1.301550000000000000e+05
4.193210000000000000e+05
6.208100000000000000e+05
6.276250000000000000e+05
8.791960000000000000e+05
6.510700000000000000e+04
5.501330000000000000e+05
5.807160000000000000e+05
3.177665000000000000e+06
6.249010000000000000e+05
5.981600000000000000e+04
0.000000000000000000e+00
1.355290000000000000e+05
3.723840000000000000e+05
3.840840000000000000e+05
2.752130000000000000e+05
2.495220000000000000e+05
1.716000000000000000e+03
1.683210000000000000e+05
1.850530000000000000e+05
2.574506000000000000e+06
6.124980000000000000e+05
1.164950000000000000e+05
1.257000000000000000e+03
1.164890000000000000e+05
1.014120000000000000e+05
1.067720000000000000e+05
8.603400000000000000e+04
6.121620900000000000e+07
4.907770000000000000e+05
1.272008000000000000e+06
1.403238000000000000e+06
1.723895000000000000e+06
1.029079000000000000e+06
9.551280000000000000e+05
4.522100000000000000e+04
9.989360000000000000e+05
9.171580000000000000e+05
6.654110000000000000e+05
4.628000000000000000e+05
2.587924000000000000e+06
5.155410000000000000e+05
2.507220000000000000e+05
2.807170000000000000e+05
8.314390000000000000e+05
4.046320000000000000e+05
5.037530000000000000e+05
2.045100000000000000e+04
4.014670000000000000e+05
4.553550000000000000e+05
6.522260000000000000e+05
6.373260000000000000e+05
2.617230000000000000e+06
5.000330000000000000e+05
7.067010000000000000e+05
6.223050000000000000e+05
8.743650000000000000e+05
3.977730000000000000e+05
3.153660000000000000e+05
1.035400000000000000e+04
2.950590000000000000e+05
2.784150000000000000e+05
1.606930000000000000e+05
2.003390000000000000e+05
2.396924000000000000e+06
4.505890000000000000e+05
2.715010000000000000e+05
4.132710000000000000e+05
1.036834000000000000e+06
6.634400000000000000e+05
4.931200000000000000e+05
4.137100000000000000e+04
1.374900000000000000e+05
3.274640000000000000e+05
4.349680000000000000e+05
4.193310000000000000e+05
2.317879000000000000e+06
4.291360000000000000e+05
3.677400000000000000e+05
3.499820000000000000e+05
7.262980000000000000e+05
3.273820000000000000e+05
4.436380000000000000e+05
1.878700000000000000e+04
3.419600000000000000e+05
4.004380000000000000e+05
