1.690840000000000000e+06
1.803863000000000000e+06
1.138570000000000000e+05
4.783979000000000000e+06
1.369949000000000000e+06
8.152190000000000000e+05
9.060010000000000000e+05
1.725601000000000000e+06
1.269610000000000000e+05
1.030105000000000000e+06
1.081321000000000000e+06
2.109152000000000000e+06
1.545091000000000000e+06
3.913217000000000000e+06
2.268800000000000000e+05
5.157796000000000000e+06
3.154947000000000000e+06
3.390454000000000000e+06
3.851096000000000000e+06
7.275898000000000000e+06
3.018780000000000000e+05
4.680673000000000000e+06
4.686897000000000000e+06
4.985530000000000000e+06
4.046830000000000000e+06
4.532055000000000000e+06
2.130530000000000000e+05
5.266989000000000000e+06
1.825125000000000000e+06
1.473316000000000000e+06
1.322715000000000000e+06
2.131761000000000000e+06
1.166820000000000000e+05
7.675720000000000000e+05
1.092179000000000000e+06
1.988963000000000000e+06
1.134237000000000000e+06
2.897564000000000000e+06
1.318130000000000000e+05
4.283137000000000000e+06
2.177522000000000000e+06
1.439779000000000000e+06
1.482915000000000000e+06
2.720076000000000000e+06
1.999340000000000000e+05
1.753066000000000000e+06
1.727487000000000000e+06
2.038691000000000000e+06
1.641899000000000000e+06
2.616321000000000000e+06
1.276340000000000000e+05
4.399573000000000000e+06
1.951571000000000000e+06
1.438888000000000000e+06
1.956169000000000000e+06
3.072920000000000000e+06
1.968360000000000000e+05
1.943045000000000000e+06
2.083825000000000000e+06
2.827150000000000000e+06
2.324253000000000000e+06
4.073118000000000000e+06
2.100630000000000000e+05
5.333104000000000000e+06
2.679770000000000000e+06
3.022555000000000000e+06
3.612635000000000000e+06
5.328731000000000000e+06
3.640920000000000000e+05
2.705687000000000000e+06
2.668173000000000000e+06
3.014645000000000000e+06
2.289480000000000000e+06
3.481707000000000000e+06
2.266380000000000000e+05
5.079166000000000000e+06
1.957232000000000000e+06
1.574409000000000000e+06
1.411415000000000000e+06
1.887161000000000000e+06
1.294460000000000000e+05
6.423160000000000000e+05
6.617990000000000000e+05
1.471998000000000000e+06
6.916430000000000000e+05
1.171554000000000000e+06
6.534300000000000000e+04
3.530115000000000000e+06
1.162643000000000000e+06
6.610230000000000000e+05
5.885590000000000000e+05
9.772820000000000000e+05
5.724300000000000000e+04
5.080260000000000000e+05
6.043000000000000000e+05
1.262982000000000000e+06
6.704190000000000000e+05
1.052919000000000000e+06
8.329200000000000000e+04
3.141060000000000000e+06
7.122580000000000000e+05
2.278040000000000000e+05
3.300060000000000000e+05
9.401120000000000000e+05
2.725600000000000000e+04
4.009800000000000000e+05
4.255130000000000000e+05
1.062342000000000000e+06
3.993490000000000000e+05
5.873750000000000000e+05
3.046800000000000000e+04
3.032626000000000000e+06
9.253580000000000000e+05
6.431110000000000000e+05
8.350990000000000000e+05
1.277088000000000000e+06
1.274830000000000000e+05
5.733350000000000000e+05
5.474070000000000000e+05
1.210774000000000000e+06
5.800010000000000000e+05
1.132088000000000000e+06
5.671900000000000000e+04
2.769136000000000000e+06
1.017656000000000000e+06
4.860380000000000000e+05
5.406840000000000000e+05
6.079850000000000000e+05
3.911800000000000000e+04
1.847790000000000000e+05
1.976230000000000000e+05
9.058750000000000000e+05
3.724790000000000000e+05
4.640860000000000000e+05
2.348800000000000000e+04
2.703241000000000000e+06
8.448330000000000000e+05
4.015640000000000000e+05
4.405210000000000000e+05
9.389950000000000000e+05
6.077500000000000000e+04
6.539070000000000000e+05
7.676460000000000000e+05
1.228014000000000000e+06
6.819710000000000000e+05
1.060467000000000000e+06
9.360200000000000000e+04
3.388337000000000000e+06
1.033741000000000000e+06
