2.051580000000000000e+05
1.434416000000000000e+06
1.545093000000000000e+06
1.542452000000000000e+06
1.445875000000000000e+06
1.245145000000000000e+06
1.133759000000000000e+06
1.053563000000000000e+06
9.662760000000000000e+05
9.348940000000000000e+05
1.051936000000000000e+06
2.401919000000000000e+06
9.401650000000000000e+05
8.235830000000000000e+05
7.593400000000000000e+05
8.433450000000000000e+05
7.980580000000000000e+05
6.383530000000000000e+05
5.821590000000000000e+05
6.288840000000000000e+05
6.785160000000000000e+05
7.952770000000000000e+05
7.950460000000000000e+05
2.375987000000000000e+06
7.966090000000000000e+05
7.934910000000000000e+05
6.496170000000000000e+05
5.880110000000000000e+05
5.045410000000000000e+05
4.689660000000000000e+05
4.030860000000000000e+05
5.469890000000000000e+05
4.686900000000000000e+05
5.265910000000000000e+05
6.462790000000000000e+05
2.021496000000000000e+06
5.375850000000000000e+05
5.083350000000000000e+05
4.955390000000000000e+05
4.784530000000000000e+05
5.448490000000000000e+05
5.125490000000000000e+05
4.856470000000000000e+05
4.676720000000000000e+05
4.245450000000000000e+05
4.232650000000000000e+05
3.805370000000000000e+05
2.183409000000000000e+06
2.897790000000000000e+05
2.609350000000000000e+05
2.044420000000000000e+05
1.825410000000000000e+05
2.195450000000000000e+05
2.135070000000000000e+05
3.485650000000000000e+05
3.128830000000000000e+05
4.335640000000000000e+05
5.323690000000000000e+05
4.428550000000000000e+05
2.110058000000000000e+06
5.127520000000000000e+05
3.784350000000000000e+05
3.147400000000000000e+05
3.035740000000000000e+05
2.731090000000000000e+05
1.993740000000000000e+05
2.492740000000000000e+05
1.759130000000000000e+05
1.433600000000000000e+05
2.835920000000000000e+05
2.180530000000000000e+05
2.083597000000000000e+06
6.898570000000000000e+05
8.744820000000000000e+05
1.069817000000000000e+06
7.379700000000000000e+05
3.303020000000000000e+05
4.081710000000000000e+05
4.427160000000000000e+05
3.137340000000000000e+05
2.469960000000000000e+05
3.155570000000000000e+05
2.076870000000000000e+05
2.146938000000000000e+06
1.960700000000000000e+05
4.419960000000000000e+05
2.026940000000000000e+05
2.637590000000000000e+05
2.374290000000000000e+05
2.912290000000000000e+05
2.376000000000000000e+05
4.249210000000000000e+05
5.910160000000000000e+05
4.651780000000000000e+05
3.966870000000000000e+05
2.445184000000000000e+06
4.016700000000000000e+05
7.317630000000000000e+05
3.387310000000000000e+05
3.478690000000000000e+05
3.742240000000000000e+05
3.276430000000000000e+05
2.844700000000000000e+05
2.253730000000000000e+05
3.277790000000000000e+05
2.329090000000000000e+05
2.749590000000000000e+05
2.400647000000000000e+06
1.074400000000000000e+05
2.576100000000000000e+05
3.214780000000000000e+05
2.511320000000000000e+05
2.123380000000000000e+05
1.136650000000000000e+05
1.252240000000000000e+05
1.724560000000000000e+05
1.150210000000000000e+05
1.932770000000000000e+05
1.210820000000000000e+05
1.693748000000000000e+06
8.793200000000000000e+04
1.810460000000000000e+05
1.946820000000000000e+05
1.873420000000000000e+05
2.563000000000000000e+05
2.627420000000000000e+05
1.677100000000000000e+05
1.864740000000000000e+05
1.523740000000000000e+05
1.042290000000000000e+05
1.100770000000000000e+05
1.982714000000000000e+06
5.219600000000000000e+04
1.403210000000000000e+05
1.228600000000000000e+05
1.879210000000000000e+05
2.574700000000000000e+05
2.931240000000000000e+05
2.957800000000000000e+05
2.525060000000000000e+05
1.885050000000000000e+05
1.426590000000000000e+05
1.584290000000000000e+05
1.722922000000000000e+06
2.066780000000000000e+05
2.934850000000000000e+05
1.690820000000000000e+05
1.119130000000000000e+05
