2.695040000000000000e+05
1.503449000000000000e+06
1.102520000000000000e+05
9.748500000000000000e+04
8.691900000000000000e+04
1.539050000000000000e+05
1.386830000000000000e+05
1.878570000000000000e+05
3.025950000000000000e+05
3.789590000000000000e+05
3.501370000000000000e+05
7.485490000000000000e+05
1.382000000000000000e+05
2.307018000000000000e+06
2.059140000000000000e+05
2.982690000000000000e+05
1.962220000000000000e+05
1.329800000000000000e+05
1.681670000000000000e+05
1.117770000000000000e+05
1.824560000000000000e+05
1.435580000000000000e+05
8.244300000000000000e+04
7.449840000000000000e+05
1.619310000000000000e+05
2.129959000000000000e+06
1.846620000000000000e+05
1.098110000000000000e+05
1.266340000000000000e+05
1.171970000000000000e+05
1.574570000000000000e+05
1.256090000000000000e+05
9.461700000000000000e+04
1.104950000000000000e+05
1.368900000000000000e+05
7.962150000000000000e+05
3.210650000000000000e+05
1.981370000000000000e+06
3.712410000000000000e+05
3.297710000000000000e+05
2.019870000000000000e+05
2.073260000000000000e+05
1.260720000000000000e+05
1.696670000000000000e+05
1.396270000000000000e+05
1.032620000000000000e+05
1.086870000000000000e+05
7.961770000000000000e+05
1.254400000000000000e+05
1.838883000000000000e+06
1.849510000000000000e+05
3.838100000000000000e+04
9.180900000000000000e+04
1.662610000000000000e+05
9.792200000000000000e+04
5.611600000000000000e+04
6.189700000000000000e+04
5.797300000000000000e+04
9.283600000000000000e+04
6.628270000000000000e+05
1.965730000000000000e+05
1.998191000000000000e+06
4.759150000000000000e+05
4.099250000000000000e+05
2.552890000000000000e+05
2.436380000000000000e+05
9.895500000000000000e+04
2.108030000000000000e+05
2.804590000000000000e+05
2.519360000000000000e+05
2.431920000000000000e+05
8.065920000000000000e+05
2.761000000000000000e+05
2.039853000000000000e+06
2.318080000000000000e+05
2.839190000000000000e+05
2.395410000000000000e+05
2.832910000000000000e+05
2.690720000000000000e+05
2.432270000000000000e+05
1.941370000000000000e+05
1.525440000000000000e+05
1.794910000000000000e+05
7.623840000000000000e+05
1.732850000000000000e+05
2.070150000000000000e+06
2.331620000000000000e+05
1.233330000000000000e+05
1.251040000000000000e+05
1.424030000000000000e+05
7.102500000000000000e+04
1.441090000000000000e+05
1.338570000000000000e+05
1.706510000000000000e+05
1.123750000000000000e+05
7.629160000000000000e+05
1.973520000000000000e+05
2.118088000000000000e+06
2.345590000000000000e+05
1.221720000000000000e+05
9.424900000000000000e+04
2.253120000000000000e+05
1.127300000000000000e+05
3.807700000000000000e+04
1.255240000000000000e+05
9.589000000000000000e+04
8.075300000000000000e+04
7.432110000000000000e+05
7.610400000000000000e+04
1.887431000000000000e+06
1.136190000000000000e+05
2.804700000000000000e+04
8.950100000000000000e+04
7.743300000000000000e+04
1.477420000000000000e+05
2.670620000000000000e+05
2.014930000000000000e+05
1.676400000000000000e+05
1.972480000000000000e+05
7.870230000000000000e+05
1.064720000000000000e+05
2.109908000000000000e+06
1.824510000000000000e+05
1.234940000000000000e+05
1.975640000000000000e+05
2.320130000000000000e+05
2.197770000000000000e+05
2.023920000000000000e+05
3.201880000000000000e+05
3.511060000000000000e+05
3.333880000000000000e+05
8.543970000000000000e+05
3.560400000000000000e+05
2.366851000000000000e+06
7.048100000000000000e+05
5.289210000000000000e+05
4.243920000000000000e+05
3.739820000000000000e+05
3.851890000000000000e+05
2.932770000000000000e+05
2.166760000000000000e+05
2.683500000000000000e+05
3.014110000000000000e+05
8.957870000000000000e+05
3.243030000000000000e+05
2.313071000000000000e+06
4.183690000000000000e+05
2.311770000000000000e+05
