4.461742000000000000e+06
3.406041000000000000e+06
1.364200000000000000e+05
2.200751000000000000e+06
4.286871000000000000e+06
7.744053000000000000e+06
7.335347000000000000e+06
2.356230000000000000e+05
8.895585000000000000e+06
1.283165100000000000e+07
1.347928300000000000e+07
1.703616400000000000e+07
3.450129000000000000e+06
1.041917500000000000e+07
8.170489000000000000e+06
7.702679000000000000e+06
7.713685000000000000e+06
1.986210000000000000e+05
7.903555000000000000e+06
1.388876100000000000e+07
1.416402200000000000e+07
1.353948200000000000e+07
2.803090000000000000e+05
1.174813500000000000e+07
9.144968000000000000e+06
2.918611000000000000e+06
1.000924000000000000e+06
5.573800000000000000e+04
3.955210000000000000e+05
2.001200000000000000e+05
2.209960000000000000e+05
4.014630000000000000e+05
3.541800000000000000e+04
2.978860000000000000e+05
4.016419200000000000e+07
3.722379000000000000e+06
3.316268000000000000e+06
1.313520000000000000e+05
3.455004000000000000e+06
2.300449000000000000e+06
3.495275000000000000e+06
1.481078000000000000e+06
1.062920000000000000e+05
2.021222000000000000e+06
1.671220000000000000e+06
2.017190000000000000e+06
4.072764000000000000e+06
1.737680000000000000e+05
8.614820000000000000e+05
2.846923000000000000e+06
2.721271000000000000e+06
1.258922000000000000e+06
1.301790000000000000e+05
3.336582000000000000e+06
2.205217000000000000e+06
1.142619000000000000e+06
3.392616000000000000e+06
9.573100000000000000e+04
3.517827000000000000e+06
2.046173000000000000e+06
2.239745000000000000e+06
7.971090000000000000e+05
4.377700000000000000e+04
1.114016000000000000e+06
2.813536000000000000e+06
3.370822000000000000e+06
3.023931000000000000e+06
1.032380000000000000e+05
1.971107000000000000e+06
1.109159000000000000e+06
2.705106000000000000e+06
1.004657000000000000e+06
2.343400000000000000e+04
9.924970000000000000e+05
3.272660000000000000e+06
2.295814000000000000e+06
3.298298000000000000e+06
1.819560000000000000e+05
1.318935000000000000e+06
3.905915000000000000e+06
2.674072000000000000e+06
3.930594000000000000e+06
2.050885000000000000e+06
1.779898000000000000e+06
4.978370600000000000e+07
5.735327000000000000e+06
6.829127000000000000e+06
1.900670000000000000e+05
8.081362000000000000e+06
5.764501000000000000e+06
4.343158000000000000e+06
5.191029000000000000e+06
3.309480000000000000e+05
6.966517000000000000e+06
8.087675000000000000e+06
7.738097000000000000e+06
7.008524000000000000e+06
1.266530000000000000e+05
4.474152000000000000e+06
4.102414000000000000e+06
5.200923000000000000e+06
6.095143000000000000e+06
2.081220000000000000e+05
5.720420000000000000e+06
5.253260000000000000e+06
6.204446000000000000e+06
6.499204000000000000e+06
1.750470000000000000e+05
6.786958000000000000e+06
4.761613000000000000e+06
5.364876000000000000e+06
6.093236000000000000e+06
1.619360000000000000e+05
8.599717000000000000e+06
7.190545000000000000e+06
6.539966000000000000e+06
6.261740000000000000e+06
5.961549000000000000e+06
6.406417000000000000e+06
5.942398000000000000e+06
5.248692000000000000e+06
8.573900000000000000e+04
1.023460000000000000e+05
1.732570000000000000e+05
6.846300000000000000e+04
4.569500000000000000e+04
1.087000000000000000e+04
1.146380000000000000e+05
5.089600000000000000e+04
2.221060000000000000e+05
6.116700000000000000e+05
3.472700000000000000e+04
1.633157000000000000e+06
5.377430000000000000e+05
4.877870000000000000e+05
4.312630000000000000e+05
3.414800000000000000e+04
3.907270000000000000e+05
3.373660000000000000e+05
2.483690000000000000e+05
5.951600000000000000e+04
1.163000000000000000e+04
4.785430000000000000e+05
1.943220000000000000e+05
1.837038000000000000e+06
6.502910000000000000e+05
1.499600000000000000e+04
4.026300000000000000e+05
