6.605290000000000000e+05
3.657660000000000000e+05
2.600200000000000000e+04
1.831250000000000000e+05
2.412980000000000000e+05
2.323730000000000000e+05
2.780790000000000000e+05
1.793555000000000000e+06
5.327610000000000000e+05
3.720310000000000000e+05
3.343570000000000000e+05
6.207310000000000000e+05
2.439300000000000000e+04
2.305440000000000000e+05
2.848610000000000000e+05
1.442540000000000000e+05
1.231380000000000000e+05
2.038300000000000000e+04
2.250100000000000000e+04
1.814448000000000000e+06
2.702650000000000000e+05
2.108700000000000000e+04
8.803000000000000000e+03
4.663770000000000000e+05
9.689000000000000000e+04
2.164300000000000000e+04
7.349500000000000000e+04
8.605000000000000000e+03
1.217920000000000000e+05
6.310700000000000000e+04
7.686700000000000000e+04
1.237369000000000000e+06
2.434090000000000000e+05
5.404000000000000000e+04
2.834400000000000000e+04
3.417730000000000000e+05
4.807700000000000000e+04
2.848600000000000000e+04
1.157450000000000000e+05
6.147200000000000000e+04
1.195050000000000000e+05
1.459420000000000000e+05
2.909382000000000000e+06
6.376052000000000000e+06
2.360786000000000000e+06
4.267646000000000000e+06
3.889016000000000000e+06
4.507933000000000000e+06
4.962642000000000000e+06
6.140623000000000000e+06
4.433350000000000000e+05
5.278400000000000000e+05
3.301040000000000000e+05
2.655310000000000000e+05
2.323920000000000000e+05
4.728786000000000000e+06
5.533820000000000000e+05
2.582390000000000000e+05
1.653690000000000000e+05
8.559190000000000000e+05
1.044250000000000000e+05
9.548400000000000000e+04
9.626600000000000000e+04
7.362300000000000000e+04
8.616800000000000000e+04
1.061750000000000000e+05
1.109940000000000000e+05
1.887385000000000000e+06
3.538090000000000000e+05
1.160560000000000000e+05
8.267400000000000000e+04
5.088060000000000000e+05
1.331860000000000000e+05
9.273100000000000000e+04
1.010090000000000000e+05
1.519840000000000000e+05
1.567200000000000000e+05
4.209600000000000000e+04
1.140900000000000000e+05
1.546860000000000000e+06
3.263290000000000000e+05
8.391800000000000000e+04
1.502320000000000000e+05
4.318940000000000000e+05
7.995200000000000000e+04
1.162700000000000000e+05
6.993500000000000000e+04
5.620800000000000000e+04
7.373200000000000000e+04
1.348550000000000000e+05
7.916800000000000000e+04
1.458317000000000000e+06
3.708660000000000000e+05
8.905300000000000000e+04
1.275160000000000000e+05
4.833460000000000000e+05
1.000300000000000000e+05
1.069530000000000000e+05
1.327700000000000000e+05
1.372370000000000000e+05
1.723130000000000000e+05
2.029160000000000000e+05
2.156050000000000000e+05
1.634770000000000000e+06
5.142550000000000000e+05
2.892110000000000000e+05
2.411540000000000000e+05
5.695830000000000000e+05
3.071790000000000000e+05
2.750130000000000000e+05
2.261670000000000000e+05
2.804580000000000000e+05
2.398090000000000000e+05
2.445700000000000000e+05
2.258150000000000000e+05
1.995611000000000000e+06
5.311010000000000000e+05
2.788140000000000000e+05
2.945390000000000000e+05
5.858690000000000000e+05
2.243200000000000000e+05
2.015140000000000000e+05
2.192020000000000000e+05
1.513490000000000000e+05
2.030140000000000000e+05
1.989060000000000000e+05
1.942930000000000000e+05
1.815591000000000000e+06
4.558250000000000000e+05
2.324400000000000000e+05
2.403230000000000000e+05
6.211440000000000000e+05
2.323130000000000000e+05
2.448970000000000000e+05
2.183140000000000000e+05
2.436400000000000000e+05
2.375650000000000000e+05
2.649090000000000000e+05
2.657230000000000000e+05
1.686987000000000000e+06
5.674800000000000000e+05
3.769570000000000000e+05
3.589030000000000000e+05
7.399420000000000000e+05
4.686810000000000000e+05
5.020850000000000000e+05
5.157380000000000000e+05
5.286200000000000000e+05
