8.110980000000000000e+05
5.330230000000000000e+05
2.118230000000000000e+06
8.103540000000000000e+05
6.703820000000000000e+05
7.768410000000000000e+05
8.260260000000000000e+05
8.710110000000000000e+05
8.751020000000000000e+05
8.706460000000000000e+05
9.186230000000000000e+05
1.357888000000000000e+06
9.969300000000000000e+05
9.717090000000000000e+05
2.595778000000000000e+06
1.238111000000000000e+06
9.486210000000000000e+05
8.850740000000000000e+05
9.373380000000000000e+05
8.236140000000000000e+05
7.654480000000000000e+05
7.056770000000000000e+05
6.326560000000000000e+05
9.576280000000000000e+05
5.256760000000000000e+05
4.977600000000000000e+05
2.097315000000000000e+06
6.885490000000000000e+05
3.963490000000000000e+05
4.028470000000000000e+05
4.707220000000000000e+05
5.092930000000000000e+05
5.761090000000000000e+05
5.948100000000000000e+05
6.699620000000000000e+05
9.771550000000000000e+05
5.547210000000000000e+05
4.589190000000000000e+05
2.028284000000000000e+06
6.132870000000000000e+05
3.746810000000000000e+05
3.640410000000000000e+05
3.295520000000000000e+05
2.338210000000000000e+05
2.526210000000000000e+05
3.575360000000000000e+05
3.837400000000000000e+05
7.487210000000000000e+05
3.411430000000000000e+05
3.211710000000000000e+05
1.901652000000000000e+06
3.565000000000000000e+05
1.784320000000000000e+05
1.699020000000000000e+05
1.734010000000000000e+05
2.716730000000000000e+05
3.046890000000000000e+05
3.416250000000000000e+05
3.064030000000000000e+05
7.146080000000000000e+05
3.877180000000000000e+05
3.419150000000000000e+05
2.101794000000000000e+06
5.121280000000000000e+05
2.677100000000000000e+05
2.413150000000000000e+05
1.710270000000000000e+05
2.513220000000000000e+05
1.983140000000000000e+05
2.620950000000000000e+05
2.350180000000000000e+05
5.666460000000000000e+05
2.360850000000000000e+05
1.999910000000000000e+05
1.880392000000000000e+06
4.820060000000000000e+05
2.461580000000000000e+05
2.002660000000000000e+05
2.252350000000000000e+05
1.829800000000000000e+05
1.221680000000000000e+05
1.055430000000000000e+05
6.659000000000000000e+04
4.951840000000000000e+05
6.709800000000000000e+04
6.211200000000000000e+04
1.707543000000000000e+06
2.861200000000000000e+05
8.470900000000000000e+04
1.801700000000000000e+04
2.565500000000000000e+04
2.561500000000000000e+04
3.326700000000000000e+04
3.856400000000000000e+04
8.571700000000000000e+04
4.533810000000000000e+05
1.052870000000000000e+05
1.451490000000000000e+05
1.706960000000000000e+06
4.505370000000000000e+05
3.392450000000000000e+05
3.335360000000000000e+05
3.870250000000000000e+05
4.357890000000000000e+05
4.287990000000000000e+05
3.649990000000000000e+05
2.744430000000000000e+05
5.816270000000000000e+05
1.941280000000000000e+05
3.643150000000000000e+05
1.804402000000000000e+06
7.027860000000000000e+05
5.039270000000000000e+05
3.735400000000000000e+05
2.410800000000000000e+05
1.387740000000000000e+05
1.553340000000000000e+05
1.963500000000000000e+05
1.742650000000000000e+05
4.790350000000000000e+05
1.273220000000000000e+05
1.089700000000000000e+05
1.620803000000000000e+06
3.663840000000000000e+05
2.558240000000000000e+05
2.550440000000000000e+05
3.459370000000000000e+05
3.835810000000000000e+05
5.151140000000000000e+05
4.784200000000000000e+05
3.839900000000000000e+05
6.503350000000000000e+05
1.844460000000000000e+05
1.454660000000000000e+05
1.734083000000000000e+06
3.765370000000000000e+05
1.827150000000000000e+05
1.588080000000000000e+05
1.533800000000000000e+05
2.005730000000000000e+05
2.718260000000000000e+05
1.644470000000000000e+05
1.499560000000000000e+05
4.516100000000000000e+05
9.065600000000000000e+04
1.170190000000000000e+05
1.572416000000000000e+06
3.249600000000000000e+05
