6.673600000000000000e+05
3.952970000000000000e+05
3.173770000000000000e+05
2.955740000000000000e+05
1.796547000000000000e+06
5.512220000000000000e+05
3.336800000000000000e+05
2.359380000000000000e+05
2.523360000000000000e+05
2.970050000000000000e+05
4.378250000000000000e+05
8.487050000000000000e+05
4.483870000000000000e+05
4.725840000000000000e+05
4.863320000000000000e+05
4.167290000000000000e+05
1.884188000000000000e+06
5.599070000000000000e+05
3.804450000000000000e+05
3.394640000000000000e+05
3.557080000000000000e+05
3.800730000000000000e+05
3.710260000000000000e+05
6.779750000000000000e+05
3.597100000000000000e+05
3.718750000000000000e+05
4.357890000000000000e+05
5.657140000000000000e+05
1.970749000000000000e+06
8.104730000000000000e+05
5.036570000000000000e+05
5.524130000000000000e+05
6.293020000000000000e+05
5.776330000000000000e+05
5.828590000000000000e+05
8.548120000000000000e+05
5.493610000000000000e+05
6.093180000000000000e+05
6.613700000000000000e+05
6.794010000000000000e+05
2.061659000000000000e+06
8.688780000000000000e+05
5.543100000000000000e+05
7.260460000000000000e+05
8.448820000000000000e+05
6.942900000000000000e+05
6.728800000000000000e+05
8.506130000000000000e+05
4.690870000000000000e+05
5.315640000000000000e+05
6.235120000000000000e+05
6.043820000000000000e+05
2.003830000000000000e+06
7.656240000000000000e+05
3.972210000000000000e+05
3.889350000000000000e+05
4.887760000000000000e+05
6.011100000000000000e+05
7.310470000000000000e+05
1.123342000000000000e+06
7.902910000000000000e+05
6.811680000000000000e+05
3.767822000000000000e+06
5.348462000000000000e+06
7.054116000000000000e+06
3.105031000000000000e+06
4.643524000000000000e+06
5.121374000000000000e+06
5.447042000000000000e+06
5.221006000000000000e+06
1.571565000000000000e+06
1.822100000000000000e+06
1.216057000000000000e+06
1.116839000000000000e+06
1.412600000000000000e+05
9.830520000000000000e+05
4.850992000000000000e+06
1.261774000000000000e+06
9.671820000000000000e+05
9.042000000000000000e+04
7.925050000000000000e+05
6.454270000000000000e+05
6.563580000000000000e+05
1.218061000000000000e+06
4.432400000000000000e+04
5.170820000000000000e+05
4.961520000000000000e+05
3.816180000000000000e+05
1.998342000000000000e+06
4.218640000000000000e+05
3.385310000000000000e+05
3.835580000000000000e+05
2.920520000000000000e+05
2.540600000000000000e+04
3.241900000000000000e+05
7.646900000000000000e+05
4.336310000000000000e+05
3.849350000000000000e+05
4.977600000000000000e+04
4.382510000000000000e+05
1.751648000000000000e+06
5.593450000000000000e+05
5.640130000000000000e+05
6.898490000000000000e+05
6.296400000000000000e+04
7.072490000000000000e+05
7.268200000000000000e+05
9.653720000000000000e+05
6.294610000000000000e+05
5.902000000000000000e+04
5.304370000000000000e+05
5.087040000000000000e+05
2.061895000000000000e+06
5.341980000000000000e+05
3.224200000000000000e+04
4.815410000000000000e+05
3.315490000000000000e+05
2.566810000000000000e+05
2.288940000000000000e+05
4.783630000000000000e+05
2.512680000000000000e+05
2.296300000000000000e+05
3.038480000000000000e+05
2.691480000000000000e+05
1.674463000000000000e+06
5.394570000000000000e+05
5.706100000000000000e+05
6.201170000000000000e+05
7.110410000000000000e+05
5.661900000000000000e+04
8.251330000000000000e+05
1.744120000000000000e+06
4.991634000000000000e+06
4.999599000000000000e+06
5.002815000000000000e+06
5.413496000000000000e+06
6.807462000000000000e+06
3.667860000000000000e+06
4.516131000000000000e+06
2.424950000000000000e+05
1.615810000000000000e+05
1.003320000000000000e+05
2.752400000000000000e+04
4.493260000000000000e+05
7.664500000000000000e+04
9.026300000000000000e+04
6.311100000000000000e+04
6.051300000000000000e+04
