8.525130000000000000e+05
4.422920000000000000e+05
3.670680000000000000e+05
2.761970000000000000e+05
3.609800000000000000e+05
4.744290000000000000e+05
2.377024000000000000e+06
9.695030000000000000e+05
7.329770000000000000e+05
7.199600000000000000e+05
6.614960000000000000e+05
1.076568000000000000e+06
6.607410000000000000e+05
7.267410000000000000e+05
6.287550000000000000e+05
5.616670000000000000e+05
5.369350000000000000e+05
5.930020000000000000e+05
2.369350000000000000e+06
9.646360000000000000e+05
5.163690000000000000e+05
4.200440000000000000e+05
2.381890000000000000e+05
7.404110000000000000e+05
5.206040000000000000e+05
5.762070000000000000e+05
7.428770000000000000e+05
7.722300000000000000e+05
8.119210000000000000e+05
8.566920000000000000e+05
2.562971000000000000e+06
1.108269000000000000e+06
8.970640000000000000e+05
8.561090000000000000e+05
7.530900000000000000e+05
1.052235000000000000e+06
6.003400000000000000e+05
6.294100000000000000e+05
6.019640000000000000e+05
6.339920000000000000e+05
6.681040000000000000e+05
5.721680000000000000e+05
2.343638000000000000e+06
8.440920000000000000e+05
3.937510000000000000e+05
3.090200000000000000e+05
2.725860000000000000e+05
7.335310000000000000e+05
3.706850000000000000e+05
3.408410000000000000e+05
3.985650000000000000e+05
4.823010000000000000e+05
5.160230000000000000e+05
5.227240000000000000e+05
2.448739000000000000e+06
7.339530000000000000e+05
4.983370000000000000e+05
4.804200000000000000e+05
4.602960000000000000e+05
9.883010000000000000e+05
7.003290000000000000e+05
6.382420000000000000e+05
4.766730000000000000e+05
3.505480000000000000e+05
3.889480000000000000e+05
5.336580000000000000e+05
2.384815000000000000e+06
8.094210000000000000e+05
6.083580000000000000e+05
4.830100000000000000e+05
4.281000000000000000e+05
7.275510000000000000e+05
2.210940000000000000e+05
4.566660000000000000e+05
5.814780000000000000e+05
6.743090000000000000e+05
4.979800000000000000e+05
5.171290000000000000e+05
2.261632000000000000e+06
8.095310000000000000e+05
4.980140000000000000e+05
3.522300000000000000e+05
2.739470000000000000e+05
7.057680000000000000e+05
3.143960000000000000e+05
3.879820000000000000e+05
4.023710000000000000e+05
3.635150000000000000e+05
3.843470000000000000e+05
5.088230000000000000e+05
2.378264000000000000e+06
4.971865400000000000e+07
1.923820000000000000e+05
7.043200000000000000e+04
3.184390000000000000e+05
1.324488000000000000e+06
2.255101000000000000e+06
2.681179000000000000e+06
1.809411000000000000e+06
1.604817000000000000e+06
1.265354000000000000e+06
1.051870000000000000e+06
6.668460000000000000e+05
2.174808000000000000e+06
2.471950000000000000e+05
2.315700000000000000e+04
1.636908700000000000e+07
1.625429500000000000e+07
1.355476000000000000e+06
9.463000000000000000e+04
1.068185000000000000e+06
1.283237000000000000e+06
1.188603000000000000e+06
8.221910000000000000e+05
4.316100000000000000e+04
6.947560000000000000e+05
9.152600000000000000e+04
1.070840000000000000e+05
1.365170000000000000e+05
1.781975000000000000e+06
3.190470000000000000e+05
4.234200000000000000e+04
1.577780000000000000e+05
2.917840000000000000e+05
2.482900000000000000e+04
2.436980000000000000e+05
3.213660000000000000e+05
8.121280000000000000e+05
5.051300000000000000e+04
1.484200000000000000e+04
6.413500000000000000e+04
1.516021000000000000e+06
2.698040000000000000e+05
3.940600000000000000e+04
1.813700000000000000e+04
1.735800000000000000e+04
1.600300000000000000e+04
1.524500000000000000e+04
1.218400000000000000e+04
4.166410000000000000e+05
6.974750000000000000e+05
5.941100000000000000e+04
4.146500000000000000e+04
1.405398000000000000e+06
2.714940000000000000e+05
2.854000000000000000e+04
1.477800000000000000e+04
6.184000000000000000e+03
