7.137300000000000000e+04
2.670900000000000000e+04
7.778300000000000000e+04
6.446000000000000000e+03
1.012900000000000000e+04
1.682300000000000000e+04
1.221387000000000000e+06
2.722170000000000000e+05
2.250700000000000000e+04
8.181000000000000000e+03
1.633800000000000000e+04
3.660630000000000000e+05
2.908500000000000000e+04
2.180000000000000000e+04
6.926600000000000000e+04
2.209000000000000000e+03
1.223900000000000000e+04
1.798700000000000000e+04
9.944600000000000000e+05
2.651060000000000000e+05
1.645800000000000000e+04
2.131700000000000000e+04
1.520900000000000000e+04
2.893990000000000000e+05
3.495700000000000000e+04
1.653900000000000000e+04
4.066500000000000000e+04
3.279000000000000000e+03
5.642000000000000000e+03
1.816600000000000000e+04
8.869160000000000000e+05
2.594840000000000000e+05
1.551700000000000000e+04
1.090100000000000000e+04
2.425640000000000000e+05
2.902290000000000000e+05
1.059480000000000000e+05
6.171920000000000000e+05
2.800946000000000000e+06
2.454986000000000000e+06
1.277124000000000000e+06
2.697913000000000000e+06
6.799606000000000000e+06
5.791366000000000000e+06
7.157306000000000000e+06
6.504167000000000000e+06
6.931304000000000000e+06
8.489731000000000000e+06
1.065224900000000000e+07
9.248114000000000000e+06
1.636508000000000000e+06
7.778110000000000000e+05
7.625800000000000000e+05
8.122270000000000000e+05
4.843550000000000000e+06
1.383394000000000000e+06
1.037194000000000000e+06
9.973500000000000000e+05
9.089420000000000000e+05
1.542328000000000000e+06
9.979820000000000000e+05
1.065907000000000000e+06
1.346710000000000000e+06
1.290186000000000000e+06
1.331145000000000000e+06
1.269482000000000000e+06
2.914731000000000000e+06
1.492911000000000000e+06
1.189957000000000000e+06
1.047215000000000000e+06
1.026362000000000000e+06
1.432382000000000000e+06
1.078729000000000000e+06
1.082309000000000000e+06
1.232370000000000000e+06
1.099041000000000000e+06
1.070752000000000000e+06
1.045295000000000000e+06
2.702346000000000000e+06
1.276141000000000000e+06
9.611200000000000000e+05
9.233420000000000000e+05
7.735980000000000000e+05
1.086965000000000000e+06
7.693280000000000000e+05
8.579060000000000000e+05
8.950350000000000000e+05
3.276020900000000000e+07
7.433990000000000000e+05
5.976800000000000000e+05
6.214490000000000000e+05
6.237700000000000000e+05
4.952980000000000000e+05
3.893130000000000000e+05
3.956960000000000000e+05
7.077190000000000000e+05
3.260970000000000000e+05
2.342490000000000000e+05
3.941860000000000000e+05
2.700035000000000000e+06
4.663520000000000000e+05
1.480130000000000000e+05
1.991690000000000000e+05
1.779570000000000000e+05
1.735610000000000000e+05
1.474900000000000000e+05
1.357470000000000000e+05
6.315300000000000000e+05
1.441050000000000000e+05
1.926630000000000000e+05
2.506000000000000000e+05
1.778334000000000000e+06
5.053880000000000000e+05
2.308840000000000000e+05
2.623130000000000000e+05
3.089980000000000000e+05
3.052860000000000000e+05
3.629560000000000000e+05
3.893250000000000000e+05
7.917830000000000000e+05
5.342770000000000000e+05
5.754520000000000000e+05
7.048450000000000000e+05
2.059414000000000000e+06
8.664110000000000000e+05
6.064420000000000000e+05
7.250650000000000000e+05
7.548690000000000000e+05
8.479110000000000000e+05
8.405260000000000000e+05
8.042290000000000000e+05
1.017392000000000000e+06
6.734770000000000000e+05
5.619530000000000000e+05
6.319110000000000000e+05
2.101110000000000000e+06
5.873870000000000000e+05
2.990690000000000000e+05
3.073950000000000000e+05
3.022300000000000000e+05
3.028920000000000000e+05
3.485940000000000000e+05
2.636070000000000000e+05
7.024090000000000000e+05
3.300820000000000000e+05
3.532930000000000000e+05
4.243590000000000000e+05
1.834212000000000000e+06
