4.818510000000000000e+05
1.986040000000000000e+05
3.309360000000000000e+05
2.534710000000000000e+05
3.331840000000000000e+05
2.162020000000000000e+05
2.479760000000000000e+05
3.331280000000000000e+05
2.286154000000000000e+06
6.082210000000000000e+05
5.902820000000000000e+05
1.059356000000000000e+06
5.336270000000000000e+05
5.752470000000000000e+05
5.332460000000000000e+05
5.919220000000000000e+05
5.551880000000000000e+05
5.079270000000000000e+05
4.504530000000000000e+05
4.094540000000000000e+05
2.601043000000000000e+06
6.495070000000000000e+05
4.629510000000000000e+05
9.646210000000000000e+05
4.776550000000000000e+05
4.760940000000000000e+05
2.063346000000000000e+06
6.362505000000000000e+06
1.028465600000000000e+07
1.348371700000000000e+07
1.565658000000000000e+07
1.612924500000000000e+07
1.834287500000000000e+07
1.582286200000000000e+07
1.520688500000000000e+07
1.574353200000000000e+07
1.569763100000000000e+07
1.605534900000000000e+07
1.654232800000000000e+07
1.775145800000000000e+07
1.859231800000000000e+07
2.057066100000000000e+07
2.276022500000000000e+07
2.488817400000000000e+07
2.519688300000000000e+07
2.493632200000000000e+07
2.767453600000000000e+07
2.679172200000000000e+07
1.868522600000000000e+07
7.180942000000000000e+06
4.360419000000000000e+06
3.102838000000000000e+07
2.578958700000000000e+07
1.874936700000000000e+07
1.633530500000000000e+07
1.159275300000000000e+07
9.247762000000000000e+06
4.048611000000000000e+06
2.456131000000000000e+06
1.764903000000000000e+06
1.832288000000000000e+06
2.012618000000000000e+06
2.245528000000000000e+06
2.435443000000000000e+06
2.649701000000000000e+06
2.879572000000000000e+06
3.154149000000000000e+06
3.276173000000000000e+06
3.827357000000000000e+06
3.484817000000000000e+06
3.594766000000000000e+06
3.769343000000000000e+06
3.780026000000000000e+06
4.201260000000000000e+06
4.658904000000000000e+06
6.525901000000000000e+06
5.924733000000000000e+06
5.279025000000000000e+06
6.038529000000000000e+06
6.540965000000000000e+06
5.729189000000000000e+06
5.068651000000000000e+06
4.311745000000000000e+06
3.235753000000000000e+06
3.593197000000000000e+06
4.168316000000000000e+06
4.465879000000000000e+06
4.468732000000000000e+06
4.267955000000000000e+06
4.147137000000000000e+06
3.636634000000000000e+06
3.223518000000000000e+06
3.335451000000000000e+06
3.029254000000000000e+06
3.257686000000000000e+06
3.360960000000000000e+06
3.498081000000000000e+06
3.411430000000000000e+06
5.365363000000000000e+06
5.072120000000000000e+06
3.539203000000000000e+06
4.920114000000000000e+06
6.277397000000000000e+06
4.054123000000000000e+06
5.369343000000000000e+06
6.352194000000000000e+06
7.024165000000000000e+06
7.075470000000000000e+06
7.889920000000000000e+06
9.500723000000000000e+06
1.102349600000000000e+07
1.218474900000000000e+07
1.093370900000000000e+07
8.281575000000000000e+06
7.699656000000000000e+06
6.301733000000000000e+06
6.329589000000000000e+06
4.938336000000000000e+06
4.703885000000000000e+06
4.281415000000000000e+06
3.659820000000000000e+06
4.391087000000000000e+06
5.199700000000000000e+06
5.637831000000000000e+06
5.867398000000000000e+06
6.033447000000000000e+06
6.499087000000000000e+06
6.673152000000000000e+06
6.613380000000000000e+06
5.705652000000000000e+06
5.205952000000000000e+06
4.707200000000000000e+06
4.201963000000000000e+06
3.710615000000000000e+06
3.269192000000000000e+06
2.881395000000000000e+06
2.492836000000000000e+06
2.298758000000000000e+06
2.164849000000000000e+06
2.113609000000000000e+06
2.656408000000000000e+06
1.944219000000000000e+06
2.055720000000000000e+06
4.649157000000000000e+06
2.883274000000000000e+06
2.547064000000000000e+06
4.119990000000000000e+06
3.836187000000000000e+06
