3.984410000000000000e+05
1.037690000000000000e+05
9.325100000000000000e+04
1.420110000000000000e+05
3.090000000000000000e+05
1.785381000000000000e+06
5.117370000000000000e+05
2.263530000000000000e+05
1.411260000000000000e+05
1.375970000000000000e+05
1.217010000000000000e+05
6.927090000000000000e+05
2.454720000000000000e+05
2.723640000000000000e+05
3.849760000000000000e+05
4.694500000000000000e+05
5.472390000000000000e+05
1.769110000000000000e+06
5.341070000000000000e+05
1.177360000000000000e+05
2.769680000000000000e+05
3.736460000000000000e+05
4.922020000000000000e+05
8.621990000000000000e+05
4.208530000000000000e+05
3.322110000000000000e+05
2.780900000000000000e+05
2.467870000000000000e+05
3.546180000000000000e+05
1.704570000000000000e+06
4.519230000000000000e+05
2.099670000000000000e+05
2.558910000000000000e+05
2.071640000000000000e+05
9.085300000000000000e+04
5.624210000000000000e+05
2.169580000000000000e+05
1.772640000000000000e+05
2.080960000000000000e+05
2.575440000000000000e+05
4.046380000000000000e+05
1.564649000000000000e+06
4.932950000000000000e+05
2.876550000000000000e+05
1.547410000000000000e+05
1.387520000000000000e+05
1.735210000000000000e+05
5.127700000000000000e+05
1.044310000000000000e+05
1.507830000000000000e+05
1.256720000000000000e+05
1.853830000000000000e+05
3.089250000000000000e+05
1.670594000000000000e+06
4.916830000000000000e+05
1.867870000000000000e+05
2.116000000000000000e+05
2.068440000000000000e+05
2.417820000000000000e+05
5.929520000000000000e+05
2.176460000000000000e+05
2.145630000000000000e+05
1.842080000000000000e+05
2.021640000000000000e+05
3.120390000000000000e+05
2.052175000000000000e+06
5.463330000000000000e+05
1.902840000000000000e+05
2.811100000000000000e+05
3.111670000000000000e+05
6.958734000000000000e+06
5.274123000000000000e+06
5.143045000000000000e+06
4.791683000000000000e+06
5.140047000000000000e+06
4.887176000000000000e+06
5.106096000000000000e+06
5.010097000000000000e+06
6.658970000000000000e+05
3.442740000000000000e+05
2.081400000000000000e+04
3.848960000000000000e+05
4.096620000000000000e+05
1.058651000000000000e+06
5.457870000000000000e+05
3.444900000000000000e+04
4.956330000000000000e+05
8.166480000000000000e+05
7.454690000000000000e+05
2.815807000000000000e+06
2.636260000000000000e+05
5.243080000000000000e+05
5.809800000000000000e+05
2.064130000000000000e+05
5.852650000000000000e+05
6.036610000000000000e+05
2.764550000000000000e+05
5.862300000000000000e+05
1.717230000000000000e+05
4.893940000000000000e+05
2.077610000000000000e+05
2.395798000000000000e+06
7.480350000000000000e+05
3.671440000000000000e+05
3.480710000000000000e+05
2.634700000000000000e+04
8.965500000000000000e+04
9.444310000000000000e+05
2.333010000000000000e+05
6.638860000000000000e+05
2.763800000000000000e+04
2.565800000000000000e+05
8.267060000000000000e+05
2.432412000000000000e+06
8.120380000000000000e+05
5.791200000000000000e+04
4.673100000000000000e+05
3.296020000000000000e+05
6.589820000000000000e+05
8.774170000000000000e+05
3.859800000000000000e+04
3.164110000000000000e+05
6.993470000000000000e+05
6.602450000000000000e+05
6.106360000000000000e+05
2.462353000000000000e+06
8.199720000000000000e+05
2.340810000000000000e+05
6.893840000000000000e+05
1.606050000000000000e+05
9.826000000000000000e+03
1.000893000000000000e+06
2.179760000000000000e+05
5.528750000000000000e+05
1.845840000000000000e+05
2.196500000000000000e+04
7.569570000000000000e+05
2.396838000000000000e+06
6.803010000000000000e+05
6.583440000000000000e+05
3.443400000000000000e+04
6.601220000000000000e+05
7.330400000000000000e+05
8.137770000000000000e+05
8.066150000000000000e+05
3.575400000000000000e+04
6.376240000000000000e+05
7.381520000000000000e+05
