2.677315000000000000e+06
2.797980000000000000e+05
7.540020000000000000e+05
6.416650000000000000e+05
6.778200000000000000e+05
6.992060000000000000e+05
3.051100000000000000e+04
7.219660000000000000e+05
6.990510000000000000e+05
7.506550000000000000e+05
6.323900000000000000e+05
8.487020000000000000e+05
2.816400000000000000e+06
6.333540000000000000e+05
6.638360000000000000e+05
3.037260000000000000e+05
2.127400000000000000e+04
7.434200000000000000e+05
6.258510000000000000e+05
1.404670000000000000e+05
3.869970000000000000e+05
4.938200000000000000e+04
3.085491000000000000e+06
4.531344000000000000e+06
5.927930000000000000e+06
2.785489000000000000e+06
5.152995000000000000e+06
5.758396000000000000e+06
7.100944000000000000e+06
5.941396000000000000e+06
5.856760000000000000e+05
7.624920000000000000e+05
5.268380000000000000e+05
4.057120000000000000e+05
4.320880000000000000e+05
1.748618000000000000e+06
4.861810000000000000e+06
8.954440000000000000e+05
6.509320000000000000e+05
7.464410000000000000e+05
7.497180000000000000e+05
8.361880000000000000e+05
7.905840000000000000e+05
7.554150000000000000e+05
7.600820000000000000e+05
7.723310000000000000e+05
6.843940000000000000e+05
1.337891000000000000e+06
2.162983000000000000e+06
9.610180000000000000e+05
6.194400000000000000e+05
6.339160000000000000e+05
5.578690000000000000e+05
5.924690000000000000e+05
5.535180000000000000e+05
5.318620000000000000e+05
4.887690000000000000e+05
4.817850000000000000e+05
4.506070000000000000e+05
8.773670000000000000e+05
1.994467000000000000e+06
6.703630000000000000e+05
4.664080000000000000e+05
4.463960000000000000e+05
4.415760000000000000e+05
4.802630000000000000e+05
4.501610000000000000e+05
3.962010000000000000e+05
4.078120000000000000e+05
3.671210000000000000e+05
3.370090000000000000e+05
8.265790000000000000e+05
1.946136000000000000e+06
6.244390000000000000e+05
3.313680000000000000e+05
2.896630000000000000e+05
2.514970000000000000e+05
2.840760000000000000e+05
2.150720000000000000e+05
2.540190000000000000e+05
3.263180000000000000e+05
3.346260000000000000e+05
3.985400000000000000e+05
7.235170000000000000e+05
1.815494000000000000e+06
5.560300000000000000e+05
3.341270000000000000e+05
3.372670000000000000e+05
3.359150000000000000e+05
4.235690000000000000e+05
4.148400000000000000e+05
3.941330000000000000e+05
4.845390000000000000e+05
4.583910000000000000e+05
4.473950000000000000e+05
8.135950000000000000e+05
2.173024000000000000e+06
5.865230000000000000e+05
2.706070000000000000e+05
2.607760000000000000e+05
1.732740000000000000e+05
1.660290000000000000e+05
2.435560000000000000e+05
2.284000000000000000e+05
2.746010000000000000e+05
2.321000000000000000e+05
2.342400000000000000e+05
6.602620000000000000e+05
1.662925000000000000e+06
3.801640000000000000e+05
1.858050000000000000e+05
1.850070000000000000e+05
2.232080000000000000e+05
2.341370000000000000e+05
1.909650000000000000e+05
1.527140000000000000e+05
1.430060000000000000e+05
1.006650000000000000e+05
1.024500000000000000e+05
5.581050000000000000e+05
1.516703000000000000e+06
3.899130000000000000e+05
1.285540000000000000e+05
1.598930000000000000e+05
1.156710000000000000e+05
1.494670000000000000e+05
1.991610000000000000e+05
1.565910000000000000e+05
1.553550000000000000e+05
1.879680000000000000e+05
2.048470000000000000e+05
6.175540000000000000e+05
1.641510000000000000e+06
6.338250000000000000e+05
3.197590000000000000e+05
3.867760000000000000e+05
3.716580000000000000e+05
4.277370000000000000e+05
5.007900000000000000e+05
4.976480000000000000e+05
6.134650000000000000e+05
6.618670000000000000e+05
7.159170000000000000e+05
1.115683000000000000e+06
2.069566000000000000e+06
9.601170000000000000e+05
7.154340000000000000e+05
7.007470000000000000e+05
