9.340970000000000000e+05
6.096830000000000000e+05
6.337460000000000000e+05
5.281560000000000000e+05
5.452580000000000000e+05
5.465170000000000000e+05
6.145450000000000000e+05
2.007074000000000000e+06
6.883090000000000000e+05
4.205850000000000000e+05
4.546290000000000000e+05
8.115130000000000000e+05
3.854670000000000000e+05
3.284160000000000000e+05
3.202890000000000000e+05
2.773860000000000000e+05
2.628680000000000000e+05
2.452570000000000000e+05
3.298230000000000000e+05
1.788023000000000000e+06
4.841400000000000000e+05
1.264180000000000000e+05
1.227170000000000000e+05
5.192910000000000000e+05
1.848740000000000000e+05
2.260310000000000000e+05
2.990470000000000000e+05
2.795650000000000000e+05
3.494860000000000000e+05
3.348320000000000000e+05
4.317830000000000000e+05
1.812903000000000000e+06
6.450480000000000000e+05
4.186960000000000000e+05
4.122310000000000000e+05
7.280470000000000000e+05
4.422090000000000000e+05
4.808300000000000000e+05
4.696630000000000000e+05
5.250680000000000000e+05
5.945210000000000000e+05
7.395070000000000000e+05
9.138380000000000000e+05
2.545754000000000000e+06
1.274912000000000000e+06
1.098616000000000000e+06
1.019366000000000000e+06
1.288917000000000000e+06
9.304340000000000000e+05
9.080140000000000000e+05
8.829920000000000000e+05
8.673310000000000000e+05
8.335850000000000000e+05
7.586510000000000000e+05
8.351380000000000000e+05
2.542072000000000000e+06
1.069614000000000000e+06
7.534950000000000000e+05
9.105640000000000000e+05
1.208874000000000000e+06
9.041190000000000000e+05
7.664050000000000000e+05
7.095460000000000000e+05
8.314520000000000000e+05
8.507210000000000000e+05
7.396420000000000000e+05
7.493620000000000000e+05
2.275260000000000000e+06
7.653840000000000000e+05
3.851270000000000000e+05
4.461700000000000000e+05
8.357270000000000000e+05
3.823530000000000000e+05
4.338770000000000000e+05
4.111940000000000000e+05
4.453410000000000000e+05
3.888670000000000000e+05
3.644150000000000000e+05
4.715770000000000000e+05
1.967436000000000000e+06
6.016310000000000000e+05
2.832410000000000000e+05
2.664390000000000000e+05
7.397890000000000000e+05
3.917780000000000000e+05
3.973180000000000000e+05
3.578130000000000000e+05
3.971930000000000000e+05
3.959590000000000000e+05
3.885620000000000000e+05
5.109310000000000000e+05
1.966642000000000000e+06
5.660940000000000000e+05
3.398740000000000000e+05
3.474350000000000000e+05
6.987440000000000000e+05
3.694850000000000000e+05
2.964040000000000000e+05
3.180960000000000000e+05
2.944730000000000000e+05
1.324397000000000000e+06
1.073048500000000000e+07
1.467247500000000000e+07
1.960992800000000000e+07
1.794270700000000000e+07
1.443593800000000000e+07
1.223523400000000000e+07
7.400823000000000000e+06
1.222700000000000000e+05
1.273930000000000000e+05
4.595400000000000000e+04
6.332300000000000000e+04
6.301700000000000000e+04
5.504300000000000000e+04
7.061870000000000000e+05
3.066254000000000000e+06
1.497890000000000000e+05
6.633200000000000000e+04
6.599100000000000000e+04
6.009560000000000000e+05
7.128600000000000000e+04
5.566900000000000000e+04
7.082500000000000000e+04
6.311000000000000000e+04
6.331100000000000000e+04
6.676500000000000000e+04
1.193660000000000000e+05
9.307420000000000000e+05
1.015200000000000000e+05
2.887000000000000000e+04
7.344400000000000000e+04
3.781920000000000000e+05
7.265100000000000000e+04
6.382700000000000000e+04
7.610200000000000000e+04
5.730900000000000000e+04
5.390800000000000000e+04
7.979500000000000000e+04
1.365090000000000000e+05
8.014100000000000000e+05
1.071710000000000000e+05
2.771600000000000000e+04
6.036500000000000000e+04
3.316360000000000000e+05
7.921500000000000000e+04
7.273700000000000000e+04
6.077100000000000000e+04
5.978100000000000000e+04
