5.178130000000000000e+05
1.111100000000000000e+05
6.060800000000000000e+04
5.869600000000000000e+04
7.464200000000000000e+04
4.834800000000000000e+04
6.617400000000000000e+04
5.562700000000000000e+04
1.325390000000000000e+05
6.897760000000000000e+05
9.015300000000000000e+04
4.729460000000000000e+05
6.416400000000000000e+04
7.313500000000000000e+04
7.570400000000000000e+04
4.999200000000000000e+04
7.530300000000000000e+04
7.118700000000000000e+04
6.502300000000000000e+04
5.228900000000000000e+04
1.413670000000000000e+05
6.106750000000000000e+05
8.528200000000000000e+04
2.248150000000000000e+05
5.382400000000000000e+04
7.088000000000000000e+04
5.676900000000000000e+04
7.151100000000000000e+04
5.646700000000000000e+04
6.342400000000000000e+04
5.419100000000000000e+04
6.816400000000000000e+04
1.129100000000000000e+05
6.558810000000000000e+05
1.039270000000000000e+05
2.471210000000000000e+05
6.319900000000000000e+04
5.979200000000000000e+04
7.416400000000000000e+04
8.389200000000000000e+04
6.495100000000000000e+04
5.876300000000000000e+04
5.441200000000000000e+04
5.452000000000000000e+04
1.419330000000000000e+05
6.283470000000000000e+05
9.572100000000000000e+04
2.217150000000000000e+05
6.848200000000000000e+04
5.972800000000000000e+04
6.947100000000000000e+04
7.258100000000000000e+04
6.861100000000000000e+04
6.050300000000000000e+04
6.554400000000000000e+04
8.022000000000000000e+04
1.186790000000000000e+05
6.450630000000000000e+05
8.995300000000000000e+04
2.292070000000000000e+05
6.581300000000000000e+04
5.334700000000000000e+04
7.172400000000000000e+04
5.304400000000000000e+04
7.047400000000000000e+04
6.572000000000000000e+04
5.525000000000000000e+04
5.811400000000000000e+04
1.393130000000000000e+05
6.529860000000000000e+05
9.006800000000000000e+04
2.357370000000000000e+05
7.021400000000000000e+04
6.595200000000000000e+04
7.318300000000000000e+04
5.874500000000000000e+04
7.126000000000000000e+04
7.017200000000000000e+04
5.656600000000000000e+04
5.482200000000000000e+04
1.244170000000000000e+05
9.777770000000000000e+05
9.426600000000000000e+04
3.635380000000000000e+05
5.458000000000000000e+04
5.896200000000000000e+04
8.616300000000000000e+04
6.860100000000000000e+04
4.046900000000000000e+04
7.504400000000000000e+04
6.490700000000000000e+04
6.332700000000000000e+04
1.272790000000000000e+05
7.035160000000000000e+05
9.289500000000000000e+04
2.657890000000000000e+05
6.195600000000000000e+04
7.211800000000000000e+04
5.513600000000000000e+04
6.717300000000000000e+04
5.478300000000000000e+04
7.340500000000000000e+04
5.599300000000000000e+04
5.547100000000000000e+04
1.288110000000000000e+05
6.382900000000000000e+05
8.483800000000000000e+04
2.396910000000000000e+05
6.229600000000000000e+04
7.158100000000000000e+04
7.443300000000000000e+04
4.564500000000000000e+04
3.116200000000000000e+04
2.758500000000000000e+04
1.823500000000000000e+04
1.867800000000000000e+04
5.730300000000000000e+04
4.695970000000000000e+05
3.958600000000000000e+04
1.712030000000000000e+05
5.712000000000000000e+03
1.851400000000000000e+04
2.091000000000000000e+04
1.085300000000000000e+04
1.272800000000000000e+04
1.388000000000000000e+04
1.181700000000000000e+04
2.982300000000000000e+04
7.000200000000000000e+04
4.730440000000000000e+05
7.964900000000000000e+04
2.053840000000000000e+05
5.539800000000000000e+04
6.382400000000000000e+04
7.986300000000000000e+04
6.051700000000000000e+04
5.813600000000000000e+04
6.582100000000000000e+04
1.513382000000000000e+06
6.543475000000000000e+06
5.939993000000000000e+06
8.464825000000000000e+06
5.342154000000000000e+06
8.948060000000000000e+06
9.205799000000000000e+06
1.550489000000000000e+07
4.336890000000000000e+05
2.977390000000000000e+05
