7.226800000000000000e+05
3.667770000000000000e+05
3.791190000000000000e+05
3.716140000000000000e+05
3.600640000000000000e+05
4.531930000000000000e+05
4.522700000000000000e+05
4.294940000000000000e+05
3.800850000000000000e+05
4.078430000000000000e+05
4.792750000000000000e+05
2.095844000000000000e+06
7.727240000000000000e+05
5.437190000000000000e+05
5.955990000000000000e+05
6.301240000000000000e+05
6.474590000000000000e+05
6.289940000000000000e+05
5.624180000000000000e+05
4.908500000000000000e+05
5.324140000000000000e+05
5.206910000000000000e+05
6.601520000000000000e+05
2.064058000000000000e+06
7.839430000000000000e+05
5.536080000000000000e+05
5.965680000000000000e+05
6.127660000000000000e+05
6.508440000000000000e+05
6.314130000000000000e+05
5.351850000000000000e+05
4.181750000000000000e+05
5.387550000000000000e+05
5.793230000000000000e+05
6.255350000000000000e+05
2.066262000000000000e+06
7.402690000000000000e+05
5.085040000000000000e+05
4.120560000000000000e+05
4.425660000000000000e+05
3.579550000000000000e+05
2.652820000000000000e+05
2.373620000000000000e+05
2.038160000000000000e+05
2.029880000000000000e+05
1.708330000000000000e+05
2.436830000000000000e+05
1.709372000000000000e+06
3.543820000000000000e+05
2.152110000000000000e+05
2.995460000000000000e+05
3.661450000000000000e+05
4.149080000000000000e+05
4.146400000000000000e+05
4.266410000000000000e+05
5.105770000000000000e+05
5.539110000000000000e+05
6.090210000000000000e+05
7.119190000000000000e+05
2.244266000000000000e+06
8.660990000000000000e+05
7.506500000000000000e+05
7.089840000000000000e+05
7.242440000000000000e+05
3.248419100000000000e+07
1.951568000000000000e+06
1.779674000000000000e+06
1.618417000000000000e+06
1.512578000000000000e+06
1.358857000000000000e+06
1.132807000000000000e+06
1.732672000000000000e+06
1.426520000000000000e+06
1.306354000000000000e+06
1.261004000000000000e+06
1.128619000000000000e+06
3.121701000000000000e+06
1.387018000000000000e+06
1.310096000000000000e+06
1.211933000000000000e+06
9.477010000000000000e+05
7.359580000000000000e+05
6.281130000000000000e+05
1.135343000000000000e+06
7.049540000000000000e+05
6.022440000000000000e+05
4.899680000000000000e+05
5.237230000000000000e+05
2.645286000000000000e+06
1.036248000000000000e+06
9.252100000000000000e+05
8.795390000000000000e+05
8.944440000000000000e+05
8.258980000000000000e+05
9.157370000000000000e+05
1.319645000000000000e+06
8.904510000000000000e+05
8.958740000000000000e+05
8.641900000000000000e+05
8.492880000000000000e+05
2.717387000000000000e+06
1.275453000000000000e+06
1.274283000000000000e+06
1.444279000000000000e+06
1.537624000000000000e+06
1.534860000000000000e+06
1.547251000000000000e+06
1.778918000000000000e+06
1.398047000000000000e+06
1.660047000000000000e+06
1.688090000000000000e+06
1.635252000000000000e+06
3.089544000000000000e+06
1.830935000000000000e+06
1.560387000000000000e+06
1.580184000000000000e+06
1.582732000000000000e+06
1.572271000000000000e+06
1.582187000000000000e+06
1.747242000000000000e+06
1.420554000000000000e+06
1.278301000000000000e+06
1.091656000000000000e+06
8.785840000000000000e+05
2.733703000000000000e+06
1.004022000000000000e+06
5.616610000000000000e+05
3.776530000000000000e+05
4.639580000000000000e+05
9.085540000000000000e+05
1.461089000000000000e+06
2.156582000000000000e+06
2.025270000000000000e+06
2.140538000000000000e+06
2.191394000000000000e+06
1.761180000000000000e+06
3.208017000000000000e+06
1.711725000000000000e+06
1.406085000000000000e+06
1.531338000000000000e+06
1.657019000000000000e+06
1.741065000000000000e+06
1.747738000000000000e+06
1.979561000000000000e+06
1.739911000000000000e+06
1.793320000000000000e+06
1.801674000000000000e+06
1.655737000000000000e+06
