1.928118000000000000e+06
1.715557000000000000e+06
1.678913000000000000e+06
1.510008000000000000e+06
1.460749000000000000e+06
1.277514000000000000e+06
3.023937000000000000e+06
1.457983000000000000e+06
1.019545000000000000e+06
9.306050000000000000e+05
8.778440000000000000e+05
1.234521000000000000e+06
6.630390000000000000e+05
5.670750000000000000e+05
5.081450000000000000e+05
3.384273600000000000e+07
3.597390000000000000e+05
1.407030000000000000e+05
2.030600000000000000e+05
8.355700000000000000e+04
1.341780000000000000e+05
9.497600000000000000e+04
1.032670000000000000e+05
5.327210000000000000e+05
7.374200000000000000e+04
1.099160000000000000e+05
7.574500000000000000e+04
2.470217000000000000e+06
3.817550000000000000e+05
7.204700000000000000e+04
1.902510000000000000e+05
3.982500000000000000e+04
1.209750000000000000e+05
1.044170000000000000e+05
1.392440000000000000e+05
5.816820000000000000e+05
1.319810000000000000e+05
1.002000000000000000e+05
1.357540000000000000e+05
1.610129000000000000e+06
4.169930000000000000e+05
1.155850000000000000e+05
2.506200000000000000e+05
7.657400000000000000e+04
1.298310000000000000e+05
7.083500000000000000e+04
8.437100000000000000e+04
4.367790000000000000e+05
7.730500000000000000e+04
7.746400000000000000e+04
3.625900000000000000e+04
1.558654000000000000e+06
3.812910000000000000e+05
3.941100000000000000e+04
1.191060000000000000e+05
1.607800000000000000e+04
2.369600000000000000e+04
3.904000000000000000e+04
3.629000000000000000e+04
4.260570000000000000e+05
5.587900000000000000e+04
8.207300000000000000e+04
1.263770000000000000e+05
1.534317000000000000e+06
4.485990000000000000e+05
1.597000000000000000e+05
2.557610000000000000e+05
1.731270000000000000e+05
2.209750000000000000e+05
2.035070000000000000e+05
2.243120000000000000e+05
5.980010000000000000e+05
2.323720000000000000e+05
2.405450000000000000e+05
1.990210000000000000e+05
1.736694000000000000e+06
5.093430000000000000e+05
2.690010000000000000e+05
3.923180000000000000e+05
3.659650000000000000e+05
5.454190000000000000e+05
5.633090000000000000e+05
6.569080000000000000e+05
9.652080000000000000e+05
6.820080000000000000e+05
7.250500000000000000e+05
6.478310000000000000e+05
2.086011000000000000e+06
8.094950000000000000e+05
5.637900000000000000e+05
5.477330000000000000e+05
5.763510000000000000e+05
5.398820000000000000e+05
5.536870000000000000e+05
6.104380000000000000e+05
8.881920000000000000e+05
5.224430000000000000e+05
5.609980000000000000e+05
5.219880000000000000e+05
1.991530000000000000e+06
7.351950000000000000e+05
4.060910000000000000e+05
4.649230000000000000e+05
4.123390000000000000e+05
4.075470000000000000e+05
4.236210000000000000e+05
4.379960000000000000e+05
7.871930000000000000e+05
4.561450000000000000e+05
4.302910000000000000e+05
4.000900000000000000e+05
1.885260000000000000e+06
5.940200000000000000e+05
2.973360000000000000e+05
3.902800000000000000e+05
2.995590000000000000e+05
2.590070000000000000e+05
2.856340000000000000e+05
3.219440000000000000e+05
6.713620000000000000e+05
3.142960000000000000e+05
3.535810000000000000e+05
2.847770000000000000e+05
2.053005000000000000e+06
4.995730000000000000e+05
2.181070000000000000e+05
2.275040000000000000e+05
1.242280000000000000e+05
1.275900000000000000e+05
7.220300000000000000e+04
1.145330000000000000e+05
5.516590000000000000e+05
1.431060000000000000e+05
9.589100000000000000e+04
7.478500000000000000e+04
1.629592000000000000e+06
3.696220000000000000e+05
1.152800000000000000e+05
1.885260000000000000e+05
8.535200000000000000e+04
1.292440000000000000e+05
1.612170000000000000e+05
1.640850000000000000e+05
4.850560000000000000e+05
1.412160000000000000e+05
1.550540000000000000e+05
1.319820000000000000e+05
1.548469000000000000e+06
