3.447229000000000000e+06
3.434155000000000000e+06
3.235720000000000000e+06
3.393393000000000000e+06
2.801652000000000000e+06
2.578901000000000000e+06
2.815391000000000000e+06
2.429363000000000000e+06
9.322900000000000000e+05
2.228000000000000000e+03
2.470970000000000000e+05
1.449445000000000000e+06
3.058106000000000000e+06
2.209947000000000000e+06
2.064255000000000000e+06
2.633097000000000000e+06
6.040118000000000000e+06
5.412582000000000000e+06
2.398541000000000000e+06
4.907539000000000000e+06
5.685703000000000000e+06
2.899735000000000000e+06
3.167937000000000000e+06
3.375851000000000000e+06
3.358501000000000000e+06
3.416468000000000000e+06
3.323172000000000000e+06
3.454574000000000000e+06
3.110849000000000000e+06
2.915996000000000000e+06
2.866424000000000000e+06
2.668963000000000000e+06
2.555149000000000000e+06
2.938666000000000000e+06
4.302021000000000000e+06
5.582388000000000000e+06
7.094695000000000000e+06
9.537911000000000000e+06
1.106549500000000000e+07
1.112572700000000000e+07
1.652145800000000000e+07
1.620378600000000000e+07
1.610019500000000000e+07
1.356801100000000000e+07
9.487603000000000000e+06
7.441697000000000000e+06
5.352360000000000000e+06
3.704785000000000000e+06
2.041214000000000000e+06
1.334330000000000000e+06
8.313990000000000000e+05
2.794150000000000000e+06
8.107530000000000000e+05
6.637680000000000000e+05
6.030380000000000000e+05
5.196240000000000000e+05
4.984830000000000000e+05
4.089370000000000000e+05
3.656290000000000000e+05
7.038750000000000000e+05
3.557260000000000000e+05
5.619400000000000000e+04
6.922600000000000000e+04
5.863620000000000000e+05
8.527100000000000000e+04
4.873600000000000000e+04
7.178900000000000000e+04
6.611200000000000000e+04
4.321900000000000000e+04
5.399130000000000000e+05
9.115190000000000000e+05
1.299023000000000000e+06
1.660330000000000000e+06
2.267128000000000000e+06
2.901704000000000000e+06
3.807208000000000000e+06
3.604071000000000000e+06
3.809622000000000000e+06
3.926048000000000000e+06
3.695124000000000000e+06
3.493668000000000000e+06
4.145476000000000000e+06
5.509621000000000000e+06
6.011963000000000000e+06
7.945356000000000000e+06
1.229799400000000000e+07
2.407103300000000000e+07
2.084805000000000000e+07
1.398911000000000000e+07
2.574947300000000000e+07
2.034835200000000000e+07
1.797703700000000000e+07
1.417518900000000000e+07
9.043181000000000000e+06
1.183274800000000000e+07
1.198636500000000000e+07
1.055672700000000000e+07
1.157486700000000000e+07
1.253710400000000000e+07
1.540207000000000000e+07
1.027615900000000000e+07
6.321933000000000000e+06
5.026225000000000000e+06
4.881616000000000000e+06
4.459620000000000000e+06
4.534411000000000000e+06
4.171792000000000000e+06
5.257777000000000000e+06
4.483491000000000000e+06
3.381742000000000000e+06
3.212758000000000000e+06
6.632160000000000000e+06
3.273857000000000000e+06
3.089788000000000000e+06
2.818758000000000000e+06
3.216970000000000000e+06
3.095134000000000000e+06
2.796196000000000000e+06
2.122047000000000000e+06
3.349355000000000000e+06
2.868883000000000000e+06
2.992043000000000000e+06
2.024349000000000000e+06
5.468619000000000000e+06
2.862610000000000000e+06
2.143911000000000000e+06
1.851631000000000000e+06
3.453686000000000000e+06
3.621772000000000000e+06
3.389384000000000000e+06
3.365941000000000000e+06
3.340079000000000000e+06
3.070105000000000000e+06
3.079791000000000000e+06
3.069044000000000000e+06
4.808142000000000000e+06
1.794694000000000000e+06
1.720685000000000000e+06
1.650824000000000000e+06
1.454280000000000000e+06
1.659779000000000000e+06
1.516387000000000000e+06
1.614336000000000000e+06
2.209535000000000000e+06
1.440045000000000000e+06
1.756427000000000000e+06
1.233458000000000000e+06
4.531723000000000000e+06
