4.430090000000000000e+05
1.848720000000000000e+05
1.460780000000000000e+05
2.296330000000000000e+05
2.305800000000000000e+05
2.005540000000000000e+05
1.937800000000000000e+05
2.081540000000000000e+05
2.139090000000000000e+05
1.995550000000000000e+05
1.590021000000000000e+06
7.496160000000000000e+05
1.601530000000000000e+05
2.047610000000000000e+05
1.017840000000000000e+05
1.196260000000000000e+05
8.034500000000000000e+04
1.068100000000000000e+05
1.169960000000000000e+05
1.092380000000000000e+05
8.280900000000000000e+04
9.354500000000000000e+04
1.482048000000000000e+06
5.466260000000000000e+05
6.064700000000000000e+04
1.261620000000000000e+05
1.925900000000000000e+04
1.081250000000000000e+05
2.674480000000000000e+05
3.762540000000000000e+05
4.319740000000000000e+05
4.286140000000000000e+05
4.489590000000000000e+05
4.430410000000000000e+05
1.690941000000000000e+06
8.204510000000000000e+05
3.638640000000000000e+05
3.922430000000000000e+05
3.271770000000000000e+05
3.588120000000000000e+05
3.357110000000000000e+05
3.306720000000000000e+05
3.294510000000000000e+05
2.874220000000000000e+05
2.730120000000000000e+05
2.447930000000000000e+05
1.781303000000000000e+06
6.635130000000000000e+05
2.397140000000000000e+05
1.955500000000000000e+05
2.242700000000000000e+05
3.140520000000000000e+05
3.253880000000000000e+05
3.207350000000000000e+05
4.383650000000000000e+05
4.846330000000000000e+05
4.335320000000000000e+05
5.551620000000000000e+05
2.120606000000000000e+06
8.165470000000000000e+05
3.528440000000000000e+05
3.469640000000000000e+05
2.343910000000000000e+05
3.454520000000000000e+05
3.738420000000000000e+05
4.378630000000000000e+05
4.479830000000000000e+05
4.772760000000000000e+05
5.410640000000000000e+05
5.583890000000000000e+05
2.033776000000000000e+06
1.005743000000000000e+06
5.981480000000000000e+05
6.753940000000000000e+05
5.655390000000000000e+05
6.251360000000000000e+05
5.945630000000000000e+05
6.067380000000000000e+05
5.906580000000000000e+05
6.791630000000000000e+05
6.619190000000000000e+05
7.953060000000000000e+05
2.211410000000000000e+06
1.202817000000000000e+06
7.333040000000000000e+05
7.387260000000000000e+05
5.793420000000000000e+05
5.620500000000000000e+05
5.796810000000000000e+05
5.516390000000000000e+05
4.970050000000000000e+05
4.826700000000000000e+05
4.575950000000000000e+05
4.731430000000000000e+05
2.044098000000000000e+06
9.461110000000000000e+05
5.300710000000000000e+05
5.275990000000000000e+05
4.145770000000000000e+05
3.405860000000000000e+05
3.153920000000000000e+05
2.536610000000000000e+05
1.483870000000000000e+05
2.161630000000000000e+05
2.107880000000000000e+05
1.490660000000000000e+05
1.759950000000000000e+06
7.234850000000000000e+05
2.373200000000000000e+05
3.337910000000000000e+05
2.827210000000000000e+05
2.137880000000000000e+05
1.847020000000000000e+05
1.879630000000000000e+05
2.638790000000000000e+05
2.932280000000000000e+05
2.085420000000000000e+05
1.775150000000000000e+05
1.645976000000000000e+06
6.507010000000000000e+05
1.930110000000000000e+05
2.741870000000000000e+05
1.799210000000000000e+05
2.328620000000000000e+05
2.356430000000000000e+05
1.929200000000000000e+05
1.694070000000000000e+05
1.727500000000000000e+05
1.982160000000000000e+05
2.954710000000000000e+05
1.712512000000000000e+06
6.964590000000000000e+05
2.305460000000000000e+05
2.896850000000000000e+05
1.406320000000000000e+05
1.916760000000000000e+05
2.032320000000000000e+05
1.615150000000000000e+05
1.556540000000000000e+05
1.368600000000000000e+05
1.706970000000000000e+05
1.926030000000000000e+05
1.545122000000000000e+06
7.418690000000000000e+05
2.885320000000000000e+05
3.453940000000000000e+05
1.373450000000000000e+05
1.417530000000000000e+05
