5.407110000000000000e+05
2.493040000000000000e+05
2.830930000000000000e+05
2.467240000000000000e+05
2.267890000000000000e+05
1.739836000000000000e+06
4.562000000000000000e+05
1.627210000000000000e+05
3.005420000000000000e+05
2.574780000000000000e+05
3.207200000000000000e+05
7.012860000000000000e+05
2.876110000000000000e+05
2.010490000000000000e+05
2.968280000000000000e+05
3.248900000000000000e+05
2.878040000000000000e+05
1.690540000000000000e+06
4.831480000000000000e+05
1.821990000000000000e+05
1.932840000000000000e+05
1.637220000000000000e+05
2.664640000000000000e+05
6.038610000000000000e+05
2.163030000000000000e+05
1.961710000000000000e+05
1.497890000000000000e+05
1.096570000000000000e+05
1.351470000000000000e+05
1.633327000000000000e+06
5.529290000000000000e+05
3.030750000000000000e+05
3.744140000000000000e+05
2.492910000000000000e+05
2.936410000000000000e+05
5.607360000000000000e+05
1.680420000000000000e+05
1.809350000000000000e+05
2.231870000000000000e+05
2.835190000000000000e+05
2.942150000000000000e+05
1.617674000000000000e+06
5.184380000000000000e+05
2.803440000000000000e+05
2.263100000000000000e+05
1.335870000000000000e+05
9.939800000000000000e+04
4.804040000000000000e+05
1.507540000000000000e+05
2.391470000000000000e+05
1.912900000000000000e+05
1.959670000000000000e+05
1.765490000000000000e+05
1.542422000000000000e+06
4.577550000000000000e+05
1.997920000000000000e+05
2.990570000000000000e+05
1.731550000000000000e+05
2.404970000000000000e+05
5.117720000000000000e+05
1.336930000000000000e+05
1.662170000000000000e+05
1.910980000000000000e+05
2.645410000000000000e+05
2.529730000000000000e+05
1.524771000000000000e+06
5.427340000000000000e+05
2.089900000000000000e+05
2.057500000000000000e+05
7.115300000000000000e+04
7.642100000000000000e+04
4.609070000000000000e+05
7.308500000000000000e+04
1.084230000000000000e+05
1.294920000000000000e+05
1.955950000000000000e+05
2.462360000000000000e+05
1.551140000000000000e+06
5.099270000000000000e+05
2.393530000000000000e+05
4.121150000000000000e+05
3.183970000000000000e+05
4.469240000000000000e+05
6.754650000000000000e+05
4.392420000000000000e+05
4.483930000000000000e+05
4.170070000000000000e+05
4.455190000000000000e+05
4.436870000000000000e+05
2.037872000000000000e+06
7.675530000000000000e+05
5.699370000000000000e+05
6.286150000000000000e+05
5.811660000000000000e+05
5.891680000000000000e+05
1.012394000000000000e+06
6.799470000000000000e+05
7.277470000000000000e+05
6.891000000000000000e+05
6.463800000000000000e+05
6.313610000000000000e+05
2.101812000000000000e+06
8.287170000000000000e+05
5.449870000000000000e+05
6.421740000000000000e+05
5.574150000000000000e+05
6.218630000000000000e+05
9.696340000000000000e+05
6.527000000000000000e+05
6.062910000000000000e+05
5.657090000000000000e+05
5.067510000000000000e+05
4.925000000000000000e+05
1.994440000000000000e+06
7.371560000000000000e+05
4.003780000000000000e+05
4.403250000000000000e+05
4.177540000000000000e+05
2.870790000000000000e+05
7.393840000000000000e+05
4.458420000000000000e+05
2.967890000000000000e+05
2.618610000000000000e+05
2.247160000000000000e+05
3.720410000000000000e+05
1.918566000000000000e+06
6.275010000000000000e+05
3.018240000000000000e+05
3.304670000000000000e+05
2.814850000000000000e+05
3.321570000000000000e+05
6.277420000000000000e+05
2.698850000000000000e+05
3.107990000000000000e+05
3.742240000000000000e+05
3.397210000000000000e+05
2.830990000000000000e+05
1.657622000000000000e+06
5.257570000000000000e+05
3.413530000000000000e+05
4.143740000000000000e+05
3.583810000000000000e+05
3.449540000000000000e+05
7.466960000000000000e+05
6.307420000000000000e+05
7.777710000000000000e+05
7.650410000000000000e+05
7.617100000000000000e+05
