1.316144000000000000e+06
1.020394000000000000e+06
8.820950000000000000e+05
8.782800000000000000e+05
8.684140000000000000e+05
9.102190000000000000e+05
8.459340000000000000e+05
2.383668000000000000e+06
8.418860000000000000e+05
5.750470000000000000e+05
5.358450000000000000e+05
8.966170000000000000e+05
4.785390000000000000e+05
4.207900000000000000e+05
3.907180000000000000e+05
3.198950000000000000e+05
2.841480000000000000e+05
3.199670000000000000e+05
2.364750000000000000e+05
1.950337000000000000e+06
6.269450000000000000e+05
3.507250000000000000e+05
4.033410000000000000e+05
6.918670000000000000e+05
3.699710000000000000e+05
3.934560000000000000e+05
3.404180000000000000e+05
3.335410000000000000e+05
3.690080000000000000e+05
3.881540000000000000e+05
4.758180000000000000e+05
1.873029000000000000e+06
7.587260000000000000e+05
4.357820000000000000e+05
5.596240000000000000e+05
7.761370000000000000e+05
5.710830000000000000e+05
5.677870000000000000e+05
6.785170000000000000e+05
7.634700000000000000e+05
7.820100000000000000e+05
8.641320000000000000e+05
8.748640000000000000e+05
2.120802000000000000e+06
1.080449000000000000e+06
8.350690000000000000e+05
8.436250000000000000e+05
9.915380000000000000e+05
6.159960000000000000e+05
5.734070000000000000e+05
5.815340000000000000e+05
6.379160000000000000e+05
6.929920000000000000e+05
6.118820000000000000e+05
6.566880000000000000e+05
2.146092000000000000e+06
8.799620000000000000e+05
6.464750000000000000e+05
7.748720000000000000e+05
1.078146000000000000e+06
7.351770000000000000e+05
7.841830000000000000e+05
7.999510000000000000e+05
6.545820000000000000e+05
7.391770000000000000e+05
7.671810000000000000e+05
6.759300000000000000e+05
2.414524000000000000e+06
8.800780000000000000e+05
6.851650000000000000e+05
8.074060000000000000e+05
1.162007000000000000e+06
9.320020000000000000e+05
9.131120000000000000e+05
9.529970000000000000e+05
9.083770000000000000e+05
8.976740000000000000e+05
7.528520000000000000e+05
6.057530000000000000e+05
2.178272000000000000e+06
8.235360000000000000e+05
5.217180000000000000e+05
5.165930000000000000e+05
8.125760000000000000e+05
4.638140000000000000e+05
3.845990000000000000e+05
4.097660000000000000e+05
4.564110000000000000e+05
5.520040000000000000e+05
6.185570000000000000e+05
7.564000000000000000e+05
2.403579000000000000e+06
9.441900000000000000e+05
5.110580000000000000e+05
4.990910000000000000e+05
7.732880000000000000e+05
4.221020000000000000e+05
5.874950000000000000e+05
7.066690000000000000e+05
9.093660000000000000e+05
9.506300000000000000e+05
7.892990000000000000e+05
5.922500000000000000e+05
2.077483000000000000e+06
6.153670000000000000e+05
2.208390000000000000e+05
1.486680000000000000e+05
4.801660000000000000e+05
1.229200000000000000e+05
1.139970000000000000e+05
1.440520000000000000e+05
1.159380000000000000e+05
7.410200000000000000e+04
6.841400000000000000e+04
1.096170000000000000e+05
1.561392000000000000e+06
3.385940000000000000e+05
5.556100000000000000e+04
2.100130000000000000e+05
4.964780000000000000e+05
2.022070000000000000e+05
2.176290000000000000e+05
1.554330000000000000e+05
1.279670000000000000e+05
1.000630000000000000e+05
9.158900000000000000e+04
9.159100000000000000e+04
1.599863000000000000e+06
3.948550000000000000e+05
9.237200000000000000e+04
1.695860000000000000e+05
4.596780000000000000e+05
1.185380000000000000e+05
2.109790000000000000e+05
2.880700000000000000e+05
3.000100000000000000e+05
3.974190000000000000e+05
4.592120000000000000e+05
4.489510000000000000e+05
1.868486000000000000e+06
7.712110000000000000e+05
4.912340000000000000e+05
6.307400000000000000e+05
8.253020000000000000e+05
4.497230000000000000e+05
3.710460000000000000e+05
3.808800000000000000e+05
4.954170000000000000e+05
