8.886230000000000000e+05
5.350240000000000000e+05
2.446956000000000000e+06
7.163730000000000000e+05
5.136370000000000000e+05
6.196930000000000000e+05
4.545270000000000000e+05
4.623500000000000000e+05
4.006560000000000000e+05
2.966070000000000000e+05
1.840980000000000000e+05
6.480570000000000000e+05
1.026350000000000000e+05
6.149200000000000000e+04
1.875116000000000000e+06
4.527590000000000000e+05
1.167440000000000000e+05
2.244480000000000000e+05
1.470620000000000000e+05
1.736280000000000000e+05
2.177660000000000000e+05
3.310060000000000000e+05
4.029530000000000000e+05
8.680000000000000000e+05
5.720910000000000000e+05
5.475890000000000000e+05
2.079760000000000000e+06
7.991980000000000000e+05
5.600680000000000000e+05
5.227700000000000000e+05
4.188970000000000000e+05
4.898030000000000000e+05
5.218810000000000000e+05
6.225780000000000000e+05
5.964970000000000000e+05
9.247230000000000000e+05
5.740290000000000000e+05
6.165610000000000000e+05
2.074610000000000000e+06
8.522480000000000000e+05
5.725660000000000000e+05
6.934250000000000000e+05
6.222360000000000000e+05
5.989730000000000000e+05
6.164790000000000000e+05
6.197950000000000000e+05
5.203390000000000000e+05
8.155450000000000000e+05
4.048680000000000000e+05
3.721680000000000000e+05
2.013103000000000000e+06
6.284970000000000000e+05
4.185240000000000000e+05
5.704940000000000000e+05
5.012770000000000000e+05
5.469110000000000000e+05
5.885200000000000000e+05
7.413770000000000000e+05
7.539780000000000000e+05
1.029945000000000000e+06
6.481650000000000000e+05
6.084370000000000000e+05
2.180094000000000000e+06
8.474270000000000000e+05
5.628410000000000000e+05
7.824020000000000000e+05
8.177320000000000000e+05
8.221510000000000000e+05
7.739640000000000000e+05
8.115620000000000000e+05
7.294150000000000000e+05
9.673440000000000000e+05
5.925930000000000000e+05
6.201000000000000000e+05
2.144990000000000000e+06
7.763080000000000000e+05
5.078440000000000000e+05
8.691670000000000000e+05
9.312800000000000000e+05
9.931200000000000000e+05
1.048083000000000000e+06
1.078724000000000000e+06
8.866440000000000000e+05
1.198873000000000000e+06
7.308680000000000000e+05
6.803730000000000000e+05
2.163871000000000000e+06
9.228840000000000000e+05
7.785440000000000000e+05
8.913450000000000000e+05
7.322200000000000000e+05
7.401880000000000000e+05
6.631430000000000000e+05
6.800640000000000000e+05
6.211820000000000000e+05
9.480240000000000000e+05
5.451720000000000000e+05
4.344270000000000000e+05
2.193915000000000000e+06
6.447510000000000000e+05
3.448900000000000000e+05
4.079120000000000000e+05
3.154790000000000000e+05
3.367840000000000000e+05
3.210480000000000000e+05
3.715980000000000000e+05
4.167800000000000000e+05
8.502470000000000000e+05
4.015730000000000000e+05
3.823040000000000000e+05
1.979955000000000000e+06
5.837350000000000000e+05
4.071750000000000000e+05
4.871850000000000000e+05
3.572100000000000000e+05
3.529960000000000000e+05
3.728400000000000000e+05
3.854610000000000000e+05
3.898230000000000000e+05
7.340660000000000000e+05
3.525820000000000000e+05
2.808330000000000000e+05
1.898628000000000000e+06
5.349740000000000000e+05
2.402950000000000000e+05
3.560470000000000000e+05
2.425240000000000000e+05
3.504230000000000000e+05
2.810640000000000000e+05
3.179300000000000000e+05
2.813830000000000000e+05
6.544090000000000000e+05
2.171030000000000000e+05
2.070180000000000000e+05
1.779895000000000000e+06
3.961470000000000000e+05
1.536140000000000000e+05
1.989990000000000000e+05
6.614700000000000000e+04
1.159760000000000000e+05
1.553220000000000000e+05
1.569370000000000000e+05
1.734000000000000000e+05
5.306640000000000000e+05
1.956300000000000000e+05
1.994440000000000000e+05
1.637045000000000000e+06
5.146150000000000000e+05
