5.185850000000000000e+05
1.550000000000000000e+05
1.596010000000000000e+05
1.416300000000000000e+05
1.532520000000000000e+05
1.173610000000000000e+05
1.646780000000000000e+05
1.785840000000000000e+05
1.795660000000000000e+05
1.619917000000000000e+06
4.743080000000000000e+05
6.755370000000000000e+05
2.867180000000000000e+05
2.407080000000000000e+05
2.041280000000000000e+05
2.130940000000000000e+05
2.328250000000000000e+05
2.762150000000000000e+05
2.919680000000000000e+05
3.090220000000000000e+05
2.541310000000000000e+05
1.708321000000000000e+06
5.333520000000000000e+05
6.131210000000000000e+05
3.683020000000000000e+05
2.245230000000000000e+05
2.483970000000000000e+05
1.654610000000000000e+05
1.041690000000000000e+05
1.078760000000000000e+05
1.634190000000000000e+05
1.987450000000000000e+05
1.261200000000000000e+05
1.797435000000000000e+06
4.560860000000000000e+05
5.318470000000000000e+05
1.841330000000000000e+05
1.641070000000000000e+05
2.504850000000000000e+05
2.880640000000000000e+05
3.527810000000000000e+05
3.644040000000000000e+05
3.602120000000000000e+05
4.026230000000000000e+05
3.298350000000000000e+05
1.757032000000000000e+06
5.557670000000000000e+05
6.500170000000000000e+05
3.642510000000000000e+05
2.790000000000000000e+05
3.109360000000000000e+05
3.004060000000000000e+05
3.421700000000000000e+05
4.640340000000000000e+05
4.817600000000000000e+05
3.859240000000000000e+05
4.089140000000000000e+05
1.846322000000000000e+06
6.245050000000000000e+05
6.607100000000000000e+05
3.496440000000000000e+05
2.277560000000000000e+05
2.863140000000000000e+05
3.943270000000000000e+05
3.426500000000000000e+05
3.924610000000000000e+05
3.809960000000000000e+05
3.662700000000000000e+05
2.944720000000000000e+05
1.775767000000000000e+06
5.222220000000000000e+05
5.331900000000000000e+05
2.539050000000000000e+05
1.680430000000000000e+05
2.629090000000000000e+05
2.439050000000000000e+05
2.353060000000000000e+05
2.115960000000000000e+05
1.518210000000000000e+05
1.499730000000000000e+05
7.969700000000000000e+04
1.592647000000000000e+06
4.077960000000000000e+05
4.646440000000000000e+05
2.540440000000000000e+05
1.347200000000000000e+05
1.677410000000000000e+05
2.144770000000000000e+05
2.185770000000000000e+05
2.202620000000000000e+05
2.188010000000000000e+05
1.908010000000000000e+05
1.914930000000000000e+05
1.600035000000000000e+06
4.685670000000000000e+05
5.491930000000000000e+05
2.147980000000000000e+05
6.374100000000000000e+04
7.634400000000000000e+04
1.006240000000000000e+05
1.242390000000000000e+05
1.524880000000000000e+05
1.761620000000000000e+05
2.248760000000000000e+05
2.733060000000000000e+05
1.554860000000000000e+06
5.905380000000000000e+05
6.405360000000000000e+05
3.217940000000000000e+05
2.332890000000000000e+05
2.098510000000000000e+05
2.103220000000000000e+05
1.724510000000000000e+05
2.162140000000000000e+05
1.524080000000000000e+05
1.223410000000000000e+05
1.378590000000000000e+05
1.488108000000000000e+06
3.984460000000000000e+05
4.800560000000000000e+05
2.263070000000000000e+05
1.688750000000000000e+05
2.029560000000000000e+05
2.586680000000000000e+05
1.998540000000000000e+05
1.819370000000000000e+05
1.554780000000000000e+05
1.225750000000000000e+05
7.866300000000000000e+04
1.668204000000000000e+06
4.007030000000000000e+05
5.161370000000000000e+05
2.083710000000000000e+05
1.177140000000000000e+05
1.560350000000000000e+05
1.848100000000000000e+05
1.781020000000000000e+05
1.712290000000000000e+05
1.352200000000000000e+05
1.403900000000000000e+05
1.452300000000000000e+05
1.519250000000000000e+06
4.745730000000000000e+05
5.581870000000000000e+05
2.959120000000000000e+05
2.225740000000000000e+05
2.333700000000000000e+05
1.689440000000000000e+05
