5.109450000000000000e+05
2.822660000000000000e+05
3.003260000000000000e+05
2.778890000000000000e+05
1.602183000000000000e+06
5.545720000000000000e+05
2.309750000000000000e+05
3.128410000000000000e+05
2.740760000000000000e+05
2.913540000000000000e+05
2.727620000000000000e+05
6.839830000000000000e+05
2.389640000000000000e+05
2.169450000000000000e+05
3.480420000000000000e+05
4.051100000000000000e+05
1.674091000000000000e+06
6.077280000000000000e+05
3.061950000000000000e+05
3.396040000000000000e+05
2.182250000000000000e+05
2.958080000000000000e+05
2.940490000000000000e+05
6.038120000000000000e+05
3.095100000000000000e+05
2.491260000000000000e+05
2.528020000000000000e+05
2.363960000000000000e+05
1.667360000000000000e+06
4.216030000000000000e+05
1.236670000000000000e+05
1.898910000000000000e+05
1.514760000000000000e+05
2.229750000000000000e+05
2.512830000000000000e+05
5.916670000000000000e+05
1.992980000000000000e+05
2.677800000000000000e+05
2.175890000000000000e+05
2.372510000000000000e+05
1.672480000000000000e+06
5.219300000000000000e+05
2.601760000000000000e+05
3.351540000000000000e+05
2.190710000000000000e+05
2.209750000000000000e+05
2.456580000000000000e+05
5.545020000000000000e+05
2.025130000000000000e+05
1.133270000000000000e+05
9.823000000000000000e+04
1.787460000000000000e+05
1.588468000000000000e+06
5.600910000000000000e+05
2.404480000000000000e+05
4.026400000000000000e+05
3.253520000000000000e+05
3.016000000000000000e+05
3.223640000000000000e+05
6.403860000000000000e+05
2.996520000000000000e+05
2.300620000000000000e+05
2.532930000000000000e+05
2.469860000000000000e+05
1.992242000000000000e+06
6.407080000000000000e+05
4.237700000000000000e+05
5.042920000000000000e+05
3.472840000000000000e+05
3.453810000000000000e+05
3.185260000000000000e+05
6.435430000000000000e+05
1.770830000000000000e+05
1.027470000000000000e+05
1.177740000000000000e+05
1.569970000000000000e+05
1.734647000000000000e+06
4.342690000000000000e+05
1.709710000000000000e+05
2.021130000000000000e+05
1.053550000000000000e+05
1.690300000000000000e+05
2.381410000000000000e+05
6.132750000000000000e+05
2.046410000000000000e+05
2.874590000000000000e+05
2.176880000000000000e+05
2.304040000000000000e+05
1.661422000000000000e+06
5.068030000000000000e+05
1.953940000000000000e+05
2.924330000000000000e+05
1.476300000000000000e+05
2.077440000000000000e+05
1.299410000000000000e+05
5.216150000000000000e+05
1.662240000000000000e+05
1.266210000000000000e+05
1.740370000000000000e+05
2.456020000000000000e+05
1.593423000000000000e+06
5.095050000000000000e+05
2.880120000000000000e+05
3.869120000000000000e+05
2.898540000000000000e+05
3.604890000000000000e+05
3.601770000000000000e+05
7.276950000000000000e+05
3.111010000000000000e+05
2.038920000000000000e+05
1.919490000000000000e+05
1.292810000000000000e+05
1.576205000000000000e+06
4.417350000000000000e+05
2.972100000000000000e+05
3.997180000000000000e+05
3.225700000000000000e+05
3.515700000000000000e+05
3.814910000000000000e+05
6.406230000000000000e+05
3.125320000000000000e+05
3.638420000000000000e+05
3.475900000000000000e+05
3.012870000000000000e+05
1.715662000000000000e+06
6.247490000000000000e+05
3.866180000000000000e+05
4.765050000000000000e+05
2.939230000000000000e+05
3.053890000000000000e+05
3.065440000000000000e+05
6.529860000000000000e+05
4.335470000000000000e+05
3.667370000000000000e+05
3.257310000000000000e+05
3.277500000000000000e+05
1.755468000000000000e+06
5.687100000000000000e+05
2.322950000000000000e+05
3.515360000000000000e+05
3.463780000000000000e+05
3.695350000000000000e+05
4.528770000000000000e+05
8.114360000000000000e+05
6.230670000000000000e+05
5.887600000000000000e+05
6.866550000000000000e+05
7.860150000000000000e+05
