9.295770000000000000e+05
9.741580000000000000e+05
1.142147000000000000e+06
1.393390000000000000e+06
1.610822000000000000e+06
1.765379000000000000e+06
1.709304000000000000e+06
3.776773000000000000e+06
1.985858000000000000e+06
1.897239000000000000e+06
2.013039000000000000e+06
2.508261000000000000e+06
2.129955000000000000e+06
2.069749000000000000e+06
1.935545000000000000e+06
1.932301000000000000e+06
1.905491000000000000e+06
1.799007000000000000e+06
1.631763000000000000e+06
3.037295000000000000e+06
1.763520000000000000e+06
1.395683000000000000e+06
1.410214000000000000e+06
1.748872000000000000e+06
1.632649000000000000e+06
1.828022000000000000e+06
2.063842000000000000e+06
2.117572000000000000e+06
2.314934000000000000e+06
2.304320000000000000e+06
2.394351000000000000e+06
3.791360000000000000e+06
2.557261000000000000e+06
2.289415000000000000e+06
2.188568000000000000e+06
2.455323000000000000e+06
2.095830000000000000e+06
2.053511000000000000e+06
1.972979000000000000e+06
1.812393000000000000e+06
1.803331000000000000e+06
1.658354000000000000e+06
1.560981000000000000e+06
3.412895000000000000e+06
1.558686000000000000e+06
9.618210000000000000e+05
7.957940000000000000e+05
1.303809000000000000e+06
1.106656000000000000e+06
1.288820000000000000e+06
1.424226000000000000e+06
1.598576000000000000e+06
1.634126000000000000e+06
1.638008000000000000e+06
1.705188000000000000e+06
3.321710000000000000e+06
2.341608000000000000e+06
2.322761000000000000e+06
2.353762000000000000e+06
2.674116000000000000e+06
2.401372000000000000e+06
2.363914000000000000e+06
2.248467000000000000e+06
2.285421000000000000e+06
2.237785000000000000e+06
2.225475000000000000e+06
2.080824000000000000e+06
3.730672000000000000e+06
2.032752000000000000e+06
1.780145000000000000e+06
1.802254000000000000e+06
2.128239000000000000e+06
1.679218000000000000e+06
1.742917000000000000e+06
1.915947000000000000e+06
2.151449000000000000e+06
2.315066000000000000e+06
2.358625000000000000e+06
2.445134000000000000e+06
3.882050000000000000e+06
2.820193000000000000e+06
2.716608000000000000e+06
2.693890000000000000e+06
3.053792000000000000e+06
2.618574000000000000e+06
2.585263000000000000e+06
2.357386000000000000e+06
2.173333000000000000e+06
1.902311000000000000e+06
1.774020000000000000e+06
1.733026000000000000e+06
3.707908000000000000e+06
1.821640000000000000e+06
1.487386000000000000e+06
1.569093000000000000e+06
1.902198000000000000e+06
1.592633000000000000e+06
1.662713000000000000e+06
1.626873000000000000e+06
1.790309000000000000e+06
1.881754000000000000e+06
2.334858000000000000e+06
2.780186000000000000e+06
4.943478000000000000e+06
3.053932000000000000e+06
2.726618000000000000e+06
2.445729000000000000e+06
2.501922000000000000e+06
2.052582000000000000e+06
1.880421000000000000e+06
1.693561000000000000e+06
1.553438000000000000e+06
1.315177000000000000e+06
1.332110000000000000e+06
1.213253000000000000e+06
3.303790000000000000e+06
1.303319000000000000e+06
9.030190000000000000e+05
8.062670000000000000e+05
1.187652000000000000e+06
7.366320000000000000e+05
7.473210000000000000e+05
7.713170000000000000e+05
6.983670000000000000e+05
6.623420000000000000e+05
7.169270000000000000e+05
6.561130000000000000e+05
2.689355000000000000e+06
1.048919000000000000e+06
7.167470000000000000e+05
6.705470000000000000e+05
1.118013000000000000e+06
6.559940000000000000e+05
6.590740000000000000e+05
6.699850000000000000e+05
6.102330000000000000e+05
5.994780000000000000e+05
6.316080000000000000e+05
7.851990000000000000e+05
2.445353000000000000e+06
1.120484000000000000e+06
7.786740000000000000e+05
8.239670000000000000e+05
1.212667000000000000e+06
8.809900000000000000e+05
7.883840000000000000e+05
6.654460000000000000e+05
6.622920000000000000e+05
