9.429360000000000000e+05
7.062180000000000000e+05
2.343888000000000000e+06
9.897330000000000000e+05
8.266700000000000000e+05
7.908000000000000000e+05
8.019270000000000000e+05
6.594010000000000000e+05
3.407480000000000000e+05
1.687930000000000000e+05
2.885450000000000000e+05
7.652770000000000000e+05
2.968050000000000000e+05
4.776490000000000000e+05
2.337354000000000000e+06
1.172342000000000000e+06
9.178940000000000000e+05
8.666270000000000000e+05
6.330540000000000000e+05
5.815750000000000000e+05
4.875640000000000000e+05
4.781760000000000000e+05
4.851280000000000000e+05
9.199560000000000000e+05
5.129990000000000000e+05
5.608090000000000000e+05
2.377326000000000000e+06
9.817030000000000000e+05
6.239340000000000000e+05
5.058310000000000000e+05
4.648740000000000000e+05
5.149220000000000000e+05
6.438930000000000000e+05
5.639330000000000000e+05
4.755450000000000000e+05
7.735910000000000000e+05
4.697720000000000000e+05
4.765770000000000000e+05
2.227181000000000000e+06
9.700160000000000000e+05
8.191290000000000000e+05
7.901280000000000000e+05
7.779320000000000000e+05
7.529050000000000000e+05
6.798590000000000000e+05
7.257200000000000000e+05
5.229110000000000000e+05
8.294800000000000000e+05
4.145070000000000000e+05
4.048720000000000000e+05
2.333584000000000000e+06
6.572370000000000000e+05
4.245030000000000000e+05
3.403000000000000000e+05
2.394070000000000000e+05
3.339550000000000000e+05
4.926840000000000000e+05
6.784060000000000000e+05
4.547400000000000000e+05
8.554460000000000000e+05
2.396590000000000000e+05
4.968670000000000000e+05
2.365289000000000000e+06
6.591800000000000000e+05
4.183200000000000000e+05
4.890810000000000000e+05
6.080340000000000000e+05
3.775830000000000000e+05
4.566200000000000000e+05
3.480610000000000000e+05
5.836650000000000000e+05
9.664660000000000000e+05
4.341810000000000000e+05
3.798970000000000000e+05
2.359376000000000000e+06
6.774300000000000000e+05
1.797160000000000000e+05
2.073270000000000000e+05
1.382820000000000000e+05
2.473110000000000000e+05
1.550100000000000000e+05
1.847140000000000000e+05
1.738360000000000000e+05
6.647050000000000000e+05
3.553760000000000000e+05
2.114830000000000000e+05
2.001214000000000000e+06
4.864630000000000000e+05
1.655610000000000000e+05
1.194450000000000000e+05
9.922000000000000000e+04
1.080510000000000000e+05
1.030440000000000000e+05
1.367550000000000000e+05
1.471170000000000000e+05
6.291260000000000000e+05
1.400980000000000000e+05
1.936990000000000000e+05
1.948695000000000000e+06
7.281960000000000000e+05
4.100460000000000000e+05
3.863450000000000000e+05
4.897570000000000000e+05
5.754380000000000000e+05
6.733440000000000000e+05
8.264370000000000000e+05
9.040190000000000000e+05
1.180878000000000000e+06
9.073410000000000000e+05
8.808820000000000000e+05
2.583293000000000000e+06
1.131395000000000000e+06
9.375830000000000000e+05
7.802580000000000000e+05
7.764770000000000000e+05
6.985350000000000000e+05
6.339930000000000000e+05
5.180210000000000000e+05
3.286750000000000000e+05
7.912000000000000000e+05
4.532950000000000000e+05
5.233550000000000000e+05
2.484655000000000000e+06
1.279678000000000000e+06
1.309347000000000000e+06
1.092850000000000000e+06
9.947760000000000000e+05
9.456920000000000000e+05
8.381350000000000000e+05
1.116721000000000000e+06
1.542323000000000000e+06
2.200626000000000000e+06
2.159002000000000000e+06
2.273766000000000000e+06
3.809903000000000000e+06
2.415621000000000000e+06
2.213872000000000000e+06
2.145144000000000000e+06
2.050733000000000000e+06
2.207341000000000000e+06
2.097490000000000000e+06
2.188558000000000000e+06
2.329912000000000000e+06
2.631474000000000000e+06
2.282740000000000000e+06
2.315815000000000000e+06
4.034387000000000000e+06
2.314758000000000000e+06
