3.253767000000000000e+06
3.137147000000000000e+06
3.006565000000000000e+06
3.065068000000000000e+06
2.788672000000000000e+06
2.917934000000000000e+06
2.961993000000000000e+06
3.116976000000000000e+06
1.792227000000000000e+06
1.236717000000000000e+06
4.645840000000000000e+06
2.168444000000000000e+06
1.349062000000000000e+06
1.331960000000000000e+06
1.397649000000000000e+06
1.320995000000000000e+06
1.366644000000000000e+06
1.333763000000000000e+06
1.373031000000000000e+06
1.408528000000000000e+06
1.544031000000000000e+06
1.211778000000000000e+06
5.485791000000000000e+06
3.593565000000000000e+06
2.996410000000000000e+06
3.130327000000000000e+06
2.807569000000000000e+06
2.925862000000000000e+06
2.940268000000000000e+06
3.171039000000000000e+06
1.525448000000000000e+06
1.378682000000000000e+06
1.511803000000000000e+06
1.222263000000000000e+06
4.634821000000000000e+06
2.142601000000000000e+06
1.412873000000000000e+06
1.385484000000000000e+06
1.321144000000000000e+06
1.402331000000000000e+06
1.281909000000000000e+06
1.361213000000000000e+06
1.346149000000000000e+06
1.369361000000000000e+06
1.638391000000000000e+06
1.057094000000000000e+06
5.567206000000000000e+06
3.583509000000000000e+06
2.998672000000000000e+06
3.120213000000000000e+06
2.888495000000000000e+06
2.997939000000000000e+06
3.021240000000000000e+06
3.257164000000000000e+06
1.458242000000000000e+06
1.376554000000000000e+06
1.501920000000000000e+06
1.134968000000000000e+06
4.551221000000000000e+06
2.091998000000000000e+06
1.367030000000000000e+06
1.318448000000000000e+06
1.259647000000000000e+06
1.297686000000000000e+06
1.221504000000000000e+06
1.206506000000000000e+06
1.328021000000000000e+06
1.129781000000000000e+06
1.584042000000000000e+06
2.845508000000000000e+06
5.713542000000000000e+06
3.673190000000000000e+06
3.268595000000000000e+06
2.880383000000000000e+06
3.085498000000000000e+06
2.983082000000000000e+06
3.240528000000000000e+06
1.382838000000000000e+06
1.268904000000000000e+06
1.252206000000000000e+06
1.517120000000000000e+06
1.113039000000000000e+06
4.566327000000000000e+06
2.387550000000000000e+06
3.787195000000000000e+06
7.559082000000000000e+06
6.680252000000000000e+06
1.590373100000000000e+07
1.583677500000000000e+07
3.277153200000000000e+07
2.055972200000000000e+07
4.781545000000000000e+06
1.431271000000000000e+06
5.426800000000000000e+04
1.143739000000000000e+06
3.196200000000000000e+04
0.000000000000000000e+00
0.000000000000000000e+00
0.000000000000000000e+00
0.000000000000000000e+00
0.000000000000000000e+00
0.000000000000000000e+00
0.000000000000000000e+00
0.000000000000000000e+00
0.000000000000000000e+00
0.000000000000000000e+00
3.847100000000000000e+05
6.255000000000000000e+03
0.000000000000000000e+00
0.000000000000000000e+00
0.000000000000000000e+00
0.000000000000000000e+00
0.000000000000000000e+00
0.000000000000000000e+00
0.000000000000000000e+00
0.000000000000000000e+00
0.000000000000000000e+00
0.000000000000000000e+00
5.904000000000000000e+03
3.784000000000000000e+03
0.000000000000000000e+00
0.000000000000000000e+00
0.000000000000000000e+00
0.000000000000000000e+00
0.000000000000000000e+00
0.000000000000000000e+00
0.000000000000000000e+00
0.000000000000000000e+00
0.000000000000000000e+00
0.000000000000000000e+00
2.760000000000000000e+03
2.760000000000000000e+03
0.000000000000000000e+00
0.000000000000000000e+00
0.000000000000000000e+00
0.000000000000000000e+00
0.000000000000000000e+00
0.000000000000000000e+00
0.000000000000000000e+00
0.000000000000000000e+00
0.000000000000000000e+00
0.000000000000000000e+00
6.306000000000000000e+03
3.371000000000000000e+03
0.000000000000000000e+00
0.000000000000000000e+00
0.000000000000000000e+00
0.000000000000000000e+00
