2.355504000000000000e+06
1.928049000000000000e+06
1.782439000000000000e+06
1.651598000000000000e+06
1.685946000000000000e+06
1.506551000000000000e+06
1.299580000000000000e+06
1.478892000000000000e+06
1.506450000000000000e+06
3.350390000000000000e+06
1.395847000000000000e+06
1.557558000000000000e+06
1.092358000000000000e+06
1.119315000000000000e+06
9.419650000000000000e+05
9.206350000000000000e+05
8.572810000000000000e+05
9.900650000000000000e+05
8.123200000000000000e+05
6.735330000000000000e+05
7.091620000000000000e+05
2.813830000000000000e+06
1.047879000000000000e+06
1.061662000000000000e+06
5.537350000000000000e+05
4.661020000000000000e+05
4.726450000000000000e+05
4.489030000000000000e+05
4.298390000000000000e+05
3.451470000000000000e+05
4.452570000000000000e+05
3.533150000000000000e+05
4.054710000000000000e+05
2.408461000000000000e+06
7.561310000000000000e+05
8.273750000000000000e+05
3.446800000000000000e+05
5.836280000000000000e+05
8.146780000000000000e+05
8.104500000000000000e+05
9.156150000000000000e+05
7.412290000000000000e+05
6.167450000000000000e+05
6.437970000000000000e+05
5.594410000000000000e+05
2.551434000000000000e+06
1.009192000000000000e+06
1.105172000000000000e+06
5.707520000000000000e+05
6.718320000000000000e+05
7.032010000000000000e+05
6.147690000000000000e+05
5.502170000000000000e+05
4.853740000000000000e+05
5.598210000000000000e+05
5.558030000000000000e+05
5.332620000000000000e+05
2.482107000000000000e+06
9.126710000000000000e+05
1.005122000000000000e+06
6.928410000000000000e+05
7.182640000000000000e+05
7.969680000000000000e+05
8.671790000000000000e+05
9.871360000000000000e+05
1.031701000000000000e+06
1.126376000000000000e+06
1.111527000000000000e+06
1.099015000000000000e+06
2.895134000000000000e+06
1.435407000000000000e+06
1.514378000000000000e+06
1.057011000000000000e+06
1.019994000000000000e+06
1.036886000000000000e+06
9.625430000000000000e+05
9.838340000000000000e+05
9.827940000000000000e+05
9.537390000000000000e+05
9.590720000000000000e+05
9.605470000000000000e+05
2.777703000000000000e+06
1.285662000000000000e+06
1.412808000000000000e+06
1.178799000000000000e+06
1.235712000000000000e+06
1.282502000000000000e+06
1.323375000000000000e+06
1.306891000000000000e+06
1.390643000000000000e+06
1.478653000000000000e+06
1.590479000000000000e+06
1.591634000000000000e+06
3.265187000000000000e+06
1.915548000000000000e+06
2.093205000000000000e+06
1.710631000000000000e+06
1.602877000000000000e+06
1.681376000000000000e+06
1.558480000000000000e+06
1.670646000000000000e+06
1.747901000000000000e+06
1.884272000000000000e+06
1.950685000000000000e+06
1.866636000000000000e+06
3.350304000000000000e+06
1.949699000000000000e+06
2.083215000000000000e+06
1.764612000000000000e+06
1.757176000000000000e+06
1.865462000000000000e+06
1.900622000000000000e+06
1.682088000000000000e+06
1.611218000000000000e+06
1.535028000000000000e+06
1.362423000000000000e+06
1.239524000000000000e+06
2.992924000000000000e+06
1.249491000000000000e+06
1.346921000000000000e+06
9.361890000000000000e+05
1.043891000000000000e+06
1.059386000000000000e+06
1.142652000000000000e+06
1.128787000000000000e+06
9.744760000000000000e+05
7.862800000000000000e+05
7.039600000000000000e+05
7.336820000000000000e+05
2.668627000000000000e+06
1.121254000000000000e+06
1.241256000000000000e+06
8.350410000000000000e+05
7.110300000000000000e+05
6.327870000000000000e+05
6.031860000000000000e+05
5.442920000000000000e+05
4.222410000000000000e+05
4.550860000000000000e+05
3.042600000000000000e+05
2.882310000000000000e+05
2.182381000000000000e+06
5.656430000000000000e+05
6.929230000000000000e+05
2.023680000000000000e+05
1.814940000000000000e+05
1.519500000000000000e+05
1.279400000000000000e+05
