4.622810000000000000e+05
1.824230000000000000e+05
1.593320000000000000e+05
1.462980000000000000e+05
1.811385000000000000e+06
4.839710000000000000e+05
1.353100000000000000e+05
1.342800000000000000e+05
6.035000000000000000e+04
4.198800000000000000e+04
1.253420000000000000e+05
6.384530000000000000e+05
1.082430000000000000e+05
9.877500000000000000e+04
1.482780000000000000e+05
1.043750000000000000e+05
1.726078000000000000e+06
4.316960000000000000e+05
7.591600000000000000e+04
1.012710000000000000e+05
7.233700000000000000e+04
6.276300000000000000e+04
3.873500000000000000e+04
5.133040000000000000e+05
8.483300000000000000e+04
6.539800000000000000e+04
2.394000000000000000e+04
6.252600000000000000e+04
2.140558000000000000e+06
3.245010000000000000e+05
8.038900000000000000e+04
9.400800000000000000e+04
1.043860000000000000e+05
1.310470000000000000e+05
1.383640000000000000e+05
7.688560000000000000e+05
1.725240000000000000e+05
1.848060000000000000e+05
1.439430000000000000e+05
1.657730000000000000e+05
2.291523000000000000e+06
4.072950000000000000e+05
2.109220000000000000e+05
1.107060000000000000e+05
1.700470000000000000e+05
1.455140000000000000e+05
1.555090000000000000e+05
7.159330000000000000e+05
2.145780000000000000e+05
1.980470000000000000e+05
3.048340000000000000e+05
3.114910000000000000e+05
2.158970000000000000e+06
7.781420000000000000e+05
6.814120000000000000e+05
3.215540500000000000e+07
5.476500000000000000e+05
4.355110000000000000e+05
4.584000000000000000e+05
8.327950000000000000e+05
4.061400000000000000e+05
3.818460000000000000e+05
3.771620000000000000e+05
3.221450000000000000e+05
4.862110000000000000e+05
2.547650000000000000e+05
3.336240000000000000e+05
2.812957000000000000e+06
5.199620000000000000e+05
2.935140000000000000e+05
2.126920000000000000e+05
6.655070000000000000e+05
1.917690000000000000e+05
2.002770000000000000e+05
2.196520000000000000e+05
2.075640000000000000e+05
3.487770000000000000e+05
1.970730000000000000e+05
2.041700000000000000e+05
1.672882000000000000e+06
4.260540000000000000e+05
1.566510000000000000e+05
2.304370000000000000e+05
6.330070000000000000e+05
2.950000000000000000e+05
2.464830000000000000e+05
2.912520000000000000e+05
3.664210000000000000e+05
4.948370000000000000e+05
5.162730000000000000e+05
5.815650000000000000e+05
1.930043000000000000e+06
8.118610000000000000e+05
6.350650000000000000e+05
6.311310000000000000e+05
1.009623000000000000e+06
7.412370000000000000e+05
7.328190000000000000e+05
7.939720000000000000e+05
7.609090000000000000e+05
8.652830000000000000e+05
7.438910000000000000e+05
7.398880000000000000e+05
2.220092000000000000e+06
8.791200000000000000e+05
6.483260000000000000e+05
5.661130000000000000e+05
9.034870000000000000e+05
5.127450000000000000e+05
4.825010000000000000e+05
4.562950000000000000e+05
4.257620000000000000e+05
3.954130000000000000e+05
3.029700000000000000e+05
3.316520000000000000e+05
1.816496000000000000e+06
5.337910000000000000e+05
2.995830000000000000e+05
2.754100000000000000e+05
6.081820000000000000e+05
2.863120000000000000e+05
1.988970000000000000e+05
2.115370000000000000e+05
2.413490000000000000e+05
3.293260000000000000e+05
2.064210000000000000e+05
2.816790000000000000e+05
1.917089000000000000e+06
5.284570000000000000e+05
2.836230000000000000e+05
2.956330000000000000e+05
7.251130000000000000e+05
4.475020000000000000e+05
4.914170000000000000e+05
5.878210000000000000e+05
6.655690000000000000e+05
8.129110000000000000e+05
7.594750000000000000e+05
9.187770000000000000e+05
2.281146000000000000e+06
1.225190000000000000e+06
1.013834000000000000e+06
1.091096000000000000e+06
1.376587000000000000e+06
1.065355000000000000e+06
1.048947000000000000e+06
9.699110000000000000e+05
9.514370000000000000e+05
