1.158313000000000000e+06
8.685500000000000000e+05
2.271943000000000000e+06
7.820310000000000000e+05
5.902100000000000000e+05
4.974770000000000000e+05
4.537320000000000000e+05
4.897760000000000000e+05
4.023490000000000000e+05
4.350010000000000000e+05
4.650030000000000000e+05
1.012559000000000000e+06
5.396000000000000000e+05
5.425500000000000000e+05
2.004195000000000000e+06
7.180190000000000000e+05
5.353550000000000000e+05
5.153030000000000000e+05
4.878720000000000000e+05
4.834120000000000000e+05
4.455360000000000000e+05
4.518900000000000000e+05
4.226190000000000000e+05
8.307850000000000000e+05
3.177560000000000000e+05
3.147080000000000000e+05
1.738914000000000000e+06
4.362220000000000000e+05
1.366740000000000000e+05
9.483800000000000000e+04
7.371200000000000000e+04
7.929300000000000000e+04
4.518600000000000000e+04
5.719900000000000000e+04
6.647500000000000000e+04
4.759220000000000000e+05
5.958500000000000000e+04
8.914800000000000000e+04
2.457068000000000000e+06
3.692510000000000000e+05
1.996680000000000000e+05
2.885420000000000000e+05
3.701670000000000000e+05
3.927150000000000000e+05
5.073230000000000000e+05
4.886670000000000000e+05
4.937830000000000000e+05
1.097069000000000000e+06
5.333220000000000000e+05
6.239210000000000000e+05
2.935627000000000000e+06
1.009026000000000000e+06
8.096040000000000000e+05
8.452490000000000000e+05
9.423650000000000000e+05
9.392730000000000000e+05
1.013052000000000000e+06
9.934010000000000000e+05
1.026127000000000000e+06
1.514842000000000000e+06
9.934790000000000000e+05
1.036006000000000000e+06
2.494841000000000000e+06
1.201466000000000000e+06
9.550180000000000000e+05
8.813180000000000000e+05
8.409790000000000000e+05
8.217880000000000000e+05
7.987130000000000000e+05
8.768820000000000000e+05
9.371640000000000000e+05
1.368948000000000000e+06
9.361000000000000000e+05
9.610130000000000000e+05
2.383439000000000000e+06
1.198394000000000000e+06
9.525870000000000000e+05
9.811600000000000000e+05
1.008856000000000000e+06
1.167588000000000000e+06
1.085209000000000000e+06
1.139828000000000000e+06
1.161192000000000000e+06
1.558104000000000000e+06
1.060060000000000000e+06
9.569990000000000000e+05
2.543178000000000000e+06
1.223052000000000000e+06
9.264900000000000000e+05
8.908830000000000000e+05
9.087270000000000000e+05
8.210870000000000000e+05
7.718830000000000000e+05
7.918710000000000000e+05
7.825500000000000000e+05
1.270354000000000000e+06
8.354550000000000000e+05
7.658370000000000000e+05
2.410891000000000000e+06
1.022406000000000000e+06
8.418840000000000000e+05
8.725790000000000000e+05
9.907480000000000000e+05
1.028026000000000000e+06
1.018534000000000000e+06
9.947140000000000000e+05
9.562650000000000000e+05
1.354944000000000000e+06
9.011840000000000000e+05
8.336420000000000000e+05
2.638456000000000000e+06
1.026519000000000000e+06
7.043120000000000000e+05
7.041650000000000000e+05
6.334160000000000000e+05
6.269670000000000000e+05
7.204470000000000000e+05
7.008190000000000000e+05
6.421740000000000000e+05
1.183557000000000000e+06
6.119630000000000000e+05
6.908250000000000000e+05
2.388761000000000000e+06
9.549910000000000000e+05
7.330010000000000000e+05
7.616510000000000000e+05
8.054540000000000000e+05
8.235600000000000000e+05
8.558980000000000000e+05
8.184530000000000000e+05
7.513970000000000000e+05
1.244020000000000000e+06
7.517320000000000000e+05
7.701990000000000000e+05
2.475334000000000000e+06
9.298510000000000000e+05
6.458490000000000000e+05
5.813460000000000000e+05
4.771260000000000000e+05
3.708820000000000000e+05
3.813620000000000000e+05
2.965850000000000000e+05
3.163910000000000000e+05
8.374590000000000000e+05
3.302830000000000000e+05
3.652920000000000000e+05
2.025183000000000000e+06
6.681900000000000000e+05
