6.645710000000000000e+05
3.555410000000000000e+05
3.135940000000000000e+05
3.176760000000000000e+05
2.175740000000000000e+05
1.692670000000000000e+05
3.058280000000000000e+05
5.820900000000000000e+04
1.202880000000000000e+05
1.952055000000000000e+06
3.624090000000000000e+05
5.858880000000000000e+05
1.892860000000000000e+05
1.327190000000000000e+05
1.093710000000000000e+05
1.659960000000000000e+05
1.584980000000000000e+05
1.529200000000000000e+05
2.354110000000000000e+05
7.049500000000000000e+04
1.553090000000000000e+05
2.198629000000000000e+06
3.620110000000000000e+05
6.353770000000000000e+05
9.086000000000000000e+04
5.693400000000000000e+04
7.849700000000000000e+04
1.411690000000000000e+05
9.543700000000000000e+04
1.054390000000000000e+05
2.454410000000000000e+05
1.238520000000000000e+05
2.076030000000000000e+05
1.614988000000000000e+06
3.725600000000000000e+05
5.642070000000000000e+05
2.452130000000000000e+05
2.850500000000000000e+05
2.315280000000000000e+05
2.098800000000000000e+05
1.570470000000000000e+05
1.862760000000000000e+05
2.744810000000000000e+05
7.934800000000000000e+04
1.274640000000000000e+05
1.583474000000000000e+06
3.866780000000000000e+05
5.018380000000000000e+05
1.349180000000000000e+05
1.016270000000000000e+05
1.125920000000000000e+05
1.048730000000000000e+05
2.017430000000000000e+05
1.205090000000000000e+05
2.514940000000000000e+05
1.667950000000000000e+05
1.877470000000000000e+05
1.530798000000000000e+06
3.705610000000000000e+05
4.938460000000000000e+05
1.243620000000000000e+05
1.473060000000000000e+05
9.193400000000000000e+04
1.579410000000000000e+05
2.060260000000000000e+05
2.047460000000000000e+05
3.004380000000000000e+05
1.382540000000000000e+05
1.514990000000000000e+05
1.498258000000000000e+06
3.212900000000000000e+05
4.314490000000000000e+05
1.194940000000000000e+05
3.803139800000000000e+07
9.706300000000000000e+05
1.129120000000000000e+06
1.000734000000000000e+06
1.256381000000000000e+06
1.367794000000000000e+06
1.387269000000000000e+06
1.517472000000000000e+06
1.605218000000000000e+06
1.460542000000000000e+06
1.939773000000000000e+06
1.623214000000000000e+06
4.134693000000000000e+06
1.659416000000000000e+06
1.316327000000000000e+06
1.252160000000000000e+06
1.210766000000000000e+06
1.228297000000000000e+06
1.322015000000000000e+06
9.220900000000000000e+05
6.667330000000000000e+05
5.381790000000000000e+05
1.240942000000000000e+06
6.761800000000000000e+05
3.034067000000000000e+06
1.336317000000000000e+06
8.909410000000000000e+05
6.496930000000000000e+05
5.309520000000000000e+05
3.893190000000000000e+05
3.500280000000000000e+05
3.166370000000000000e+05
5.941920000000000000e+05
4.904690000000000000e+05
1.154679000000000000e+06
4.113800000000000000e+05
2.410387000000000000e+06
6.522360000000000000e+05
2.411960000000000000e+05
1.500900000000000000e+05
1.833330000000000000e+05
4.582820000000000000e+05
5.368100000000000000e+05
6.455910000000000000e+05
5.368690000000000000e+05
7.580720000000000000e+05
1.477964000000000000e+06
9.111680000000000000e+05
2.762937000000000000e+06
1.135667000000000000e+06
8.566730000000000000e+05
8.639500000000000000e+05
8.770520000000000000e+05
8.184100000000000000e+05
8.037920000000000000e+05
8.807830000000000000e+05
1.069392000000000000e+06
1.069828000000000000e+06
1.913079000000000000e+06
1.302967000000000000e+06
3.004336000000000000e+06
1.712060000000000000e+06
1.563172000000000000e+06
1.563944000000000000e+06
1.444358000000000000e+06
1.590022000000000000e+06
1.514112000000000000e+06
1.520769000000000000e+06
1.499196000000000000e+06
1.520683000000000000e+06
1.951976000000000000e+06
1.420016000000000000e+06
3.178320000000000000e+06
1.264198000000000000e+06
8.787360000000000000e+05
