9.777660000000000000e+05
7.940930000000000000e+05
7.272690000000000000e+05
5.559220000000000000e+05
4.118660000000000000e+05
4.478090000000000000e+05
6.795620000000000000e+05
1.096264000000000000e+06
3.263812000000000000e+06
1.850519000000000000e+06
1.788101000000000000e+06
2.236423000000000000e+06
1.701350000000000000e+06
1.690066000000000000e+06
1.492412000000000000e+06
1.466959000000000000e+06
1.347731000000000000e+06
1.251901000000000000e+06
1.192481000000000000e+06
1.274797000000000000e+06
3.522035000000000000e+06
1.481802000000000000e+06
1.083168000000000000e+06
1.643405000000000000e+06
1.165636000000000000e+06
1.255679000000000000e+06
1.441237000000000000e+06
1.296093000000000000e+06
1.352308000000000000e+06
1.461859000000000000e+06
1.135265000000000000e+06
1.055364000000000000e+06
3.565051000000000000e+06
1.371929000000000000e+06
1.143023000000000000e+06
1.796117000000000000e+06
1.555090000000000000e+06
1.505580000000000000e+06
1.538085000000000000e+06
1.866362000000000000e+06
2.254203000000000000e+06
2.475843000000000000e+06
2.541204000000000000e+06
1.782581000000000000e+06
4.030895000000000000e+06
2.552401000000000000e+06
2.663096000000000000e+06
3.961441000000000000e+06
3.676574000000000000e+06
3.852928000000000000e+06
3.353139000000000000e+06
3.941711000000000000e+06
3.514070000000000000e+06
3.772819000000000000e+06
3.238466000000000000e+06
3.843897000000000000e+06
6.467150000000000000e+06
1.451996000000000000e+06
1.995760000000000000e+06
2.388765000000000000e+06
2.475900000000000000e+05
1.148150000000000000e+05
2.449470000000000000e+05
2.340810000000000000e+05
2.091680000000000000e+05
2.534410000000000000e+05
2.099470000000000000e+05
1.851670000000000000e+05
4.576769000000000000e+06
5.606740000000000000e+05
2.356620000000000000e+05
8.466870000000000000e+05
2.783180000000000000e+05
2.451970000000000000e+05
2.794180000000000000e+05
2.941640000000000000e+05
2.947260000000000000e+05
2.653740000000000000e+05
2.850440000000000000e+05
2.726930000000000000e+05
1.840966000000000000e+06
5.899510000000000000e+05
3.187220000000000000e+05
6.215360000000000000e+05
3.169060000000000000e+05
2.908110000000000000e+05
3.438830000000000000e+05
3.012760000000000000e+05
2.995650000000000000e+05
3.086710000000000000e+05
3.204270000000000000e+05
2.859410000000000000e+05
1.668267000000000000e+06
5.025770000000000000e+05
2.220290000000000000e+05
6.140280000000000000e+05
2.603290000000000000e+05
2.152090000000000000e+05
1.898960000000000000e+05
1.831760000000000000e+05
2.072150000000000000e+05
2.113580000000000000e+05
2.128200000000000000e+05
1.626690000000000000e+05
2.133085000000000000e+06
3.768270000000000000e+05
1.922800000000000000e+05
6.040750000000000000e+05
1.335410000000000000e+05
1.263150000000000000e+05
1.521950000000000000e+05
1.212110000000000000e+05
1.101830000000000000e+05
9.205000000000000000e+04
1.564560000000000000e+05
1.000570000000000000e+05
2.501268000000000000e+06
3.925050000000000000e+05
2.137290000000000000e+05
7.476420000000000000e+05
2.184010000000000000e+05
3.179300000000000000e+05
3.369770000000000000e+05
3.461000000000000000e+05
3.746050000000000000e+05
4.130440000000000000e+05
3.994510000000000000e+05
4.611040000000000000e+05
2.800137000000000000e+06
7.220960000000000000e+05
4.939730000000000000e+05
1.034370000000000000e+06
5.509050000000000000e+05
5.677470000000000000e+05
6.013480000000000000e+05
6.716190000000000000e+05
5.837830000000000000e+05
6.281530000000000000e+05
6.092970000000000000e+05
4.980450000000000000e+05
2.606062000000000000e+06
6.562560000000000000e+05
3.432280000000000000e+05
8.487370000000000000e+05
3.860520000000000000e+05
3.543250000000000000e+05
3.403170000000000000e+05
4.052390000000000000e+05
