1.020621000000000000e+06
7.239880000000000000e+05
7.016920000000000000e+05
7.091950000000000000e+05
6.433130000000000000e+05
6.116270000000000000e+05
5.559810000000000000e+05
5.442530000000000000e+05
4.859910000000000000e+05
4.752770000000000000e+05
2.248544000000000000e+06
9.418760000000000000e+05
3.565130000000000000e+05
2.496380000000000000e+05
2.772410000000000000e+05
2.585710000000000000e+05
2.706550000000000000e+05
3.071430000000000000e+05
3.238370000000000000e+05
3.415900000000000000e+05
4.731450000000000000e+05
6.231670000000000000e+05
1.914643000000000000e+06
1.161431000000000000e+06
8.328110000000000000e+05
9.077750000000000000e+05
8.978730000000000000e+05
8.247320000000000000e+05
7.986300000000000000e+05
8.083140000000000000e+05
7.803300000000000000e+05
8.527360000000000000e+05
8.677300000000000000e+05
7.936820000000000000e+05
2.277554000000000000e+06
1.181217000000000000e+06
7.257380000000000000e+05
6.780200000000000000e+05
6.805480000000000000e+05
6.706190000000000000e+05
5.873250000000000000e+05
5.441010000000000000e+05
5.414060000000000000e+05
5.385510000000000000e+05
4.942640000000000000e+05
4.115100000000000000e+05
2.056707000000000000e+06
8.206200000000000000e+05
3.458210000000000000e+05
3.254720000000000000e+05
3.641780000000000000e+05
3.074220000000000000e+05
2.792930000000000000e+05
2.925430000000000000e+05
2.607930000000000000e+05
3.304720000000000000e+05
3.500650000000000000e+05
4.277930000000000000e+05
1.860599000000000000e+06
8.589190000000000000e+05
3.950200000000000000e+05
3.501910000000000000e+05
3.534070000000000000e+05
3.631190000000000000e+05
4.305000000000000000e+05
4.397330000000000000e+05
4.507100000000000000e+05
4.815250000000000000e+05
5.911110000000000000e+05
5.808810000000000000e+05
1.929918000000000000e+06
9.005160000000000000e+05
4.911120000000000000e+05
4.802630000000000000e+05
4.184880000000000000e+05
3.713380000000000000e+05
3.925820000000000000e+05
3.390240000000000000e+05
2.864450000000000000e+05
2.275910000000000000e+05
2.243280000000000000e+05
2.015540000000000000e+05
2.659748000000000000e+06
9.699000000000000000e+05
5.010710000000000000e+05
4.969680000000000000e+05
5.463450000000000000e+05
5.338580000000000000e+05
5.261960000000000000e+05
5.104790000000000000e+05
4.621310000000000000e+05
5.400120000000000000e+05
4.586990000000000000e+05
4.205320000000000000e+05
2.860702000000000000e+06
1.004455000000000000e+06
3.171230000000000000e+05
3.150240000000000000e+05
3.735370000000000000e+05
3.415170000000000000e+05
3.682770000000000000e+05
2.826640000000000000e+05
3.297770000000000000e+05
2.898010000000000000e+05
3.566730000000000000e+05
3.451660000000000000e+05
2.646427000000000000e+06
9.679830000000000000e+05
3.083980000000000000e+05
2.640870000000000000e+05
1.902500000000000000e+05
1.609080000000000000e+05
1.288350000000000000e+05
1.756490000000000000e+05
1.808560000000000000e+05
1.691930000000000000e+05
2.715260000000000000e+05
2.670200000000000000e+05
2.484002000000000000e+06
9.182000000000000000e+05
3.283310000000000000e+05
3.592370000000000000e+05
2.960590000000000000e+05
2.927710000000000000e+05
2.966950000000000000e+05
3.139740000000000000e+05
2.885170000000000000e+05
2.376800000000000000e+05
3.114940000000000000e+05
3.613170000000000000e+05
2.333432000000000000e+06
8.690080000000000000e+05
2.054910000000000000e+05
1.835920000000000000e+05
2.639440000000000000e+05
3.453160000000000000e+05
3.785400000000000000e+05
4.431200000000000000e+05
4.360590000000000000e+05
3.221430000000000000e+05
2.715470000000000000e+05
1.455170000000000000e+05
1.566069000000000000e+06
6.921430000000000000e+05
3.162860000000000000e+05
2.520456000000000000e+06
5.024231000000000000e+06
4.624952000000000000e+06
