4.836927000000000000e+06
5.358964000000000000e+06
4.665746000000000000e+06
5.654681000000000000e+06
4.920333000000000000e+06
8.507283000000000000e+06
2.498410000000000000e+06
5.334120000000000000e+06
4.327227000000000000e+06
4.870827000000000000e+06
4.452310000000000000e+06
8.092530000000000000e+05
1.139430000000000000e+05
4.017500000000000000e+04
1.529500000000000000e+04
1.148600000000000000e+04
1.301000000000000000e+04
4.843566000000000000e+06
9.697800000000000000e+04
7.198000000000000000e+03
1.430200000000000000e+04
3.640000000000000000e+02
3.400000000000000000e+02
5.197930000000000000e+05
6.720000000000000000e+02
0.000000000000000000e+00
0.000000000000000000e+00
0.000000000000000000e+00
8.897000000000000000e+03
2.331674000000000000e+06
1.016880000000000000e+05
1.340000000000000000e+03
0.000000000000000000e+00
3.728000000000000000e+04
2.748000000000000000e+03
5.137800000000000000e+05
4.706700000000000000e+04
4.136000000000000000e+03
0.000000000000000000e+00
4.332300000000000000e+04
1.919000000000000000e+03
2.622370000000000000e+06
9.960800000000000000e+04
3.646000000000000000e+03
1.149000000000000000e+03
0.000000000000000000e+00
5.980000000000000000e+02
5.627220000000000000e+05
1.082500000000000000e+04
0.000000000000000000e+00
0.000000000000000000e+00
0.000000000000000000e+00
1.066100000000000000e+04
2.251128000000000000e+06
1.683550000000000000e+05
5.977000000000000000e+03
0.000000000000000000e+00
0.000000000000000000e+00
0.000000000000000000e+00
5.613420000000000000e+05
0.000000000000000000e+00
0.000000000000000000e+00
0.000000000000000000e+00
0.000000000000000000e+00
0.000000000000000000e+00
1.535283000000000000e+06
2.018640000000000000e+05
2.008000000000000000e+04
0.000000000000000000e+00
0.000000000000000000e+00
0.000000000000000000e+00
6.022490000000000000e+05
3.177000000000000000e+03
0.000000000000000000e+00
0.000000000000000000e+00
0.000000000000000000e+00
0.000000000000000000e+00
1.749513000000000000e+06
3.378780000000000000e+05
4.517000000000000000e+03
0.000000000000000000e+00
0.000000000000000000e+00
0.000000000000000000e+00
5.159490000000000000e+05
5.410000000000000000e+02
0.000000000000000000e+00
0.000000000000000000e+00
0.000000000000000000e+00
0.000000000000000000e+00
2.669174000000000000e+06
1.207810000000000000e+05
5.954000000000000000e+03
2.940000000000000000e+02
9.232000000000000000e+03
0.000000000000000000e+00
5.996430000000000000e+05
2.892000000000000000e+03
0.000000000000000000e+00
0.000000000000000000e+00
0.000000000000000000e+00
0.000000000000000000e+00
8.585650000000000000e+05
7.770700000000000000e+04
3.965000000000000000e+04
5.409470000000000000e+05
1.428834000000000000e+06
9.796500000000000000e+04
3.497460000000000000e+05
5.631900000000000000e+04
3.127400000000000000e+04
1.667400000000000000e+04
1.096200000000000000e+04
1.206700000000000000e+04
2.721460000000000000e+06
2.644073000000000000e+06
2.910844000000000000e+06
2.928109000000000000e+06
3.273037000000000000e+06
2.433560000000000000e+06
2.400310000000000000e+06
1.670268000000000000e+06
1.244390000000000000e+06
1.467840000000000000e+05
1.081950000000000000e+05
1.499300000000000000e+04
2.096346000000000000e+06
1.004150000000000000e+05
7.189000000000000000e+03
8.831000000000000000e+03
2.034800000000000000e+04
1.094200000000000000e+04
4.423910000000000000e+05
9.202000000000000000e+03
1.791900000000000000e+04
1.355200000000000000e+04
3.136900000000000000e+04
2.033500000000000000e+04
9.494990000000000000e+05
6.726200000000000000e+04
4.000000000000000000e+02
2.056700000000000000e+04
0.000000000000000000e+00
2.615700000000000000e+04
2.433890000000000000e+05
8.288000000000000000e+03
2.913200000000000000e+04
2.072000000000000000e+04
9.586000000000000000e+03
