1.755843000000000000e+06
1.114340000000000000e+05
2.088100000000000000e+04
5.443000000000000000e+03
1.781000000000000000e+04
1.404800000000000000e+04
1.508500000000000000e+04
2.911000000000000000e+04
2.017900000000000000e+04
9.872000000000000000e+03
3.922400000000000000e+04
5.624170000000000000e+05
1.635794000000000000e+06
1.025200000000000000e+05
4.046000000000000000e+03
9.920000000000000000e+02
3.197400000000000000e+04
2.585100000000000000e+04
4.288000000000000000e+03
1.717000000000000000e+04
1.803900000000000000e+04
1.653900000000000000e+04
2.344900000000000000e+04
5.846150000000000000e+05
8.960960000000000000e+05
7.059200000000000000e+04
8.440000000000000000e+02
1.060200000000000000e+04
4.143000000000000000e+03
1.494000000000000000e+04
1.992100000000000000e+04
1.846500000000000000e+04
4.734000000000000000e+03
1.151500000000000000e+04
2.268000000000000000e+04
2.338260000000000000e+05
8.832510000000000000e+05
6.100200000000000000e+04
9.820000000000000000e+02
1.893200000000000000e+04
3.655000000000000000e+03
3.037000000000000000e+03
2.341600000000000000e+04
1.973000000000000000e+03
1.992300000000000000e+04
1.304400000000000000e+04
1.572900000000000000e+04
2.310280000000000000e+05
8.801530000000000000e+05
8.442200000000000000e+04
2.707000000000000000e+03
6.800000000000000000e+02
1.041800000000000000e+04
1.995300000000000000e+04
1.846000000000000000e+04
5.385000000000000000e+03
3.921100000000000000e+04
2.507700000000000000e+04
5.019000000000000000e+03
2.212660000000000000e+05
9.256600000000000000e+05
6.602200000000000000e+04
2.710200000000000000e+04
1.086300000000000000e+04
8.281000000000000000e+03
2.463000000000000000e+03
2.901600000000000000e+04
2.360500000000000000e+04
3.368100000000000000e+04
4.555300000000000000e+04
3.353700000000000000e+04
2.454520000000000000e+05
1.326612000000000000e+06
8.038800000000000000e+04
1.276700000000000000e+04
2.251400000000000000e+04
1.448300000000000000e+04
3.345400000000000000e+04
2.378100000000000000e+04
1.588300000000000000e+04
3.778300000000000000e+04
1.261400000000000000e+04
2.290400000000000000e+04
3.261730000000000000e+05
1.069147000000000000e+06
8.014600000000000000e+04
1.852300000000000000e+04
1.501900000000000000e+04
1.985900000000000000e+04
1.985800000000000000e+04
2.298000000000000000e+04
1.132500000000000000e+04
1.967100000000000000e+04
2.613700000000000000e+04
1.764600000000000000e+04
2.814000000000000000e+05
1.002740000000000000e+06
9.169400000000000000e+04
6.481000000000000000e+03
1.465400000000000000e+04
3.532000000000000000e+04
1.894900000000000000e+04
2.006700000000000000e+04
1.157000000000000000e+04
1.486590000000000000e+05
7.777990000000000000e+05
2.900426000000000000e+06
3.445188000000000000e+06
3.071372000000000000e+06
4.068250000000000000e+06
3.606864000000000000e+06
3.024421000000000000e+06
2.707555000000000000e+06
2.188605000000000000e+06
1.231701000000000000e+06
4.458820000000000000e+05
6.470400000000000000e+04
3.135900000000000000e+04
1.510570000000000000e+05
3.490440000000000000e+05
1.516167000000000000e+06
2.537090000000000000e+05
8.331000000000000000e+03
1.404700000000000000e+04
2.792000000000000000e+03
0.000000000000000000e+00
2.556650000000000000e+05
4.029000000000000000e+03
2.040000000000000000e+02
8.346600000000000000e+04
7.754000000000000000e+03
3.372500000000000000e+05
1.002398000000000000e+06
9.199200000000000000e+04
6.990000000000000000e+02
2.161000000000000000e+03
1.853000000000000000e+03
0.000000000000000000e+00
9.690000000000000000e+03
0.000000000000000000e+00
0.000000000000000000e+00
0.000000000000000000e+00
0.000000000000000000e+00
2.303190000000000000e+05
6.160450000000000000e+05
6.663800000000000000e+04
4.694000000000000000e+03
1.094900000000000000e+04
