3.543380000000000000e+05
3.243800000000000000e+04
1.194000000000000000e+03
0.000000000000000000e+00
0.000000000000000000e+00
0.000000000000000000e+00
0.000000000000000000e+00
1.011923000000000000e+06
8.262000000000000000e+04
5.841000000000000000e+03
7.571000000000000000e+03
4.470980000000000000e+05
2.294000000000000000e+03
0.000000000000000000e+00
0.000000000000000000e+00
0.000000000000000000e+00
0.000000000000000000e+00
0.000000000000000000e+00
0.000000000000000000e+00
5.500590000000000000e+05
7.916500000000000000e+04
6.100000000000000000e+02
7.354000000000000000e+03
1.659750000000000000e+05
8.800000000000000000e+01
0.000000000000000000e+00
0.000000000000000000e+00
0.000000000000000000e+00
0.000000000000000000e+00
0.000000000000000000e+00
0.000000000000000000e+00
5.574590000000000000e+05
7.455900000000000000e+04
3.560000000000000000e+02
5.568000000000000000e+03
1.613780000000000000e+05
0.000000000000000000e+00
0.000000000000000000e+00
0.000000000000000000e+00
0.000000000000000000e+00
0.000000000000000000e+00
0.000000000000000000e+00
0.000000000000000000e+00
5.236510000000000000e+05
7.473700000000000000e+04
1.740000000000000000e+02
3.968000000000000000e+03
1.561160000000000000e+05
0.000000000000000000e+00
0.000000000000000000e+00
0.000000000000000000e+00
0.000000000000000000e+00
0.000000000000000000e+00
0.000000000000000000e+00
0.000000000000000000e+00
5.582470000000000000e+05
7.328100000000000000e+04
1.660000000000000000e+02
0.000000000000000000e+00
1.594750000000000000e+05
0.000000000000000000e+00
0.000000000000000000e+00
0.000000000000000000e+00
0.000000000000000000e+00
0.000000000000000000e+00
0.000000000000000000e+00
0.000000000000000000e+00
4.947650000000000000e+05
7.249800000000000000e+04
3.116000000000000000e+03
1.880000000000000000e+02
1.512510000000000000e+05
5.376000000000000000e+03
0.000000000000000000e+00
0.000000000000000000e+00
0.000000000000000000e+00
0.000000000000000000e+00
0.000000000000000000e+00
0.000000000000000000e+00
5.511830000000000000e+05
7.880100000000000000e+04
8.807000000000000000e+03
1.720000000000000000e+02
1.663590000000000000e+05
8.800000000000000000e+01
0.000000000000000000e+00
0.000000000000000000e+00
0.000000000000000000e+00
0.000000000000000000e+00
0.000000000000000000e+00
0.000000000000000000e+00
5.126210000000000000e+05
6.787300000000000000e+04
2.180000000000000000e+02
9.472000000000000000e+03
1.481830000000000000e+05
0.000000000000000000e+00
0.000000000000000000e+00
0.000000000000000000e+00
0.000000000000000000e+00
0.000000000000000000e+00
0.000000000000000000e+00
0.000000000000000000e+00
9.798160000000000000e+05
9.323000000000000000e+04
3.460000000000000000e+02
3.170000000000000000e+03
2.638020000000000000e+05
4.383000000000000000e+03
0.000000000000000000e+00
0.000000000000000000e+00
0.000000000000000000e+00
0.000000000000000000e+00
0.000000000000000000e+00
0.000000000000000000e+00
5.542140000000000000e+05
8.225100000000000000e+04
5.880000000000000000e+02
3.228000000000000000e+03
1.658860000000000000e+05
5.860000000000000000e+02
1.312000000000000000e+04
0.000000000000000000e+00
0.000000000000000000e+00
0.000000000000000000e+00
0.000000000000000000e+00
0.000000000000000000e+00
5.508010000000000000e+05
6.921200000000000000e+04
7.720000000000000000e+02
5.568000000000000000e+03
1.706100000000000000e+05
0.000000000000000000e+00
0.000000000000000000e+00
0.000000000000000000e+00
0.000000000000000000e+00
0.000000000000000000e+00
0.000000000000000000e+00
0.000000000000000000e+00
5.141160000000000000e+05
6.542100000000000000e+04
3.620000000000000000e+02
0.000000000000000000e+00
1.478100000000000000e+05
0.000000000000000000e+00
0.000000000000000000e+00
0.000000000000000000e+00
0.000000000000000000e+00
