2.493962800000000000e+07
2.505335400000000000e+07
2.487652900000000000e+07
1.518250000000000000e+05
1.287050000000000000e+05
3.045400000000000000e+04
5.780000000000000000e+03
1.537000000000000000e+03
1.508090000000000000e+05
1.983900000000000000e+04
1.108300000000000000e+04
4.635790000000000000e+05
2.387543000000000000e+06
6.276560000000000000e+05
2.664100000000000000e+04
6.079000000000000000e+03
3.962000000000000000e+03
2.229000000000000000e+03
1.117000000000000000e+03
7.120000000000000000e+02
5.710000000000000000e+02
6.210000000000000000e+02
8.650000000000000000e+02
2.848040000000000000e+05
5.683300000000000000e+05
5.639900000000000000e+05
7.273000000000000000e+03
0.000000000000000000e+00
0.000000000000000000e+00
0.000000000000000000e+00
0.000000000000000000e+00
0.000000000000000000e+00
0.000000000000000000e+00
9.214890000000000000e+05
3.024440000000000000e+06
5.576025000000000000e+06
5.996055000000000000e+06
6.223699000000000000e+06
5.607117000000000000e+06
6.070694000000000000e+06
6.771962000000000000e+06
7.448238000000000000e+06
6.593744000000000000e+06
5.617281000000000000e+06
5.877991000000000000e+06
6.511750000000000000e+06
8.256817000000000000e+06
7.449522000000000000e+06
7.620904000000000000e+06
6.534936000000000000e+06
5.579800000000000000e+06
4.996877000000000000e+06
4.613447000000000000e+06
4.602323000000000000e+06
4.484762000000000000e+06
4.163000000000000000e+06
3.558647000000000000e+06
3.021110000000000000e+06
2.639698000000000000e+06
3.061433000000000000e+06
3.762607000000000000e+06
4.577730000000000000e+06
5.399986000000000000e+06
7.063237000000000000e+06
8.259574000000000000e+06
1.240910600000000000e+07
1.150288300000000000e+07
1.313211000000000000e+07
5.116743000000000000e+06
5.699650000000000000e+05
6.605490000000000000e+05
9.698470000000000000e+05
3.466722000000000000e+06
8.256230000000000000e+05
6.471440000000000000e+05
7.075390000000000000e+05
5.530640000000000000e+05
7.133140000000000000e+05
7.744980000000000000e+05
1.834087000000000000e+06
3.696609000000000000e+06
3.642727000000000000e+06
3.625775000000000000e+06
5.848787000000000000e+06
7.868292000000000000e+06
3.777289000000000000e+06
2.636866000000000000e+06
2.671851000000000000e+06
2.308559000000000000e+06
9.163540000000000000e+05
8.710950000000000000e+05
7.830870000000000000e+05
1.041934000000000000e+06
7.671440000000000000e+05
8.658340000000000000e+05
1.407945000000000000e+06
4.053056000000000000e+06
9.270390000000000000e+05
7.351960000000000000e+05
9.150640000000000000e+05
7.195990000000000000e+05
8.364790000000000000e+05
7.796430000000000000e+05
8.633620000000000000e+05
1.170350000000000000e+06
7.637520000000000000e+05
1.098377000000000000e+06
1.499782000000000000e+06
3.764219000000000000e+06
1.310136000000000000e+06
8.853710000000000000e+05
1.013008000000000000e+06
1.000838000000000000e+06
9.562790000000000000e+05
1.046763000000000000e+06
9.863360000000000000e+05
1.237633000000000000e+06
8.482550000000000000e+05
1.074749000000000000e+06
1.542665000000000000e+06
3.913617000000000000e+06
1.323314000000000000e+06
8.854550000000000000e+05
9.934390000000000000e+05
9.115680000000000000e+05
9.244250000000000000e+05
9.370260000000000000e+05
9.644870000000000000e+05
1.170718000000000000e+06
8.051280000000000000e+05
1.143968000000000000e+06
1.558178000000000000e+06
3.846685000000000000e+06
1.325725000000000000e+06
9.871240000000000000e+05
1.029958000000000000e+06
9.445070000000000000e+05
9.260070000000000000e+05
1.014126000000000000e+06
1.050578000000000000e+06
1.227788000000000000e+06
8.535870000000000000e+05
1.195003000000000000e+06
1.496023000000000000e+06
3.908600000000000000e+06
1.339257000000000000e+06
8.886220000000000000e+05
1.147496000000000000e+06
