1.476749000000000000e+06
1.092193000000000000e+06
1.197683000000000000e+06
1.364634000000000000e+06
1.011393000000000000e+06
1.216885000000000000e+06
1.125250000000000000e+06
3.976720000000000000e+06
1.450215000000000000e+06
1.119501000000000000e+06
1.260861000000000000e+06
1.684972000000000000e+06
1.266328000000000000e+06
1.313174000000000000e+06
1.217485000000000000e+06
1.471789000000000000e+06
1.125374000000000000e+06
1.197564000000000000e+06
1.235727000000000000e+06
4.065514000000000000e+06
1.610893000000000000e+06
1.188122000000000000e+06
1.264521000000000000e+06
1.724445000000000000e+06
1.377787000000000000e+06
1.339193000000000000e+06
1.373745000000000000e+06
1.530990000000000000e+06
1.238189000000000000e+06
1.475354000000000000e+06
1.233546000000000000e+06
4.028504000000000000e+06
1.615960000000000000e+06
1.231079000000000000e+06
1.284606000000000000e+06
1.668026000000000000e+06
1.332655000000000000e+06
1.270984000000000000e+06
1.329050000000000000e+06
1.443168000000000000e+06
1.116063000000000000e+06
1.235817000000000000e+06
1.245727000000000000e+06
4.002310000000000000e+06
1.440451000000000000e+06
1.080576000000000000e+06
1.071738000000000000e+06
1.708100000000000000e+06
1.007029000000000000e+06
1.070825000000000000e+06
1.257153000000000000e+06
1.336803000000000000e+06
1.073401000000000000e+06
1.275923000000000000e+06
1.226780000000000000e+06
4.188202000000000000e+06
1.590419000000000000e+06
1.200042000000000000e+06
1.192325000000000000e+06
1.764437000000000000e+06
1.230629000000000000e+06
1.204206000000000000e+06
1.356687000000000000e+06
1.467095000000000000e+06
1.153985000000000000e+06
1.466824000000000000e+06
1.407635000000000000e+06
4.205930000000000000e+06
1.746874000000000000e+06
1.360400000000000000e+06
1.309743000000000000e+06
1.897987000000000000e+06
2.145586000000000000e+06
3.994950000000000000e+06
4.500353000000000000e+06
3.847002000000000000e+06
4.842158000000000000e+06
5.631388000000000000e+06
5.023692000000000000e+06
5.900194000000000000e+06
3.511804000000000000e+06
3.205873000000000000e+06
2.358599000000000000e+06
1.988502000000000000e+06
1.485250000000000000e+06
1.603540000000000000e+06
1.503717000000000000e+06
1.568452000000000000e+06
1.404854000000000000e+06
1.593834000000000000e+06
1.644477000000000000e+06
3.993049000000000000e+06
1.837504000000000000e+06
1.582908000000000000e+06
1.652677000000000000e+06
1.983729000000000000e+06
1.679156000000000000e+06
1.758767000000000000e+06
1.567882000000000000e+06
1.806063000000000000e+06
1.543304000000000000e+06
1.652298000000000000e+06
1.645943000000000000e+06
4.052796000000000000e+06
1.985772000000000000e+06
1.677914000000000000e+06
1.696984000000000000e+06
1.964176000000000000e+06
1.672952000000000000e+06
1.539674000000000000e+06
1.491474000000000000e+06
1.600894000000000000e+06
1.334042000000000000e+06
1.514629000000000000e+06
1.478786000000000000e+06
4.085527000000000000e+06
1.741573000000000000e+06
1.332248000000000000e+06
1.520261000000000000e+06
1.889325000000000000e+06
1.404351000000000000e+06
1.399006000000000000e+06
1.314763000000000000e+06
1.624273000000000000e+06
1.129333000000000000e+06
1.340276000000000000e+06
1.245240000000000000e+06
3.932482000000000000e+06
1.512392000000000000e+06
9.689230000000000000e+05
9.090950000000000000e+05
1.533102000000000000e+06
1.004215000000000000e+06
8.947280000000000000e+05
9.122450000000000000e+05
1.187601000000000000e+06
7.767070000000000000e+05
1.019083000000000000e+06
1.017077000000000000e+06
3.857318000000000000e+06
1.367576000000000000e+06
1.106559000000000000e+06
1.013082000000000000e+06
1.719445000000000000e+06
1.025152000000000000e+06
9.680170000000000000e+05
9.450030000000000000e+05
1.275439000000000000e+06
