1.482174000000000000e+06
1.132384000000000000e+06
3.732978000000000000e+06
1.467708000000000000e+06
1.060394000000000000e+06
1.211148000000000000e+06
1.153615000000000000e+06
1.199801000000000000e+06
1.226817000000000000e+06
1.384994000000000000e+06
1.547311000000000000e+06
1.635998000000000000e+06
1.141608000000000000e+06
1.091537000000000000e+06
3.954041000000000000e+06
1.245039000000000000e+06
8.759420000000000000e+05
9.873860000000000000e+05
9.985920000000000000e+05
1.065258000000000000e+06
1.029558000000000000e+06
1.029561000000000000e+06
1.257153000000000000e+06
1.602658000000000000e+06
7.791430000000000000e+05
7.775670000000000000e+05
3.501347000000000000e+06
9.100790000000000000e+05
6.879650000000000000e+05
6.564530000000000000e+05
6.636680000000000000e+05
6.561950000000000000e+05
6.943830000000000000e+05
6.019310000000000000e+05
6.049380000000000000e+05
9.881190000000000000e+05
3.973560000000000000e+05
3.841630000000000000e+05
2.374751000000000000e+06
5.959920000000000000e+05
3.398370000000000000e+05
2.981340000000000000e+05
2.159830000000000000e+05
2.120690000000000000e+05
2.047000000000000000e+05
2.844880000000000000e+05
4.341880000000000000e+05
7.728200000000000000e+05
4.837860000000000000e+05
5.101970000000000000e+05
2.398588000000000000e+06
9.049070000000000000e+05
7.057800000000000000e+05
8.102320000000000000e+05
9.765630000000000000e+05
9.793050000000000000e+05
9.558380000000000000e+05
8.133990000000000000e+05
7.796770000000000000e+05
1.138335000000000000e+06
9.347700000000000000e+05
8.470140000000000000e+05
2.465625000000000000e+06
8.653130000000000000e+05
7.589980000000000000e+05
6.868840000000000000e+05
5.269420000000000000e+05
6.308010000000000000e+05
5.802800000000000000e+05
4.112610000000000000e+05
5.291520000000000000e+05
9.992070000000000000e+05
6.815510000000000000e+05
6.686250000000000000e+05
2.362237000000000000e+06
1.112930000000000000e+06
8.771390000000000000e+05
9.856000000000000000e+05
1.016151000000000000e+06
1.006794000000000000e+06
9.362700000000000000e+05
1.040371000000000000e+06
1.629145000000000000e+06
1.404139000000000000e+06
8.825920000000000000e+05
7.512640000000000000e+05
3.069633000000000000e+06
9.584430000000000000e+05
6.372360000000000000e+05
7.378220000000000000e+05
5.471580000000000000e+05
5.576540000000000000e+05
4.730500000000000000e+05
4.515970000000000000e+05
6.256770000000000000e+05
9.497810000000000000e+05
3.234690000000000000e+05
2.590310000000000000e+05
2.670739000000000000e+06
5.312340000000000000e+05
2.195740000000000000e+05
2.620330000000000000e+05
3.537240000000000000e+05
3.165150000000000000e+05
3.126730000000000000e+05
4.120350000000000000e+05
5.451200000000000000e+05
9.338610000000000000e+05
4.946570000000000000e+05
5.239850000000000000e+05
2.074082000000000000e+06
7.696700000000000000e+05
5.150900000000000000e+05
5.031820000000000000e+05
4.967770000000000000e+05
5.434280000000000000e+05
5.583620000000000000e+05
5.064750000000000000e+05
5.287000000000000000e+05
7.329510000000000000e+05
3.309080000000000000e+05
3.052140000000000000e+05
2.020928000000000000e+06
4.947040000000000000e+05
2.180080000000000000e+05
2.086010000000000000e+05
1.480920000000000000e+05
1.685150000000000000e+05
8.813900000000000000e+04
1.160240000000000000e+05
1.944950000000000000e+05
4.844210000000000000e+05
1.035180000000000000e+05
1.164250000000000000e+05
1.866440000000000000e+06
3.959050000000000000e+05
1.310440000000000000e+05
1.278800000000000000e+05
1.763000000000000000e+05
1.861600000000000000e+05
1.897450000000000000e+05
1.463700000000000000e+05
2.463860000000000000e+05
6.711260000000000000e+05
2.512960000000000000e+05
2.000230000000000000e+05
1.727456000000000000e+06
4.619580000000000000e+05
