2.612660000000000000e+05
2.067950000000000000e+05
1.381370000000000000e+05
1.211140000000000000e+05
1.691710000000000000e+05
1.451940000000000000e+05
1.513048000000000000e+06
1.485490000000000000e+05
1.031280000000000000e+05
9.176000000000000000e+04
1.314610000000000000e+05
8.532530000000000000e+05
1.701520000000000000e+05
1.608510000000000000e+05
1.854210000000000000e+05
1.503300000000000000e+05
1.879860000000000000e+05
1.780550000000000000e+05
1.771761000000000000e+06
9.896000000000000000e+04
1.322660000000000000e+05
1.145590000000000000e+05
1.271320000000000000e+05
8.033430000000000000e+05
9.947600000000000000e+04
2.082510000000000000e+05
1.617820000000000000e+05
1.934880000000000000e+05
1.105120000000000000e+05
1.259820000000000000e+05
1.984731000000000000e+06
1.135170000000000000e+05
1.677600000000000000e+04
3.992800000000000000e+04
9.253000000000000000e+04
7.556920000000000000e+05
7.174400000000000000e+04
7.018800000000000000e+04
5.514500000000000000e+04
7.227600000000000000e+04
6.086500000000000000e+04
1.485100000000000000e+04
1.595580000000000000e+06
7.618400000000000000e+04
4.185300000000000000e+04
4.128200000000000000e+04
4.393000000000000000e+04
9.170660000000000000e+05
9.396000000000000000e+04
1.013070000000000000e+05
1.092640000000000000e+05
2.466600000000000000e+05
6.049330000000000000e+05
4.271890000000000000e+05
2.287628000000000000e+06
3.562020000000000000e+05
2.249900000000000000e+05
2.361900000000000000e+05
2.128540000000000000e+05
8.860150000000000000e+05
1.302580000000000000e+05
2.112520000000000000e+05
1.303950000000000000e+05
1.659330000000000000e+05
1.777290000000000000e+05
1.884970000000000000e+05
2.183384000000000000e+06
2.202130000000000000e+05
2.376790000000000000e+05
2.326660000000000000e+05
1.776980000000000000e+05
8.896470000000000000e+05
2.117570000000000000e+05
1.184030000000000000e+05
2.076770000000000000e+05
1.459550000000000000e+05
1.872570000000000000e+05
1.592590000000000000e+05
1.641742000000000000e+06
1.235020000000000000e+05
5.810300000000000000e+04
2.514270000000000000e+05
4.725480000000000000e+05
8.921750000000000000e+05
4.563320000000000000e+05
3.917620000000000000e+05
2.975340000000000000e+05
2.811150000000000000e+05
2.501230000000000000e+05
1.722030000000000000e+05
1.927770000000000000e+06
1.415300000000000000e+05
1.810920000000000000e+05
1.679390000000000000e+05
1.751820000000000000e+05
8.051340000000000000e+05
1.824350000000000000e+05
2.334420000000000000e+05
2.794220000000000000e+05
2.188920000000000000e+05
2.850510000000000000e+05
2.731040000000000000e+05
1.958465000000000000e+06
2.354200000000000000e+05
3.327710000000000000e+05
1.521860000000000000e+05
1.245280000000000000e+05
8.407630000000000000e+05
2.488470000000000000e+05
2.574010000000000000e+05
2.918290000000000000e+05
1.920830000000000000e+05
1.997290000000000000e+05
1.718830000000000000e+05
1.893277000000000000e+06
1.425850000000000000e+05
7.722500000000000000e+04
7.485600000000000000e+04
1.816130000000000000e+05
7.741650000000000000e+05
2.132880000000000000e+05
1.133570000000000000e+05
1.315760000000000000e+05
1.574610000000000000e+05
2.929600000000000000e+05
2.598030000000000000e+05
1.787919000000000000e+06
1.450170000000000000e+05
5.142700000000000000e+04
1.176240000000000000e+05
1.855090000000000000e+05
6.207270000000000000e+05
2.120390000000000000e+05
1.805400000000000000e+05
2.172860000000000000e+05
1.404180000000000000e+05
1.374340000000000000e+05
1.105920000000000000e+05
1.949422000000000000e+06
1.378530000000000000e+05
1.425980000000000000e+05
1.076530000000000000e+05
1.101450000000000000e+05
7.069660000000000000e+05
4.106500000000000000e+04
4.010000000000000000e+04
8.448500000000000000e+04
8.400000000000000000e+04
