7.861540000000000000e+05
4.126330000000000000e+05
3.413610000000000000e+05
3.348610000000000000e+05
2.009453000000000000e+06
5.011660000000000000e+05
1.580810000000000000e+05
1.832180000000000000e+05
2.274630000000000000e+05
1.977130000000000000e+05
1.629320000000000000e+05
6.590840000000000000e+05
2.631120000000000000e+05
1.844290000000000000e+05
2.364310000000000000e+05
1.792120000000000000e+05
1.953246000000000000e+06
5.024000000000000000e+05
1.652450000000000000e+05
1.212340000000000000e+05
1.132160000000000000e+05
1.167320000000000000e+05
1.216010000000000000e+05
5.724200000000000000e+05
2.481210000000000000e+05
1.346910000000000000e+05
1.396130000000000000e+05
1.170180000000000000e+05
1.759301000000000000e+06
5.159930000000000000e+05
2.401390000000000000e+05
2.601380000000000000e+05
2.804170000000000000e+05
2.473480000000000000e+05
2.519680000000000000e+05
5.919590000000000000e+05
3.721280000000000000e+05
2.032600000000000000e+05
2.493670000000000000e+05
2.569990000000000000e+05
2.019401000000000000e+06
5.837540000000000000e+05
2.743170000000000000e+05
2.813100000000000000e+05
2.209670000000000000e+05
2.450190000000000000e+05
2.688470000000000000e+05
7.000740000000000000e+05
4.396520000000000000e+05
2.846750000000000000e+05
3.103530000000000000e+05
3.114080000000000000e+05
2.102262000000000000e+06
6.356840000000000000e+05
3.788250000000000000e+05
3.480430000000000000e+05
3.080150000000000000e+05
3.224260000000000000e+05
3.159580000000000000e+05
7.119520000000000000e+05
7.772390000000000000e+05
1.879110000000000000e+05
1.869030000000000000e+05
1.794940000000000000e+05
2.809383000000000000e+06
5.807310000000000000e+05
2.809840000000000000e+05
2.518360000000000000e+05
2.420550000000000000e+05
2.417500000000000000e+05
2.512840000000000000e+05
8.563750000000000000e+05
7.299920000000000000e+05
2.439110000000000000e+05
2.531300000000000000e+05
2.387160000000000000e+05
2.662258000000000000e+06
5.491240000000000000e+05
3.004440000000000000e+05
3.056370000000000000e+05
3.310960000000000000e+05
3.467390000000000000e+05
3.569780000000000000e+05
9.274760000000000000e+05
6.731970000000000000e+05
5.351410000000000000e+05
6.435660000000000000e+05
6.644300000000000000e+05
2.635593000000000000e+06
9.190690000000000000e+05
6.547070000000000000e+05
6.836490000000000000e+05
6.736390000000000000e+05
6.610370000000000000e+05
7.038810000000000000e+05
1.141104000000000000e+06
9.370430000000000000e+05
6.766990000000000000e+05
8.284860000000000000e+05
7.093890000000000000e+05
2.792084000000000000e+06
9.870680000000000000e+05
7.665960000000000000e+05
7.633010000000000000e+05
6.482240000000000000e+05
6.335030000000000000e+05
7.027320000000000000e+05
1.211867000000000000e+06
9.117390000000000000e+05
8.031410000000000000e+05
7.214320000000000000e+05
5.524560000000000000e+05
2.302580000000000000e+06
6.915740000000000000e+05
3.684400000000000000e+05
3.306540000000000000e+05
2.993200000000000000e+05
2.924420000000000000e+05
2.753660000000000000e+05
8.195210000000000000e+05
4.949280000000000000e+05
4.464520000000000000e+05
5.113470000000000000e+05
5.561330000000000000e+05
2.053114000000000000e+06
9.322260000000000000e+05
7.503840000000000000e+05
7.590490000000000000e+05
7.549000000000000000e+05
7.377210000000000000e+05
7.672460000000000000e+05
1.101349000000000000e+06
8.554840000000000000e+05
7.600710000000000000e+05
7.735900000000000000e+05
7.938900000000000000e+05
2.222656000000000000e+06
9.138440000000000000e+05
6.758050000000000000e+05
6.650670000000000000e+05
6.331000000000000000e+05
6.331420000000000000e+05
5.691280000000000000e+05
9.021410000000000000e+05
7.051240000000000000e+05
5.368460000000000000e+05
5.280130000000000000e+05
5.110090000000000000e+05
