7.739930000000000000e+05
1.997941000000000000e+06
6.546540000000000000e+05
3.319420000000000000e+05
3.454620000000000000e+05
3.204290000000000000e+05
2.880620000000000000e+05
2.680540000000000000e+05
4.508310000000000000e+05
8.675690000000000000e+05
1.024118000000000000e+06
1.542791000000000000e+06
1.237595000000000000e+06
2.738262000000000000e+06
1.446496000000000000e+06
1.234663000000000000e+06
1.125716000000000000e+06
1.092113000000000000e+06
1.011970000000000000e+06
8.900300000000000000e+05
8.033510000000000000e+05
8.497230000000000000e+05
6.980120000000000000e+05
1.161539000000000000e+06
8.065760000000000000e+05
2.718541000000000000e+06
9.288670000000000000e+05
4.971370000000000000e+05
6.025400000000000000e+05
7.890840000000000000e+05
9.547000000000000000e+05
9.736180000000000000e+05
8.226250000000000000e+05
7.172140000000000000e+05
5.383840000000000000e+05
1.044943000000000000e+06
4.661660000000000000e+05
2.235206000000000000e+06
6.865640000000000000e+05
4.216230000000000000e+05
4.633520000000000000e+05
5.126070000000000000e+05
5.606300000000000000e+05
5.953850000000000000e+05
5.645880000000000000e+05
6.966140000000000000e+05
4.629920000000000000e+05
9.230910000000000000e+05
4.092180000000000000e+05
2.027870000000000000e+06
6.942850000000000000e+05
2.010410000000000000e+05
1.384570000000000000e+05
1.489740000000000000e+05
2.156680000000000000e+05
2.942560000000000000e+05
3.466860000000000000e+05
4.721590000000000000e+05
4.305760000000000000e+05
9.194820000000000000e+05
5.050220000000000000e+05
2.031777000000000000e+06
6.450950000000000000e+05
4.148350000000000000e+05
3.132490000000000000e+05
2.341210000000000000e+05
1.866600000000000000e+05
1.494430000000000000e+05
2.219160000000000000e+05
3.714650000000000000e+05
2.004090000000000000e+05
7.104430000000000000e+05
2.634590000000000000e+05
1.852123000000000000e+06
5.335610000000000000e+05
1.852700000000000000e+05
1.078310000000000000e+05
1.115430000000000000e+05
8.927800000000000000e+04
6.413700000000000000e+04
7.015700000000000000e+04
1.687260000000000000e+05
1.685000000000000000e+04
4.975310000000000000e+05
4.751900000000000000e+04
1.650302000000000000e+06
3.810960000000000000e+05
8.307600000000000000e+04
5.620000000000000000e+04
8.414000000000000000e+04
5.110700000000000000e+04
4.725600000000000000e+04
5.000400000000000000e+04
1.732190000000000000e+05
7.007500000000000000e+04
4.859200000000000000e+05
7.272700000000000000e+04
1.397047000000000000e+06
3.683260000000000000e+05
4.960200000000000000e+04
2.835000000000000000e+04
5.603800000000000000e+04
8.908300000000000000e+04
1.055500000000000000e+05
6.790600000000000000e+04
2.094530000000000000e+05
5.395000000000000000e+04
4.157360000000000000e+05
6.437600000000000000e+04
1.554735000000000000e+06
4.789200000000000000e+05
2.275900000000000000e+05
3.194640000000000000e+05
3.495120000000000000e+05
5.076160000000000000e+05
6.106910000000000000e+05
6.626690000000000000e+05
6.531170000000000000e+05
6.039700000000000000e+05
9.164210000000000000e+05
5.525380000000000000e+05
2.101877000000000000e+06
7.547180000000000000e+05
5.027570000000000000e+05
5.627310000000000000e+05
4.819600000000000000e+05
5.417610000000000000e+05
4.331540000000000000e+05
4.354500000000000000e+05
4.402840000000000000e+05
2.962990000000000000e+05
6.604280000000000000e+05
2.315390000000000000e+05
1.877656000000000000e+06
4.116950000000000000e+05
1.619000000000000000e+05
2.239450000000000000e+05
2.938500000000000000e+05
4.212810000000000000e+05
4.613710000000000000e+05
5.634370000000000000e+05
7.236660000000000000e+05
6.476870000000000000e+05
1.075930000000000000e+06
8.665570000000000000e+05
2.220481000000000000e+06
1.046291000000000000e+06
8.079180000000000000e+05
