1.795804000000000000e+06
1.550081000000000000e+06
1.400980000000000000e+06
1.262979000000000000e+06
1.192091000000000000e+06
1.236036000000000000e+06
1.053084000000000000e+06
1.234834000000000000e+06
1.285402000000000000e+06
3.189435000000000000e+06
2.037903000000000000e+06
2.293325000000000000e+06
1.948032000000000000e+06
1.875761000000000000e+06
1.896163000000000000e+06
1.861386000000000000e+06
1.876267000000000000e+06
1.932040000000000000e+06
1.933126000000000000e+06
1.918415000000000000e+06
1.878813000000000000e+06
3.502790000000000000e+06
2.085031000000000000e+06
2.199248000000000000e+06
1.881354000000000000e+06
1.842475000000000000e+06
1.778443000000000000e+06
1.743437000000000000e+06
1.626266000000000000e+06
1.539406000000000000e+06
1.300592000000000000e+06
1.127073000000000000e+06
1.068456000000000000e+06
2.960666000000000000e+06
1.137671000000000000e+06
1.183030000000000000e+06
6.812720000000000000e+05
5.898750000000000000e+05
6.631380000000000000e+05
7.457560000000000000e+05
6.868560000000000000e+05
5.715050000000000000e+05
5.201450000000000000e+05
5.137340000000000000e+05
5.349380000000000000e+05
2.463022000000000000e+06
1.052485000000000000e+06
1.258079000000000000e+06
8.885250000000000000e+05
8.564430000000000000e+05
7.172390000000000000e+05
8.422470000000000000e+05
1.041290000000000000e+06
9.257730000000000000e+05
8.197850000000000000e+05
8.554340000000000000e+05
7.154870000000000000e+05
2.425250000000000000e+06
7.408700000000000000e+05
9.704400000000000000e+05
5.950130000000000000e+05
6.678530000000000000e+05
7.948590000000000000e+05
7.768720000000000000e+05
7.495200000000000000e+05
6.326690000000000000e+05
4.318720000000000000e+05
4.433610000000000000e+05
5.951110000000000000e+05
2.537573000000000000e+06
9.328020000000000000e+05
1.089476000000000000e+06
7.540680000000000000e+05
5.847520000000000000e+05
4.704200000000000000e+05
5.522930000000000000e+05
6.545700000000000000e+05
7.175760000000000000e+05
5.642720000000000000e+05
6.782300000000000000e+05
8.636820000000000000e+05
2.668473000000000000e+06
1.216160000000000000e+06
1.288941000000000000e+06
9.428340000000000000e+05
8.758540000000000000e+05
6.394380000000000000e+05
6.080880000000000000e+05
6.156050000000000000e+05
5.367590000000000000e+05
4.580200000000000000e+05
4.460380000000000000e+05
6.306470000000000000e+05
2.319159000000000000e+06
1.092033000000000000e+06
1.334419000000000000e+06
1.101533000000000000e+06
9.688520000000000000e+05
7.634270000000000000e+05
5.455770000000000000e+05
4.579830000000000000e+05
6.107570000000000000e+05
6.526690000000000000e+05
7.299520000000000000e+05
5.709320000000000000e+05
2.234332000000000000e+06
9.360020000000000000e+05
1.155415000000000000e+06
1.806527000000000000e+06
8.136196000000000000e+06
1.463129200000000000e+07
1.879290300000000000e+07
1.801490900000000000e+07
1.474469400000000000e+07
1.247356400000000000e+07
5.961152000000000000e+06
1.677400000000000000e+05
2.785409000000000000e+06
1.548430000000000000e+05
5.700660000000000000e+05
4.636100000000000000e+04
7.447900000000000000e+04
6.931900000000000000e+04
8.029600000000000000e+04
4.930000000000000000e+04
1.028910000000000000e+05
7.454200000000000000e+04
7.923900000000000000e+04
4.913900000000000000e+04
9.041000000000000000e+05
6.702300000000000000e+04
3.486980000000000000e+05
4.672100000000000000e+04
8.113800000000000000e+04
5.975700000000000000e+04
9.707700000000000000e+04
6.542600000000000000e+04
8.258400000000000000e+04
7.869400000000000000e+04
7.444100000000000000e+04
6.502200000000000000e+04
8.134350000000000000e+05
8.122100000000000000e+04
3.220790000000000000e+05
5.481300000000000000e+04
7.367900000000000000e+04
7.799500000000000000e+04
9.431600000000000000e+04
