5.667760000000000000e+05
5.624400000000000000e+04
1.417050000000000000e+05
1.488380000000000000e+05
1.444500000000000000e+05
1.379710000000000000e+05
1.332840000000000000e+05
1.101370000000000000e+05
8.428300000000000000e+04
8.627600000000000000e+04
7.229700000000000000e+04
1.898799000000000000e+06
3.371110000000000000e+05
2.082000000000000000e+04
2.358300000000000000e+04
1.892300000000000000e+04
4.960000000000000000e+03
9.113000000000000000e+03
1.493900000000000000e+04
3.630700000000000000e+04
7.829100000000000000e+04
4.932500000000000000e+04
8.425900000000000000e+04
1.577362000000000000e+06
3.831760000000000000e+05
1.115310000000000000e+05
9.418500000000000000e+04
1.137830000000000000e+05
1.990230000000000000e+05
2.470970000000000000e+05
1.958080000000000000e+05
3.028500000000000000e+05
2.958510000000000000e+05
3.343860000000000000e+05
3.213880000000000000e+05
2.535523000000000000e+06
6.208820000000000000e+05
3.537370000000000000e+05
4.225020000000000000e+05
4.180570000000000000e+05
3.854510000000000000e+05
3.393310000000000000e+05
3.991050000000000000e+05
3.640800000000000000e+05
4.360980000000000000e+05
3.828810000000000000e+05
4.590350000000000000e+05
2.364445000000000000e+06
6.273770000000000000e+05
5.133980000000000000e+05
4.733300000000000000e+05
4.576130000000000000e+05
4.751630000000000000e+05
3.443370000000000000e+05
2.955810000000000000e+05
3.457400000000000000e+05
4.068330000000000000e+05
5.178340000000000000e+05
6.281930000000000000e+05
2.504068000000000000e+06
1.160251000000000000e+06
1.073905000000000000e+06
1.299430000000000000e+06
1.538516000000000000e+06
1.753242000000000000e+06
1.721185000000000000e+06
1.792338000000000000e+06
1.753954000000000000e+06
1.600433000000000000e+06
1.439478000000000000e+06
1.375271000000000000e+06
3.261122000000000000e+06
1.768739000000000000e+06
1.674143000000000000e+06
1.670474000000000000e+06
1.711052000000000000e+06
1.778789000000000000e+06
1.739388000000000000e+06
1.458324000000000000e+06
1.233530000000000000e+06
8.678160000000000000e+05
5.952010000000000000e+05
5.880610000000000000e+05
2.756295000000000000e+06
8.945290000000000000e+05
6.108150000000000000e+05
5.432140000000000000e+05
4.071730000000000000e+05
2.962610000000000000e+05
2.471370000000000000e+05
2.432450000000000000e+05
3.347340000000000000e+05
3.314360000000000000e+05
4.126610000000000000e+05
4.154190000000000000e+05
2.416826000000000000e+06
9.864010000000000000e+05
9.936680000000000000e+05
8.521910000000000000e+05
5.979930000000000000e+05
4.211570000000000000e+05
3.004070000000000000e+05
3.161390000000000000e+05
6.032950000000000000e+05
5.309550000000000000e+05
3.534440000000000000e+05
3.356510000000000000e+05
2.393261000000000000e+06
1.001982200000000000e+07
1.392487600000000000e+07
9.028442000000000000e+06
9.044881000000000000e+06
8.598972000000000000e+06
8.891174000000000000e+06
7.531529000000000000e+06
6.803793000000000000e+06
2.360052000000000000e+06
1.987185000000000000e+06
9.888280000000000000e+05
1.888578000000000000e+06
5.983430000000000000e+05
4.346805000000000000e+06
7.669350000000000000e+05
9.389800000000000000e+05
8.024340000000000000e+05
6.899250000000000000e+05
8.971290000000000000e+05
9.051520000000000000e+05
9.562330000000000000e+05
6.912040000000000000e+05
9.005710000000000000e+05
1.643826000000000000e+06
6.630520000000000000e+05
2.987861000000000000e+06
7.619630000000000000e+05
9.562000000000000000e+05
8.205150000000000000e+05
5.798200000000000000e+05
8.675700000000000000e+05
8.351210000000000000e+05
7.873860000000000000e+05
7.902890000000000000e+05
7.740240000000000000e+05
1.561792000000000000e+06
5.904220000000000000e+05
2.984791000000000000e+06
7.026780000000000000e+05
8.977930000000000000e+05
