1.194463000000000000e+06
7.328400000000000000e+05
8.575660000000000000e+05
9.203650000000000000e+05
1.016581000000000000e+06
8.910330000000000000e+05
1.045535000000000000e+06
5.058250000000000000e+05
2.915349000000000000e+06
6.767310000000000000e+05
8.174160000000000000e+05
1.223384000000000000e+06
8.691750000000000000e+05
8.784450000000000000e+05
8.101570000000000000e+05
7.658350000000000000e+05
9.172540000000000000e+05
8.058030000000000000e+05
1.056590000000000000e+06
5.046570000000000000e+05
2.841322000000000000e+06
7.282090000000000000e+05
8.652440000000000000e+05
1.073903000000000000e+06
7.719370000000000000e+05
7.535620000000000000e+05
8.280640000000000000e+05
6.743880000000000000e+05
7.646110000000000000e+05
8.274530000000000000e+05
1.067907000000000000e+06
4.777520000000000000e+05
2.643213000000000000e+06
6.596820000000000000e+05
7.129810000000000000e+05
1.152150000000000000e+06
6.383680000000000000e+05
5.906600000000000000e+05
7.137320000000000000e+05
6.643010000000000000e+05
7.803930000000000000e+05
6.988740000000000000e+05
9.785490000000000000e+05
4.691040000000000000e+05
2.567965000000000000e+06
4.632440000000000000e+05
7.463930000000000000e+05
9.906230000000000000e+05
6.904150000000000000e+05
6.799740000000000000e+05
8.797310000000000000e+05
6.806670000000000000e+05
7.046800000000000000e+05
5.983080000000000000e+05
9.118530000000000000e+05
4.373730000000000000e+05
2.646710000000000000e+06
6.889200000000000000e+05
7.320310000000000000e+05
1.155058000000000000e+06
6.095950000000000000e+05
6.235400000000000000e+05
6.291310000000000000e+05
6.484690000000000000e+05
7.173930000000000000e+05
7.538160000000000000e+05
1.020952000000000000e+06
5.040610000000000000e+05
2.658588000000000000e+06
5.897800000000000000e+05
6.245150000000000000e+05
1.116295000000000000e+06
5.996370000000000000e+05
6.711670000000000000e+05
7.804820000000000000e+05
7.944490000000000000e+05
6.124390000000000000e+05
7.506790000000000000e+05
1.089233000000000000e+06
5.271750000000000000e+05
2.613415000000000000e+06
5.492440000000000000e+05
7.206880000000000000e+05
1.083274000000000000e+06
5.881670000000000000e+05
4.806360000000000000e+05
9.150500000000000000e+05
6.458210000000000000e+05
6.809040000000000000e+05
6.782210000000000000e+05
9.606130000000000000e+05
3.514370000000000000e+05
2.576303000000000000e+06
5.428720000000000000e+05
8.123610000000000000e+05
1.122307000000000000e+06
6.053490000000000000e+05
6.621740000000000000e+05
6.261460000000000000e+05
7.308480000000000000e+05
7.669660000000000000e+05
1.394211000000000000e+06
6.833922000000000000e+06
7.860279000000000000e+06
9.111113000000000000e+06
7.761588000000000000e+06
9.258974000000000000e+06
1.086759000000000000e+07
1.272874300000000000e+07
1.112735600000000000e+07
2.020504000000000000e+06
1.276773000000000000e+06
6.285200000000000000e+05
1.143069000000000000e+06
2.373122000000000000e+06
1.806082000000000000e+06
5.265140000000000000e+06
1.957591000000000000e+06
1.600663000000000000e+06
1.900941000000000000e+06
1.398715000000000000e+06
1.479202000000000000e+06
1.736978000000000000e+06
1.918376000000000000e+06
2.087919000000000000e+06
2.136357000000000000e+06
2.089519000000000000e+06
1.856471000000000000e+06
3.392960000000000000e+06
1.896108000000000000e+06
1.566121000000000000e+06
1.735689000000000000e+06
1.223499000000000000e+06
1.322630000000000000e+06
1.567760000000000000e+06
1.566525000000000000e+06
1.416889000000000000e+06
1.312097000000000000e+06
1.247783000000000000e+06
1.057230000000000000e+06
2.753736000000000000e+06
1.213582000000000000e+06
9.685710000000000000e+05
1.303731000000000000e+06
9.804240000000000000e+05
1.012500000000000000e+06
1.055562000000000000e+06
1.057089000000000000e+06
