1.584000000000000000e+04
1.191076000000000000e+06
1.466625000000000000e+06
2.238444000000000000e+06
2.459908000000000000e+06
1.890861000000000000e+06
9.895810000000000000e+05
1.111732000000000000e+06
1.645420000000000000e+05
8.325690000000000000e+05
9.705610000000000000e+05
2.261189000000000000e+06
7.057290000000000000e+05
5.022620000000000000e+05
1.165830000000000000e+05
4.865460000000000000e+05
5.428240000000000000e+05
4.839490000000000000e+05
4.614620000000000000e+05
4.946080000000000000e+05
2.197600000000000000e+04
4.853630000000000000e+05
4.393690000000000000e+05
1.810973000000000000e+06
4.094430000000000000e+05
4.110730000000000000e+05
7.865600000000000000e+04
4.859200000000000000e+05
4.585980000000000000e+05
4.471150000000000000e+05
3.997500000000000000e+05
2.885280000000000000e+05
1.091400000000000000e+04
3.283410000000000000e+05
3.561220000000000000e+05
1.266468000000000000e+06
5.384700000000000000e+05
7.231160000000000000e+05
8.952800000000000000e+04
8.767080000000000000e+05
1.521515000000000000e+06
2.079654000000000000e+06
2.300477000000000000e+06
2.065952000000000000e+06
2.119620000000000000e+05
1.856074000000000000e+06
2.368938000000000000e+06
3.754825000000000000e+06
1.490000000000000000e+06
1.031509000000000000e+06
1.597920000000000000e+05
1.125661000000000000e+06
1.000609000000000000e+06
7.754450000000000000e+05
5.072830000000000000e+05
5.440010000000000000e+05
1.579860000000000000e+05
6.581220000000000000e+05
8.580700000000000000e+05
2.632522000000000000e+06
1.835991000000000000e+06
1.940126000000000000e+06
9.808900000000000000e+04
1.686372000000000000e+06
1.408361000000000000e+06
1.419953000000000000e+06
1.922953000000000000e+06
2.060202000000000000e+06
2.231300000000000000e+05
2.176265000000000000e+06
2.308755000000000000e+06
3.456741000000000000e+06
1.308759000000000000e+06
1.672336000000000000e+06
1.659980000000000000e+05
2.928240000000000000e+06
2.981759000000000000e+06
2.888545000000000000e+06
3.085949000000000000e+06
2.916436000000000000e+06
2.240460000000000000e+05
2.279242000000000000e+06
1.518688000000000000e+06
2.723593000000000000e+06
9.130360000000000000e+05
8.244810000000000000e+05
1.192070000000000000e+05
7.150020000000000000e+05
6.614500000000000000e+05
6.238720000000000000e+05
6.342170000000000000e+05
5.825020000000000000e+05
1.520780000000000000e+05
6.115330000000000000e+05
7.299420000000000000e+05
2.673726000000000000e+06
1.328592000000000000e+06
1.409618000000000000e+06
9.182300000000000000e+04
1.540076000000000000e+06
1.808573000000000000e+06
2.304913000000000000e+06
3.731147000000000000e+06
8.126864000000000000e+06
2.434630000000000000e+05
8.090755000000000000e+06
7.429652000000000000e+06
7.776425000000000000e+06
5.744043000000000000e+06
5.452661000000000000e+06
1.840680000000000000e+05
5.244844000000000000e+06
5.786768000000000000e+06
6.374258000000000000e+06
7.253208000000000000e+06
7.694623000000000000e+06
2.725710000000000000e+05
8.160548000000000000e+06
8.155180000000000000e+06
1.178392400000000000e+07
9.989612000000000000e+06
9.992597000000000000e+06
3.545640000000000000e+05
9.406927000000000000e+06
8.057909000000000000e+06
6.000762000000000000e+06
2.510393000000000000e+06
6.439050000000000000e+05
8.165000000000000000e+04
2.887250000000000000e+05
2.683100000000000000e+05
5.600534000000000000e+06
6.584260000000000000e+05
2.449990000000000000e+05
1.497630000000000000e+05
2.790390000000000000e+05
6.665020000000000000e+05
2.141660000000000000e+05
2.407100000000000000e+05
1.151399000000000000e+06
2.049680000000000000e+05
4.411880000000000000e+05
2.911960000000000000e+05
3.052913000000000000e+06
5.945710000000000000e+05
4.068280000000000000e+05
9.583300000000000000e+04
4.905580000000000000e+05
5.346730000000000000e+05
