7.630450000000000000e+05
9.237000000000000000e+04
1.560000000000000000e+02
7.753000000000000000e+04
4.376100000000000000e+04
9.209700000000000000e+04
4.395300000000000000e+04
8.866500000000000000e+04
2.989000000000000000e+03
5.782700000000000000e+04
7.247900000000000000e+04
3.281441000000000000e+06
1.806330000000000000e+05
4.912200000000000000e+04
5.577000000000000000e+03
3.608600000000000000e+04
4.779900000000000000e+04
1.311500000000000000e+05
2.153060000000000000e+05
2.570380000000000000e+05
1.260100000000000000e+04
2.547180000000000000e+05
2.795470000000000000e+05
3.976232000000000000e+06
9.998570000000000000e+05
6.285610000000000000e+05
3.391600000000000000e+04
7.439140000000000000e+05
6.903710000000000000e+05
5.103920000000000000e+05
3.940310000000000000e+05
3.495930000000000000e+05
5.620400000000000000e+04
4.017920000000000000e+05
3.760600000000000000e+05
4.009143000000000000e+06
4.685970000000000000e+05
2.646740000000000000e+05
1.966300000000000000e+04
2.616970000000000000e+05
2.309380000000000000e+05
3.066670000000000000e+05
2.591620000000000000e+05
2.539930000000000000e+05
2.854700000000000000e+04
2.518510000000000000e+05
2.737250000000000000e+05
3.340672000000000000e+06
3.652620000000000000e+05
1.664590000000000000e+05
1.333300000000000000e+04
1.153740000000000000e+05
1.262400000000000000e+05
1.028870000000000000e+05
1.026250000000000000e+05
1.655600000000000000e+05
4.180000000000000000e+02
1.916900000000000000e+05
2.566570000000000000e+05
3.435229000000000000e+06
3.412710000000000000e+05
1.562440000000000000e+05
1.906000000000000000e+03
1.609600000000000000e+05
9.068600000000000000e+04
1.050980000000000000e+05
8.959700000000000000e+04
1.180260000000000000e+05
2.786000000000000000e+03
6.556300000000000000e+04
1.317640000000000000e+05
6.705630000000000000e+05
2.505440000000000000e+05
1.232770000000000000e+05
2.426000000000000000e+03
1.265090000000000000e+05
1.354050000000000000e+05
7.013600000000000000e+04
6.131900000000000000e+04
6.480100000000000000e+04
2.631300000000000000e+04
1.041810000000000000e+05
8.572600000000000000e+04
6.549910000000000000e+05
2.978750000000000000e+05
2.294610000000000000e+05
1.195100000000000000e+04
2.094740000000000000e+05
2.481560000000000000e+05
1.566050000000000000e+05
1.800710000000000000e+05
1.713310000000000000e+05
5.442000000000000000e+03
1.534560000000000000e+05
1.251560000000000000e+05
3.825433000000000000e+06
2.718850000000000000e+05
9.858100000000000000e+04
1.800000000000000000e+03
1.437730000000000000e+05
1.146230000000000000e+05
1.463100000000000000e+05
1.092970000000000000e+05
1.084930000000000000e+05
1.529600000000000000e+04
1.195330000000000000e+05
1.174490000000000000e+05
3.175216000000000000e+06
2.432970000000000000e+05
8.219100000000000000e+04
2.050000000000000000e+02
5.953200000000000000e+04
6.346800000000000000e+04
6.020000000000000000e+04
1.050120000000000000e+05
1.810650000000000000e+05
1.575200000000000000e+04
3.208340000000000000e+05
4.799880000000000000e+05
3.618738000000000000e+06
7.805300000000000000e+05
9.101250000000000000e+05
1.019270000000000000e+05
1.085944000000000000e+06
9.725470000000000000e+05
8.157030000000000000e+05
5.612260000000000000e+05
4.716690000000000000e+05
5.832000000000000000e+04
3.494390000000000000e+05
3.238880000000000000e+05
5.115010000000000000e+06
5.661980000000000000e+05
2.848350000000000000e+05
1.788600000000000000e+04
3.018150000000000000e+05
3.181290000000000000e+05
3.634710000000000000e+05
3.728650000000000000e+05
3.983100000000000000e+05
1.661800000000000000e+04
4.318240000000000000e+05
4.708080000000000000e+05
3.304124000000000000e+06
9.996280000000000000e+06
1.408048000000000000e+07
8.307330000000000000e+05
1.565609000000000000e+07
1.601161200000000000e+07
