7.358290000000000000e+05
1.963130000000000000e+05
7.054000000000000000e+03
1.281010000000000000e+05
1.289690000000000000e+05
1.558540000000000000e+05
1.358550000000000000e+05
1.819360000000000000e+05
5.792000000000000000e+03
2.262170000000000000e+05
2.759200000000000000e+05
4.498220000000000000e+05
8.808070000000000000e+05
4.047260000000000000e+05
2.327200000000000000e+04
3.839150000000000000e+05
4.556960000000000000e+05
5.807900000000000000e+05
6.139020000000000000e+05
5.509160000000000000e+05
4.203900000000000000e+04
5.159050000000000000e+05
5.958430000000000000e+05
6.155230000000000000e+05
1.114034000000000000e+06
4.576670000000000000e+05
1.906400000000000000e+04
2.636050000000000000e+05
1.350949000000000000e+06
6.660439000000000000e+06
7.503119000000000000e+06
8.375132000000000000e+06
3.129650000000000000e+05
9.130398000000000000e+06
9.961988000000000000e+06
1.036256600000000000e+07
1.128995300000000000e+07
1.106074200000000000e+07
3.534470000000000000e+05
1.148254000000000000e+07
1.131282700000000000e+07
1.219360700000000000e+07
1.268081200000000000e+07
1.359001600000000000e+07
7.123840000000000000e+05
1.415295700000000000e+07
1.519394200000000000e+07
1.567332200000000000e+07
1.717224200000000000e+07
1.660061000000000000e+07
7.071310000000000000e+05
1.683818500000000000e+07
1.667885900000000000e+07
1.543940100000000000e+07
2.077743000000000000e+06
1.758112000000000000e+06
1.776570000000000000e+05
1.607115000000000000e+06
1.897525000000000000e+06
2.982710000000000000e+06
6.522541000000000000e+06
2.318427000000000000e+06
1.633250000000000000e+05
2.377816000000000000e+06
2.571066000000000000e+06
2.671698000000000000e+06
2.507472000000000000e+06
2.105903000000000000e+06
1.234460000000000000e+05
2.104951000000000000e+06
2.410185000000000000e+06
3.467738000000000000e+06
6.705056000000000000e+06
3.586987000000000000e+06
1.629240000000000000e+05
3.928234000000000000e+06
3.462354000000000000e+06
3.705675000000000000e+06
3.677830000000000000e+06
3.712997000000000000e+06
1.448640000000000000e+05
3.845446000000000000e+06
3.352549000000000000e+06
4.437409000000000000e+06
7.772634000000000000e+06
4.413969000000000000e+06
1.342030000000000000e+05
3.836198000000000000e+06
3.965665000000000000e+06
4.009398000000000000e+06
4.058792000000000000e+06
4.177575000000000000e+06
1.461260000000000000e+05
3.786585000000000000e+06
3.684731000000000000e+06
3.796356000000000000e+06
6.998825000000000000e+06
2.960717000000000000e+06
1.690110000000000000e+05
2.217698000000000000e+06
2.121929000000000000e+06
1.610377000000000000e+06
1.745797000000000000e+06
1.490787000000000000e+06
8.702500000000000000e+04
1.275363000000000000e+06
1.096363000000000000e+06
2.079879000000000000e+06
5.507823000000000000e+06
1.370757000000000000e+06
5.938900000000000000e+04
9.559170000000000000e+05
7.273160000000000000e+05
5.094460000000000000e+05
3.680950000000000000e+05
4.387220000000000000e+05
2.843000000000000000e+04
4.488250000000000000e+05
4.004890000000000000e+05
1.512196000000000000e+06
3.682456000000000000e+06
1.361242000000000000e+06
9.895200000000000000e+04
1.219247000000000000e+06
1.492813000000000000e+06
1.502602000000000000e+06
1.492007000000000000e+06
1.810293000000000000e+06
1.462930000000000000e+05
2.443266000000000000e+06
5.358877000000000000e+06
7.889441000000000000e+06
1.035823900000000000e+07
6.829554000000000000e+06
6.334300000000000000e+04
9.486601000000000000e+06
1.459914500000000000e+07
1.682723600000000000e+07
1.639657500000000000e+07
1.526689300000000000e+07
1.058760000000000000e+05
1.483989600000000000e+07
1.345369100000000000e+07
1.023054900000000000e+07
1.085937200000000000e+07
9.568776000000000000e+06
4.238000000000000000e+04
9.218371000000000000e+06
8.071384000000000000e+06
