2.111992000000000000e+06
5.887360000000000000e+05
4.680800000000000000e+04
4.069900000000000000e+05
4.311070000000000000e+05
4.039980000000000000e+05
2.751612000000000000e+06
5.834530000000000000e+05
1.921500000000000000e+04
3.088910000000000000e+05
5.141180000000000000e+05
8.743980000000000000e+05
6.903310000000000000e+05
6.954280000000000000e+05
4.147700000000000000e+04
7.766830000000000000e+05
1.105488000000000000e+06
1.322360000000000000e+06
2.732796000000000000e+06
1.599854000000000000e+06
6.132500000000000000e+04
1.298737000000000000e+06
1.247334000000000000e+06
1.145726000000000000e+06
1.469552000000000000e+06
1.606958000000000000e+06
1.174230000000000000e+05
1.463247000000000000e+06
1.115206000000000000e+06
7.759930000000000000e+05
1.937922000000000000e+06
5.631630000000000000e+05
2.777600000000000000e+04
2.997060000000000000e+05
3.640730000000000000e+05
6.911360000000000000e+05
5.744750000000000000e+05
6.158760000000000000e+05
4.597600000000000000e+04
5.094500000000000000e+05
4.942600000000000000e+05
3.727440000000000000e+05
1.746950000000000000e+06
5.638800000000000000e+05
2.737600000000000000e+04
4.596000000000000000e+05
5.305170000000000000e+05
6.808440000000000000e+05
3.576790000000000000e+05
4.121320000000000000e+05
3.490600000000000000e+04
6.160730000000000000e+05
8.367740000000000000e+05
1.058448000000000000e+06
2.288699000000000000e+06
1.209372000000000000e+06
6.625300000000000000e+04
1.012715000000000000e+06
1.135965000000000000e+06
1.317338000000000000e+06
1.276889000000000000e+06
1.288772000000000000e+06
9.549500000000000000e+04
9.132280000000000000e+05
1.984756000000000000e+06
2.462570000000000000e+06
3.386542000000000000e+06
1.932448000000000000e+06
9.667400000000000000e+04
1.354439000000000000e+06
1.032020000000000000e+06
1.110849000000000000e+06
8.555340000000000000e+05
6.296150000000000000e+05
6.580700000000000000e+04
6.992480000000000000e+05
6.544220000000000000e+05
6.155160000000000000e+05
2.085178000000000000e+06
8.272530000000000000e+05
6.898300000000000000e+04
5.206630000000000000e+05
2.580240000000000000e+05
7.154470000000000000e+05
2.669920000000000000e+05
2.406060000000000000e+05
8.056000000000000000e+03
2.467390000000000000e+05
1.228470000000000000e+05
2.101480000000000000e+05
1.643357000000000000e+06
4.426870000000000000e+05
6.254000000000000000e+03
3.182400000000000000e+05
4.071080000000000000e+05
7.601060000000000000e+05
7.400190000000000000e+05
9.670780000000000000e+05
8.253800000000000000e+04
1.030718000000000000e+06
7.064790000000000000e+05
9.613270000000000000e+05
2.370834000000000000e+06
1.330651000000000000e+06
7.539900000000000000e+04
1.253024000000000000e+06
1.120006000000000000e+06
1.235614000000000000e+06
1.056469000000000000e+06
1.038788000000000000e+06
1.066030000000000000e+05
1.454067000000000000e+06
1.821789000000000000e+06
1.771895000000000000e+06
3.639381000000000000e+06
1.013424000000000000e+06
5.283000000000000000e+04
5.061230000000000000e+05
9.376400000000000000e+05
1.532112000000000000e+06
1.658228000000000000e+06
2.076447000000000000e+06
4.036000000000000000e+04
1.660441000000000000e+06
1.992525000000000000e+06
2.008252000000000000e+06
4.477291000000000000e+06
1.107148000000000000e+06
7.218100000000000000e+04
1.039911000000000000e+06
2.247986000000000000e+06
2.742971000000000000e+06
2.785541000000000000e+06
2.974554000000000000e+06
1.919040000000000000e+05
3.221630000000000000e+06
3.432214000000000000e+06
3.565681000000000000e+06
5.119215000000000000e+06
2.262289000000000000e+06
9.290700000000000000e+04
2.992179000000000000e+06
3.299541000000000000e+06
2.880024000000000000e+06
3.215871000000000000e+06
4.436092000000000000e+06
1.716020000000000000e+05
4.742370000000000000e+06
5.222800000000000000e+06
