6.335318000000000000e+06
3.920559000000000000e+06
8.884600000000000000e+04
3.586443000000000000e+06
3.772150000000000000e+06
4.324713000000000000e+06
4.119477000000000000e+06
4.242998000000000000e+06
7.436900000000000000e+04
4.787139000000000000e+06
4.404789000000000000e+06
6.025397000000000000e+06
5.485963000000000000e+06
3.391143000000000000e+06
5.389200000000000000e+04
2.779101000000000000e+06
2.050847000000000000e+06
2.411558000000000000e+06
2.675191000000000000e+06
1.995429000000000000e+06
7.764900000000000000e+04
9.124950000000000000e+05
5.035730000000000000e+05
6.867770000000000000e+05
1.367723000000000000e+06
3.889610000000000000e+05
1.330000000000000000e+04
2.442410000000000000e+05
2.417540000000000000e+05
2.646140000000000000e+05
3.643810000000000000e+05
2.791830000000000000e+05
1.507100000000000000e+04
2.677570000000000000e+05
3.084690000000000000e+05
4.579170000000000000e+05
1.119753000000000000e+06
5.142000000000000000e+05
2.458700000000000000e+04
5.026100000000000000e+05
5.170730000000000000e+05
6.213740000000000000e+05
7.773380000000000000e+05
7.705790000000000000e+05
6.323200000000000000e+04
5.864450000000000000e+05
3.651160000000000000e+05
5.663810000000000000e+05
1.369364000000000000e+06
9.897700000000000000e+05
5.299800000000000000e+04
1.285271000000000000e+06
1.667551000000000000e+06
1.677985000000000000e+06
2.020618000000000000e+06
2.156722000000000000e+06
1.980450000000000000e+05
2.124096000000000000e+06
1.541040000000000000e+06
2.118369000000000000e+06
3.378356000000000000e+06
1.617773000000000000e+06
9.880200000000000000e+04
2.331086000000000000e+06
2.556898000000000000e+06
1.910845000000000000e+06
1.600409000000000000e+06
1.543411000000000000e+06
1.304590000000000000e+05
1.441387000000000000e+06
1.679576000000000000e+06
2.018420000000000000e+06
3.860151000000000000e+06
1.106507000000000000e+06
6.372200000000000000e+04
7.522360000000000000e+05
9.281990000000000000e+05
1.247458000000000000e+06
1.159350000000000000e+06
1.464836000000000000e+06
1.350400000000000000e+05
1.501835000000000000e+06
1.163577000000000000e+06
1.549230000000000000e+06
4.177763000000000000e+06
1.684241000000000000e+06
1.143860000000000000e+05
1.461880000000000000e+06
1.301596000000000000e+06
9.500840000000000000e+05
9.983960000000000000e+05
1.067850000000000000e+06
9.148900000000000000e+04
1.077997000000000000e+06
1.587507000000000000e+06
1.885891000000000000e+06
4.281670000000000000e+06
9.175680000000000000e+05
5.518400000000000000e+04
4.728100000000000000e+05
3.845580000000000000e+05
3.582080000000000000e+05
4.868910000000000000e+05
4.737600000000000000e+05
4.296600000000000000e+04
5.712650000000000000e+05
6.493690000000000000e+05
1.216129000000000000e+06
4.264191000000000000e+06
9.621770000000000000e+05
5.362600000000000000e+04
3.970520000000000000e+05
5.896730000000000000e+05
3.537770000000000000e+05
9.404640000000000000e+05
9.515340000000000000e+05
8.505400000000000000e+04
1.432498000000000000e+06
2.087217000000000000e+06
3.260188000000000000e+06
6.807227000000000000e+06
3.368782000000000000e+06
1.540940000000000000e+05
2.421767000000000000e+06
2.121771000000000000e+06
2.046541000000000000e+06
2.232739000000000000e+06
2.515257000000000000e+06
2.217930000000000000e+05
2.925083000000000000e+06
2.691026000000000000e+06
2.871714000000000000e+06
6.057272000000000000e+06
2.076653000000000000e+06
1.595290000000000000e+05
1.821323000000000000e+06
1.924327000000000000e+06
2.004870000000000000e+06
1.517387000000000000e+06
1.491815000000000000e+06
1.867470000000000000e+05
1.326432000000000000e+06
1.054017000000000000e+06
1.638825000000000000e+06
5.358792000000000000e+06
1.923763000000000000e+06
1.148240000000000000e+05
8.769040000000000000e+05
1.381446000000000000e+06
