2.057909000000000000e+06
2.053964000000000000e+06
1.636890000000000000e+05
1.857159000000000000e+06
1.760282000000000000e+06
1.280628000000000000e+06
5.699115000000000000e+06
1.805259000000000000e+06
1.516950000000000000e+05
1.412572000000000000e+06
1.301722000000000000e+06
2.263036000000000000e+06
1.615334000000000000e+06
9.322660000000000000e+05
1.096220000000000000e+05
9.614890000000000000e+05
1.192974000000000000e+06
8.671450000000000000e+05
5.161546000000000000e+06
1.893864000000000000e+06
1.099510000000000000e+05
7.649800000000000000e+05
2.338060000000000000e+05
1.521194000000000000e+06
1.184415000000000000e+06
1.297278000000000000e+06
1.238840000000000000e+05
1.094548000000000000e+06
1.140427000000000000e+06
9.130570000000000000e+05
4.088348000000000000e+06
1.202258000000000000e+06
9.175200000000000000e+04
1.418877000000000000e+06
1.591527000000000000e+06
1.569903000000000000e+06
7.394220000000000000e+05
1.186514000000000000e+06
8.503200000000000000e+04
1.085925000000000000e+06
9.498080000000000000e+05
9.265470000000000000e+05
4.258213000000000000e+06
1.348005000000000000e+06
6.858800000000000000e+04
8.710040000000000000e+05
9.426680000000000000e+05
2.202336000000000000e+06
1.151918000000000000e+06
8.643480000000000000e+05
7.819900000000000000e+04
1.361890000000000000e+06
5.185100000000000000e+05
1.088319000000000000e+06
4.436248000000000000e+06
2.655387000000000000e+06
8.263500000000000000e+04
8.926920000000000000e+05
9.479190000000000000e+05
1.644564000000000000e+06
8.469800000000000000e+05
7.276580000000000000e+05
5.645400000000000000e+04
8.403210000000000000e+05
8.598920000000000000e+05
1.357080000000000000e+06
4.237726000000000000e+06
1.938450000000000000e+06
1.150430000000000000e+05
2.192531000000000000e+06
1.865535000000000000e+06
2.167251000000000000e+06
1.407064000000000000e+06
1.751418000000000000e+06
1.431640000000000000e+05
2.841904000000000000e+06
3.796709000000000000e+06
3.597433000000000000e+06
8.482863000000000000e+06
3.477689000000000000e+06
1.663170000000000000e+05
3.078957000000000000e+06
3.773767000000000000e+06
4.531912000000000000e+06
3.575945000000000000e+06
2.042586000000000000e+06
2.062950000000000000e+05
2.172955000000000000e+06
2.037497000000000000e+06
2.559153000000000000e+06
6.983591000000000000e+06
2.338179000000000000e+06
1.327160000000000000e+05
1.837405000000000000e+06
2.008031000000000000e+06
2.652178000000000000e+06
2.349627000000000000e+06
2.460559000000000000e+06
1.271850000000000000e+05
2.347482000000000000e+06
2.557178000000000000e+06
2.358597000000000000e+06
5.527658000000000000e+06
2.544415000000000000e+06
7.499900000000000000e+04
2.463104000000000000e+06
2.526979000000000000e+06
3.192840000000000000e+06
2.687151000000000000e+06
2.542889000000000000e+06
1.412450000000000000e+05
2.568500000000000000e+06
2.840517000000000000e+06
2.906911000000000000e+06
5.808966000000000000e+06
3.203921000000000000e+06
1.302110000000000000e+05
2.844273000000000000e+06
3.320020000000000000e+06
3.707094000000000000e+06
3.195632000000000000e+06
3.475091000000000000e+06
2.159820000000000000e+05
3.427356000000000000e+06
3.802459000000000000e+06
4.124520000000000000e+06
6.687370000000000000e+06
4.465275000000000000e+06
9.512400000000000000e+04
4.348963000000000000e+06
4.747716000000000000e+06
5.095237000000000000e+06
4.722338000000000000e+06
4.510514000000000000e+06
2.705800000000000000e+05
4.782468000000000000e+06
4.893188000000000000e+06
4.880314000000000000e+06
7.291575000000000000e+06
5.002130000000000000e+06
2.001990000000000000e+05
4.843897000000000000e+06
4.994314000000000000e+06
5.495513000000000000e+06
5.196820000000000000e+06
5.368754000000000000e+06
2.159980000000000000e+05
5.285299000000000000e+06
5.571350000000000000e+06
