1.572334400000000000e+07
1.497736700000000000e+07
5.820810000000000000e+05
1.420347000000000000e+07
1.414856600000000000e+07
1.824693400000000000e+07
1.495948900000000000e+07
1.648204000000000000e+07
6.153370000000000000e+05
1.621501900000000000e+07
1.212397700000000000e+07
2.793840000000000000e+06
7.472200000000000000e+05
1.022507000000000000e+06
7.499800000000000000e+04
1.519739000000000000e+06
1.845871000000000000e+06
4.430273000000000000e+06
1.776550000000000000e+06
2.491270000000000000e+06
1.633460000000000000e+05
2.796859000000000000e+06
1.249793600000000000e+07
1.501639200000000000e+07
1.263632800000000000e+07
1.245888000000000000e+07
1.958960000000000000e+05
1.398836900000000000e+07
1.623077700000000000e+07
1.893615900000000000e+07
1.826015100000000000e+07
1.422708700000000000e+07
1.673980000000000000e+05
7.887444000000000000e+06
3.178891000000000000e+06
4.438949000000000000e+06
2.164782000000000000e+06
1.764295000000000000e+06
1.410200000000000000e+05
2.172815000000000000e+06
1.591801000000000000e+06
6.007047000000000000e+06
2.114705000000000000e+06
5.859059000000000000e+06
1.985710000000000000e+05
2.439730000000000000e+06
6.054212000000000000e+06
2.969396000000000000e+06
4.354005000000000000e+06
6.601903000000000000e+06
2.073210000000000000e+05
5.493414000000000000e+06
6.997346000000000000e+06
1.064294600000000000e+07
6.398983000000000000e+06
8.299101000000000000e+06
4.484410000000000000e+05
9.500571000000000000e+06
8.909572000000000000e+06
1.149240100000000000e+07
8.921392000000000000e+06
1.198805900000000000e+07
9.035670000000000000e+05
5.782286000000000000e+06
4.858369000000000000e+06
8.858641000000000000e+06
2.979678000000000000e+06
3.316281000000000000e+06
2.614310000000000000e+05
4.046618000000000000e+06
3.753798000000000000e+06
4.199715000000000000e+06
4.663454000000000000e+06
4.415846000000000000e+06
2.751900000000000000e+05
6.330288000000000000e+06
5.009362000000000000e+06
1.114732200000000000e+07
4.358085000000000000e+06
7.900265000000000000e+06
4.174840000000000000e+05
5.346308000000000000e+06
7.468041000000000000e+06
5.231078000000000000e+06
5.983819000000000000e+06
3.599169000000000000e+06
3.730580000000000000e+05
5.531691000000000000e+06
3.926712000000000000e+06
8.329175000000000000e+06
2.957835000000000000e+06
3.964701000000000000e+06
2.925890000000000000e+05
6.182963000000000000e+06
4.643997000000000000e+06
6.791028000000000000e+06
4.828560000000000000e+06
6.460730000000000000e+06
3.837500000000000000e+05
5.420585000000000000e+06
4.826631000000000000e+06
8.349039000000000000e+06
3.074264000000000000e+06
3.575021000000000000e+06
3.137340000000000000e+05
3.915882000000000000e+06
4.978827000000000000e+06
4.675135000000000000e+06
4.788055000000000000e+06
3.444538000000000000e+06
4.019400000000000000e+05
4.314249000000000000e+06
4.148457000000000000e+06
7.917919000000000000e+06
5.550099000000000000e+06
3.237776000000000000e+06
3.038810000000000000e+05
6.690028000000000000e+06
3.992305000000000000e+06
5.832863000000000000e+06
3.121583000000000000e+06
2.994762000000000000e+06
3.037200000000000000e+05
4.564870000000000000e+06
2.802862000000000000e+06
7.559253000000000000e+06
4.106182000000000000e+06
3.176942000000000000e+06
2.313520000000000000e+05
4.916053000000000000e+06
3.567358000000000000e+06
5.948481000000000000e+06
3.898717000000000000e+06
4.414122000000000000e+06
2.360200000000000000e+05
3.085767000000000000e+06
1.775834000000000000e+06
6.700466000000000000e+06
2.143778000000000000e+06
2.422025000000000000e+06
1.567850000000000000e+05
3.064071000000000000e+06
2.815979000000000000e+06
2.597494000000000000e+06
3.147247000000000000e+06
3.301286000000000000e+06
2.295920000000000000e+05
4.172626000000000000e+06
5.037460000000000000e+06
