9.918059000000000000e+06
2.492770000000000000e+05
9.484700000000000000e+04
9.071415000000000000e+06
1.130189600000000000e+07
5.518701000000000000e+06
2.790463000000000000e+06
5.307330000000000000e+05
4.606400000000000000e+04
1.043269400000000000e+07
8.054826000000000000e+06
1.296567000000000000e+07
6.598604000000000000e+06
3.270983000000000000e+06
2.532640000000000000e+05
5.210130000000000000e+06
1.199585300000000000e+07
1.081371200000000000e+07
1.363013400000000000e+07
2.923997000000000000e+06
1.954530000000000000e+05
9.544505000000000000e+06
3.478170000000000000e+06
1.074145200000000000e+07
1.122539800000000000e+07
1.864073000000000000e+06
1.906660000000000000e+05
1.099760400000000000e+07
8.246401000000000000e+06
2.700242000000000000e+06
7.276029000000000000e+06
9.831370000000000000e+05
1.220550000000000000e+05
1.253698600000000000e+07
9.570898000000000000e+06
9.507768000000000000e+06
1.633107000000000000e+06
7.918750000000000000e+05
6.783000000000000000e+04
1.087803900000000000e+07
1.175813700000000000e+07
1.032316400000000000e+07
1.045995600000000000e+07
2.425325000000000000e+06
2.903750000000000000e+05
1.908301000000000000e+06
8.358939000000000000e+06
1.163936800000000000e+07
9.906886000000000000e+06
1.215357000000000000e+06
1.345790000000000000e+05
1.171381200000000000e+07
2.250242000000000000e+06
9.514708000000000000e+06
1.172603600000000000e+07
2.912965000000000000e+06
3.816210000000000000e+05
1.008109800000000000e+07
1.150556000000000000e+07
1.002039900000000000e+07
1.300065700000000000e+07
1.772765000000000000e+06
2.260710000000000000e+05
6.032703000000000000e+06
1.057765900000000000e+07
4.137102000000000000e+06
2.552891000000000000e+06
1.535440000000000000e+06
8.982000000000000000e+04
1.003247700000000000e+07
4.236766000000000000e+06
1.236355500000000000e+07
3.054197000000000000e+06
2.507442000000000000e+06
2.299680000000000000e+05
4.524956000000000000e+06
1.454649500000000000e+07
4.574136000000000000e+06
1.189849100000000000e+07
2.728518000000000000e+06
1.173770000000000000e+05
2.592306000000000000e+06
3.179262000000000000e+06
1.457810600000000000e+07
4.305109000000000000e+06
3.134334000000000000e+06
1.343710000000000000e+05
1.156616100000000000e+07
4.982595000000000000e+06
2.795268000000000000e+06
1.376383000000000000e+07
2.214244000000000000e+06
8.041000000000000000e+04
2.089671000000000000e+06
9.452534000000000000e+06
5.876034000000000000e+06
1.193333000000000000e+06
8.130760000000000000e+05
4.086500000000000000e+04
1.293345000000000000e+07
4.876432000000000000e+06
1.158800600000000000e+07
2.506138000000000000e+06
3.031552000000000000e+06
2.064050000000000000e+05
2.782557000000000000e+06
1.231676900000000000e+07
2.583890000000000000e+06
1.194826200000000000e+07
2.191869000000000000e+06
1.347950000000000000e+05
4.326850000000000000e+06
4.695578000000000000e+06
1.392614000000000000e+06
1.307982000000000000e+07
2.699323000000000000e+06
2.507220000000000000e+05
1.047216800000000000e+07
1.521842000000000000e+06
2.219669000000000000e+06
1.053953200000000000e+07
6.486480000000000000e+05
1.552160000000000000e+05
1.291265000000000000e+06
9.936120000000000000e+06
9.783450000000000000e+05
3.133180000000000000e+06
1.220213000000000000e+06
1.177590000000000000e+05
1.328762900000000000e+07
2.119178000000000000e+06
3.534120000000000000e+06
1.254601100000000000e+07
3.698706000000000000e+06
1.645380000000000000e+05
1.934266000000000000e+06
9.979029000000000000e+06
4.777690000000000000e+05
7.783275000000000000e+06
1.169125000000000000e+06
9.983200000000000000e+04
4.326114000000000000e+06
3.547291000000000000e+06
1.550189000000000000e+06
1.848631200000000000e+07
4.005034000000000000e+06
1.559210000000000000e+05
1.244031200000000000e+07
6.318087000000000000e+06
