8.667481000000000000e+06
1.001588000000000000e+06
1.371980000000000000e+05
9.750492000000000000e+06
1.318652100000000000e+07
2.037320000000000000e+06
1.065424700000000000e+07
9.874420000000000000e+05
8.052800000000000000e+04
1.186123800000000000e+07
8.287481000000000000e+06
2.691360000000000000e+06
1.846783700000000000e+07
3.062943000000000000e+06
2.652310000000000000e+05
1.921284000000000000e+06
1.023439600000000000e+07
2.116287000000000000e+06
6.888205000000000000e+06
8.199860000000000000e+05
5.481800000000000000e+04
7.473291000000000000e+06
2.489889000000000000e+06
7.703910000000000000e+05
2.066378400000000000e+07
1.298617000000000000e+06
8.243700000000000000e+04
9.371949000000000000e+06
8.564040000000000000e+06
9.424360000000000000e+05
5.161822000000000000e+06
5.337570000000000000e+05
3.061200000000000000e+04
1.200063300000000000e+07
9.647442000000000000e+06
1.219503000000000000e+06
1.243168100000000000e+07
1.227667000000000000e+06
6.945800000000000000e+04
9.951009000000000000e+06
1.077507500000000000e+07
2.981203000000000000e+06
1.868188900000000000e+07
2.995589000000000000e+06
3.014900000000000000e+05
3.154394000000000000e+06
7.382114000000000000e+06
1.593650000000000000e+06
5.677922000000000000e+06
1.268470000000000000e+06
7.813200000000000000e+04
1.065386300000000000e+07
2.976877000000000000e+06
1.781938000000000000e+06
1.707314700000000000e+07
2.471029000000000000e+06
2.667500000000000000e+05
8.955087000000000000e+06
9.222299000000000000e+06
6.563704000000000000e+06
9.568644000000000000e+06
9.294590000000000000e+05
1.320010000000000000e+05
3.793827000000000000e+06
9.913565000000000000e+06
1.021935000000000000e+06
7.067248000000000000e+06
1.096644000000000000e+06
4.469000000000000000e+04
5.855915000000000000e+06
2.609625000000000000e+06
2.994005000000000000e+06
9.373771000000000000e+06
2.108761000000000000e+06
3.519550000000000000e+05
1.929632000000000000e+06
6.320890000000000000e+06
8.837660000000000000e+05
9.941716000000000000e+06
1.561568000000000000e+06
8.339100000000000000e+04
2.355601000000000000e+06
3.105317000000000000e+06
3.460926000000000000e+06
5.517106000000000000e+06
2.711267000000000000e+06
1.688040000000000000e+05
7.104310000000000000e+06
2.011487000000000000e+06
3.045597000000000000e+06
7.312045000000000000e+06
3.072652000000000000e+06
1.051430000000000000e+05
2.869087000000000000e+06
6.561280000000000000e+06
2.208627000000000000e+06
2.023345000000000000e+06
1.882109000000000000e+06
5.542700000000000000e+04
2.272674000000000000e+06
1.710811000000000000e+06
2.337309000000000000e+06
6.190373000000000000e+06
1.587065000000000000e+06
3.073300000000000000e+04
2.893065000000000000e+06
2.424914000000000000e+06
3.445035000000000000e+06
5.310160000000000000e+06
2.627601000000000000e+06
1.712280000000000000e+05
2.705515000000000000e+06
2.899624000000000000e+06
2.829133000000000000e+06
3.388976000000000000e+06
2.656736000000000000e+06
1.691420000000000000e+05
3.219081000000000000e+06
2.776240000000000000e+06
2.546393000000000000e+06
1.711880000000000000e+06
1.245800000000000000e+06
1.032330000000000000e+05
6.822970000000000000e+05
1.055770000000000000e+06
1.190617000000000000e+06
2.187410000000000000e+06
1.720154000000000000e+06
9.845500000000000000e+04
1.957555000000000000e+06
2.069730000000000000e+06
2.464792000000000000e+06
3.144866000000000000e+06
3.058019000000000000e+06
1.858940000000000000e+05
1.710593000000000000e+06
1.872816000000000000e+06
2.975942000000000000e+06
3.873332000000000000e+06
2.962331000000000000e+06
1.457170000000000000e+05
2.855317000000000000e+06
2.901223000000000000e+06
3.228183000000000000e+06
3.333307000000000000e+06
3.861570000000000000e+06
1.801420000000000000e+05
3.578410000000000000e+06
2.932494000000000000e+06
