2.432311000000000000e+06
1.333129000000000000e+06
6.740100000000000000e+04
1.519438000000000000e+06
1.710611000000000000e+06
1.767411000000000000e+06
1.737801000000000000e+06
1.629540000000000000e+06
9.051600000000000000e+04
1.561967000000000000e+06
1.345268000000000000e+06
1.271068000000000000e+06
1.857288000000000000e+06
1.208876000000000000e+06
5.918400000000000000e+04
9.871730000000000000e+05
1.096937000000000000e+06
8.792210000000000000e+05
8.906220000000000000e+05
1.026879000000000000e+06
5.400700000000000000e+04
1.531312000000000000e+06
1.827928000000000000e+06
2.776446000000000000e+06
3.379127000000000000e+06
3.155808000000000000e+06
7.647200000000000000e+04
3.134670000000000000e+06
2.990976000000000000e+06
2.488020000000000000e+06
2.049139000000000000e+06
1.854846000000000000e+06
2.011810000000000000e+05
1.918069000000000000e+06
1.776247000000000000e+06
1.132399000000000000e+06
1.678603000000000000e+06
9.084370000000000000e+05
4.564400000000000000e+04
7.881850000000000000e+05
9.479240000000000000e+05
1.078993000000000000e+06
1.278788000000000000e+06
1.391076000000000000e+06
1.252630000000000000e+05
1.056948000000000000e+06
1.834621000000000000e+06
2.275667000000000000e+06
2.396404000000000000e+06
1.278406000000000000e+06
3.970900000000000000e+04
7.662610000000000000e+05
7.667320000000000000e+05
1.113641000000000000e+06
1.450978000000000000e+06
1.760369000000000000e+06
1.034210000000000000e+05
1.856126000000000000e+06
1.739977000000000000e+06
1.120358000000000000e+06
1.571161000000000000e+06
1.401968000000000000e+06
8.783700000000000000e+04
1.254426000000000000e+06
1.209710000000000000e+06
1.053201000000000000e+06
1.212361000000000000e+06
1.702468000000000000e+06
1.289910000000000000e+05
1.843588000000000000e+06
1.525992000000000000e+06
1.031685000000000000e+06
1.393977000000000000e+06
6.951860000000000000e+05
2.908700000000000000e+04
3.150510000000000000e+05
2.822710000000000000e+05
3.543770000000000000e+05
4.811800000000000000e+05
4.657060000000000000e+05
3.373700000000000000e+04
2.541890000000000000e+05
6.462150000000000000e+05
1.157527000000000000e+06
1.662308000000000000e+06
1.059824000000000000e+06
5.652000000000000000e+04
5.438990000000000000e+05
1.022284000000000000e+06
8.583060000000000000e+05
5.772690000000000000e+05
5.567580000000000000e+05
2.506000000000000000e+04
7.221170000000000000e+05
5.722220000000000000e+05
9.216390000000000000e+05
1.344119000000000000e+06
3.798690000000000000e+05
1.273800000000000000e+04
1.087041000000000000e+06
1.202434000000000000e+06
8.056570000000000000e+05
5.147170000000000000e+05
2.767960000000000000e+05
3.001800000000000000e+04
4.269010000000000000e+05
5.924110000000000000e+05
6.015640000000000000e+05
1.148445000000000000e+06
5.249090000000000000e+05
1.413400000000000000e+04
4.605830000000000000e+05
6.425170000000000000e+05
6.676940000000000000e+05
7.386550000000000000e+05
8.696480000000000000e+05
6.115000000000000000e+04
9.538670000000000000e+05
1.157745000000000000e+06
1.561245000000000000e+06
2.308801000000000000e+06
2.177600000000000000e+06
1.281730000000000000e+05
2.116552000000000000e+06
2.040327000000000000e+06
1.916932000000000000e+06
1.845889000000000000e+06
1.556535000000000000e+06
1.817520000000000000e+05
1.432311000000000000e+06
2.025559000000000000e+06
2.626555000000000000e+06
2.551762000000000000e+06
1.380115000000000000e+06
1.062870000000000000e+05
1.562925000000000000e+06
1.427758000000000000e+06
8.104840000000000000e+05
1.238514000000000000e+06
2.029922000000000000e+06
1.222510000000000000e+05
1.378686000000000000e+06
6.529050000000000000e+05
7.281920000000000000e+05
1.152029000000000000e+06
3.956930000000000000e+05
3.918200000000000000e+04
2.404250000000000000e+05
2.719250000000000000e+05
