2.315280000000000000e+05
2.574430000000000000e+05
8.925000000000000000e+03
4.233080000000000000e+05
5.787670000000000000e+05
5.017600000000000000e+05
1.102080000000000000e+06
6.155400000000000000e+05
5.782000000000000000e+04
6.623970000000000000e+05
7.833020000000000000e+05
8.323370000000000000e+05
7.093250000000000000e+05
7.831260000000000000e+05
7.552800000000000000e+04
9.642230000000000000e+05
1.369564000000000000e+06
1.652695000000000000e+06
2.336364000000000000e+06
1.948221000000000000e+06
5.860300000000000000e+04
1.919507000000000000e+06
1.210452000000000000e+06
1.225518000000000000e+06
1.049613000000000000e+06
5.647680000000000000e+05
1.858300000000000000e+04
6.566370000000000000e+05
5.638720000000000000e+05
5.029600000000000000e+05
1.308331000000000000e+06
5.608340000000000000e+05
2.126100000000000000e+04
4.404170000000000000e+05
3.466230000000000000e+05
4.426020000000000000e+05
2.767210000000000000e+05
2.300810000000000000e+05
4.959000000000000000e+03
1.943620000000000000e+05
2.081270000000000000e+05
2.585120000000000000e+05
1.074601000000000000e+06
5.561670000000000000e+05
2.361600000000000000e+04
9.236840000000000000e+05
1.220286000000000000e+06
1.599584000000000000e+06
1.689837000000000000e+06
1.642083000000000000e+06
1.658520000000000000e+05
1.572890000000000000e+06
1.410580000000000000e+06
1.420948000000000000e+06
2.136758000000000000e+06
1.555586000000000000e+06
1.250980000000000000e+05
1.462533000000000000e+06
1.714393000000000000e+06
1.724617000000000000e+06
1.620686000000000000e+06
1.717596000000000000e+06
1.060130000000000000e+05
1.639581000000000000e+06
1.332365000000000000e+06
1.076263000000000000e+06
1.438058000000000000e+06
4.780260000000000000e+05
2.904000000000000000e+04
2.265810000000000000e+05
1.759700000000000000e+05
3.656370000000000000e+05
1.279840000000000000e+05
1.198800000000000000e+05
2.808000000000000000e+03
1.442900000000000000e+05
1.665740000000000000e+05
1.962930000000000000e+05
9.511680000000000000e+05
3.106850000000000000e+05
5.807000000000000000e+03
1.898460000000000000e+05
3.083780000000000000e+05
7.568200000000000000e+05
6.671380000000000000e+05
8.599680000000000000e+05
7.453100000000000000e+04
8.455930000000000000e+05
8.079780000000000000e+05
1.106801000000000000e+06
2.104079000000000000e+06
2.180740000000000000e+06
9.536800000000000000e+04
2.454012000000000000e+06
2.691804000000000000e+06
2.598229000000000000e+06
2.358680000000000000e+06
2.009192000000000000e+06
1.421520000000000000e+05
1.263821000000000000e+06
1.138809000000000000e+06
1.779809000000000000e+06
2.778909000000000000e+06
2.528992000000000000e+06
1.118560000000000000e+05
2.913481000000000000e+06
2.733227000000000000e+06
2.778770000000000000e+06
2.307428000000000000e+06
1.827918000000000000e+06
1.039230000000000000e+05
1.117266000000000000e+06
1.058307000000000000e+06
2.008634000000000000e+06
2.823067000000000000e+06
2.622274000000000000e+06
1.626490000000000000e+05
2.549363000000000000e+06
2.356356000000000000e+06
1.714877000000000000e+06
1.039846000000000000e+06
1.348333000000000000e+06
9.272100000000000000e+04
1.920118000000000000e+06
2.584258000000000000e+06
2.732685000000000000e+06
3.192345000000000000e+06
2.436621000000000000e+06
9.243100000000000000e+04
2.082532000000000000e+06
1.766258000000000000e+06
1.524952000000000000e+06
1.042555000000000000e+06
7.872190000000000000e+05
5.487500000000000000e+04
9.887040000000000000e+05
6.705420000000000000e+05
9.370310000000000000e+05
1.613868000000000000e+06
1.063914000000000000e+06
4.129700000000000000e+04
1.203676000000000000e+06
1.328010000000000000e+06
1.315375000000000000e+06
8.655550000000000000e+05
1.194399000000000000e+06
4.194300000000000000e+04
1.139686000000000000e+06
1.276291000000000000e+06
