6.964720000000000000e+05
4.440370000000000000e+05
1.030490000000000000e+05
4.914470000000000000e+05
5.950120000000000000e+05
3.673020000000000000e+06
2.369943700000000000e+07
6.084950000000000000e+05
1.720600000000000000e+04
4.953850000000000000e+05
3.805000000000000000e+05
8.805540000000000000e+05
4.121860000000000000e+05
4.420730000000000000e+05
1.806300000000000000e+04
5.901390000000000000e+05
6.392750000000000000e+05
3.093677000000000000e+06
8.467510000000000000e+05
7.387960000000000000e+05
8.398300000000000000e+04
6.782320000000000000e+05
5.162660000000000000e+05
1.212235000000000000e+06
6.936640000000000000e+05
7.684560000000000000e+05
7.626400000000000000e+04
7.970800000000000000e+05
5.655250000000000000e+05
3.724559000000000000e+06
1.242880000000000000e+06
5.415960000000000000e+05
2.374400000000000000e+04
5.368260000000000000e+05
5.652600000000000000e+05
1.214116000000000000e+06
7.181250000000000000e+05
6.797720000000000000e+05
4.785100000000000000e+04
6.496120000000000000e+05
6.150190000000000000e+05
1.783390000000000000e+06
1.105231000000000000e+06
4.278000000000000000e+05
1.214800000000000000e+04
3.471600000000000000e+05
3.332680000000000000e+05
6.400460000000000000e+05
5.149360000000000000e+05
5.412040000000000000e+05
2.355600000000000000e+04
6.149270000000000000e+05
6.682160000000000000e+05
1.919873000000000000e+06
9.425990000000000000e+05
5.525660000000000000e+05
3.564600000000000000e+04
3.898250000000000000e+05
4.226830000000000000e+05
6.991190000000000000e+05
6.250870000000000000e+05
8.072300000000000000e+05
5.669800000000000000e+04
8.562630000000000000e+05
6.319530000000000000e+05
3.930081000000000000e+06
7.952750000000000000e+05
6.591720000000000000e+05
6.015800000000000000e+04
5.301120000000000000e+05
5.045250000000000000e+05
1.120314000000000000e+06
5.308880000000000000e+05
5.637660000000000000e+05
9.438700000000000000e+04
6.185210000000000000e+05
6.709800000000000000e+05
3.155611000000000000e+06
9.378910000000000000e+05
3.832400000000000000e+05
2.209400000000000000e+04
4.262410000000000000e+05
7.840860000000000000e+05
1.207141000000000000e+06
1.014919000000000000e+06
1.069346000000000000e+06
5.835300000000000000e+04
9.000130000000000000e+05
7.076210000000000000e+05
4.311227000000000000e+06
6.503050000000000000e+05
3.813910000000000000e+05
6.825600000000000000e+04
5.853900000000000000e+05
9.223060000000000000e+05
1.709859000000000000e+06
1.117133000000000000e+06
8.835800000000000000e+05
5.983300000000000000e+04
7.166250000000000000e+05
5.331760000000000000e+05
3.000867000000000000e+06
8.365870000000000000e+05
6.189700000000000000e+05
4.360600000000000000e+04
4.442570000000000000e+05
4.425270000000000000e+05
1.069498000000000000e+06
4.341620000000000000e+05
5.273830000000000000e+05
3.713500000000000000e+04
5.052330000000000000e+05
4.325840000000000000e+05
2.750657000000000000e+06
4.161000000000000000e+05
1.969320000000000000e+05
2.382500000000000000e+04
2.040170000000000000e+05
2.566670000000000000e+05
9.602180000000000000e+05
2.824840000000000000e+05
2.734880000000000000e+05
6.840000000000000000e+03
3.217920000000000000e+05
1.238105000000000000e+06
4.602198000000000000e+06
1.327986000000000000e+06
1.525827000000000000e+06
5.575800000000000000e+04
5.974250000000000000e+05
7.356020000000000000e+05
1.364747000000000000e+06
5.069990000000000000e+05
9.703970000000000000e+05
2.309500000000000000e+04
2.834140000000000000e+05
6.292860000000000000e+05
3.899840000000000000e+06
4.273790000000000000e+05
1.757970000000000000e+05
8.673000000000000000e+03
2.660460000000000000e+05
2.555220000000000000e+05
8.908440000000000000e+05
1.601360000000000000e+05
1.160680000000000000e+05
2.998900000000000000e+04
1.894920000000000000e+05
1.533250000000000000e+05
