4.613987000000000000e+06
2.527960000000000000e+06
5.487500000000000000e+04
1.202416000000000000e+06
1.757930000000000000e+06
2.836929000000000000e+06
1.645563000000000000e+06
2.042488000000000000e+06
8.550900000000000000e+04
2.914519000000000000e+06
2.493408000000000000e+06
2.588507000000000000e+06
6.251438000000000000e+06
4.444670000000000000e+06
1.356460000000000000e+05
3.602017000000000000e+06
3.077313000000000000e+06
2.894477000000000000e+06
3.431596000000000000e+06
2.778634000000000000e+06
1.373820000000000000e+05
3.003273000000000000e+06
4.667964000000000000e+06
4.695011000000000000e+06
7.096977000000000000e+06
4.577690000000000000e+06
1.471680000000000000e+05
4.613570000000000000e+06
4.318842000000000000e+06
3.224696000000000000e+06
5.153071000000000000e+06
4.433236000000000000e+06
2.860150000000000000e+05
2.587191000000000000e+06
2.689150000000000000e+06
3.299442000000000000e+06
6.372368000000000000e+06
1.636016000000000000e+06
8.075800000000000000e+04
4.578022000000000000e+06
2.481358000000000000e+06
2.832374000000000000e+06
1.255614000000000000e+06
1.425500000000000000e+06
7.184300000000000000e+04
2.917545000000000000e+06
1.283289000000000000e+06
1.852251000000000000e+06
6.198833000000000000e+06
2.351130000000000000e+06
5.687200000000000000e+04
8.420870000000000000e+05
8.152910000000000000e+05
4.365830000000000000e+05
2.766753000000000000e+06
1.236665000000000000e+06
5.555100000000000000e+04
2.485671000000000000e+06
1.254240000000000000e+06
2.670606000000000000e+06
5.255268000000000000e+06
3.353699000000000000e+06
1.333320000000000000e+05
3.982114000000000000e+06
2.339247000000000000e+06
4.916238000000000000e+06
2.132494000000000000e+06
2.048282000000000000e+06
1.637910000000000000e+05
3.670139000000000000e+06
2.386777000000000000e+06
3.411425000000000000e+06
5.686525000000000000e+06
3.821817000000000000e+06
9.041800000000000000e+04
3.448326000000000000e+06
1.676239000000000000e+06
1.806777000000000000e+06
1.296372000000000000e+06
3.766562000000000000e+06
9.801900000000000000e+04
3.114272000000000000e+06
4.277611000000000000e+06
2.224669000000000000e+06
7.237606000000000000e+06
6.707313000000000000e+06
1.347400000000000000e+05
7.533666000000000000e+06
4.060566000000000000e+06
4.157439000000000000e+06
2.310542000000000000e+06
1.211700000000000000e+06
7.970800000000000000e+04
1.054034000000000000e+06
1.779686000000000000e+06
4.199929000000000000e+06
5.356703000000000000e+06
1.030842000000000000e+06
3.599100000000000000e+04
1.320951000000000000e+06
8.355840000000000000e+05
2.307496000000000000e+06
1.059013000000000000e+06
1.140802000000000000e+06
8.595200000000000000e+04
2.285552000000000000e+06
7.948720000000000000e+05
1.869347000000000000e+06
6.108313000000000000e+06
1.246222000000000000e+06
5.781900000000000000e+04
2.131157000000000000e+06
4.059890000000000000e+05
1.053646000000000000e+06
3.416933000000000000e+06
2.489169000000000000e+06
5.992500000000000000e+04
2.192575000000000000e+06
1.859276000000000000e+06
4.212434000000000000e+06
5.908726000000000000e+06
1.967935000000000000e+06
3.838900000000000000e+04
1.950036000000000000e+06
9.578600000000000000e+05
1.072427000000000000e+06
6.778848000000000000e+06
2.981440000000000000e+06
5.973600000000000000e+04
1.418719000000000000e+06
2.797181000000000000e+06
1.402467000000000000e+06
5.589158000000000000e+06
3.881908000000000000e+06
7.284200000000000000e+04
2.218378000000000000e+06
5.416662000000000000e+06
1.743950000000000000e+06
1.132527000000000000e+06
1.579310000000000000e+06
6.392000000000000000e+04
1.071752000000000000e+06
2.633820000000000000e+05
1.447501000000000000e+06
4.982873000000000000e+06
7.814666000000000000e+06
1.802324000000000000e+06
4.085974300000000000e+07
5.565237300000000000e+07
