3.992710100000000000e+07
4.588655100000000000e+07
8.685300000000000000e+04
3.299136700000000000e+07
3.386532000000000000e+06
4.033883000000000000e+06
9.129289000000000000e+06
3.263741000000000000e+06
1.465130000000000000e+05
2.729955000000000000e+06
2.371092000000000000e+06
3.409864000000000000e+06
1.633562000000000000e+06
1.782570000000000000e+06
1.198570000000000000e+05
2.189436000000000000e+06
1.860329000000000000e+06
1.493587000000000000e+06
2.546054000000000000e+06
1.192217000000000000e+06
4.678600000000000000e+04
9.582870000000000000e+05
9.314080000000000000e+05
8.975230000000000000e+05
5.585480000000000000e+05
8.923030000000000000e+05
6.295500000000000000e+04
1.157851000000000000e+06
1.697651000000000000e+06
2.507939000000000000e+06
3.305986000000000000e+06
1.647177000000000000e+06
8.489600000000000000e+04
1.442305000000000000e+06
1.403234000000000000e+06
1.346109000000000000e+06
7.421620000000000000e+05
8.555570000000000000e+05
9.035100000000000000e+04
6.148430000000000000e+05
4.556480000000000000e+05
4.544070000000000000e+05
1.667014000000000000e+06
5.200070000000000000e+05
7.200000000000000000e+03
4.634240000000000000e+05
4.768440000000000000e+05
8.005240000000000000e+05
6.895180000000000000e+05
5.929040000000000000e+05
5.541300000000000000e+04
6.330110000000000000e+05
7.327920000000000000e+05
5.593930000000000000e+05
1.552493000000000000e+06
3.622450000000000000e+05
5.392000000000000000e+03
3.830390000000000000e+05
4.439250000000000000e+05
8.376050000000000000e+05
1.171519000000000000e+06
1.440829000000000000e+06
7.601600000000000000e+04
1.378499000000000000e+06
1.432883000000000000e+06
1.687016000000000000e+06
2.396008000000000000e+06
1.227540000000000000e+06
7.841000000000000000e+04
1.289372000000000000e+06
1.826771000000000000e+06
2.215348000000000000e+06
2.229088000000000000e+06
2.550791000000000000e+06
1.943820000000000000e+05
2.245529000000000000e+06
1.463664000000000000e+06
1.036078000000000000e+06
2.608102000000000000e+06
1.886542000000000000e+06
9.833200000000000000e+04
1.808453000000000000e+06
1.701965000000000000e+06
1.390901000000000000e+06
4.558270000000000000e+05
9.252410000000000000e+05
8.862600000000000000e+04
1.319627000000000000e+06
1.721170000000000000e+06
1.881155000000000000e+06
2.369156000000000000e+06
1.075771000000000000e+06
7.748700000000000000e+04
8.446330000000000000e+05
8.306250000000000000e+05
1.008308000000000000e+06
1.018984000000000000e+06
1.028681000000000000e+06
3.935100000000000000e+04
1.547511000000000000e+06
2.200088000000000000e+06
2.335551000000000000e+06
2.993139000000000000e+06
1.677309000000000000e+06
8.540700000000000000e+04
1.400487000000000000e+06
1.078337000000000000e+06
1.092425000000000000e+06
6.518250000000000000e+05
7.985760000000000000e+05
7.204700000000000000e+04
1.148266000000000000e+06
1.340422000000000000e+06
1.700604000000000000e+06
2.952000000000000000e+06
2.732601000000000000e+06
1.076830000000000000e+05
3.438788000000000000e+06
3.005437000000000000e+06
2.309422000000000000e+06
1.445851000000000000e+06
1.172320000000000000e+06
7.826900000000000000e+04
1.293718000000000000e+06
1.111927000000000000e+06
9.471970000000000000e+05
2.043270000000000000e+06
9.004700000000000000e+05
4.925000000000000000e+04
7.867010000000000000e+05
7.694720000000000000e+05
8.475000000000000000e+05
5.484290000000000000e+05
4.210180000000000000e+05
2.269400000000000000e+04
3.305360000000000000e+05
3.696760000000000000e+05
3.878100000000000000e+05
1.603077000000000000e+06
6.236580000000000000e+05
3.458000000000000000e+04
7.431510000000000000e+05
9.497380000000000000e+05
1.252578000000000000e+06
1.121735000000000000e+06
9.977340000000000000e+05
9.542800000000000000e+04
1.677107000000000000e+06
2.082796000000000000e+06
