3.473120000000000000e+06
2.241947000000000000e+06
9.559200000000000000e+04
2.418177000000000000e+06
2.406890000000000000e+06
1.713116000000000000e+06
2.076680000000000000e+06
2.321725000000000000e+06
1.261680000000000000e+05
2.170205000000000000e+06
1.582890000000000000e+06
2.936356000000000000e+06
2.688071000000000000e+06
1.660567000000000000e+06
9.251400000000000000e+04
1.108904000000000000e+06
1.312824000000000000e+06
1.505548000000000000e+06
1.421497000000000000e+06
1.661836000000000000e+06
1.411500000000000000e+05
2.151415000000000000e+06
1.793166000000000000e+06
1.370809000000000000e+06
2.227358000000000000e+06
1.172187000000000000e+06
5.377800000000000000e+04
1.053288000000000000e+06
1.258272000000000000e+06
1.205034000000000000e+06
1.079648000000000000e+06
9.903120000000000000e+05
1.050990000000000000e+05
1.176548000000000000e+06
1.259326000000000000e+06
1.587443000000000000e+06
2.350275000000000000e+06
1.222133000000000000e+06
5.433700000000000000e+04
1.148419000000000000e+06
9.610670000000000000e+05
1.280157000000000000e+06
1.661268000000000000e+06
1.802583000000000000e+06
1.644930000000000000e+05
1.602553000000000000e+06
1.153451000000000000e+06
1.076140000000000000e+06
1.904591000000000000e+06
1.224582000000000000e+06
7.791400000000000000e+04
1.250293000000000000e+06
1.339175000000000000e+06
1.283349000000000000e+06
9.951700000000000000e+05
6.836190000000000000e+05
4.385800000000000000e+04
1.210777000000000000e+06
1.647360000000000000e+06
1.965939000000000000e+06
2.631279000000000000e+06
1.450545000000000000e+06
7.157400000000000000e+04
9.975290000000000000e+05
8.509490000000000000e+05
5.833850000000000000e+05
3.712000000000000000e+05
3.291150000000000000e+05
2.089100000000000000e+04
2.866740000000000000e+05
2.244630000000000000e+05
4.200880000000000000e+05
1.321846000000000000e+06
2.010720000000000000e+05
9.079000000000000000e+03
1.139270000000000000e+05
2.245230000000000000e+05
2.186650000000000000e+05
2.482810000000000000e+05
2.304090000000000000e+05
2.847500000000000000e+04
2.436940000000000000e+05
6.015090000000000000e+05
1.227182000000000000e+06
2.101052000000000000e+06
1.523841000000000000e+06
7.543100000000000000e+04
1.225742000000000000e+06
8.930380000000000000e+05
1.097717000000000000e+06
7.309300000000000000e+05
7.730340000000000000e+05
3.979200000000000000e+04
5.896150000000000000e+05
8.127660000000000000e+05
7.013480000000000000e+05
1.660000000000000000e+06
5.072120000000000000e+05
1.974300000000000000e+04
5.293480000000000000e+05
3.178130000000000000e+05
2.947360000000000000e+05
2.514170000000000000e+05
2.232550000000000000e+05
5.618000000000000000e+03
2.432100000000000000e+05
1.976830000000000000e+05
4.744720000000000000e+05
1.186502000000000000e+06
3.664210000000000000e+05
1.302000000000000000e+04
3.705720000000000000e+05
4.498070000000000000e+05
3.803090000000000000e+05
4.018540000000000000e+05
4.739820000000000000e+05
3.614800000000000000e+04
5.222240000000000000e+05
7.374860000000000000e+05
1.244742000000000000e+06
2.069862000000000000e+06
1.294973000000000000e+06
4.983900000000000000e+04
1.416408000000000000e+06
1.511880000000000000e+06
1.465424000000000000e+06
1.237238000000000000e+06
9.958320000000000000e+05
6.790600000000000000e+04
9.540560000000000000e+05
1.225529000000000000e+06
1.601342000000000000e+06
2.602039000000000000e+06
1.790924000000000000e+06
1.003230000000000000e+05
1.972515000000000000e+06
1.905501000000000000e+06
1.416278000000000000e+06
9.748810000000000000e+05
5.166250000000000000e+05
4.402000000000000000e+04
6.752400000000000000e+05
7.820350000000000000e+05
8.506290000000000000e+05
1.659464000000000000e+06
5.937070000000000000e+05
1.702900000000000000e+04
8.543060000000000000e+05
1.126852000000000000e+06
