3.061281000000000000e+06
2.925324000000000000e+06
9.799000000000000000e+04
2.310634000000000000e+06
2.447382000000000000e+06
2.538407000000000000e+06
3.316256000000000000e+06
2.592749000000000000e+06
1.306250000000000000e+05
2.395916000000000000e+06
2.340037000000000000e+06
3.659870000000000000e+06
2.250178000000000000e+06
2.225376000000000000e+06
2.238110000000000000e+05
2.053767000000000000e+06
1.982986000000000000e+06
1.932624000000000000e+06
2.881224000000000000e+06
1.513965000000000000e+06
1.487100000000000000e+05
1.258805000000000000e+06
1.171537000000000000e+06
1.327418000000000000e+06
8.833290000000000000e+05
8.982230000000000000e+05
8.208400000000000000e+04
7.052180000000000000e+05
6.170840000000000000e+05
5.864700000000000000e+05
1.661329000000000000e+06
4.919440000000000000e+05
2.169700000000000000e+04
4.993140000000000000e+05
6.103790000000000000e+05
9.262280000000000000e+05
9.737920000000000000e+05
1.460359000000000000e+06
1.438960000000000000e+05
1.983499000000000000e+06
2.404871000000000000e+06
2.593668000000000000e+06
3.571741000000000000e+06
2.765128000000000000e+06
1.667990000000000000e+05
2.532472000000000000e+06
2.242941000000000000e+06
2.143705000000000000e+06
1.636556000000000000e+06
1.361324000000000000e+06
8.473500000000000000e+04
1.046824000000000000e+06
8.596750000000000000e+05
6.949730000000000000e+05
1.854986000000000000e+06
4.952750000000000000e+05
2.395900000000000000e+04
5.010150000000000000e+05
5.455510000000000000e+05
1.577817000000000000e+06
2.037878000000000000e+06
2.137970000000000000e+06
1.057470000000000000e+05
2.084971000000000000e+06
1.613401000000000000e+06
1.542992000000000000e+06
2.644508000000000000e+06
1.176017000000000000e+06
7.831400000000000000e+04
8.617040000000000000e+05
7.906230000000000000e+05
9.595610000000000000e+05
5.944910000000000000e+05
5.352000000000000000e+05
5.064200000000000000e+04
6.007890000000000000e+05
4.635280000000000000e+05
3.494590000000000000e+05
1.570862000000000000e+06
5.019030000000000000e+05
1.480100000000000000e+04
1.714856000000000000e+06
2.553913000000000000e+06
3.911461000000000000e+06
4.919687000000000000e+06
5.862759000000000000e+06
4.172800000000000000e+04
6.360161000000000000e+06
7.083752000000000000e+06
8.072168000000000000e+06
9.874474000000000000e+06
1.047131600000000000e+07
9.307200000000000000e+04
1.142894800000000000e+07
1.078929300000000000e+07
1.153921400000000000e+07
1.276416700000000000e+07
1.420028100000000000e+07
2.284390000000000000e+05
1.816345400000000000e+07
2.203470000000000000e+07
1.594549600000000000e+07
1.520222500000000000e+07
1.301666100000000000e+07
9.205400000000000000e+04
9.910968000000000000e+06
6.219064000000000000e+06
1.110641000000000000e+06
3.417198000000000000e+06
3.293261000000000000e+06
4.779500000000000000e+04
4.305261000000000000e+06
4.614099000000000000e+06
4.291144000000000000e+06
5.844713000000000000e+06
3.807005000000000000e+06
1.097480000000000000e+05
3.713321000000000000e+06
3.471763000000000000e+06
3.184854000000000000e+06
2.125532000000000000e+06
2.513585000000000000e+06
2.406110000000000000e+05
3.586353000000000000e+06
4.448669000000000000e+06
4.538261000000000000e+06
6.111757000000000000e+06
4.168325000000000000e+06
1.016050000000000000e+05
4.203583000000000000e+06
4.344426000000000000e+06
3.540327000000000000e+06
3.004849000000000000e+06
3.342638000000000000e+06
4.651700000000000000e+04
1.071402000000000000e+06
8.943610000000000000e+05
1.162389000000000000e+06
3.468492000000000000e+06
7.134980000000000000e+05
3.787800000000000000e+04
3.353770000000000000e+05
2.640360000000000000e+05
6.677520000000000000e+05
3.749850000000000000e+05
7.008250000000000000e+05
3.692300000000000000e+04
1.417647000000000000e+06
1.763871000000000000e+06
