1.381227000000000000e+06
1.731249000000000000e+06
1.232620000000000000e+05
1.762291000000000000e+06
1.683125000000000000e+06
1.332739000000000000e+06
2.589367000000000000e+06
1.585887000000000000e+06
6.901500000000000000e+04
8.374010000000000000e+05
1.301181000000000000e+06
1.389710000000000000e+06
1.279353000000000000e+06
1.388220000000000000e+06
9.870800000000000000e+04
1.039087000000000000e+06
9.581350000000000000e+05
9.031270000000000000e+05
2.324481000000000000e+06
1.446351000000000000e+06
6.990200000000000000e+04
1.178736000000000000e+06
1.665716000000000000e+06
2.377949000000000000e+06
2.154979000000000000e+06
1.983036000000000000e+06
1.240240000000000000e+05
1.606267000000000000e+06
1.272420000000000000e+06
1.503427000000000000e+06
3.104726000000000000e+06
2.595584000000000000e+06
1.866960000000000000e+05
2.455969000000000000e+06
2.417808000000000000e+06
2.233947000000000000e+06
1.215684000000000000e+06
1.413755000000000000e+06
1.045550000000000000e+05
8.410100000000000000e+05
1.348079000000000000e+06
1.748600000000000000e+06
3.048156000000000000e+06
1.054186000000000000e+06
4.274900000000000000e+04
7.282040000000000000e+05
5.811520000000000000e+05
7.997450000000000000e+05
3.999590000000000000e+05
2.207950000000000000e+05
5.856000000000000000e+03
2.541010000000000000e+05
4.519090000000000000e+05
6.460280000000000000e+05
2.091560000000000000e+06
1.568836000000000000e+06
8.418300000000000000e+04
1.293642000000000000e+06
1.367618000000000000e+06
1.460049000000000000e+06
7.642460000000000000e+05
9.371910000000000000e+05
6.682100000000000000e+04
1.145899000000000000e+06
1.137906000000000000e+06
7.432880000000000000e+05
2.188270000000000000e+06
1.627460000000000000e+06
1.099250000000000000e+05
1.227314000000000000e+06
8.938730000000000000e+05
1.023872000000000000e+06
1.355831000000000000e+06
1.501694000000000000e+06
9.025100000000000000e+04
1.023432000000000000e+06
5.341450000000000000e+05
1.221285000000000000e+06
2.513896000000000000e+06
1.532567000000000000e+06
6.652800000000000000e+04
8.659820000000000000e+05
9.435140000000000000e+05
1.642693000000000000e+06
1.269116000000000000e+06
9.817370000000000000e+05
6.501500000000000000e+04
7.719760000000000000e+05
1.370690000000000000e+06
1.293454000000000000e+06
2.528552000000000000e+06
1.235926000000000000e+06
5.929400000000000000e+04
5.543880000000000000e+05
8.596640000000000000e+05
1.776813000000000000e+06
1.680592000000000000e+06
1.434956000000000000e+06
8.622300000000000000e+04
7.297810000000000000e+05
4.230990000000000000e+05
6.333900000000000000e+05
2.663044000000000000e+06
9.199740000000000000e+05
4.527500000000000000e+04
4.334040000000000000e+05
4.892980000000000000e+05
9.054430000000000000e+05
4.955840000000000000e+05
4.055660000000000000e+05
1.863800000000000000e+04
3.283220000000000000e+05
3.761460000000000000e+05
2.873680000000000000e+05
2.843794000000000000e+06
7.254160000000000000e+05
2.349300000000000000e+04
2.738550000000000000e+05
3.563690000000000000e+05
1.216994000000000000e+06
1.236771000000000000e+06
1.714578000000000000e+06
1.073010000000000000e+05
1.957242000000000000e+06
2.029712000000000000e+06
1.956376000000000000e+06
4.207952000000000000e+06
2.479885000000000000e+06
1.008840000000000000e+05
2.344781000000000000e+06
2.652260000000000000e+06
3.048001000000000000e+06
2.390764000000000000e+06
2.244262000000000000e+06
1.915400000000000000e+05
2.205359000000000000e+06
2.354895000000000000e+06
2.615182000000000000e+06
5.344885000000000000e+06
3.574008000000000000e+06
1.638000000000000000e+05
3.046114000000000000e+06
2.988016000000000000e+06
3.203231000000000000e+06
2.698985000000000000e+06
2.831632000000000000e+06
1.502980000000000000e+05
2.722503000000000000e+06
2.505033000000000000e+06
