4.260891000000000000e+06
1.718804000000000000e+06
6.954400000000000000e+04
1.406307000000000000e+06
1.367826000000000000e+06
1.182712000000000000e+06
1.307595000000000000e+06
1.320964000000000000e+06
8.586200000000000000e+04
1.444646000000000000e+06
2.096163000000000000e+06
2.952972000000000000e+06
5.168784000000000000e+06
2.896640000000000000e+06
1.391540000000000000e+05
2.550092000000000000e+06
2.144710000000000000e+06
2.471671000000000000e+06
2.427200000000000000e+06
1.978422000000000000e+06
1.592780000000000000e+05
1.733458000000000000e+06
1.654618000000000000e+06
1.959567000000000000e+06
4.124182000000000000e+06
2.061146000000000000e+06
6.262300000000000000e+04
2.179185000000000000e+06
1.673694000000000000e+06
1.497666000000000000e+06
7.600790000000000000e+05
1.521721000000000000e+06
1.065640000000000000e+05
1.424674000000000000e+06
9.706140000000000000e+05
1.206827000000000000e+06
3.138690000000000000e+06
7.063202000000000000e+06
2.216120000000000000e+05
1.391784200000000000e+07
1.830654200000000000e+07
2.079708600000000000e+07
2.048491700000000000e+07
1.878320000000000000e+07
2.129810000000000000e+05
1.577971800000000000e+07
1.240863100000000000e+07
9.061585000000000000e+06
5.836802000000000000e+06
1.580719000000000000e+06
4.268100000000000000e+04
2.018701000000000000e+06
2.415128000000000000e+06
5.096274000000000000e+06
7.064721000000000000e+06
8.342361000000000000e+06
7.095700000000000000e+04
8.980728000000000000e+06
1.037003600000000000e+07
1.096694200000000000e+07
1.022032500000000000e+07
7.806568000000000000e+06
8.959800000000000000e+04
5.095396000000000000e+06
1.613538000000000000e+06
2.472120000000000000e+05
3.746290000000000000e+05
5.538010000000000000e+05
4.692500000000000000e+04
5.640710000000000000e+05
6.224750000000000000e+05
7.868200000000000000e+05
1.596827000000000000e+06
5.509650000000000000e+05
1.727400000000000000e+04
3.665290000000000000e+05
3.800120000000000000e+05
3.159470000000000000e+05
3.297150000000000000e+05
2.148600000000000000e+05
9.828000000000000000e+03
2.138000000000000000e+05
1.690890000000000000e+05
3.624270000000000000e+05
7.796900000000000000e+05
2.729190000000000000e+05
1.827700000000000000e+04
1.835270000000000000e+05
1.616450000000000000e+05
1.509760000000000000e+05
1.054940000000000000e+05
9.231900000000000000e+04
1.166000000000000000e+03
1.514770000000000000e+05
1.682260000000000000e+05
2.806560000000000000e+05
6.778640000000000000e+05
2.753260000000000000e+05
1.020000000000000000e+04
2.538370000000000000e+05
3.353060000000000000e+05
5.661970000000000000e+05
7.149960000000000000e+05
6.923150000000000000e+05
4.956500000000000000e+04
4.648600000000000000e+05
2.223620000000000000e+05
3.607600000000000000e+05
8.398700000000000000e+05
2.830220000000000000e+05
2.166500000000000000e+04
1.727830000000000000e+05
1.152390000000000000e+05
1.625650000000000000e+05
1.206870000000000000e+05
1.317000000000000000e+05
5.840000000000000000e+02
1.822590000000000000e+05
1.968400000000000000e+05
3.135240000000000000e+05
7.249910000000000000e+05
2.179860000000000000e+05
5.546000000000000000e+03
1.975800000000000000e+05
1.493680000000000000e+05
1.818920000000000000e+05
1.722610000000000000e+05
1.683530000000000000e+05
1.799000000000000000e+03
1.328520000000000000e+05
1.505310000000000000e+05
2.498290000000000000e+05
7.197190000000000000e+05
1.711580000000000000e+05
3.589000000000000000e+03
1.776510000000000000e+05
3.770060000000000000e+05
6.098380000000000000e+05
6.643090000000000000e+05
5.757890000000000000e+05
5.907200000000000000e+04
6.671520000000000000e+05
7.772010000000000000e+05
8.179240000000000000e+05
1.100680000000000000e+06
4.924890000000000000e+05
2.481600000000000000e+04
5.058360000000000000e+05
5.475690000000000000e+05
