1.661366000000000000e+06
2.238187000000000000e+06
1.749196000000000000e+06
1.720564000000000000e+06
1.636386000000000000e+06
1.597916000000000000e+06
1.657962000000000000e+06
1.717839000000000000e+06
1.707470000000000000e+06
1.621429000000000000e+06
1.617216000000000000e+06
1.922703000000000000e+06
1.792735000000000000e+06
2.334282000000000000e+06
1.951195000000000000e+06
2.053408000000000000e+06
1.790870000000000000e+06
1.754640000000000000e+06
1.773252000000000000e+06
1.707241000000000000e+06
1.667302000000000000e+06
1.605958000000000000e+06
1.525230000000000000e+06
1.669612000000000000e+06
1.621104000000000000e+06
2.497656000000000000e+06
1.656875000000000000e+06
1.329139000000000000e+06
1.424645000000000000e+06
1.271686000000000000e+06
1.232841000000000000e+06
1.187979000000000000e+06
1.198932000000000000e+06
1.282289000000000000e+06
1.495141000000000000e+06
1.418322000000000000e+06
1.197892000000000000e+06
2.123807000000000000e+06
8.878250000000000000e+05
6.869420000000000000e+05
7.061700000000000000e+05
8.274450000000000000e+05
9.496010000000000000e+05
1.054050000000000000e+06
1.227424000000000000e+06
1.372029000000000000e+06
1.503884000000000000e+06
1.848124000000000000e+06
1.739590000000000000e+06
2.709147000000000000e+06
2.036947000000000000e+06
2.055199000000000000e+06
1.869535000000000000e+06
1.860619000000000000e+06
1.846094000000000000e+06
1.763057000000000000e+06
1.788408000000000000e+06
1.759903000000000000e+06
1.693545000000000000e+06
1.835111000000000000e+06
1.736121000000000000e+06
2.377578000000000000e+06
1.754029000000000000e+06
1.547185000000000000e+06
1.465741000000000000e+06
1.420571000000000000e+06
1.326354000000000000e+06
1.317373000000000000e+06
1.170331000000000000e+06
1.200545000000000000e+06
1.171211000000000000e+06
1.310180000000000000e+06
1.174753000000000000e+06
1.939796000000000000e+06
1.048751000000000000e+06
7.834600000000000000e+05
6.822930000000000000e+05
5.466260000000000000e+05
5.378790000000000000e+05
6.263110000000000000e+05
6.201580000000000000e+05
6.618240000000000000e+05
6.315060000000000000e+05
9.393200000000000000e+05
9.321350000000000000e+05
1.700401000000000000e+06
1.161846000000000000e+06
1.183177000000000000e+06
1.341912000000000000e+06
1.453502000000000000e+06
1.513501000000000000e+06
1.556820000000000000e+06
1.659163000000000000e+06
1.831357000000000000e+06
1.789744000000000000e+06
1.952434000000000000e+06
1.904438000000000000e+06
2.948276000000000000e+06
2.082637000000000000e+06
1.871392000000000000e+06
1.810229000000000000e+06
1.734508000000000000e+06
1.702488000000000000e+06
1.607784000000000000e+06
1.472844000000000000e+06
1.359076000000000000e+06
1.259269000000000000e+06
1.443216000000000000e+06
1.329815000000000000e+06
2.050140000000000000e+06
1.437308000000000000e+06
1.224312000000000000e+06
1.175657000000000000e+06
1.194129000000000000e+06
1.231733000000000000e+06
1.146782000000000000e+06
1.121392000000000000e+06
1.122729000000000000e+06
9.945460000000000000e+05
1.073169000000000000e+06
9.591570000000000000e+05
1.761011000000000000e+06
1.083755000000000000e+06
8.567380000000000000e+05
9.120030000000000000e+05
8.987870000000000000e+05
8.588920000000000000e+05
8.580700000000000000e+05
8.258290000000000000e+05
8.888790000000000000e+05
9.170730000000000000e+05
1.005152000000000000e+06
9.361960000000000000e+05
1.760438000000000000e+06
1.157974000000000000e+06
8.808720000000000000e+05
7.607110000000000000e+05
6.255370000000000000e+05
6.504530000000000000e+05
6.219970000000000000e+05
5.009520000000000000e+05
5.743230000000000000e+05
5.729380000000000000e+05
8.034850000000000000e+05
8.623020000000000000e+05
1.949632000000000000e+06
8.108950000000000000e+05
6.417560000000000000e+05
