9.401040000000000000e+05
2.515847000000000000e+06
1.253477000000000000e+06
4.406720000000000000e+05
1.770540000000000000e+05
3.272250000000000000e+05
4.585080000000000000e+05
5.630310000000000000e+05
6.116490000000000000e+05
5.375800000000000000e+05
7.001520000000000000e+05
7.817040000000000000e+05
6.518800000000000000e+05
1.962863000000000000e+06
6.951270000000000000e+05
5.878900000000000000e+05
6.779090000000000000e+05
7.092220000000000000e+05
6.119680000000000000e+05
4.663420000000000000e+05
3.322670000000000000e+05
3.405060000000000000e+05
4.349930000000000000e+05
7.568050000000000000e+05
7.301980000000000000e+05
1.731174000000000000e+06
9.152370000000000000e+05
1.006415000000000000e+06
1.052981000000000000e+06
1.120206000000000000e+06
1.223091000000000000e+06
1.107168000000000000e+06
1.175833000000000000e+06
1.295774000000000000e+06
1.599316000000000000e+06
1.960767000000000000e+06
2.054523000000000000e+06
2.801149000000000000e+06
2.326678000000000000e+06
2.236050000000000000e+06
2.009201000000000000e+06
1.665014000000000000e+06
1.548568000000000000e+06
1.560339000000000000e+06
1.566987000000000000e+06
1.600237000000000000e+06
1.767474000000000000e+06
1.738726000000000000e+06
1.688872000000000000e+06
2.724235000000000000e+06
2.170334000000000000e+06
2.040438000000000000e+06
1.715755000000000000e+06
1.785534000000000000e+06
2.105600000000000000e+06
2.199917000000000000e+06
1.990306000000000000e+06
2.103856000000000000e+06
2.235008000000000000e+06
2.359773000000000000e+06
2.258773000000000000e+06
2.967978000000000000e+06
2.774872000000000000e+06
2.641493000000000000e+06
2.550632000000000000e+06
2.486871000000000000e+06
2.345722000000000000e+06
2.297036000000000000e+06
2.486011000000000000e+06
2.528425000000000000e+06
2.317352000000000000e+06
2.573927000000000000e+06
2.468485000000000000e+06
3.149595000000000000e+06
2.477280000000000000e+06
2.432180000000000000e+06
2.477241000000000000e+06
2.684550000000000000e+06
2.356316000000000000e+06
2.185307000000000000e+06
2.038958000000000000e+06
2.070018000000000000e+06
1.813509000000000000e+06
1.853729000000000000e+06
1.666890000000000000e+06
2.856058000000000000e+06
1.806166000000000000e+06
1.563456000000000000e+06
1.536623000000000000e+06
1.465936000000000000e+06
1.349921000000000000e+06
1.435627000000000000e+06
1.546728000000000000e+06
1.443946000000000000e+06
1.802614000000000000e+06
1.888092000000000000e+06
1.761748000000000000e+06
3.222571000000000000e+06
1.989461000000000000e+06
1.757557000000000000e+06
1.487623000000000000e+06
1.067916000000000000e+06
1.743181000000000000e+06
1.968568000000000000e+06
1.698008000000000000e+06
9.904490000000000000e+05
7.979850000000000000e+05
1.450924000000000000e+06
1.514682000000000000e+06
2.585614000000000000e+06
1.609544000000000000e+06
8.551230000000000000e+05
1.124620000000000000e+06
1.658011000000000000e+06
1.734151000000000000e+06
1.500607000000000000e+06
9.816420000000000000e+05
1.185198000000000000e+06
1.293836000000000000e+06
1.885316000000000000e+06
1.897536000000000000e+06
3.386285000000000000e+06
2.248119000000000000e+06
1.359259000000000000e+06
1.833589000000000000e+06
2.207764000000000000e+06
2.096112000000000000e+06
2.056834000000000000e+06
1.808681000000000000e+06
1.685006000000000000e+06
1.917559000000000000e+06
2.312396000000000000e+06
2.296182000000000000e+06
3.126491000000000000e+06
2.005717000000000000e+06
2.174871000000000000e+06
2.314548000000000000e+06
2.307644000000000000e+06
2.163792000000000000e+06
2.022992000000000000e+06
1.821502000000000000e+06
1.580101000000000000e+06
1.405219000000000000e+06
1.507061000000000000e+06
1.344372000000000000e+06
2.338387000000000000e+06
1.504547000000000000e+06
1.446329000000000000e+06
