1.295930000000000000e+06
1.263946000000000000e+06
1.122496000000000000e+06
9.100340000000000000e+05
1.033712000000000000e+06
1.118129000000000000e+06
9.916680000000000000e+05
9.511350000000000000e+05
2.188871000000000000e+06
1.373935000000000000e+06
1.281856000000000000e+06
1.514345000000000000e+06
1.915400000000000000e+06
2.141380000000000000e+06
2.291716000000000000e+06
2.643292000000000000e+06
2.780370000000000000e+06
2.751220000000000000e+06
2.698546000000000000e+06
2.771659000000000000e+06
3.526566000000000000e+06
2.827039000000000000e+06
2.727137000000000000e+06
2.772844000000000000e+06
2.662736000000000000e+06
2.742463000000000000e+06
2.571164000000000000e+06
2.808265000000000000e+06
2.859348000000000000e+06
2.949443000000000000e+06
2.646284000000000000e+06
2.429132000000000000e+06
3.427011000000000000e+06
3.071775000000000000e+06
2.914529000000000000e+06
2.801485000000000000e+06
2.793642000000000000e+06
2.530245000000000000e+06
2.440617000000000000e+06
2.350416000000000000e+06
2.375502000000000000e+06
2.256541000000000000e+06
2.316832000000000000e+06
3.034515000000000000e+06
4.341934000000000000e+06
3.424753000000000000e+06
3.359775000000000000e+06
3.400097000000000000e+06
3.060933000000000000e+06
2.859239000000000000e+06
2.767058000000000000e+06
2.813791000000000000e+06
2.714220000000000000e+06
2.932145000000000000e+06
3.392676000000000000e+06
3.214310000000000000e+06
3.924921000000000000e+06
2.844976000000000000e+06
2.523857000000000000e+06
1.853201000000000000e+06
1.587508000000000000e+06
1.687572000000000000e+06
1.422706000000000000e+06
1.163441000000000000e+06
1.286901000000000000e+06
1.178863000000000000e+06
1.033043000000000000e+06
1.000577000000000000e+06
2.137418000000000000e+06
1.140769000000000000e+06
1.244520000000000000e+06
1.558969000000000000e+06
1.240460000000000000e+06
9.759180000000000000e+05
8.422720000000000000e+05
6.990160000000000000e+05
7.666380000000000000e+05
8.429740000000000000e+05
7.576030000000000000e+05
6.832010000000000000e+05
2.417710000000000000e+06
7.426970000000000000e+05
1.220648000000000000e+06
8.684710000000000000e+05
4.841590000000000000e+05
3.377630000000000000e+05
4.398450000000000000e+05
5.218300000000000000e+05
6.244590000000000000e+05
8.829230000000000000e+05
9.263520000000000000e+05
9.701650000000000000e+05
2.390051000000000000e+06
1.653961000000000000e+06
1.220725000000000000e+06
1.276870000000000000e+06
1.110083000000000000e+06
9.410610000000000000e+05
6.545590000000000000e+05
6.466730000000000000e+05
5.826350000000000000e+05
4.696960000000000000e+05
4.634180000000000000e+05
4.197490000000000000e+05
2.105301000000000000e+06
1.033919000000000000e+06
1.146629000000000000e+06
1.044785000000000000e+06
7.115560000000000000e+05
1.033125000000000000e+06
1.252089000000000000e+06
1.055809000000000000e+06
1.024835000000000000e+06
1.106438000000000000e+06
1.084096000000000000e+06
1.239459000000000000e+06
2.541684000000000000e+06
1.794969000000000000e+06
2.023519000000000000e+06
2.269038000000000000e+06
1.896157000000000000e+06
1.345542000000000000e+06
1.746639000000000000e+06
2.337506000000000000e+06
2.523666000000000000e+06
2.765683000000000000e+06
2.922432000000000000e+06
2.609759000000000000e+06
3.462524000000000000e+06
2.429121000000000000e+06
1.933800000000000000e+06
1.763431000000000000e+06
1.510677000000000000e+06
1.394814000000000000e+06
1.388894000000000000e+06
1.172804000000000000e+06
1.052934000000000000e+06
1.064003000000000000e+06
1.199308000000000000e+06
1.283307000000000000e+06
2.835268000000000000e+06
1.532285000000000000e+06
1.524035000000000000e+06
1.749332000000000000e+06
1.627906000000000000e+06
1.692027000000000000e+06
1.934125000000000000e+06
2.114087000000000000e+06
