2.325135000000000000e+06
2.163453000000000000e+06
2.159691000000000000e+06
3.219224000000000000e+06
1.897646000000000000e+06
1.268458000000000000e+06
8.855260000000000000e+05
7.373130000000000000e+05
5.410210000000000000e+05
5.095230000000000000e+05
6.845360000000000000e+05
9.672340000000000000e+05
8.153430000000000000e+05
9.582620000000000000e+05
9.877010000000000000e+05
2.486914000000000000e+06
1.548813000000000000e+06
1.652749000000000000e+06
1.472301000000000000e+06
1.189663000000000000e+06
9.891930000000000000e+05
9.755730000000000000e+05
1.067270000000000000e+06
1.188618000000000000e+06
9.982560000000000000e+05
1.519297000000000000e+06
1.882260000000000000e+06
3.599560000000000000e+06
2.972027000000000000e+06
2.561223000000000000e+06
2.900823000000000000e+06
3.114740000000000000e+06
3.152789000000000000e+06
3.001914000000000000e+06
2.925940000000000000e+06
3.594236000000000000e+06
3.755743000000000000e+06
4.013127000000000000e+06
3.717136000000000000e+06
4.195443000000000000e+06
2.883099000000000000e+06
2.687461000000000000e+06
2.444622000000000000e+06
2.668972000000000000e+06
2.769989000000000000e+06
2.899257000000000000e+06
3.173258000000000000e+06
3.728862000000000000e+06
3.714926000000000000e+06
3.466540000000000000e+06
3.399484000000000000e+06
4.112692000000000000e+06
3.167755000000000000e+06
3.183453000000000000e+06
3.357316000000000000e+06
3.533105000000000000e+06
3.697701000000000000e+06
3.735731000000000000e+06
3.704239000000000000e+06
3.741514000000000000e+06
3.430544000000000000e+06
3.187924000000000000e+06
3.673816000000000000e+06
4.864984000000000000e+06
4.101191000000000000e+06
3.972546000000000000e+06
3.619204000000000000e+06
3.200684000000000000e+06
2.782952000000000000e+06
2.398258000000000000e+06
2.216806000000000000e+06
2.400383000000000000e+06
2.401588000000000000e+06
2.431965000000000000e+06
2.182934000000000000e+06
2.729779000000000000e+06
2.003823000000000000e+06
1.736120000000000000e+06
1.536305000000000000e+06
1.660606000000000000e+06
1.682018000000000000e+06
1.607305000000000000e+06
1.821451000000000000e+06
1.780394000000000000e+06
1.529536000000000000e+06
1.504235000000000000e+06
1.627210000000000000e+06
2.743243000000000000e+06
2.080047000000000000e+06
2.265280000000000000e+06
2.414875000000000000e+06
2.780247000000000000e+06
2.889054000000000000e+06
2.967341000000000000e+06
2.864376000000000000e+06
2.747011000000000000e+06
2.428712000000000000e+06
2.348041000000000000e+06
2.511797000000000000e+06
3.361313000000000000e+06
2.285945000000000000e+06
1.895779000000000000e+06
1.841585000000000000e+06
1.492204000000000000e+06
1.386883000000000000e+06
1.508501000000000000e+06
1.405028000000000000e+06
1.324919000000000000e+06
1.325080000000000000e+06
1.425820000000000000e+06
1.396074000000000000e+06
2.422813000000000000e+06
1.179358000000000000e+06
1.115755000000000000e+06
1.375471000000000000e+06
1.653069000000000000e+06
1.748366000000000000e+06
1.834355000000000000e+06
1.701136000000000000e+06
1.685620000000000000e+06
1.547996000000000000e+06
1.421257000000000000e+06
1.179012000000000000e+06
2.912974000000000000e+06
1.662328000000000000e+06
1.136395000000000000e+06
1.233839000000000000e+06
1.283315000000000000e+06
1.527063000000000000e+06
2.071778000000000000e+06
2.715583000000000000e+06
3.352322000000000000e+06
3.811762000000000000e+06
3.873666000000000000e+06
3.693263000000000000e+06
4.235679000000000000e+06
3.293005000000000000e+06
3.134151000000000000e+06
2.993232000000000000e+06
2.852413000000000000e+06
3.114388000000000000e+06
3.148406000000000000e+06
2.764300000000000000e+06
2.333331000000000000e+06
1.500831000000000000e+06
1.449274000000000000e+06
1.651284000000000000e+06
3.367420000000000000e+06
