1.590706000000000000e+06
1.520966000000000000e+06
1.550718000000000000e+06
1.424709000000000000e+06
1.303623000000000000e+06
1.170358000000000000e+06
1.587334000000000000e+06
2.016360000000000000e+06
2.131645000000000000e+06
2.277095000000000000e+06
3.206092000000000000e+06
2.013768000000000000e+06
1.697523000000000000e+06
1.381737000000000000e+06
1.579254000000000000e+06
1.420038000000000000e+06
1.356751000000000000e+06
1.295404000000000000e+06
1.411476000000000000e+06
1.687874000000000000e+06
1.709008000000000000e+06
1.646873000000000000e+06
2.393230000000000000e+06
1.459756000000000000e+06
1.288920000000000000e+06
1.134250000000000000e+06
1.094391000000000000e+06
1.066940000000000000e+06
9.766390000000000000e+05
8.304000000000000000e+05
8.421060000000000000e+05
7.689570000000000000e+05
7.980430000000000000e+05
8.117800000000000000e+05
1.751434000000000000e+06
7.783610000000000000e+05
6.279600000000000000e+05
7.062680000000000000e+05
6.601720000000000000e+05
6.786110000000000000e+05
6.524570000000000000e+05
5.441450000000000000e+05
3.306180000000000000e+05
3.020060000000000000e+05
5.791120000000000000e+05
5.711850000000000000e+05
1.573506000000000000e+06
7.107510000000000000e+05
3.262430000000000000e+05
1.327380000000000000e+05
2.744330000000000000e+05
3.654570000000000000e+05
3.963700000000000000e+05
3.521980000000000000e+05
5.916460000000000000e+05
5.897790000000000000e+05
6.327810000000000000e+05
8.127760000000000000e+05
1.664627000000000000e+06
1.088559000000000000e+06
1.068368000000000000e+06
1.156340000000000000e+06
1.059142000000000000e+06
9.592980000000000000e+05
1.219408000000000000e+06
1.304776000000000000e+06
1.321995000000000000e+06
1.522177000000000000e+06
1.628007000000000000e+06
1.458607000000000000e+06
2.097192000000000000e+06
1.429356000000000000e+06
1.135542000000000000e+06
9.069910000000000000e+05
9.360360000000000000e+05
1.023207000000000000e+06
1.134564000000000000e+06
1.340121000000000000e+06
1.549867000000000000e+06
1.866188000000000000e+06
1.983883000000000000e+06
1.703171000000000000e+06
3.271408000000000000e+06
2.388330000000000000e+06
1.526481000000000000e+06
1.321162000000000000e+06
1.411002000000000000e+06
1.174232000000000000e+06
1.098219000000000000e+06
1.180336000000000000e+06
1.894799000000000000e+06
2.440961000000000000e+06
2.544909000000000000e+06
2.127804000000000000e+06
3.152207000000000000e+06
2.577336000000000000e+06
1.785903000000000000e+06
1.419983000000000000e+06
1.247461000000000000e+06
1.147758000000000000e+06
1.245843000000000000e+06
1.280606000000000000e+06
1.211559000000000000e+06
1.299105000000000000e+06
1.372085000000000000e+06
1.483987000000000000e+06
2.705697000000000000e+06
2.123383000000000000e+06
2.363200000000000000e+06
2.501075000000000000e+06
2.927813000000000000e+06
3.539818000000000000e+06
3.769869000000000000e+06
3.673192000000000000e+06
3.489555000000000000e+06
3.186472000000000000e+06
3.139366000000000000e+06
3.086195000000000000e+06
4.285495000000000000e+06
3.625604000000000000e+06
2.886954000000000000e+06
2.710470000000000000e+06
2.769925000000000000e+06
2.945733000000000000e+06
2.784315000000000000e+06
2.851889000000000000e+06
3.032892000000000000e+06
3.017382000000000000e+06
2.994617000000000000e+06
3.149060000000000000e+06
3.856776000000000000e+06
2.879874000000000000e+06
2.691348000000000000e+06
2.677557000000000000e+06
2.551793000000000000e+06
2.410402000000000000e+06
2.588333000000000000e+06
2.758680000000000000e+06
2.637026000000000000e+06
2.238561000000000000e+06
2.041893000000000000e+06
2.209288000000000000e+06
3.829237000000000000e+06
3.527527000000000000e+06
4.168039000000000000e+06
4.607826000000000000e+06
4.749403000000000000e+06
4.726839000000000000e+06
