5.092930000000000000e+05
5.157100000000000000e+05
7.012880000000000000e+05
1.641481000000000000e+06
7.987860000000000000e+05
4.264770000000000000e+05
3.992690000000000000e+05
2.885670000000000000e+05
3.625040000000000000e+05
4.027020000000000000e+05
4.314030000000000000e+05
7.403930000000000000e+05
6.258660000000000000e+05
6.362310000000000000e+05
7.773090000000000000e+05
1.609226000000000000e+06
7.603710000000000000e+05
5.696820000000000000e+05
5.800020000000000000e+05
6.149540000000000000e+05
6.673940000000000000e+05
6.549920000000000000e+05
7.412010000000000000e+05
9.402400000000000000e+05
9.496460000000000000e+05
8.645610000000000000e+05
9.668910000000000000e+05
2.068610000000000000e+06
1.370976000000000000e+06
1.094735000000000000e+06
1.090870000000000000e+06
1.126567000000000000e+06
1.135450000000000000e+06
1.121630000000000000e+06
1.279619000000000000e+06
1.437357000000000000e+06
1.295109000000000000e+06
1.296582000000000000e+06
1.251834000000000000e+06
1.825499000000000000e+06
9.753650000000000000e+05
8.308620000000000000e+05
7.847520000000000000e+05
9.687840000000000000e+05
1.141000000000000000e+06
1.375798000000000000e+06
1.525367000000000000e+06
1.666710000000000000e+06
1.558324000000000000e+06
1.601440000000000000e+06
1.652326000000000000e+06
2.683469000000000000e+06
1.731862000000000000e+06
1.680837000000000000e+06
1.573564000000000000e+06
1.509394000000000000e+06
1.481177000000000000e+06
1.478877000000000000e+06
1.458764000000000000e+06
1.400475000000000000e+06
1.129430000000000000e+06
8.734770000000000000e+05
8.063760000000000000e+05
1.823756000000000000e+06
7.211040000000000000e+05
6.023020000000000000e+05
5.828740000000000000e+05
5.908250000000000000e+05
5.861100000000000000e+05
6.356210000000000000e+05
6.507060000000000000e+05
9.377540000000000000e+05
6.957730000000000000e+05
5.723090000000000000e+05
6.536190000000000000e+05
1.690949000000000000e+06
8.447750000000000000e+05
4.840130000000000000e+05
5.098910000000000000e+05
6.031150000000000000e+05
7.884750000000000000e+05
9.562960000000000000e+05
9.851340000000000000e+05
1.055949000000000000e+06
9.010940000000000000e+05
9.910840000000000000e+05
1.234271000000000000e+06
2.243760000000000000e+06
1.792962000000000000e+06
1.535357000000000000e+06
1.571073000000000000e+06
1.663830000000000000e+06
1.827945000000000000e+06
2.034253000000000000e+06
2.104361000000000000e+06
2.263368000000000000e+06
2.175216000000000000e+06
2.160814000000000000e+06
2.130062000000000000e+06
2.500171000000000000e+06
2.218638000000000000e+06
1.880592000000000000e+06
1.750508000000000000e+06
1.758318000000000000e+06
1.697204000000000000e+06
1.683116000000000000e+06
1.706222000000000000e+06
1.666069000000000000e+06
1.587614000000000000e+06
1.570355000000000000e+06
1.524305000000000000e+06
2.163582000000000000e+06
1.376394000000000000e+06
1.316131000000000000e+06
1.200067000000000000e+06
1.117328000000000000e+06
1.157247000000000000e+06
1.221823000000000000e+06
1.244558000000000000e+06
1.269324000000000000e+06
1.102158000000000000e+06
1.054939000000000000e+06
1.057188000000000000e+06
1.906553000000000000e+06
9.506510000000000000e+05
8.318960000000000000e+05
8.015450000000000000e+05
7.832800000000000000e+05
7.416010000000000000e+05
6.649670000000000000e+05
6.116720000000000000e+05
7.800930000000000000e+05
5.983090000000000000e+05
6.422500000000000000e+05
6.535210000000000000e+05
1.807693000000000000e+06
9.405420000000000000e+05
6.884830000000000000e+05
8.571320000000000000e+05
9.982940000000000000e+05
1.067144000000000000e+06
1.150056000000000000e+06
1.223747000000000000e+06
1.420446000000000000e+06
1.355486000000000000e+06
1.541865000000000000e+06
1.710219000000000000e+06
2.694023000000000000e+06
