1.649846000000000000e+06
1.590751000000000000e+06
1.636453000000000000e+06
1.612749000000000000e+06
1.641009000000000000e+06
1.714622000000000000e+06
1.653715000000000000e+06
1.668946000000000000e+06
1.601160000000000000e+06
1.621510000000000000e+06
2.614870000000000000e+06
1.764590000000000000e+06
1.454708000000000000e+06
1.406111000000000000e+06
1.352043000000000000e+06
1.222995000000000000e+06
1.132785000000000000e+06
1.148566000000000000e+06
1.063087000000000000e+06
1.026323000000000000e+06
9.776800000000000000e+05
1.031944000000000000e+06
1.756813000000000000e+06
1.010964000000000000e+06
7.343940000000000000e+05
7.717780000000000000e+05
7.353040000000000000e+05
6.751520000000000000e+05
6.631960000000000000e+05
6.008820000000000000e+05
6.217500000000000000e+05
6.779360000000000000e+05
6.494930000000000000e+05
8.250550000000000000e+05
1.755531000000000000e+06
6.380560000000000000e+05
4.142610000000000000e+05
4.380770000000000000e+05
3.350670000000000000e+05
3.308050000000000000e+05
3.856270000000000000e+05
3.541020000000000000e+05
3.404890000000000000e+05
3.510780000000000000e+05
3.591840000000000000e+05
4.963940000000000000e+05
1.289633000000000000e+06
7.344930000000000000e+05
3.442200000000000000e+05
4.548790000000000000e+05
4.903720000000000000e+05
4.931200000000000000e+05
4.698850000000000000e+05
4.624040000000000000e+05
5.488260000000000000e+05
4.400900000000000000e+05
3.997080000000000000e+05
4.388610000000000000e+05
1.154550000000000000e+06
5.282640000000000000e+05
2.887010000000000000e+05
4.079640000000000000e+05
4.161300000000000000e+05
3.017380000000000000e+05
3.316050000000000000e+05
4.037570000000000000e+05
4.587380000000000000e+05
4.717140000000000000e+05
3.903660000000000000e+05
5.475280000000000000e+05
1.181761000000000000e+06
6.923000000000000000e+05
3.659830000000000000e+05
3.655450000000000000e+05
3.757800000000000000e+05
4.772490000000000000e+05
4.031630000000000000e+05
4.118430000000000000e+05
6.221020000000000000e+05
6.393200000000000000e+05
7.060180000000000000e+05
7.992160000000000000e+05
1.853574000000000000e+06
1.219448000000000000e+06
7.728810000000000000e+05
7.174930000000000000e+05
8.253260000000000000e+05
7.642130000000000000e+05
7.711460000000000000e+05
7.717590000000000000e+05
7.531400000000000000e+05
7.732260000000000000e+05
6.799690000000000000e+05
8.308900000000000000e+05
1.758551000000000000e+06
1.154062000000000000e+06
1.035848000000000000e+06
1.125542000000000000e+06
1.097557000000000000e+06
1.244006000000000000e+06
1.276868000000000000e+06
1.318724000000000000e+06
1.379326000000000000e+06
1.352469000000000000e+06
1.425345000000000000e+06
1.459388000000000000e+06
2.165670000000000000e+06
1.755755000000000000e+06
1.450692000000000000e+06
1.459806000000000000e+06
1.478880000000000000e+06
1.436740000000000000e+06
1.489573000000000000e+06
1.514309000000000000e+06
1.479493000000000000e+06
1.419867000000000000e+06
1.322530000000000000e+06
1.381155000000000000e+06
2.146704000000000000e+06
1.275273000000000000e+06
1.063755000000000000e+06
1.046967000000000000e+06
8.993630000000000000e+05
7.551610000000000000e+05
6.417460000000000000e+05
6.342580000000000000e+05
4.774010000000000000e+05
4.910770000000000000e+05
4.977490000000000000e+05
6.522070000000000000e+05
1.661376000000000000e+06
1.078766000000000000e+06
7.285910000000000000e+05
8.104780000000000000e+05
8.243030000000000000e+05
7.861060000000000000e+05
7.885010000000000000e+05
8.550570000000000000e+05
8.770610000000000000e+05
9.239850000000000000e+05
9.544180000000000000e+05
1.018301000000000000e+06
1.857947000000000000e+06
1.362607000000000000e+06
1.043918000000000000e+06
1.105635000000000000e+06
1.118358000000000000e+06
1.223753000000000000e+06
