5.983870000000000000e+05
5.767590000000000000e+05
5.316280000000000000e+05
6.867830000000000000e+05
5.687330000000000000e+05
4.171350000000000000e+05
4.106680000000000000e+05
1.232613000000000000e+06
5.522120000000000000e+05
3.682450000000000000e+05
3.507900000000000000e+05
5.277250000000000000e+05
3.580960000000000000e+05
3.250580000000000000e+05
7.390940000000000000e+05
5.752940000000000000e+05
2.777770000000000000e+05
2.446550000000000000e+05
4.178420000000000000e+05
1.305067000000000000e+06
4.874670000000000000e+05
2.655740000000000000e+05
2.834590000000000000e+05
5.277310000000000000e+05
3.004430000000000000e+05
3.939470000000000000e+05
4.277640000000000000e+05
3.997810000000000000e+05
3.545180000000000000e+05
4.067450000000000000e+05
5.272670000000000000e+05
1.204125000000000000e+06
3.923510000000000000e+05
1.672170000000000000e+05
3.043880000000000000e+05
3.783790000000000000e+05
2.310180000000000000e+05
5.366130000000000000e+05
2.625120000000000000e+05
3.267380000000000000e+05
4.547240000000000000e+05
3.840290000000000000e+05
6.246870000000000000e+05
1.160723000000000000e+06
6.652560000000000000e+05
4.590500000000000000e+05
3.832010000000000000e+05
5.686070000000000000e+05
4.825550000000000000e+05
4.504980000000000000e+05
4.168260000000000000e+05
4.285650000000000000e+05
4.932450000000000000e+05
3.567490000000000000e+05
3.945210000000000000e+05
1.222085000000000000e+06
5.720740000000000000e+05
3.255560000000000000e+05
2.955300000000000000e+05
5.528660000000000000e+05
4.015280000000000000e+05
3.180600000000000000e+05
3.867020000000000000e+05
4.400030000000000000e+05
5.095500000000000000e+05
4.799500000000000000e+05
7.232680000000000000e+05
1.803315000000000000e+06
9.079040000000000000e+05
6.623040000000000000e+05
6.232820000000000000e+05
8.572870000000000000e+05
7.766660000000000000e+05
8.412670000000000000e+05
9.375080000000000000e+05
9.858420000000000000e+05
1.144147000000000000e+06
1.237862000000000000e+06
1.229611000000000000e+06
1.917357000000000000e+06
1.426982000000000000e+06
1.184755000000000000e+06
1.241714000000000000e+06
1.410857000000000000e+06
1.285243000000000000e+06
1.294305000000000000e+06
1.291643000000000000e+06
1.260821000000000000e+06
1.301352000000000000e+06
1.314059000000000000e+06
1.450813000000000000e+06
2.419365000000000000e+06
1.727212000000000000e+06
1.417377000000000000e+06
1.351825000000000000e+06
1.412259000000000000e+06
1.230865000000000000e+06
1.183943000000000000e+06
1.104669000000000000e+06
1.083190000000000000e+06
1.030111000000000000e+06
1.018510000000000000e+06
1.187595000000000000e+06
1.994851000000000000e+06
1.279989000000000000e+06
1.132598000000000000e+06
1.164099000000000000e+06
1.288424000000000000e+06
1.083927000000000000e+06
1.028484000000000000e+06
9.540460000000000000e+05
9.533580000000000000e+05
8.763050000000000000e+05
8.453790000000000000e+05
8.712210000000000000e+05
1.327766000000000000e+06
7.237160000000000000e+05
5.343770000000000000e+05
4.554480000000000000e+05
6.005810000000000000e+05
4.567670000000000000e+05
4.502100000000000000e+05
3.924220000000000000e+05
3.554340000000000000e+05
4.105550000000000000e+05
3.859820000000000000e+05
4.540100000000000000e+05
1.339800000000000000e+06
5.185520000000000000e+05
2.013440000000000000e+05
2.291840000000000000e+05
4.706540000000000000e+05
3.305440000000000000e+05
3.927750000000000000e+05
3.668160000000000000e+05
2.921390000000000000e+05
3.159210000000000000e+05
2.780820000000000000e+05
3.916280000000000000e+05
1.294919000000000000e+06
7.206800000000000000e+05
4.475170000000000000e+05
1.771920000000000000e+05
4.176970000000000000e+05
1.868930000000000000e+05
1.871170000000000000e+05
2.966230000000000000e+05
4.559040000000000000e+05
