1.712959000000000000e+06
4.567870000000000000e+05
5.959030000000000000e+05
3.094050000000000000e+05
6.681990000000000000e+05
8.601280000000000000e+05
1.280075000000000000e+06
3.672180000000000000e+05
1.810590000000000000e+05
1.030620000000000000e+05
1.266860000000000000e+05
4.720970000000000000e+05
1.393950000000000000e+05
2.557670000000000000e+05
7.385800000000000000e+04
2.099390000000000000e+05
7.615100000000000000e+04
4.148350000000000000e+05
7.692700000000000000e+05
1.033480000000000000e+05
7.182600000000000000e+04
4.019000000000000000e+04
2.165150000000000000e+05
4.682410000000000000e+05
8.181400000000000000e+04
9.028900000000000000e+04
7.362500000000000000e+04
6.679400000000000000e+04
6.237900000000000000e+04
3.447560000000000000e+05
4.608290000000000000e+05
6.228500000000000000e+04
5.034700000000000000e+04
5.113900000000000000e+04
1.275420000000000000e+05
4.178800000000000000e+05
5.496200000000000000e+04
1.025600000000000000e+05
6.554200000000000000e+04
6.136080000000000000e+05
1.311861000000000000e+06
1.368868000000000000e+06
1.862894000000000000e+06
1.208601000000000000e+06
1.021378000000000000e+06
1.185554000000000000e+06
1.048169000000000000e+06
1.293539000000000000e+06
8.657970000000000000e+05
1.065232000000000000e+06
7.969340000000000000e+05
9.820280000000000000e+05
5.924170000000000000e+05
9.965560000000000000e+05
1.097065000000000000e+06
3.363960000000000000e+05
2.797270000000000000e+05
3.556620000000000000e+05
2.805960000000000000e+05
4.192940000000000000e+05
2.729110000000000000e+05
1.570530000000000000e+05
1.501330000000000000e+05
2.666720000000000000e+05
1.862500000000000000e+05
6.129330000000000000e+05
1.016757000000000000e+06
1.635060000000000000e+05
2.395880000000000000e+05
1.628970000000000000e+05
1.244490000000000000e+05
4.740600000000000000e+05
1.052550000000000000e+05
6.212600000000000000e+04
1.563890000000000000e+05
7.414300000000000000e+04
7.737100000000000000e+04
4.647540000000000000e+05
7.454070000000000000e+05
6.969400000000000000e+04
4.557500000000000000e+04
4.246000000000000000e+04
8.400000000000000000e+04
3.213480000000000000e+05
8.309300000000000000e+04
7.128800000000000000e+04
9.292900000000000000e+04
8.774800000000000000e+04
9.907100000000000000e+04
2.695560000000000000e+05
5.843720000000000000e+05
1.072550000000000000e+05
1.159790000000000000e+05
9.805500000000000000e+04
1.403160000000000000e+05
3.211280000000000000e+05
1.425070000000000000e+05
1.433980000000000000e+05
1.713430000000000000e+05
1.350780000000000000e+05
1.700170000000000000e+05
2.880450000000000000e+05
7.616570000000000000e+05
1.732190000000000000e+05
1.343860000000000000e+05
1.348360000000000000e+05
1.646890000000000000e+05
4.069800000000000000e+05
1.713310000000000000e+05
1.005337300000000000e+07
3.374778000000000000e+06
1.647990000000000000e+06
1.468969000000000000e+06
1.829813000000000000e+06
2.582594000000000000e+06
2.051570000000000000e+06
1.970017000000000000e+06
1.946712000000000000e+06
2.069689000000000000e+06
2.356198000000000000e+06
2.331961000000000000e+06
2.310357000000000000e+06
2.249014000000000000e+06
2.233417000000000000e+06
2.226496000000000000e+06
2.183394000000000000e+06
2.706994000000000000e+06
2.029796000000000000e+06
2.029033000000000000e+06
1.919738000000000000e+06
1.737165000000000000e+06
1.856373000000000000e+06
1.549843000000000000e+06
1.509668000000000000e+06
1.495798000000000000e+06
1.502812000000000000e+06
1.558831000000000000e+06
1.615599000000000000e+06
2.415584000000000000e+06
1.428881000000000000e+06
1.460382000000000000e+06
1.338549000000000000e+06
1.117815000000000000e+06
1.425956000000000000e+06
1.155695000000000000e+06
1.197796000000000000e+06
1.261032000000000000e+06
1.350459000000000000e+06
