7.869800000000000000e+04
4.579000000000000000e+03
0.000000000000000000e+00
2.669700000000000000e+04
4.600000000000000000e+02
0.000000000000000000e+00
0.000000000000000000e+00
3.790000000000000000e+02
0.000000000000000000e+00
9.082650000000000000e+05
3.575000000000000000e+04
4.920510000000000000e+05
3.273000000000000000e+03
2.130000000000000000e+02
0.000000000000000000e+00
0.000000000000000000e+00
0.000000000000000000e+00
0.000000000000000000e+00
2.139400000000000000e+04
5.520000000000000000e+02
0.000000000000000000e+00
1.286565000000000000e+06
6.002700000000000000e+04
5.537780000000000000e+05
5.645000000000000000e+03
2.399000000000000000e+03
1.228000000000000000e+03
1.578000000000000000e+03
1.332000000000000000e+03
1.818000000000000000e+03
1.536000000000000000e+03
1.344000000000000000e+03
6.270000000000000000e+02
1.597960000000000000e+06
1.332150000000000000e+05
6.144670000000000000e+05
4.841000000000000000e+03
2.305000000000000000e+03
3.089000000000000000e+03
0.000000000000000000e+00
2.898000000000000000e+03
3.140000000000000000e+02
0.000000000000000000e+00
0.000000000000000000e+00
1.152000000000000000e+03
7.755150000000000000e+05
5.664200000000000000e+04
2.742560000000000000e+05
5.798000000000000000e+03
4.590000000000000000e+02
3.570000000000000000e+02
0.000000000000000000e+00
3.742000000000000000e+03
4.690000000000000000e+02
0.000000000000000000e+00
0.000000000000000000e+00
0.000000000000000000e+00
1.369425000000000000e+06
1.284820000000000000e+05
6.590670000000000000e+05
6.552000000000000000e+03
3.127000000000000000e+03
1.658000000000000000e+03
5.530000000000000000e+02
7.570000000000000000e+02
1.647000000000000000e+03
1.513000000000000000e+03
1.519000000000000000e+03
2.102000000000000000e+03
2.075633000000000000e+06
1.554050000000000000e+05
6.566360000000000000e+05
6.034000000000000000e+03
2.743000000000000000e+03
2.072000000000000000e+03
1.913000000000000000e+03
1.876000000000000000e+03
1.250000000000000000e+03
8.178000000000000000e+03
3.493000000000000000e+03
6.852000000000000000e+03
1.720376000000000000e+06
1.159240000000000000e+05
6.248540000000000000e+05
6.872000000000000000e+03
2.664000000000000000e+03
1.518000000000000000e+03
1.611000000000000000e+03
1.395000000000000000e+03
1.236000000000000000e+03
1.964000000000000000e+03
2.184000000000000000e+03
0.000000000000000000e+00
8.768180000000000000e+05
8.536800000000000000e+04
2.736430000000000000e+05
4.112000000000000000e+03
2.496000000000000000e+03
3.460000000000000000e+03
2.938000000000000000e+03
2.414000000000000000e+03
2.055000000000000000e+03
1.708000000000000000e+03
1.287000000000000000e+03
1.702000000000000000e+03
2.103576000000000000e+06
1.552370000000000000e+05
6.165960000000000000e+05
2.233000000000000000e+03
1.859000000000000000e+03
1.987000000000000000e+03
1.567000000000000000e+03
1.638000000000000000e+03
7.971000000000000000e+03
6.840000000000000000e+02
6.840000000000000000e+02
6.840000000000000000e+02
7.210150000000000000e+05
1.141960000000000000e+05
2.442460000000000000e+05
4.799000000000000000e+03
1.202000000000000000e+03
1.506000000000000000e+03
1.288000000000000000e+03
1.199000000000000000e+03
1.914000000000000000e+03
1.480000000000000000e+03
1.725000000000000000e+03
4.892000000000000000e+03
1.575962000000000000e+06
1.051060000000000000e+05
4.685490000000000000e+05
1.994200000000000000e+04
4.401000000000000000e+03
2.132000000000000000e+03
0.000000000000000000e+00
1.938000000000000000e+03
1.811000000000000000e+03
2.640000000000000000e+03
2.073000000000000000e+03
1.992000000000000000e+03
1.964304000000000000e+06
1.808270000000000000e+05
6.137850000000000000e+05
9.089000000000000000e+03
3.881000000000000000e+03
4.662000000000000000e+03
3.101000000000000000e+03
