2.726500000000000000e+05
1.818500000000000000e+04
4.611000000000000000e+03
1.773000000000000000e+03
2.774000000000000000e+03
2.790000000000000000e+03
2.419000000000000000e+03
2.169000000000000000e+03
1.924000000000000000e+03
2.287000000000000000e+03
0.000000000000000000e+00
1.586607000000000000e+06
1.423010000000000000e+05
4.901000000000000000e+03
3.740000000000000000e+03
2.110000000000000000e+03
0.000000000000000000e+00
1.654000000000000000e+03
0.000000000000000000e+00
1.566000000000000000e+03
0.000000000000000000e+00
0.000000000000000000e+00
2.060000000000000000e+03
1.537673000000000000e+06
1.409250000000000000e+05
6.622000000000000000e+03
1.691100000000000000e+04
1.663000000000000000e+03
0.000000000000000000e+00
0.000000000000000000e+00
1.331000000000000000e+03
1.194000000000000000e+03
0.000000000000000000e+00
1.902000000000000000e+03
1.491000000000000000e+03
1.511988000000000000e+06
1.742570000000000000e+05
1.296200000000000000e+04
0.000000000000000000e+00
0.000000000000000000e+00
2.200000000000000000e+03
0.000000000000000000e+00
1.485000000000000000e+03
0.000000000000000000e+00
0.000000000000000000e+00
1.053000000000000000e+03
0.000000000000000000e+00
7.727030000000000000e+05
1.833110000000000000e+05
2.054400000000000000e+04
3.286000000000000000e+03
7.520000000000000000e+02
0.000000000000000000e+00
0.000000000000000000e+00
2.023000000000000000e+03
0.000000000000000000e+00
1.109000000000000000e+03
0.000000000000000000e+00
0.000000000000000000e+00
7.680510000000000000e+05
2.014550000000000000e+05
2.392100000000000000e+04
7.440000000000000000e+02
9.410000000000000000e+02
0.000000000000000000e+00
1.859000000000000000e+03
0.000000000000000000e+00
0.000000000000000000e+00
6.420000000000000000e+02
0.000000000000000000e+00
3.958000000000000000e+03
1.506954000000000000e+06
1.400230000000000000e+05
4.876000000000000000e+03
4.452000000000000000e+03
5.828000000000000000e+03
2.318000000000000000e+03
4.084000000000000000e+03
3.282000000000000000e+03
3.941000000000000000e+03
3.677000000000000000e+03
0.000000000000000000e+00
3.314000000000000000e+03
1.885656000000000000e+06
2.005980000000000000e+05
1.770300000000000000e+04
1.246000000000000000e+03
1.998000000000000000e+03
4.144000000000000000e+03
0.000000000000000000e+00
3.210000000000000000e+03
0.000000000000000000e+00
6.104000000000000000e+03
0.000000000000000000e+00
8.267000000000000000e+03
1.603646000000000000e+06
1.770870000000000000e+05
8.438000000000000000e+03
1.558000000000000000e+03
4.428000000000000000e+03
0.000000000000000000e+00
0.000000000000000000e+00
3.665000000000000000e+03
0.000000000000000000e+00
0.000000000000000000e+00
5.595000000000000000e+03
0.000000000000000000e+00
7.445580000000000000e+05
1.729840000000000000e+05
2.089800000000000000e+04
3.109000000000000000e+03
1.318000000000000000e+03
2.091000000000000000e+03
0.000000000000000000e+00
2.300000000000000000e+03
0.000000000000000000e+00
0.000000000000000000e+00
2.030000000000000000e+03
2.392000000000000000e+03
7.274730000000000000e+05
1.526800000000000000e+05
1.619200000000000000e+04
3.708000000000000000e+03
2.275000000000000000e+03
0.000000000000000000e+00
0.000000000000000000e+00
2.229000000000000000e+03
0.000000000000000000e+00
0.000000000000000000e+00
1.297000000000000000e+03
0.000000000000000000e+00
7.583920000000000000e+05
1.825670000000000000e+05
1.431700000000000000e+04
5.954000000000000000e+03
4.314000000000000000e+03
0.000000000000000000e+00
0.000000000000000000e+00
1.976000000000000000e+03
0.000000000000000000e+00
0.000000000000000000e+00
9.900000000000000000e+02
0.000000000000000000e+00
7.875570000000000000e+05
1.886940000000000000e+05
1.065400000000000000e+04
4.533000000000000000e+03
3.896000000000000000e+03
