1.716030000000000000e+05
1.353500000000000000e+04
2.029000000000000000e+03
0.000000000000000000e+00
1.203000000000000000e+03
0.000000000000000000e+00
6.767070000000000000e+05
1.991620000000000000e+05
2.127400000000000000e+04
1.986000000000000000e+03
1.701000000000000000e+03
4.479050000000000000e+05
8.049000000000000000e+03
2.128000000000000000e+03
2.705000000000000000e+03
3.003000000000000000e+03
2.635000000000000000e+03
2.455000000000000000e+03
1.393267000000000000e+06
1.673720000000000000e+05
9.515000000000000000e+03
1.481700000000000000e+04
4.182000000000000000e+03
4.644210000000000000e+05
3.021000000000000000e+03
0.000000000000000000e+00
3.264000000000000000e+03
3.975000000000000000e+03
3.747000000000000000e+03
0.000000000000000000e+00
2.125275000000000000e+06
2.729420000000000000e+05
1.441500000000000000e+04
1.373020000000000000e+05
4.749995600000000000e+07
5.212070000000000000e+05
9.356200000000000000e+04
9.619900000000000000e+04
8.237300000000000000e+04
8.174700000000000000e+04
9.722100000000000000e+04
1.072420000000000000e+05
1.281550000000000000e+05
1.111680000000000000e+05
1.284080000000000000e+05
1.275890000000000000e+05
1.467706000000000000e+06
4.496490000000000000e+05
1.137920000000000000e+05
1.045370000000000000e+05
1.086420000000000000e+05
1.298660000000000000e+05
1.343820000000000000e+05
1.249500000000000000e+05
8.910200000000000000e+04
9.252700000000000000e+04
1.025710000000000000e+05
7.583000000000000000e+04
1.388097000000000000e+06
3.652220000000000000e+05
7.287600000000000000e+04
6.907800000000000000e+04
8.177500000000000000e+04
8.827900000000000000e+04
1.102600000000000000e+05
9.441000000000000000e+04
8.419900000000000000e+04
7.120000000000000000e+04
8.782600000000000000e+04
8.970600000000000000e+04
1.391862000000000000e+06
4.214420000000000000e+05
1.209060000000000000e+05
1.165950000000000000e+05
1.110760000000000000e+05
9.285800000000000000e+04
1.028840000000000000e+05
9.759200000000000000e+04
9.740300000000000000e+04
9.335600000000000000e+04
8.653700000000000000e+04
6.241100000000000000e+04
1.373083000000000000e+06
3.314890000000000000e+05
5.797800000000000000e+04
6.080000000000000000e+04
6.467900000000000000e+04
5.332100000000000000e+04
4.654700000000000000e+04
6.180600000000000000e+04
5.246600000000000000e+04
6.274400000000000000e+04
5.148200000000000000e+04
4.820700000000000000e+04
1.311092000000000000e+06
3.095990000000000000e+05
8.311000000000000000e+04
6.891200000000000000e+04
3.800200000000000000e+04
5.328500000000000000e+04
5.946400000000000000e+04
5.348400000000000000e+04
4.456200000000000000e+04
6.902300000000000000e+04
1.137530000000000000e+05
1.190090000000000000e+05
6.258130000000000000e+05
2.445400000000000000e+05
1.093090000000000000e+05
8.236500000000000000e+04
9.569300000000000000e+04
5.004600000000000000e+04
4.521700000000000000e+04
5.180100000000000000e+04
2.905700000000000000e+04
2.800400000000000000e+04
1.316000000000000000e+04
3.431300000000000000e+04
1.323483000000000000e+06
5.197260000000000000e+05
4.333080000000000000e+05
2.970000000000000000e+03
3.874000000000000000e+03
6.553000000000000000e+03
2.310500000000000000e+04
2.040100000000000000e+04
2.597700000000000000e+04
1.109700000000000000e+04
4.639600000000000000e+04
8.300900000000000000e+04
1.005094000000000000e+06
4.497100000000000000e+05
1.772120000000000000e+05
1.468070000000000000e+05
9.331700000000000000e+04
9.117300000000000000e+04
8.893800000000000000e+04
6.938100000000000000e+04
6.300100000000000000e+04
4.736300000000000000e+04
4.269300000000000000e+04
5.785800000000000000e+04
1.134455000000000000e+06
5.121380000000000000e+05
4.915040000000000000e+05
3.856900000000000000e+04
3.861700000000000000e+04
3.494600000000000000e+04
