6.218900000000000000e+04
3.742400000000000000e+04
5.433000000000000000e+04
4.729600000000000000e+04
5.180500000000000000e+04
8.334820000000000000e+05
2.726860000000000000e+05
8.228700000000000000e+04
1.082800000000000000e+04
6.178100000000000000e+04
4.191900000000000000e+04
2.330420000000000000e+05
5.719500000000000000e+04
7.882500000000000000e+04
8.562700000000000000e+04
1.010210000000000000e+05
1.048430000000000000e+05
8.146490000000000000e+05
4.303960000000000000e+05
5.284070000000000000e+05
9.721500000000000000e+04
9.852000000000000000e+04
1.009820000000000000e+05
2.039570000000000000e+05
1.118100000000000000e+05
9.051500000000000000e+04
9.822800000000000000e+04
8.794900000000000000e+04
1.045420000000000000e+05
8.927340000000000000e+05
4.184760000000000000e+05
5.393390000000000000e+05
1.038380000000000000e+05
1.073470000000000000e+05
1.037970000000000000e+05
2.230040000000000000e+05
1.070990000000000000e+05
1.005190000000000000e+05
1.108390000000000000e+05
1.044190000000000000e+05
1.093460000000000000e+05
1.095158000000000000e+06
2.472220000000000000e+05
9.294000000000000000e+04
9.355900000000000000e+04
8.864700000000000000e+04
8.817100000000000000e+04
3.307990000000000000e+05
9.160800000000000000e+04
7.963900000000000000e+04
7.534700000000000000e+04
7.920800000000000000e+04
8.841400000000000000e+04
7.386350000000000000e+05
2.144990000000000000e+05
7.946200000000000000e+04
6.065200000000000000e+04
8.886800000000000000e+04
9.660900000000000000e+04
2.517180000000000000e+05
9.824900000000000000e+04
8.521500000000000000e+04
8.131000000000000000e+04
8.178300000000000000e+04
6.124400000000000000e+04
1.139722000000000000e+06
2.763920000000000000e+05
7.030900000000000000e+04
7.296700000000000000e+04
4.664000000000000000e+04
5.845700000000000000e+04
3.369960000000000000e+05
6.707700000000000000e+04
5.347500000000000000e+04
6.378300000000000000e+04
2.090780000000000000e+05
9.479800000000000000e+04
9.568910000000000000e+05
2.795820000000000000e+05
6.159400000000000000e+04
7.948400000000000000e+04
4.328700000000000000e+04
3.930800000000000000e+04
2.693020000000000000e+05
4.024000000000000000e+04
3.994200000000000000e+04
2.999600000000000000e+04
1.143400000000000000e+04
9.719000000000000000e+03
6.979270000000000000e+05
2.415070000000000000e+05
1.696600000000000000e+04
1.369100000000000000e+04
7.117000000000000000e+03
1.581500000000000000e+04
1.471620000000000000e+05
1.034060000000000000e+05
4.892600000000000000e+04
9.508000000000000000e+03
5.498000000000000000e+03
5.084000000000000000e+03
1.140156000000000000e+06
1.284530000000000000e+05
8.716000000000000000e+03
1.501110000000000000e+05
3.238000000000000000e+03
5.293708000000000000e+06
2.302443000000000000e+06
9.997100000000000000e+04
5.777000000000000000e+04
5.703500000000000000e+04
1.085900000000000000e+05
6.787600000000000000e+04
1.148332000000000000e+06
1.893290000000000000e+05
1.429600000000000000e+04
3.335000000000000000e+03
4.926000000000000000e+03
3.817500000000000000e+04
2.714360000000000000e+05
1.125600000000000000e+04
2.557400000000000000e+04
2.998400000000000000e+04
4.385000000000000000e+04
4.232800000000000000e+04
1.128993000000000000e+06
2.197700000000000000e+05
3.500210000000000000e+05
2.900970000000000000e+05
1.540900000000000000e+04
3.126700000000000000e+04
2.530070000000000000e+05
2.377100000000000000e+04
3.124000000000000000e+04
2.813800000000000000e+04
2.516000000000000000e+04
2.964000000000000000e+04
5.552550000000000000e+05
3.175680000000000000e+05
6.965500000000000000e+04
6.142900000000000000e+04
7.170600000000000000e+04
7.161000000000000000e+04
2.075690000000000000e+05
1.125390000000000000e+05
1.152900000000000000e+05
1.166660000000000000e+05
1.344040000000000000e+05
