9.594480000000000000e+05
3.287360000000000000e+05
2.456540000000000000e+05
1.935660000000000000e+05
2.039540000000000000e+05
2.062600000000000000e+05
2.108800000000000000e+05
2.180590000000000000e+05
2.106480000000000000e+05
2.135510000000000000e+05
2.069920000000000000e+05
3.778180000000000000e+05
6.500700000000000000e+05
3.722040000000000000e+05
2.608650000000000000e+05
1.942350000000000000e+05
1.796160000000000000e+05
1.804260000000000000e+05
1.856920000000000000e+05
1.727180000000000000e+05
1.588720000000000000e+05
1.457400000000000000e+05
1.394400000000000000e+05
2.267070000000000000e+05
9.219190000000000000e+05
3.735190000000000000e+05
1.616260000000000000e+05
1.213670000000000000e+05
9.210700000000000000e+04
9.299500000000000000e+04
1.048610000000000000e+05
8.518300000000000000e+04
1.057880000000000000e+05
8.326300000000000000e+04
7.546500000000000000e+04
2.379170000000000000e+05
6.148130000000000000e+05
2.974880000000000000e+05
8.636600000000000000e+04
1.505100000000000000e+04
3.359400000000000000e+04
3.796900000000000000e+04
5.027400000000000000e+04
7.703500000000000000e+04
7.379000000000000000e+04
9.633500000000000000e+04
7.459200000000000000e+04
1.688070000000000000e+05
6.355310000000000000e+05
3.190230000000000000e+05
6.381300000000000000e+04
5.705600000000000000e+04
3.696900000000000000e+04
5.910000000000000000e+04
6.733500000000000000e+04
7.848900000000000000e+04
1.026240000000000000e+05
8.862200000000000000e+04
9.687700000000000000e+04
1.805740000000000000e+05
9.019740000000000000e+05
1.855590000000000000e+05
1.593330000000000000e+05
8.503500000000000000e+04
1.244870000000000000e+05
5.408200000000000000e+04
7.830800000000000000e+04
1.634140000000000000e+05
1.125080000000000000e+05
1.247060000000000000e+05
1.420310000000000000e+05
3.078040000000000000e+05
6.212920000000000000e+05
2.946060000000000000e+05
1.975260000000000000e+05
1.626690000000000000e+05
1.540370000000000000e+05
1.364260000000000000e+05
1.175520000000000000e+05
8.753300000000000000e+04
6.976800000000000000e+04
7.702200000000000000e+04
8.056700000000000000e+04
1.771900000000000000e+05
2.850559000000000000e+06
2.441081000000000000e+06
2.800010000000000000e+06
2.554538000000000000e+06
2.980479000000000000e+06
2.645403000000000000e+06
3.087774000000000000e+06
2.544774000000000000e+06
3.090986000000000000e+06
2.911126000000000000e+06
3.433340000000000000e+05
6.090760000000000000e+05
2.951566000000000000e+06
2.819060000000000000e+05
2.473800000000000000e+04
8.089000000000000000e+03
3.702000000000000000e+03
2.729000000000000000e+03
4.739000000000000000e+03
2.801000000000000000e+03
1.576000000000000000e+03
3.544000000000000000e+03
5.322000000000000000e+03
4.805970000000000000e+05
5.563720000000000000e+05
2.601470000000000000e+05
1.326200000000000000e+04
5.490000000000000000e+03
5.517000000000000000e+03
3.287000000000000000e+03
4.164000000000000000e+03
4.590000000000000000e+03
3.202000000000000000e+03
3.021000000000000000e+03
2.061000000000000000e+03
2.363880000000000000e+05
4.487950000000000000e+05
2.712280000000000000e+05
1.381300000000000000e+04
0.000000000000000000e+00
0.000000000000000000e+00
0.000000000000000000e+00
0.000000000000000000e+00
0.000000000000000000e+00
0.000000000000000000e+00
0.000000000000000000e+00
0.000000000000000000e+00
2.132590000000000000e+05
4.568780000000000000e+05
2.771410000000000000e+05
1.893200000000000000e+04
3.957000000000000000e+03
4.930000000000000000e+03
2.951000000000000000e+03
2.528000000000000000e+03
1.791000000000000000e+03
5.152000000000000000e+03
3.067000000000000000e+03
3.999000000000000000e+03
2.234920000000000000e+05
4.480290000000000000e+05
2.743740000000000000e+05
1.509300000000000000e+04
0.000000000000000000e+00
