7.185800000000000000e+04
2.284000000000000000e+03
4.173120000000000000e+05
2.919220000000000000e+05
2.368300000000000000e+04
1.672000000000000000e+03
0.000000000000000000e+00
0.000000000000000000e+00
0.000000000000000000e+00
0.000000000000000000e+00
0.000000000000000000e+00
2.923670000000000000e+05
9.019000000000000000e+03
0.000000000000000000e+00
4.798790000000000000e+05
2.688190000000000000e+05
2.195400000000000000e+04
6.405000000000000000e+03
3.715000000000000000e+03
2.595000000000000000e+03
3.524000000000000000e+03
3.805000000000000000e+03
3.135000000000000000e+03
2.398510000000000000e+05
1.165000000000000000e+04
3.100000000000000000e+03
5.010150000000000000e+05
2.540940000000000000e+05
1.441900000000000000e+04
0.000000000000000000e+00
0.000000000000000000e+00
0.000000000000000000e+00
0.000000000000000000e+00
0.000000000000000000e+00
0.000000000000000000e+00
2.264490000000000000e+05
7.418000000000000000e+03
0.000000000000000000e+00
4.319900000000000000e+05
2.920460000000000000e+05
2.131500000000000000e+04
0.000000000000000000e+00
0.000000000000000000e+00
0.000000000000000000e+00
0.000000000000000000e+00
0.000000000000000000e+00
0.000000000000000000e+00
2.259060000000000000e+05
1.232000000000000000e+04
1.740000000000000000e+02
4.708820000000000000e+05
2.602650000000000000e+05
2.107400000000000000e+04
4.099000000000000000e+03
0.000000000000000000e+00
0.000000000000000000e+00
0.000000000000000000e+00
0.000000000000000000e+00
0.000000000000000000e+00
2.167960000000000000e+05
6.571000000000000000e+03
1.740000000000000000e+02
3.853180000000000000e+05
2.767740000000000000e+05
1.818600000000000000e+04
2.819000000000000000e+03
5.715000000000000000e+03
2.539000000000000000e+03
2.728000000000000000e+03
4.466000000000000000e+03
2.696000000000000000e+03
1.928870000000000000e+05
1.218100000000000000e+04
3.783000000000000000e+03
4.011210000000000000e+05
2.670880000000000000e+05
2.444600000000000000e+04
2.643000000000000000e+03
0.000000000000000000e+00
0.000000000000000000e+00
0.000000000000000000e+00
0.000000000000000000e+00
0.000000000000000000e+00
1.994860000000000000e+05
8.092000000000000000e+03
0.000000000000000000e+00
4.138710000000000000e+05
2.925190000000000000e+05
2.498988700000000000e+07
2.137030000000000000e+05
7.976000000000000000e+03
2.053529000000000000e+06
2.268505000000000000e+06
2.256380000000000000e+06
2.313652000000000000e+06
2.326328000000000000e+06
2.222725000000000000e+06
2.250559000000000000e+06
2.370780000000000000e+06
2.486087000000000000e+06
2.805769000000000000e+06
2.387087000000000000e+06
2.316949000000000000e+06
2.257716000000000000e+06
2.181675000000000000e+06
2.081081000000000000e+06
2.061218000000000000e+06
1.761153000000000000e+06
1.539633000000000000e+06
1.618096000000000000e+06
1.495236000000000000e+06
1.516401000000000000e+06
2.250531000000000000e+06
1.514112000000000000e+06
1.388912000000000000e+06
1.267346000000000000e+06
1.321696000000000000e+06
1.429287000000000000e+06
1.440555000000000000e+06
1.323540000000000000e+06
9.295730000000000000e+05
4.711820000000000000e+05
5.628160000000000000e+05
7.929150000000000000e+05
2.072282000000000000e+06
1.174834000000000000e+06
1.046615000000000000e+06
1.093622000000000000e+06
1.078148000000000000e+06
1.111119000000000000e+06
1.157078000000000000e+06
1.148993000000000000e+06
8.509100000000000000e+05
6.547580000000000000e+05
6.122610000000000000e+05
3.778330000000000000e+05
1.756976000000000000e+06
8.876880000000000000e+05
6.827590000000000000e+05
7.799320000000000000e+05
9.638250000000000000e+05
1.362778000000000000e+06
1.621929000000000000e+06
1.788544000000000000e+06
1.594286000000000000e+06
1.594464000000000000e+06
1.816256000000000000e+06
2.274127000000000000e+06
