1.873195000000000000e+06
1.455397000000000000e+06
1.253625000000000000e+06
1.575840000000000000e+06
1.672195000000000000e+06
1.564721000000000000e+06
1.583440000000000000e+06
1.943212000000000000e+06
2.464783000000000000e+06
2.668135000000000000e+06
2.812559000000000000e+06
3.574371000000000000e+06
2.272010000000000000e+06
1.795844000000000000e+06
1.806621000000000000e+06
1.994046000000000000e+06
1.997287000000000000e+06
2.038464000000000000e+06
1.959613000000000000e+06
1.860784000000000000e+06
1.752441000000000000e+06
1.549932000000000000e+06
1.550545000000000000e+06
2.635416000000000000e+06
1.762288000000000000e+06
1.560343000000000000e+06
1.548676000000000000e+06
1.303600000000000000e+06
1.205377000000000000e+06
1.177025000000000000e+06
1.678198000000000000e+06
1.802095000000000000e+06
1.529046000000000000e+06
1.435682000000000000e+06
1.231618000000000000e+06
2.157304000000000000e+06
9.532700000000000000e+05
9.420610000000000000e+05
1.014667000000000000e+06
9.726240000000000000e+05
7.749330000000000000e+05
7.863720000000000000e+05
1.042166000000000000e+06
1.124844000000000000e+06
9.921090000000000000e+05
9.172550000000000000e+05
8.717360000000000000e+05
1.895904000000000000e+06
8.347970000000000000e+05
9.247000000000000000e+05
1.349745000000000000e+06
1.452676000000000000e+06
1.290653000000000000e+06
1.286868000000000000e+06
1.057800000000000000e+06
1.009515000000000000e+06
9.022760000000000000e+05
7.616920000000000000e+05
8.466340000000000000e+05
2.130663000000000000e+06
1.217898000000000000e+06
1.220004000000000000e+06
1.191518000000000000e+06
1.463547000000000000e+06
1.605705000000000000e+06
1.785002000000000000e+06
2.035505000000000000e+06
2.357190000000000000e+06
2.496474000000000000e+06
2.694119000000000000e+06
2.898346000000000000e+06
3.522329000000000000e+06
3.202144000000000000e+06
3.269052000000000000e+06
3.284597000000000000e+06
3.203703000000000000e+06
3.267451000000000000e+06
3.135884000000000000e+06
3.059834000000000000e+06
2.980447000000000000e+06
2.819628000000000000e+06
2.700590000000000000e+06
2.650214000000000000e+06
3.109591000000000000e+06
2.217632000000000000e+06
1.713851000000000000e+06
1.591374000000000000e+06
1.392218000000000000e+06
1.241630000000000000e+06
1.195442000000000000e+06
1.152406000000000000e+06
1.073078000000000000e+06
1.019103000000000000e+06
1.047464000000000000e+06
9.892500000000000000e+05
1.895869000000000000e+06
1.132402000000000000e+06
9.627840000000000000e+05
7.620560000000000000e+05
7.429480000000000000e+05
4.918960000000000000e+05
4.156960000000000000e+05
5.473290000000000000e+05
6.953250000000000000e+05
7.610190000000000000e+05
8.671970000000000000e+05
8.355750000000000000e+05
1.715853000000000000e+06
8.588830000000000000e+05
9.664550000000000000e+05
1.107435000000000000e+06
1.346301000000000000e+06
1.511045000000000000e+06
1.643140000000000000e+06
1.561625000000000000e+06
1.467589000000000000e+06
1.391786000000000000e+06
1.392176000000000000e+06
1.484131000000000000e+06
2.306403000000000000e+06
1.619499000000000000e+06
1.345229000000000000e+06
1.251453000000000000e+06
8.457920000000000000e+05
6.039350000000000000e+05
3.968010000000000000e+05
4.818470000000000000e+05
6.333320000000000000e+05
7.107240000000000000e+05
6.753250000000000000e+05
6.979810000000000000e+05
2.051805000000000000e+06
1.034352000000000000e+06
9.779460000000000000e+05
9.613960000000000000e+05
1.069974000000000000e+06
9.683020000000000000e+05
9.179190000000000000e+05
8.502660000000000000e+05
9.818410000000000000e+05
1.416826000000000000e+06
1.801717000000000000e+06
2.079349000000000000e+06
3.227789000000000000e+06
2.634326000000000000e+06
2.530743000000000000e+06
2.452523000000000000e+06
2.266905000000000000e+06
