4.139480000000000000e+05
4.238870000000000000e+05
6.077600000000000000e+05
5.425270000000000000e+05
6.624190000000000000e+05
5.375880000000000000e+05
6.501140000000000000e+05
5.572550000000000000e+05
6.236300000000000000e+05
6.506090000000000000e+05
5.594850000000000000e+05
7.500770000000000000e+05
5.531100000000000000e+05
6.353540000000000000e+05
6.074780000000000000e+05
6.169950000000000000e+05
5.567700000000000000e+05
6.067910000000000000e+05
6.443720000000000000e+05
6.190530000000000000e+05
6.232040000000000000e+05
5.127540000000000000e+05
7.154380000000000000e+05
9.802170000000000000e+05
5.938860000000000000e+05
5.423180000000000000e+05
5.169920000000000000e+05
6.749320000000000000e+05
5.631230000000000000e+05
6.741740000000000000e+05
1.504220000000000000e+05
1.174190000000000000e+05
2.444100000000000000e+04
1.075900000000000000e+05
3.933440000000000000e+05
3.352830000000000000e+05
8.583000000000000000e+03
6.836000000000000000e+03
1.308900000000000000e+04
0.000000000000000000e+00
2.575000000000000000e+04
2.040000000000000000e+03
8.300000000000000000e+01
0.000000000000000000e+00
0.000000000000000000e+00
0.000000000000000000e+00
0.000000000000000000e+00
1.068620000000000000e+05
1.625000000000000000e+03
3.290000000000000000e+02
6.100000000000000000e+01
0.000000000000000000e+00
0.000000000000000000e+00
0.000000000000000000e+00
0.000000000000000000e+00
0.000000000000000000e+00
0.000000000000000000e+00
0.000000000000000000e+00
0.000000000000000000e+00
1.655000000000000000e+03
1.625000000000000000e+03
3.290000000000000000e+02
6.100000000000000000e+01
0.000000000000000000e+00
0.000000000000000000e+00
0.000000000000000000e+00
0.000000000000000000e+00
0.000000000000000000e+00
0.000000000000000000e+00
0.000000000000000000e+00
0.000000000000000000e+00
1.655000000000000000e+03
3.872000000000000000e+03
3.700000000000000000e+02
6.100000000000000000e+01
0.000000000000000000e+00
0.000000000000000000e+00
0.000000000000000000e+00
0.000000000000000000e+00
0.000000000000000000e+00
0.000000000000000000e+00
0.000000000000000000e+00
0.000000000000000000e+00
3.472000000000000000e+03
1.625000000000000000e+03
3.290000000000000000e+02
6.100000000000000000e+01
0.000000000000000000e+00
0.000000000000000000e+00
0.000000000000000000e+00
0.000000000000000000e+00
0.000000000000000000e+00
0.000000000000000000e+00
0.000000000000000000e+00
0.000000000000000000e+00
1.655000000000000000e+03
2.225000000000000000e+03
3.290000000000000000e+02
6.100000000000000000e+01
0.000000000000000000e+00
0.000000000000000000e+00
0.000000000000000000e+00
0.000000000000000000e+00
0.000000000000000000e+00
0.000000000000000000e+00
0.000000000000000000e+00
0.000000000000000000e+00
5.330000000000000000e+03
4.412800000000000000e+04
8.990000000000000000e+02
1.440000000000000000e+02
0.000000000000000000e+00
0.000000000000000000e+00
0.000000000000000000e+00
0.000000000000000000e+00
0.000000000000000000e+00
0.000000000000000000e+00
0.000000000000000000e+00
0.000000000000000000e+00
1.225820000000000000e+05
1.116145000000000000e+06
1.044881000000000000e+06
1.153047000000000000e+06
1.180957000000000000e+06
1.044484000000000000e+06
1.282806000000000000e+06
1.154295000000000000e+06
1.134284000000000000e+06
1.288258000000000000e+06
1.177889000000000000e+06
1.212736000000000000e+06
1.238938000000000000e+06
1.109491000000000000e+06
1.137654000000000000e+06
6.989830000000000000e+05
7.620190000000000000e+05
1.295080000000000000e+06
1.367836000000000000e+06
1.463221000000000000e+06
1.818684000000000000e+06
1.414200000000000000e+06
1.671814000000000000e+06
1.868781000000000000e+06
1.884339000000000000e+06
1.511546000000000000e+06
1.781685000000000000e+06
1.627798000000000000e+06
1.723476000000000000e+06
2.025013000000000000e+06
1.795758000000000000e+06
4.651710000000000000e+05
6.130440000000000000e+05
3.165270000000000000e+05
7.270590000000000000e+05
9.608840000000000000e+05
1.414070000000000000e+06
3.764620000000000000e+05
2.466650000000000000e+05
1.004280000000000000e+05
1.288570000000000000e+05
1.490140000000000000e+05
1.346430000000000000e+05
2.713060000000000000e+05
7.784000000000000000e+04
2.119220000000000000e+05
8.086500000000000000e+04
4.442380000000000000e+05
8.342350000000000000e+05
9.235700000000000000e+04
7.260500000000000000e+04
4.215300000000000000e+04
2.123510000000000000e+05
1.198520000000000000e+05
7.271500000000000000e+04
9.826000000000000000e+04
7.647400000000000000e+04
7.251400000000000000e+04
6.374100000000000000e+04
4.019020000000000000e+05
5.912240000000000000e+05
5.277400000000000000e+04
5.135800000000000000e+04
5.338300000000000000e+04
1.280100000000000000e+05
7.361200000000000000e+04
5.677200000000000000e+04
1.094360000000000000e+05
6.964800000000000000e+04
6.392820000000000000e+05
1.305910000000000000e+06
1.374204000000000000e+06
1.864116000000000000e+06
1.214247000000000000e+06
1.005566000000000000e+06
1.194617000000000000e+06
1.047081000000000000e+06
1.152577000000000000e+06
8.804310000000000000e+05
1.081070000000000000e+06
7.982840000000000000e+05
9.822010000000000000e+05
5.824640000000000000e+05
1.025999000000000000e+06
1.178964000000000000e+06
3.228070000000000000e+05
2.577810000000000000e+05
3.419480000000000000e+05
2.790580000000000000e+05
1.826970000000000000e+05
2.774150000000000000e+05
1.646220000000000000e+05
1.599710000000000000e+05
2.767510000000000000e+05
1.965970000000000000e+05
6.733300000000000000e+05
1.074679000000000000e+06
1.703640000000000000e+05
2.441770000000000000e+05
1.553760000000000000e+05
1.274730000000000000e+05
2.120530000000000000e+05
1.107980000000000000e+05
6.765800000000000000e+04
1.726220000000000000e+05
7.911800000000000000e+04
8.170300000000000000e+04
5.267790000000000000e+05
8.347670000000000000e+05
7.056700000000000000e+04
4.567100000000000000e+04
4.361200000000000000e+04
8.789400000000000000e+04
6.237400000000000000e+04
9.189800000000000000e+04
7.912800000000000000e+04
1.004110000000000000e+05
9.485500000000000000e+04
1.048760000000000000e+05
3.151760000000000000e+05
6.651120000000000000e+05
1.173270000000000000e+05
1.206530000000000000e+05
1.007630000000000000e+05
1.451820000000000000e+05
1.400460000000000000e+05
1.519330000000000000e+05
1.509980000000000000e+05
1.823830000000000000e+05
1.407880000000000000e+05
1.778580000000000000e+05
3.145670000000000000e+05
8.829770000000000000e+05
1.773130000000000000e+05
1.370010000000000000e+05
1.377960000000000000e+05
1.700240000000000000e+05
1.597920000000000000e+05
1.786490000000000000e+05
1.036078400000000000e+07
3.437239000000000000e+06
1.671925000000000000e+06
1.495006000000000000e+06
1.897398000000000000e+06
2.740555000000000000e+06
2.045965000000000000e+06
2.032651000000000000e+06
1.955567000000000000e+06
2.082191000000000000e+06
2.179599000000000000e+06
2.345843000000000000e+06
2.327967000000000000e+06
2.272331000000000000e+06
2.250389000000000000e+06
2.252446000000000000e+06
2.216138000000000000e+06
2.857287000000000000e+06
2.024310000000000000e+06
2.040103000000000000e+06
1.876405000000000000e+06
1.745594000000000000e+06
1.650765000000000000e+06
1.552430000000000000e+06
1.522047000000000000e+06
1.511552000000000000e+06
1.518931000000000000e+06
1.586494000000000000e+06
1.644604000000000000e+06
2.497873000000000000e+06
1.417271000000000000e+06
1.396160000000000000e+06
1.349166000000000000e+06
1.124679000000000000e+06
1.188643000000000000e+06
1.160011000000000000e+06
1.209539000000000000e+06
1.269080000000000000e+06
1.369693000000000000e+06
1.439940000000000000e+06
1.500541000000000000e+06
2.279494000000000000e+06
1.759079000000000000e+06
1.670843000000000000e+06
1.642418000000000000e+06
1.606735000000000000e+06
1.671424000000000000e+06
1.728986000000000000e+06
1.719173000000000000e+06
1.639037000000000000e+06
1.633061000000000000e+06
1.764396000000000000e+06
1.801735000000000000e+06
2.376454000000000000e+06
1.894658000000000000e+06
2.036171000000000000e+06
1.798614000000000000e+06
1.763073000000000000e+06
1.787390000000000000e+06
1.717525000000000000e+06
1.683593000000000000e+06
1.624356000000000000e+06
1.543372000000000000e+06
1.511056000000000000e+06
1.631955000000000000e+06
2.679259000000000000e+06
1.686703000000000000e+06
1.336894000000000000e+06
1.437806000000000000e+06
1.285680000000000000e+06
1.250664000000000000e+06
1.204571000000000000e+06
1.216304000000000000e+06
1.301381000000000000e+06
1.485530000000000000e+06
1.202769000000000000e+06
1.205732000000000000e+06
2.257001000000000000e+06
8.540350000000000000e+05
6.852150000000000000e+05
7.111140000000000000e+05
8.328330000000000000e+05
9.578670000000000000e+05
1.065117000000000000e+06
1.238409000000000000e+06
1.382715000000000000e+06
1.517085000000000000e+06
1.651961000000000000e+06
1.744350000000000000e+06
2.751333000000000000e+06
2.045547000000000000e+06
2.012996000000000000e+06
1.877841000000000000e+06
1.869293000000000000e+06
1.853442000000000000e+06
1.774437000000000000e+06
1.799602000000000000e+06
1.770306000000000000e+06
1.707462000000000000e+06
1.662827000000000000e+06
1.743643000000000000e+06
2.599624000000000000e+06
1.807162000000000000e+06
1.540411000000000000e+06
1.464894000000000000e+06
1.423829000000000000e+06
1.333261000000000000e+06
1.322109000000000000e+06
1.174528000000000000e+06
1.208177000000000000e+06
1.180097000000000000e+06
1.119978000000000000e+06
1.183678000000000000e+06
2.101541000000000000e+06
1.015327000000000000e+06
7.792690000000000000e+05
6.835760000000000000e+05
5.440050000000000000e+05
5.456450000000000000e+05
6.334890000000000000e+05
6.328870000000000000e+05
6.725770000000000000e+05
6.437710000000000000e+05
6.635830000000000000e+05
9.402150000000000000e+05
1.771368000000000000e+06
1.130535000000000000e+06
1.190419000000000000e+06
1.348012000000000000e+06
1.463435000000000000e+06
1.525288000000000000e+06
1.572297000000000000e+06
1.679971000000000000e+06
1.854608000000000000e+06
1.813058000000000000e+06
1.807397000000000000e+06
1.911026000000000000e+06
3.085044000000000000e+06
2.024500000000000000e+06
1.870503000000000000e+06
1.815224000000000000e+06
1.739695000000000000e+06
1.712416000000000000e+06
1.619122000000000000e+06
1.484142000000000000e+06
1.367998000000000000e+06
1.271105000000000000e+06
1.228520000000000000e+06
1.339842000000000000e+06
2.095297000000000000e+06
1.401473000000000000e+06
1.212776000000000000e+06
1.176536000000000000e+06
1.197177000000000000e+06
1.239683000000000000e+06
1.153732000000000000e+06
1.131683000000000000e+06
1.139612000000000000e+06
1.007557000000000000e+06
9.272070000000000000e+05
9.625600000000000000e+05
1.808666000000000000e+06
1.033534000000000000e+06
8.587600000000000000e+05
9.113900000000000000e+05
9.075590000000000000e+05
8.656840000000000000e+05
8.669370000000000000e+05
8.325110000000000000e+05
8.986790000000000000e+05
9.279850000000000000e+05
8.400470000000000000e+05
9.395330000000000000e+05
1.806053000000000000e+06
1.115091000000000000e+06
8.653390000000000000e+05
7.601280000000000000e+05
6.259780000000000000e+05
6.572860000000000000e+05
6.279150000000000000e+05
5.051060000000000000e+05
5.816160000000000000e+05
5.803830000000000000e+05
6.524590000000000000e+05
8.671730000000000000e+05
2.039873000000000000e+06
7.789820000000000000e+05
6.368700000000000000e+05
5.684650000000000000e+05
6.757710000000000000e+05
6.124340000000000000e+05
5.771350000000000000e+05
5.728210000000000000e+05
6.998280000000000000e+05
6.687370000000000000e+05
6.680470000000000000e+05
7.163680000000000000e+05
1.774300000000000000e+06
7.502110000000000000e+05
4.800080000000000000e+05
5.607810000000000000e+05
6.823190000000000000e+05
7.855800000000000000e+05
9.271120000000000000e+05
1.084224000000000000e+06
1.269471000000000000e+06
1.341061000000000000e+06
1.514117000000000000e+06
1.697184000000000000e+06
2.950151000000000000e+06
1.803055000000000000e+06
1.642400000000000000e+06
1.643583000000000000e+06
1.631426000000000000e+06
1.708537000000000000e+06
1.721547000000000000e+06
1.637739000000000000e+06
1.771581000000000000e+06
1.684885000000000000e+06
1.704663000000000000e+06
1.834567000000000000e+06
2.870359000000000000e+06
1.690012000000000000e+06
1.610776000000000000e+06
1.591248000000000000e+06
1.585730000000000000e+06
1.714220000000000000e+06
1.657512000000000000e+06
1.653048000000000000e+06
1.598018000000000000e+06
1.540679000000000000e+06
1.492901000000000000e+06
1.578285000000000000e+06
2.292415000000000000e+06
1.364948000000000000e+06
1.214301000000000000e+06
1.153339000000000000e+06
1.173429000000000000e+06
1.314587000000000000e+06
1.277406000000000000e+06
1.358418000000000000e+06
1.449252000000000000e+06
1.474483000000000000e+06
1.472040000000000000e+06
1.719598000000000000e+06
2.919658000000000000e+06
1.290195000000000000e+06
1.037381000000000000e+06
1.104853000000000000e+06
1.312599000000000000e+06
1.394280000000000000e+06
1.353444000000000000e+06
1.218838000000000000e+06
1.088458000000000000e+06
1.098899000000000000e+06
1.179024000000000000e+06
1.264700000000000000e+06
2.466944000000000000e+06
1.064182000000000000e+06
2.472509000000000000e+06
9.455430000000000000e+05
8.620110000000000000e+05
7.351250000000000000e+05
7.465220000000000000e+05
8.247730000000000000e+05
7.728330000000000000e+05
7.321500000000000000e+05
7.954960000000000000e+05
8.907560000000000000e+05
1.960470000000000000e+06
9.368540000000000000e+05
1.039733000000000000e+06
1.044910000000000000e+06
9.968190000000000000e+05
9.717410000000000000e+05
8.420310000000000000e+05
8.076020000000000000e+05
8.830330000000000000e+05
9.210290000000000000e+05
8.895160000000000000e+05
8.932660000000000000e+05
1.688985000000000000e+06
9.784610000000000000e+05
9.364990000000000000e+05
9.487570000000000000e+05
9.641810000000000000e+05
1.050677000000000000e+06
1.081164000000000000e+06
1.129040000000000000e+06
1.178834000000000000e+06
1.214569000000000000e+06
1.302703000000000000e+06
1.447327000000000000e+06
2.376276000000000000e+06
1.772801000000000000e+06
1.621705000000000000e+06
1.677565000000000000e+06
1.712264000000000000e+06
1.719471000000000000e+06
1.759134000000000000e+06
1.708788000000000000e+06
1.675475000000000000e+06
1.693986000000000000e+06
1.725760000000000000e+06
1.783025000000000000e+06
2.596055000000000000e+06
1.992619000000000000e+06
1.734369000000000000e+06
1.669768000000000000e+06
1.666528000000000000e+06
1.630505000000000000e+06
1.609623000000000000e+06
1.605558000000000000e+06
1.568744000000000000e+06
1.527432000000000000e+06
1.527393000000000000e+06
1.539584000000000000e+06
2.185740000000000000e+06
1.708709000000000000e+06
1.464927000000000000e+06
1.328070000000000000e+06
1.299521000000000000e+06
1.219087000000000000e+06
1.160757000000000000e+06
1.017005000000000000e+06
1.031363000000000000e+06
9.739460000000000000e+05
9.156250000000000000e+05
9.017720000000000000e+05
2.026763000000000000e+06
9.150630000000000000e+05
5.128340000000000000e+05
4.555290000000000000e+05
4.712990000000000000e+05
5.105640000000000000e+05
5.155610000000000000e+05
5.574270000000000000e+05
4.551940000000000000e+05
4.893600000000000000e+05
5.179670000000000000e+05
7.057220000000000000e+05
1.683124000000000000e+06
7.179200000000000000e+05
4.034360000000000000e+05
3.969090000000000000e+05
2.865910000000000000e+05
3.628700000000000000e+05
3.991400000000000000e+05
4.342820000000000000e+05
5.590290000000000000e+05
6.216510000000000000e+05
6.345240000000000000e+05
7.853570000000000000e+05
1.641109000000000000e+06
7.424760000000000000e+05
5.671700000000000000e+05
5.770010000000000000e+05
6.167840000000000000e+05
6.669020000000000000e+05
6.561910000000000000e+05
7.479840000000000000e+05
8.039750000000000000e+05
9.480250000000000000e+05
8.677440000000000000e+05
9.735400000000000000e+05
2.118226000000000000e+06
1.288298000000000000e+06
1.089747000000000000e+06
1.091824000000000000e+06
1.129638000000000000e+06
1.138814000000000000e+06
1.128230000000000000e+06
1.291095000000000000e+06
1.310490000000000000e+06
1.293557000000000000e+06
1.299690000000000000e+06
1.265306000000000000e+06
1.823241000000000000e+06
1.007160000000000000e+06
8.255840000000000000e+05
7.838250000000000000e+05
9.731120000000000000e+05
1.147870000000000000e+06
1.384923000000000000e+06
1.538987000000000000e+06
1.574488000000000000e+06
1.558036000000000000e+06
1.611792000000000000e+06
1.663500000000000000e+06
2.734504000000000000e+06
1.711863000000000000e+06
1.676239000000000000e+06
1.573684000000000000e+06
1.511780000000000000e+06
1.495437000000000000e+06
1.486784000000000000e+06
1.469198000000000000e+06
1.299297000000000000e+06
1.129977000000000000e+06
8.794540000000000000e+05
8.177770000000000000e+05
1.959951000000000000e+06
7.044740000000000000e+05
5.966330000000000000e+05
5.851850000000000000e+05
5.948380000000000000e+05
5.889140000000000000e+05
6.349330000000000000e+05
6.509990000000000000e+05
7.695650000000000000e+05
6.884260000000000000e+05
5.758480000000000000e+05
6.567480000000000000e+05
1.695796000000000000e+06
7.575420000000000000e+05
4.832280000000000000e+05
5.093910000000000000e+05
6.033800000000000000e+05
7.918720000000000000e+05
9.575220000000000000e+05
9.938720000000000000e+05
8.926340000000000000e+05
8.990180000000000000e+05
9.975190000000000000e+05
1.248746000000000000e+06
2.298016000000000000e+06
1.740949000000000000e+06
1.534778000000000000e+06
1.570164000000000000e+06
1.667292000000000000e+06
1.836613000000000000e+06
2.050618000000000000e+06
2.120643000000000000e+06
2.175649000000000000e+06
2.179104000000000000e+06
2.176368000000000000e+06
2.149652000000000000e+06
2.486841000000000000e+06
2.155369000000000000e+06
1.871724000000000000e+06
1.742857000000000000e+06
1.756294000000000000e+06
1.694430000000000000e+06
1.682667000000000000e+06
1.710464000000000000e+06
1.597423000000000000e+06
1.586662000000000000e+06
1.582329000000000000e+06
1.538562000000000000e+06
2.280010000000000000e+06
1.361267000000000000e+06
1.310441000000000000e+06
1.202913000000000000e+06
1.122193000000000000e+06
1.163727000000000000e+06
1.232640000000000000e+06
1.255095000000000000e+06
1.153924000000000000e+06
1.097658000000000000e+06
1.060061000000000000e+06
1.068226000000000000e+06
2.049450000000000000e+06
9.363650000000000000e+05
8.238470000000000000e+05
8.019390000000000000e+05
7.812490000000000000e+05
7.455700000000000000e+05
6.712070000000000000e+05
6.179960000000000000e+05
6.240800000000000000e+05
5.941590000000000000e+05
6.462700000000000000e+05
6.554640000000000000e+05
1.871061000000000000e+06
8.656520000000000000e+05
6.883040000000000000e+05
8.624210000000000000e+05
1.003912000000000000e+06
1.074212000000000000e+06
1.158916000000000000e+06
1.235365000000000000e+06
1.314666000000000000e+06
1.357541000000000000e+06
1.548523000000000000e+06
1.723978000000000000e+06
2.742426000000000000e+06
1.803981000000000000e+06
1.668167000000000000e+06
1.614787000000000000e+06
1.657373000000000000e+06
1.631571000000000000e+06
1.659160000000000000e+06
1.736933000000000000e+06
1.671228000000000000e+06
1.691738000000000000e+06
1.623062000000000000e+06
1.651372000000000000e+06
2.664841000000000000e+06
1.618534000000000000e+06
1.445897000000000000e+06
1.401757000000000000e+06
1.358494000000000000e+06
1.230507000000000000e+06
1.138223000000000000e+06
1.159542000000000000e+06
1.072088000000000000e+06
1.038526000000000000e+06
9.905380000000000000e+05
1.054237000000000000e+06
1.807860000000000000e+06
8.866200000000000000e+05
7.287190000000000000e+05
7.771240000000000000e+05
7.389870000000000000e+05
6.843700000000000000e+05
6.708640000000000000e+05
6.093130000000000000e+05
6.304670000000000000e+05
6.864000000000000000e+05
6.588660000000000000e+05
8.454290000000000000e+05
1.913572000000000000e+06
4.781090000000000000e+05
4.116250000000000000e+05
4.445660000000000000e+05
3.400160000000000000e+05
3.378480000000000000e+05
3.952360000000000000e+05
3.585280000000000000e+05
3.470780000000000000e+05
3.597470000000000000e+05
3.658780000000000000e+05
5.139880000000000000e+05
1.378640000000000000e+06
5.696530000000000000e+05
3.412310000000000000e+05
4.560480000000000000e+05
4.944370000000000000e+05
5.039700000000000000e+05
4.763460000000000000e+05
4.727340000000000000e+05
5.571760000000000000e+05
4.518800000000000000e+05
4.057920000000000000e+05
4.445530000000000000e+05
1.213633000000000000e+06
3.810940000000000000e+05
2.857960000000000000e+05
4.120250000000000000e+05
4.222100000000000000e+05
3.046900000000000000e+05
3.397480000000000000e+05
4.120270000000000000e+05
4.681520000000000000e+05
4.793000000000000000e+05
3.966440000000000000e+05
5.613380000000000000e+05
1.251928000000000000e+06
5.497570000000000000e+05
3.657570000000000000e+05
3.695360000000000000e+05
3.814880000000000000e+05
4.866160000000000000e+05
4.090160000000000000e+05
4.178530000000000000e+05
6.298140000000000000e+05
6.486120000000000000e+05
7.187270000000000000e+05
8.118900000000000000e+05
1.961417000000000000e+06
1.055924000000000000e+06
7.782280000000000000e+05
7.226860000000000000e+05
8.313520000000000000e+05
7.758170000000000000e+05
7.808510000000000000e+05
7.787970000000000000e+05
7.652350000000000000e+05
7.834260000000000000e+05
6.920310000000000000e+05
8.406450000000000000e+05
1.817568000000000000e+06
1.027703000000000000e+06
1.035976000000000000e+06
1.130580000000000000e+06
1.107701000000000000e+06
1.256242000000000000e+06
1.293300000000000000e+06
1.334083000000000000e+06
1.398406000000000000e+06
1.368761000000000000e+06
1.443686000000000000e+06
1.478404000000000000e+06
2.167293000000000000e+06
1.728181000000000000e+06
1.453268000000000000e+06
1.466036000000000000e+06
1.489228000000000000e+06
1.441235000000000000e+06
1.500221000000000000e+06
1.527193000000000000e+06
1.497187000000000000e+06
1.432774000000000000e+06
1.340190000000000000e+06
1.402678000000000000e+06
2.151015000000000000e+06
1.170041000000000000e+06
1.058572000000000000e+06
1.044672000000000000e+06
9.046550000000000000e+05
7.617670000000000000e+05
6.480370000000000000e+05
6.445510000000000000e+05
4.878330000000000000e+05
5.032070000000000000e+05
5.072020000000000000e+05
6.675380000000000000e+05
1.695921000000000000e+06
8.963900000000000000e+05
7.248680000000000000e+05
8.137220000000000000e+05
8.329570000000000000e+05
7.953120000000000000e+05
8.020680000000000000e+05
8.699120000000000000e+05
8.940210000000000000e+05
9.425320000000000000e+05
9.831660000000000000e+05
1.067415000000000000e+06
1.913668000000000000e+06
1.398620000000000000e+06
1.042081000000000000e+06
1.110589000000000000e+06
1.130428000000000000e+06
1.238727000000000000e+06
1.217814000000000000e+06
1.153191000000000000e+06
1.127378000000000000e+06
9.438050000000000000e+05
9.278670000000000000e+05
1.031179000000000000e+06
2.021131000000000000e+06
9.860830000000000000e+05
8.809140000000000000e+05
8.675560000000000000e+05
7.914310000000000000e+05
5.712430000000000000e+05
3.583450000000000000e+05
2.511420000000000000e+05
2.924780000000000000e+05
2.779800000000000000e+05
3.212060000000000000e+05
4.056000000000000000e+05
1.705508000000000000e+06
7.225220000000000000e+05
4.234080000000000000e+05
4.613320000000000000e+05
5.299630000000000000e+05
4.454460000000000000e+05
5.562650000000000000e+05
5.257950000000000000e+05
6.030660000000000000e+05
6.373130000000000000e+05
4.601880000000000000e+05
6.976720000000000000e+05
1.676973000000000000e+06
7.760030000000000000e+05
6.459670000000000000e+05
6.152060000000000000e+05
7.251500000000000000e+05
8.154890000000000000e+05
8.968200000000000000e+05
8.020260000000000000e+05
8.254980000000000000e+05
9.041440000000000000e+05
9.655920000000000000e+05
1.070922000000000000e+06
2.149504000000000000e+06
1.209450000000000000e+06
1.009896000000000000e+06
8.957430000000000000e+05
7.610520000000000000e+05
6.874960000000000000e+05
6.427660000000000000e+05
6.608980000000000000e+05
6.057680000000000000e+05
6.330470000000000000e+05
6.471910000000000000e+05
8.563520000000000000e+05
1.946177000000000000e+06
1.074727000000000000e+06
6.562210000000000000e+05
6.617160000000000000e+05
4.948510000000000000e+05
4.051730000000000000e+05
2.816600000000000000e+05
2.594780000000000000e+05
2.539630000000000000e+05
2.823030000000000000e+05
3.795470000000000000e+05
6.200580000000000000e+05
1.414808000000000000e+06
4.862770000000000000e+05
2.236470000000000000e+05
1.118170000000000000e+05
1.943870000000000000e+05
1.758420000000000000e+05
3.172690000000000000e+05
6.926180000000000000e+05
5.157130000000000000e+05
2.926610000000000000e+05
3.333340000000000000e+05
3.844970000000000000e+05
1.436598000000000000e+06
4.009980000000000000e+05
3.720930000000000000e+05
3.439750000000000000e+05
2.384280000000000000e+05
1.773670000000000000e+05
2.830780000000000000e+05
2.495640000000000000e+05
3.277980000000000000e+05
3.339440000000000000e+05
2.353320000000000000e+05
4.121780000000000000e+05
1.521793000000000000e+06
3.454830000000000000e+05
4.991350000000000000e+05
1.596030000000000000e+05
2.605190000000000000e+05
1.781380000000000000e+05
3.587930000000000000e+05
2.965390000000000000e+05
2.787980000000000000e+05
4.205070000000000000e+05
4.904800000000000000e+05
5.169770000000000000e+05
1.607645000000000000e+06
5.457500000000000000e+05
2.531290000000000000e+05
3.713450000000000000e+05
3.292090000000000000e+05
3.042970000000000000e+05
4.988600000000000000e+05
4.907360000000000000e+05
2.865930000000000000e+05
3.508020000000000000e+05
3.875390000000000000e+05
6.294070000000000000e+05
1.498627000000000000e+06
7.405610000000000000e+05
6.325410000000000000e+05
6.872310000000000000e+05
6.813240000000000000e+05
7.004530000000000000e+05
8.287460000000000000e+05
9.173080000000000000e+05
9.535100000000000000e+05
9.213360000000000000e+05
1.059674000000000000e+06
1.202054000000000000e+06
1.827801000000000000e+06
1.449335000000000000e+06
1.298145000000000000e+06
1.332013000000000000e+06
1.274115000000000000e+06
1.301053000000000000e+06
1.287162000000000000e+06
1.373805000000000000e+06
1.396857000000000000e+06
1.376833000000000000e+06
1.442344000000000000e+06
1.491504000000000000e+06
2.320387000000000000e+06
1.777405000000000000e+06
1.402047000000000000e+06
1.395155000000000000e+06
1.451938000000000000e+06
1.394838000000000000e+06
1.429761000000000000e+06
1.389505000000000000e+06
1.358070000000000000e+06
1.311568000000000000e+06
1.328029000000000000e+06
1.493832000000000000e+06
2.203458000000000000e+06
1.505154000000000000e+06
1.419028000000000000e+06
1.413739000000000000e+06
1.457127000000000000e+06
1.474602000000000000e+06
1.456799000000000000e+06
1.380016000000000000e+06
1.292991000000000000e+06
1.231442000000000000e+06
1.304921000000000000e+06
1.303376000000000000e+06
2.281246000000000000e+06
1.048188000000000000e+06
9.791170000000000000e+05
1.023838000000000000e+06
1.057022000000000000e+06
9.124130000000000000e+05
6.952680000000000000e+05
7.419530000000000000e+05
8.109060000000000000e+05
8.562510000000000000e+05
8.809030000000000000e+05
8.630900000000000000e+05
2.111354000000000000e+06
1.061506000000000000e+06
7.171120000000000000e+05
6.686200000000000000e+05
6.395940000000000000e+05
6.097430000000000000e+05
5.575410000000000000e+05
5.403840000000000000e+05
4.991820000000000000e+05
5.015050000000000000e+05
4.410350000000000000e+05
6.140870000000000000e+05
1.701111000000000000e+06
5.349190000000000000e+05
3.964400000000000000e+05
3.291970000000000000e+05
2.822840000000000000e+05
3.207010000000000000e+05
1.787920000000000000e+05
2.052920000000000000e+05
1.915700000000000000e+05
2.710210000000000000e+05
2.491280000000000000e+05
3.447110000000000000e+05
1.445842000000000000e+06
4.798240000000000000e+05
4.306230000000000000e+05
1.452860000000000000e+05
1.090990000000000000e+05
1.580550000000000000e+05
2.163370000000000000e+05
2.553080000000000000e+05
3.423660000000000000e+05
2.897040000000000000e+05
3.649190000000000000e+05
5.156900000000000000e+05
1.458033000000000000e+06
7.119580000000000000e+05
5.084200000000000000e+05
5.342360000000000000e+05
5.005180000000000000e+05
4.816050000000000000e+05
4.651070000000000000e+05
5.063840000000000000e+05
4.871890000000000000e+05
5.038070000000000000e+05
6.084670000000000000e+05
6.629910000000000000e+05
1.596224000000000000e+06
8.937810000000000000e+05
5.194880000000000000e+05
5.223310000000000000e+05
4.998700000000000000e+05
4.718860000000000000e+05
4.784270000000000000e+05
3.620690000000000000e+05
3.211510000000000000e+05
2.706560000000000000e+05
3.922110000000000000e+05
4.608310000000000000e+05
1.626732000000000000e+06
8.065400000000000000e+05
4.417050000000000000e+05
5.604950000000000000e+05
5.864110000000000000e+05
5.914890000000000000e+05
6.501790000000000000e+05
6.237820000000000000e+05
6.153870000000000000e+05
6.727420000000000000e+05
1.079149000000000000e+06
1.021889000000000000e+06
1.561213000000000000e+06
1.181732000000000000e+06
8.905710000000000000e+05
8.657230000000000000e+05
9.024940000000000000e+05
9.130960000000000000e+05
9.697690000000000000e+05
9.643510000000000000e+05
1.326553000000000000e+06
1.164191000000000000e+06
9.256080000000000000e+05
9.879600000000000000e+05
2.057104000000000000e+06
1.486102000000000000e+06
1.019896000000000000e+06
1.005045000000000000e+06
9.480480000000000000e+05
1.005133000000000000e+06
1.080006000000000000e+06
1.028453000000000000e+06
1.082365000000000000e+06
1.139132000000000000e+06
1.142303000000000000e+06
1.240931000000000000e+06
2.193951000000000000e+06
1.288867000000000000e+06
1.144594000000000000e+06
1.121222000000000000e+06
1.149626000000000000e+06
1.143619000000000000e+06
1.114166000000000000e+06
1.107127000000000000e+06
1.059049000000000000e+06
1.029689000000000000e+06
1.037660000000000000e+06
1.029595000000000000e+06
1.942713000000000000e+06
1.354860000000000000e+06
1.027787000000000000e+06
9.928890000000000000e+05
9.940340000000000000e+05
9.617650000000000000e+05
9.694950000000000000e+05
8.767460000000000000e+05
8.719890000000000000e+05
8.635660000000000000e+05
8.571720000000000000e+05
8.734040000000000000e+05
1.743112000000000000e+06
1.022018000000000000e+06
6.628530000000000000e+05
6.433840000000000000e+05
6.020010000000000000e+05
5.900410000000000000e+05
5.812650000000000000e+05
5.409080000000000000e+05
7.609050000000000000e+05
6.223340000000000000e+05
4.228690000000000000e+05
4.196980000000000000e+05
1.361143000000000000e+06
6.091900000000000000e+05
3.754630000000000000e+05
3.521190000000000000e+05
3.511540000000000000e+05
3.595690000000000000e+05
3.273540000000000000e+05
7.579510000000000000e+05
6.043350000000000000e+05
2.819000000000000000e+05
2.501720000000000000e+05
4.591770000000000000e+05
1.569229000000000000e+06
5.813800000000000000e+05
2.685510000000000000e+05
2.834470000000000000e+05
3.116130000000000000e+05
2.962330000000000000e+05
4.010920000000000000e+05
4.336030000000000000e+05
4.078520000000000000e+05
3.586550000000000000e+05
4.149550000000000000e+05
5.399110000000000000e+05
1.424457000000000000e+06
4.804760000000000000e+05
1.687400000000000000e+05
3.035730000000000000e+05
1.235840000000000000e+05
2.305840000000000000e+05
5.247030000000000000e+05
2.647280000000000000e+05
3.300850000000000000e+05
4.617280000000000000e+05
3.871830000000000000e+05
6.401840000000000000e+05
1.392598000000000000e+06
7.627090000000000000e+05
4.604960000000000000e+05
3.848380000000000000e+05
3.783550000000000000e+05
4.849530000000000000e+05
4.571040000000000000e+05
4.213110000000000000e+05
4.329070000000000000e+05
5.013300000000000000e+05
3.632460000000000000e+05
4.066170000000000000e+05
1.439210000000000000e+06
6.718180000000000000e+05
3.275770000000000000e+05
2.973680000000000000e+05
3.600960000000000000e+05
4.022210000000000000e+05
3.227930000000000000e+05
3.928100000000000000e+05
4.481020000000000000e+05
5.198030000000000000e+05
4.870300000000000000e+05
7.371920000000000000e+05
1.933775000000000000e+06
8.734860000000000000e+05
6.582430000000000000e+05
6.234320000000000000e+05
6.945410000000000000e+05
7.795660000000000000e+05
8.456920000000000000e+05
9.482700000000000000e+05
9.961140000000000000e+05
1.156115000000000000e+06
1.254341000000000000e+06
1.249993000000000000e+06
1.981431000000000000e+06
1.400335000000000000e+06
1.179630000000000000e+06
1.240724000000000000e+06
1.315223000000000000e+06
1.281819000000000000e+06
1.298800000000000000e+06
1.295587000000000000e+06
1.268623000000000000e+06
1.312651000000000000e+06
1.327731000000000000e+06
1.473431000000000000e+06
2.452001000000000000e+06
1.641878000000000000e+06
1.415211000000000000e+06
1.356242000000000000e+06
1.295341000000000000e+06
1.228034000000000000e+06
1.190995000000000000e+06
1.114228000000000000e+06
1.094930000000000000e+06
1.047779000000000000e+06
1.033153000000000000e+06
1.215231000000000000e+06
2.032422000000000000e+06
1.276675000000000000e+06
1.138057000000000000e+06
1.171711000000000000e+06
1.180145000000000000e+06
1.083918000000000000e+06
1.032602000000000000e+06
9.611060000000000000e+05
9.614130000000000000e+05
8.883480000000000000e+05
8.593620000000000000e+05
8.906730000000000000e+05
1.387563000000000000e+06
7.054350000000000000e+05
5.316330000000000000e+05
4.544710000000000000e+05
4.422050000000000000e+05
4.547520000000000000e+05
4.528470000000000000e+05
3.944800000000000000e+05
3.600970000000000000e+05
4.139380000000000000e+05
3.919340000000000000e+05
4.631350000000000000e+05
1.566169000000000000e+06
6.192560000000000000e+05
2.010360000000000000e+05
2.285000000000000000e+05
2.356660000000000000e+05
3.267480000000000000e+05
3.812960000000000000e+05
3.711000000000000000e+05
2.944670000000000000e+05
3.215080000000000000e+05
2.829670000000000000e+05
4.009610000000000000e+05
1.416155000000000000e+06
6.894600000000000000e+05
5.400210000000000000e+05
1.770980000000000000e+05
1.855730000000000000e+05
1.871280000000000000e+05
1.888140000000000000e+05
4.198280000000000000e+05
4.321260000000000000e+05
4.760120000000000000e+05
1.385230000000000000e+05
3.552540000000000000e+05
1.549309000000000000e+06
6.418610000000000000e+05
4.872690000000000000e+05
5.220380000000000000e+05
5.817100000000000000e+05
9.476520000000000000e+05
8.237560000000000000e+05
6.968440000000000000e+05
6.951720000000000000e+05
8.055590000000000000e+05
9.076920000000000000e+05
1.102563000000000000e+06
1.894745000000000000e+06
1.248025000000000000e+06
1.208441000000000000e+06
1.286857000000000000e+06
1.332752000000000000e+06
1.358615000000000000e+06
1.375329000000000000e+06
1.407363000000000000e+06
1.434475000000000000e+06
1.393342000000000000e+06
1.341827000000000000e+06
1.420765000000000000e+06
2.133712000000000000e+06
1.647272000000000000e+06
1.356478000000000000e+06
1.309975000000000000e+06
1.221267000000000000e+06
1.117692000000000000e+06
9.725640000000000000e+05
8.397660000000000000e+05
7.034070000000000000e+05
5.827590000000000000e+05
5.376130000000000000e+05
2.462771000000000000e+06
6.387865000000000000e+06
5.175314000000000000e+06
5.595095000000000000e+06
5.354610000000000000e+06
5.849952000000000000e+06
5.744170000000000000e+06
5.953856000000000000e+06
5.406427000000000000e+06
5.710771000000000000e+06
2.538485000000000000e+06
4.382990000000000000e+05
9.829530000000000000e+05
4.337817000000000000e+06
2.543220000000000000e+05
2.678400000000000000e+04
4.399000000000000000e+03
1.849000000000000000e+03
0.000000000000000000e+00
0.000000000000000000e+00
6.855200000000000000e+04
9.600000000000000000e+03
1.834400000000000000e+04
8.788500000000000000e+04
2.290660000000000000e+05
3.449327000000000000e+06
1.078170000000000000e+05
8.298000000000000000e+03
1.402800000000000000e+04
4.793000000000000000e+03
3.983000000000000000e+03
3.720300000000000000e+04
2.926600000000000000e+04
2.026500000000000000e+04
2.453000000000000000e+03
4.182000000000000000e+03
2.023000000000000000e+03
2.069765000000000000e+06
1.480310000000000000e+05
1.783500000000000000e+04
4.666000000000000000e+03
3.392000000000000000e+03
6.723000000000000000e+03
3.227500000000000000e+04
7.616000000000000000e+04
1.268760000000000000e+05
2.615600000000000000e+04
1.962000000000000000e+03
0.000000000000000000e+00
2.630156000000000000e+06
4.265500000000000000e+04
2.461700000000000000e+04
1.536000000000000000e+03
1.480000000000000000e+03
2.123800000000000000e+04
7.364900000000000000e+04
9.120000000000000000e+02
0.000000000000000000e+00
9.120000000000000000e+02
4.307100000000000000e+04
1.691000000000000000e+03
1.383956000000000000e+06
4.482800000000000000e+04
3.006000000000000000e+03
1.144280000000000000e+05
1.248000000000000000e+03
1.296000000000000000e+03
1.296000000000000000e+03
1.248000000000000000e+03
0.000000000000000000e+00
4.195400000000000000e+04
1.324000000000000000e+03
0.000000000000000000e+00
1.590646000000000000e+06
1.216810000000000000e+05
4.495000000000000000e+03
1.008000000000000000e+03
1.744000000000000000e+03
1.984000000000000000e+03
2.270000000000000000e+03
2.270000000000000000e+03
2.366000000000000000e+03
1.856000000000000000e+03
2.128000000000000000e+03
7.680000000000000000e+02
1.830566000000000000e+06
4.790900000000000000e+04
1.152000000000000000e+03
1.968000000000000000e+03
1.920000000000000000e+03
1.351000000000000000e+03
2.539000000000000000e+03
0.000000000000000000e+00
2.496000000000000000e+03
1.459000000000000000e+03
1.879000000000000000e+03
1.312000000000000000e+03
1.447615000000000000e+06
5.386200000000000000e+04
3.225000000000000000e+03
9.600000000000000000e+02
1.600000000000000000e+03
2.067000000000000000e+03
1.411000000000000000e+03
1.440000000000000000e+03
7.355000000000000000e+03
9.904000000000000000e+03
0.000000000000000000e+00
2.978800000000000000e+04
1.752573000000000000e+06
3.766100000000000000e+04
1.066200000000000000e+04
0.000000000000000000e+00
0.000000000000000000e+00
0.000000000000000000e+00
2.887200000000000000e+04
6.400000000000000000e+02
0.000000000000000000e+00
0.000000000000000000e+00
6.400000000000000000e+02
0.000000000000000000e+00
1.014219000000000000e+06
3.856500000000000000e+04
1.365000000000000000e+04
0.000000000000000000e+00
0.000000000000000000e+00
0.000000000000000000e+00
0.000000000000000000e+00
0.000000000000000000e+00
0.000000000000000000e+00
2.328000000000000000e+04
8.000000000000000000e+02
0.000000000000000000e+00
1.442978000000000000e+06
4.463000000000000000e+04
3.814000000000000000e+03
5.233000000000000000e+03
2.272000000000000000e+03
1.499000000000000000e+03
2.067000000000000000e+03
1.763000000000000000e+03
1.831000000000000000e+03
2.071000000000000000e+03
1.477000000000000000e+03
5.120000000000000000e+02
1.729021000000000000e+06
7.340100000000000000e+04
3.513000000000000000e+03
2.587000000000000000e+03
2.611000000000000000e+03
2.699000000000000000e+03
0.000000000000000000e+00
2.680000000000000000e+03
0.000000000000000000e+00
0.000000000000000000e+00
0.000000000000000000e+00
2.526000000000000000e+03
8.428250000000000000e+05
6.100800000000000000e+04
1.261200000000000000e+04
0.000000000000000000e+00
0.000000000000000000e+00
0.000000000000000000e+00
0.000000000000000000e+00
3.384000000000000000e+03
0.000000000000000000e+00
0.000000000000000000e+00
0.000000000000000000e+00
0.000000000000000000e+00
1.525265000000000000e+06
9.777500000000000000e+04
5.052000000000000000e+03
4.685000000000000000e+03
3.011000000000000000e+03
1.604000000000000000e+03
9.210000000000000000e+02
8.210000000000000000e+02
1.749000000000000000e+03
1.653000000000000000e+03
1.645000000000000000e+03
2.301000000000000000e+03
2.233456000000000000e+06
1.272290000000000000e+05
2.093600000000000000e+04
3.814000000000000000e+03
2.240000000000000000e+03
2.693000000000000000e+03
2.524000000000000000e+03
1.530000000000000000e+03
7.730000000000000000e+02
8.624000000000000000e+03
3.515000000000000000e+03
6.889000000000000000e+03
1.877793000000000000e+06
8.839900000000000000e+04
9.489000000000000000e+03
3.783000000000000000e+03
1.886000000000000000e+03
1.740000000000000000e+03
2.004000000000000000e+03
1.748000000000000000e+03
1.818000000000000000e+03
2.238000000000000000e+03
2.424000000000000000e+03
0.000000000000000000e+00
9.275630000000000000e+05
8.329500000000000000e+04
1.173800000000000000e+04
2.734000000000000000e+03
2.368000000000000000e+03
2.936000000000000000e+03
2.571000000000000000e+03
2.815000000000000000e+03
2.176000000000000000e+03
1.720000000000000000e+03
1.894000000000000000e+03
1.946000000000000000e+03
2.246068000000000000e+06
1.108020000000000000e+05
1.795100000000000000e+04
2.494000000000000000e+03
2.044000000000000000e+03
1.205000000000000000e+03
1.359000000000000000e+03
1.227000000000000000e+03
7.811000000000000000e+03
7.890000000000000000e+02
7.890000000000000000e+02
7.890000000000000000e+02
7.594070000000000000e+05
1.135240000000000000e+05
9.727000000000000000e+03
2.313000000000000000e+03
1.612000000000000000e+03
1.225000000000000000e+03
2.365000000000000000e+03
1.868000000000000000e+03
2.464000000000000000e+03
1.842000000000000000e+03
1.611000000000000000e+03
5.617000000000000000e+03
1.697219000000000000e+06
8.778100000000000000e+04
1.569200000000000000e+04
1.743100000000000000e+04
5.053000000000000000e+03
2.128000000000000000e+03
0.000000000000000000e+00
1.968000000000000000e+03
2.080000000000000000e+03
2.784000000000000000e+03
3.057000000000000000e+03
2.464000000000000000e+03
2.099997000000000000e+06
1.525360000000000000e+05
2.904300000000000000e+04
5.051000000000000000e+03
3.912000000000000000e+03
4.264000000000000000e+03
2.088000000000000000e+03
0.000000000000000000e+00
3.440000000000000000e+03
0.000000000000000000e+00
2.208000000000000000e+03
0.000000000000000000e+00
1.500982000000000000e+06
1.475360000000000000e+05
1.019700000000000000e+04
1.309000000000000000e+03
9.620000000000000000e+03
5.413000000000000000e+03
1.232000000000000000e+03
0.000000000000000000e+00
2.999000000000000000e+03
0.000000000000000000e+00
2.893000000000000000e+03
0.000000000000000000e+00
1.529453000000000000e+06
1.504350000000000000e+05
1.107900000000000000e+04
1.172000000000000000e+04
1.989000000000000000e+03
0.000000000000000000e+00
1.632000000000000000e+03
2.704000000000000000e+03
0.000000000000000000e+00
2.688000000000000000e+03
2.528000000000000000e+03
3.894000000000000000e+03
8.062830000000000000e+05
1.439620000000000000e+05
1.616000000000000000e+04
3.941000000000000000e+03
0.000000000000000000e+00
2.168000000000000000e+03
0.000000000000000000e+00
1.176000000000000000e+03
3.736000000000000000e+03
1.831000000000000000e+03
8.474000000000000000e+03
0.000000000000000000e+00
1.499708000000000000e+06
1.442940000000000000e+05
1.540900000000000000e+04
4.633000000000000000e+03
1.898000000000000000e+03
0.000000000000000000e+00
2.704000000000000000e+03
0.000000000000000000e+00
3.835000000000000000e+03
0.000000000000000000e+00
0.000000000000000000e+00
9.899000000000000000e+03
8.523040000000000000e+05
1.243870000000000000e+05
2.356400000000000000e+04
1.088000000000000000e+03
0.000000000000000000e+00
0.000000000000000000e+00
0.000000000000000000e+00
0.000000000000000000e+00
3.440000000000000000e+03
1.080000000000000000e+03
0.000000000000000000e+00
4.120000000000000000e+03
7.988300000000000000e+05
1.476290000000000000e+05
7.381000000000000000e+03
4.073000000000000000e+03
1.376000000000000000e+03
0.000000000000000000e+00
3.740000000000000000e+03
0.000000000000000000e+00
0.000000000000000000e+00
3.164000000000000000e+03
1.247000000000000000e+03
0.000000000000000000e+00
8.664680000000000000e+05
1.426220000000000000e+05
2.669100000000000000e+04
2.864000000000000000e+03
1.240000000000000000e+03
1.104000000000000000e+03
0.000000000000000000e+00
0.000000000000000000e+00
3.563000000000000000e+03
0.000000000000000000e+00
1.296000000000000000e+03
0.000000000000000000e+00
8.624110000000000000e+05
1.355770000000000000e+05
4.318000000000000000e+03
2.112000000000000000e+03
1.136000000000000000e+03
0.000000000000000000e+00
0.000000000000000000e+00
2.128000000000000000e+03
0.000000000000000000e+00
0.000000000000000000e+00
2.328000000000000000e+03
0.000000000000000000e+00
8.088450000000000000e+05
1.510480000000000000e+05
1.788800000000000000e+04
2.568000000000000000e+03
1.307000000000000000e+03
1.176000000000000000e+03
0.000000000000000000e+00
0.000000000000000000e+00
2.128000000000000000e+03
0.000000000000000000e+00
0.000000000000000000e+00
6.824000000000000000e+03
8.414980000000000000e+05
1.406790000000000000e+05
3.909000000000000000e+03
6.257000000000000000e+03
0.000000000000000000e+00
7.680000000000000000e+02
2.182000000000000000e+03
0.000000000000000000e+00
0.000000000000000000e+00
9.378000000000000000e+03
1.930000000000000000e+03
2.418000000000000000e+03
1.599426000000000000e+06
2.557980000000000000e+05
1.041360000000000000e+05
3.680000000000000000e+03
2.384000000000000000e+03
3.692000000000000000e+03
3.692000000000000000e+03
3.188000000000000000e+03
3.454000000000000000e+03
1.960000000000000000e+03
2.168000000000000000e+03
0.000000000000000000e+00
1.464321000000000000e+06
1.646710000000000000e+05
1.494600000000000000e+04
2.624000000000000000e+03
1.272000000000000000e+03
2.768000000000000000e+03
2.424000000000000000e+03
1.960000000000000000e+03
2.168000000000000000e+03
0.000000000000000000e+00
1.112000000000000000e+03
0.000000000000000000e+00
1.476833000000000000e+06
2.493460000000000000e+05
1.142160000000000000e+05
4.290000000000000000e+03
1.760000000000000000e+03
2.908000000000000000e+03
2.908000000000000000e+03
2.668000000000000000e+03
2.828000000000000000e+03
1.960000000000000000e+03
2.168000000000000000e+03
0.000000000000000000e+00
1.551938000000000000e+06
1.442880000000000000e+05
4.945000000000000000e+03
3.549000000000000000e+03
1.664000000000000000e+03
0.000000000000000000e+00
1.984000000000000000e+03
0.000000000000000000e+00
1.632000000000000000e+03
0.000000000000000000e+00
0.000000000000000000e+00
2.704000000000000000e+03
1.520643000000000000e+06
2.419960000000000000e+05
1.065410000000000000e+05
1.706800000000000000e+04
1.632000000000000000e+03
0.000000000000000000e+00
0.000000000000000000e+00
1.136000000000000000e+03
1.000000000000000000e+03
0.000000000000000000e+00
1.960000000000000000e+03
1.464000000000000000e+03
1.491845000000000000e+06
1.773230000000000000e+05
1.247100000000000000e+04
0.000000000000000000e+00
0.000000000000000000e+00
1.960000000000000000e+03
0.000000000000000000e+00
1.464000000000000000e+03
0.000000000000000000e+00
0.000000000000000000e+00
1.176000000000000000e+03
0.000000000000000000e+00
7.573020000000000000e+05
1.868320000000000000e+05
2.021700000000000000e+04
3.053000000000000000e+03
5.440000000000000000e+02
0.000000000000000000e+00
0.000000000000000000e+00
2.168000000000000000e+03
0.000000000000000000e+00
1.176000000000000000e+03
0.000000000000000000e+00
0.000000000000000000e+00
7.499650000000000000e+05
2.055530000000000000e+05
2.347000000000000000e+04
0.000000000000000000e+00
0.000000000000000000e+00
0.000000000000000000e+00
1.464000000000000000e+03
0.000000000000000000e+00
0.000000000000000000e+00
1.176000000000000000e+03
0.000000000000000000e+00
4.143000000000000000e+03
1.480613000000000000e+06
2.407290000000000000e+05
1.043520000000000000e+05
3.872000000000000000e+03
4.992000000000000000e+03
2.737000000000000000e+03
3.385000000000000000e+03
3.889000000000000000e+03
3.724000000000000000e+03
4.547000000000000000e+03
0.000000000000000000e+00
3.304000000000000000e+03
1.865373000000000000e+06
2.034220000000000000e+05
1.783100000000000000e+04
7.360000000000000000e+02
2.016000000000000000e+03
4.671000000000000000e+03
0.000000000000000000e+00
3.193000000000000000e+03
0.000000000000000000e+00
6.173000000000000000e+03
0.000000000000000000e+00
8.162000000000000000e+03
1.558626000000000000e+06
1.814230000000000000e+05
8.714000000000000000e+03
1.960000000000000000e+03
3.208000000000000000e+03
0.000000000000000000e+00
0.000000000000000000e+00
3.200000000000000000e+03
0.000000000000000000e+00
0.000000000000000000e+00
6.052000000000000000e+03
0.000000000000000000e+00
7.283120000000000000e+05
1.746200000000000000e+05
2.068400000000000000e+04
3.264000000000000000e+03
1.376000000000000000e+03
1.960000000000000000e+03
0.000000000000000000e+00
2.168000000000000000e+03
0.000000000000000000e+00
0.000000000000000000e+00
2.208000000000000000e+03
2.360000000000000000e+03
7.079790000000000000e+05
1.560850000000000000e+05
1.583800000000000000e+04
3.416000000000000000e+03
1.960000000000000000e+03
0.000000000000000000e+00
0.000000000000000000e+00
2.168000000000000000e+03
0.000000000000000000e+00
0.000000000000000000e+00
1.176000000000000000e+03
0.000000000000000000e+00
7.415140000000000000e+05
1.840570000000000000e+05
1.418000000000000000e+04
6.068000000000000000e+03
4.000000000000000000e+03
0.000000000000000000e+00
0.000000000000000000e+00
2.168000000000000000e+03
0.000000000000000000e+00
0.000000000000000000e+00
1.176000000000000000e+03
0.000000000000000000e+00
7.705390000000000000e+05
1.927070000000000000e+05
1.050800000000000000e+04
3.808000000000000000e+03
3.600000000000000000e+03
0.000000000000000000e+00
0.000000000000000000e+00
2.168000000000000000e+03
0.000000000000000000e+00
0.000000000000000000e+00
1.176000000000000000e+03
0.000000000000000000e+00
6.993080000000000000e+05
1.981820000000000000e+05
2.164300000000000000e+04
1.960000000000000000e+03
1.936000000000000000e+03
1.536500000000000000e+04
1.913000000000000000e+03
2.168000000000000000e+03
3.080000000000000000e+03
3.176000000000000000e+03
2.780000000000000000e+03
2.780000000000000000e+03
1.499935000000000000e+06
2.538400000000000000e+05
1.085930000000000000e+05
1.370100000000000000e+04
3.848000000000000000e+03
0.000000000000000000e+00
0.000000000000000000e+00
0.000000000000000000e+00
2.944000000000000000e+03
3.984000000000000000e+03
3.064000000000000000e+03
0.000000000000000000e+00
2.229366000000000000e+06
2.361830000000000000e+05
1.182900000000000000e+04
1.362770000000000000e+05
4.781849800000000000e+07
4.375050000000000000e+05
8.850900000000000000e+04
9.816900000000000000e+04
8.248900000000000000e+04
8.364700000000000000e+04
9.917500000000000000e+04
1.079840000000000000e+05
1.299710000000000000e+05
1.122990000000000000e+05
1.299440000000000000e+05
1.306020000000000000e+05
1.663288000000000000e+06
3.705030000000000000e+05
1.126110000000000000e+05
1.044380000000000000e+05
1.101740000000000000e+05
1.320750000000000000e+05
1.365430000000000000e+05
1.266940000000000000e+05
9.025900000000000000e+04
9.348600000000000000e+04
1.032190000000000000e+05
7.788200000000000000e+04
1.612676000000000000e+06
2.086060000000000000e+05
7.093700000000000000e+04
6.960200000000000000e+04
8.158900000000000000e+04
8.862300000000000000e+04
1.108160000000000000e+05
9.498100000000000000e+04
8.565600000000000000e+04
7.269900000000000000e+04
8.904700000000000000e+04
9.113000000000000000e+04
1.501854000000000000e+06
2.668570000000000000e+05
1.181380000000000000e+05
1.149150000000000000e+05
1.130500000000000000e+05
9.487700000000000000e+04
1.062930000000000000e+05
9.839600000000000000e+04
1.002870000000000000e+05
9.552000000000000000e+04
8.810800000000000000e+04
6.401700000000000000e+04
1.479330000000000000e+06
1.525710000000000000e+05
5.510300000000000000e+04
6.512100000000000000e+04
6.627400000000000000e+04
5.506200000000000000e+04
4.741300000000000000e+04
6.452000000000000000e+04
5.412000000000000000e+04
6.430500000000000000e+04
5.144300000000000000e+04
5.058800000000000000e+04
1.415736000000000000e+06
1.348270000000000000e+05
7.991900000000000000e+04
6.973900000000000000e+04
3.883400000000000000e+04
5.550600000000000000e+04
6.090000000000000000e+04
5.553100000000000000e+04
4.648500000000000000e+04
7.082200000000000000e+04
1.128590000000000000e+05
1.210330000000000000e+05
6.021690000000000000e+05
1.893750000000000000e+05
1.094490000000000000e+05
8.376800000000000000e+04
9.730800000000000000e+04
5.227200000000000000e+04
4.672500000000000000e+04
5.298700000000000000e+04
3.106200000000000000e+04
2.915300000000000000e+04
1.422300000000000000e+04
3.521200000000000000e+04
1.407879000000000000e+06
2.454100000000000000e+05
4.658800000000000000e+05
3.077000000000000000e+03
4.161000000000000000e+03
6.713000000000000000e+03
2.345300000000000000e+04
2.006300000000000000e+04
2.540700000000000000e+04
1.125200000000000000e+04
4.730800000000000000e+04
8.469200000000000000e+04
1.104537000000000000e+06
3.167370000000000000e+05
1.790130000000000000e+05
1.498670000000000000e+05
9.630800000000000000e+04
9.298400000000000000e+04
9.178600000000000000e+04
7.114700000000000000e+04
6.546600000000000000e+04
4.950000000000000000e+04
4.468600000000000000e+04
5.986800000000000000e+04
1.331794000000000000e+06
2.748070000000000000e+05
4.583070000000000000e+05
3.932600000000000000e+04
3.924100000000000000e+04
3.546500000000000000e+04
6.893100000000000000e+04
4.304700000000000000e+04
3.617700000000000000e+04
5.570900000000000000e+04
4.936700000000000000e+04
5.341100000000000000e+04
9.748000000000000000e+05
2.874540000000000000e+05
8.361900000000000000e+04
1.042800000000000000e+04
6.289800000000000000e+04
4.273600000000000000e+04
6.170100000000000000e+04
5.668900000000000000e+04
7.877900000000000000e+04
8.786000000000000000e+04
1.031840000000000000e+05
1.070980000000000000e+05
8.950130000000000000e+05
3.515170000000000000e+05
4.953590000000000000e+05
9.860300000000000000e+04
1.004440000000000000e+05
1.027710000000000000e+05
8.028300000000000000e+04
1.099480000000000000e+05
9.122600000000000000e+04
9.890300000000000000e+04
9.040600000000000000e+04
1.068060000000000000e+05
1.017187000000000000e+06
3.540090000000000000e+05
5.762060000000000000e+05
1.040970000000000000e+05
1.068360000000000000e+05
1.044540000000000000e+05
1.019300000000000000e+05
1.015970000000000000e+05
1.014870000000000000e+05
1.090760000000000000e+05
1.053090000000000000e+05
1.097260000000000000e+05
1.275417000000000000e+06
2.314960000000000000e+05
9.315500000000000000e+04
9.427600000000000000e+04
8.877400000000000000e+04
8.852700000000000000e+04
8.473100000000000000e+04
9.069300000000000000e+04
8.156600000000000000e+04
7.648400000000000000e+04
8.170200000000000000e+04
8.270100000000000000e+04
7.858100000000000000e+05
2.110200000000000000e+05
8.011500000000000000e+04
6.249400000000000000e+04
9.179000000000000000e+04
9.856100000000000000e+04
1.153400000000000000e+05
9.867400000000000000e+04
8.742500000000000000e+04
8.415500000000000000e+04
8.437200000000000000e+04
6.398500000000000000e+04
1.386332000000000000e+06
2.895860000000000000e+05
7.102500000000000000e+04
7.342900000000000000e+04
4.816900000000000000e+04
6.030500000000000000e+04
6.706900000000000000e+04
6.631500000000000000e+04
5.541200000000000000e+04
6.594500000000000000e+04
3.047770000000000000e+05
9.707900000000000000e+04
1.154529000000000000e+06
3.541970000000000000e+05
6.116500000000000000e+04
8.050100000000000000e+04
4.305200000000000000e+04
3.868200000000000000e+04
4.407400000000000000e+04
3.992600000000000000e+04
4.113000000000000000e+04
3.306500000000000000e+04
1.162800000000000000e+04
1.013300000000000000e+04
8.375190000000000000e+05
3.761480000000000000e+05
1.633600000000000000e+04
1.586700000000000000e+04
7.300000000000000000e+03
1.792600000000000000e+04
1.136100000000000000e+04
2.571990000000000000e+05
1.290910000000000000e+05
1.000600000000000000e+04
5.771000000000000000e+03
5.241000000000000000e+03
1.270097000000000000e+06
1.041070000000000000e+05
7.108000000000000000e+03
1.295020000000000000e+05
3.387000000000000000e+03
5.287287000000000000e+06
2.195438000000000000e+06
1.008830000000000000e+05
5.652700000000000000e+04
5.773900000000000000e+04
1.085740000000000000e+05
7.325700000000000000e+04
1.189626000000000000e+06
1.487440000000000000e+05
1.056100000000000000e+04
2.239000000000000000e+03
5.132000000000000000e+03
4.236500000000000000e+04
3.506000000000000000e+04
2.610000000000000000e+03
2.646200000000000000e+04
3.093500000000000000e+04
4.573000000000000000e+04
4.313000000000000000e+04
1.248490000000000000e+06
1.796680000000000000e+05
4.605610000000000000e+05
3.804900000000000000e+05
1.605800000000000000e+04
3.207000000000000000e+04
3.705100000000000000e+04
1.936100000000000000e+04
3.207300000000000000e+04
2.768900000000000000e+04
2.626600000000000000e+04
3.106900000000000000e+04
7.048240000000000000e+05
3.511380000000000000e+05
8.715300000000000000e+04
6.145800000000000000e+04
7.171600000000000000e+04
7.384000000000000000e+04
9.475600000000000000e+04
1.053590000000000000e+05
1.163090000000000000e+05
1.194620000000000000e+05
1.355240000000000000e+05
1.443370000000000000e+05
1.108185000000000000e+06
3.547810000000000000e+05
2.267490000000000000e+05
1.968650000000000000e+05
2.086580000000000000e+05
2.108650000000000000e+05
2.167800000000000000e+05
2.225720000000000000e+05
2.151390000000000000e+05
2.185040000000000000e+05
2.117300000000000000e+05
2.196460000000000000e+05
8.324930000000000000e+05
3.988220000000000000e+05
2.404670000000000000e+05
1.950270000000000000e+05
1.810010000000000000e+05
1.833690000000000000e+05
1.881710000000000000e+05
1.754920000000000000e+05
1.617790000000000000e+05
1.478440000000000000e+05
1.415150000000000000e+05
1.220500000000000000e+05
1.117710000000000000e+06
4.160110000000000000e+05
1.675430000000000000e+05
1.188580000000000000e+05
9.324700000000000000e+04
9.538700000000000000e+04
1.077620000000000000e+05
8.707900000000000000e+04
1.080240000000000000e+05
8.551400000000000000e+04
7.751800000000000000e+04
6.812800000000000000e+04
7.808470000000000000e+05
3.448310000000000000e+05
1.077350000000000000e+05
1.530700000000000000e+04
3.479000000000000000e+04
3.893500000000000000e+04
5.338400000000000000e+04
7.836700000000000000e+04
7.712200000000000000e+04
9.956500000000000000e+04
7.632400000000000000e+04
6.537800000000000000e+04
7.944720000000000000e+05
3.576230000000000000e+05
8.091200000000000000e+04
5.816100000000000000e+04
3.767300000000000000e+04
6.118500000000000000e+04
6.932400000000000000e+04
8.082900000000000000e+04
1.045990000000000000e+05
9.088900000000000000e+04
1.005070000000000000e+05
8.029800000000000000e+04
1.055169000000000000e+06
1.584990000000000000e+05
1.611710000000000000e+05
8.568600000000000000e+04
1.155380000000000000e+05
5.500700000000000000e+04
8.128200000000000000e+04
1.491790000000000000e+05
1.141130000000000000e+05
1.277960000000000000e+05
1.451700000000000000e+05
1.476650000000000000e+05
7.993240000000000000e+05
3.181700000000000000e+05
1.805300000000000000e+05
1.653700000000000000e+05
1.580510000000000000e+05
1.390130000000000000e+05
1.209720000000000000e+05
9.223700000000000000e+04
7.288000000000000000e+04
7.955100000000000000e+04
8.415100000000000000e+04
7.676500000000000000e+04
3.029474000000000000e+06
2.448379000000000000e+06
2.841193000000000000e+06
2.590197000000000000e+06
3.045580000000000000e+06
2.645010000000000000e+06
3.171462000000000000e+06
2.600224000000000000e+06
3.109656000000000000e+06
2.899952000000000000e+06
3.348950000000000000e+05
2.035590000000000000e+05
3.131596000000000000e+06
2.440210000000000000e+05
2.253300000000000000e+04
8.498000000000000000e+03
3.857000000000000000e+03
2.489000000000000000e+03
4.606000000000000000e+03
2.411000000000000000e+03
1.679000000000000000e+03
3.307000000000000000e+03
5.536000000000000000e+03
4.231000000000000000e+03
5.643880000000000000e+05
2.506630000000000000e+05
1.303600000000000000e+04
5.215000000000000000e+03
5.602000000000000000e+03
2.820000000000000000e+03
3.933000000000000000e+03
4.568000000000000000e+03
3.103000000000000000e+03
2.572000000000000000e+03
1.940000000000000000e+03
4.689000000000000000e+03
4.460220000000000000e+05
2.624330000000000000e+05
1.310200000000000000e+04
0.000000000000000000e+00
0.000000000000000000e+00
0.000000000000000000e+00
0.000000000000000000e+00
0.000000000000000000e+00
0.000000000000000000e+00
0.000000000000000000e+00
0.000000000000000000e+00
0.000000000000000000e+00
4.578390000000000000e+05
2.687000000000000000e+05
1.785500000000000000e+04
3.461000000000000000e+03
5.723000000000000000e+03
3.000000000000000000e+03
2.404000000000000000e+03
2.145000000000000000e+03
5.316000000000000000e+03
3.175000000000000000e+03
4.031000000000000000e+03
4.973000000000000000e+03
4.459240000000000000e+05
2.671600000000000000e+05
1.464700000000000000e+04
0.000000000000000000e+00
0.000000000000000000e+00
0.000000000000000000e+00
0.000000000000000000e+00
0.000000000000000000e+00
0.000000000000000000e+00
0.000000000000000000e+00
0.000000000000000000e+00
0.000000000000000000e+00
4.341730000000000000e+05
2.576970000000000000e+05
2.023800000000000000e+04
2.330000000000000000e+03
0.000000000000000000e+00
0.000000000000000000e+00
0.000000000000000000e+00
0.000000000000000000e+00
0.000000000000000000e+00
0.000000000000000000e+00
0.000000000000000000e+00
0.000000000000000000e+00
5.210340000000000000e+05
2.738750000000000000e+05
2.183200000000000000e+04
2.056000000000000000e+03
6.367000000000000000e+03
3.814000000000000000e+03
1.609000000000000000e+03
4.738000000000000000e+03
3.022000000000000000e+03
3.712000000000000000e+03
4.711000000000000000e+03
3.241000000000000000e+03
4.671850000000000000e+05
2.777140000000000000e+05
2.448600000000000000e+04
2.056000000000000000e+03
5.990000000000000000e+03
3.197000000000000000e+03
2.248000000000000000e+03
4.088000000000000000e+03
2.378000000000000000e+03
2.231000000000000000e+03
2.951000000000000000e+03
0.000000000000000000e+00
4.565470000000000000e+05
2.824460000000000000e+05
2.199400000000000000e+04
4.816000000000000000e+03
5.671000000000000000e+03
2.434000000000000000e+03
1.951000000000000000e+03
4.051000000000000000e+03
2.371000000000000000e+03
1.959000000000000000e+03
4.127000000000000000e+03
2.447000000000000000e+03
4.559890000000000000e+05
2.716340000000000000e+05
1.983500000000000000e+04
3.925000000000000000e+03
5.617000000000000000e+03
2.405000000000000000e+03
1.923000000000000000e+03
4.007000000000000000e+03
2.355000000000000000e+03
1.941000000000000000e+03
1.781000000000000000e+03
5.211000000000000000e+03
4.303930000000000000e+05
2.552020000000000000e+05
2.467500000000000000e+04
5.334000000000000000e+03
0.000000000000000000e+00
0.000000000000000000e+00
0.000000000000000000e+00
0.000000000000000000e+00
0.000000000000000000e+00
0.000000000000000000e+00
0.000000000000000000e+00
0.000000000000000000e+00
4.360690000000000000e+05
2.700040000000000000e+05
2.676500000000000000e+04
3.271000000000000000e+03
5.937000000000000000e+03
2.592000000000000000e+03
2.389000000000000000e+03
2.498000000000000000e+03
5.603000000000000000e+03
3.977000000000000000e+03
2.352000000000000000e+03
4.583000000000000000e+03
4.099400000000000000e+05
2.661420000000000000e+05
2.503300000000000000e+04
5.241000000000000000e+03
3.560000000000000000e+03
2.686000000000000000e+03
5.361000000000000000e+03
4.513000000000000000e+03
2.372000000000000000e+03
4.595000000000000000e+03
2.884000000000000000e+03
2.130000000000000000e+03
4.133970000000000000e+05
2.644190000000000000e+05
2.214800000000000000e+04
3.211000000000000000e+03
5.947000000000000000e+03
2.592000000000000000e+03
2.409000000000000000e+03
4.608000000000000000e+03
3.039000000000000000e+03
3.763000000000000000e+03
5.364000000000000000e+03
3.679000000000000000e+03
4.077800000000000000e+05
2.766090000000000000e+05
1.913100000000000000e+04
5.238000000000000000e+03
5.398000000000000000e+03
1.850000000000000000e+03
2.852000000000000000e+03
2.090000000000000000e+03
4.084000000000000000e+03
3.121000000000000000e+03
2.563000000000000000e+03
2.152000000000000000e+03
4.200140000000000000e+05
2.837870000000000000e+05
1.932700000000000000e+04
2.298000000000000000e+03
0.000000000000000000e+00
0.000000000000000000e+00
0.000000000000000000e+00
0.000000000000000000e+00
0.000000000000000000e+00
0.000000000000000000e+00
0.000000000000000000e+00
0.000000000000000000e+00
4.206600000000000000e+05
2.829590000000000000e+05
2.350200000000000000e+04
4.194000000000000000e+03
0.000000000000000000e+00
0.000000000000000000e+00
0.000000000000000000e+00
0.000000000000000000e+00
0.000000000000000000e+00
0.000000000000000000e+00
0.000000000000000000e+00
0.000000000000000000e+00
4.194740000000000000e+05
2.910430000000000000e+05
2.281200000000000000e+04
1.590000000000000000e+03
0.000000000000000000e+00
0.000000000000000000e+00
0.000000000000000000e+00
0.000000000000000000e+00
0.000000000000000000e+00
0.000000000000000000e+00
0.000000000000000000e+00
0.000000000000000000e+00
4.765990000000000000e+05
2.603450000000000000e+05
2.213100000000000000e+04
7.017000000000000000e+03
3.530000000000000000e+03
2.389000000000000000e+03
4.099000000000000000e+03
3.358000000000000000e+03
3.047000000000000000e+03
5.054000000000000000e+03
2.764000000000000000e+03
3.583000000000000000e+03
5.019590000000000000e+05
2.465750000000000000e+05
1.497400000000000000e+04
0.000000000000000000e+00
0.000000000000000000e+00
0.000000000000000000e+00
0.000000000000000000e+00
0.000000000000000000e+00
0.000000000000000000e+00
0.000000000000000000e+00
0.000000000000000000e+00
0.000000000000000000e+00
4.240170000000000000e+05
2.871270000000000000e+05
2.030800000000000000e+04
0.000000000000000000e+00
0.000000000000000000e+00
0.000000000000000000e+00
0.000000000000000000e+00
0.000000000000000000e+00
0.000000000000000000e+00
0.000000000000000000e+00
0.000000000000000000e+00
0.000000000000000000e+00
4.551800000000000000e+05
2.495900000000000000e+05
1.953500000000000000e+04
3.720000000000000000e+03
0.000000000000000000e+00
0.000000000000000000e+00
0.000000000000000000e+00
0.000000000000000000e+00
0.000000000000000000e+00
0.000000000000000000e+00
0.000000000000000000e+00
0.000000000000000000e+00
3.782510000000000000e+05
2.708820000000000000e+05
1.585600000000000000e+04
2.471000000000000000e+03
5.677000000000000000e+03
2.403000000000000000e+03
1.951000000000000000e+03
4.051000000000000000e+03
2.371000000000000000e+03
1.959000000000000000e+03
4.127000000000000000e+03
2.447000000000000000e+03
3.944510000000000000e+05
2.618120000000000000e+05
2.423800000000000000e+04
2.298000000000000000e+03
0.000000000000000000e+00
0.000000000000000000e+00
0.000000000000000000e+00
0.000000000000000000e+00
0.000000000000000000e+00
0.000000000000000000e+00
0.000000000000000000e+00
0.000000000000000000e+00
4.085520000000000000e+05
2.866530000000000000e+05
2.530560000000000000e+07
2.066120000000000000e+05
8.205000000000000000e+03
2.061765000000000000e+06
2.285457000000000000e+06
2.262185000000000000e+06
2.327497000000000000e+06
2.268989000000000000e+06
2.212876000000000000e+06
2.244812000000000000e+06
2.375198000000000000e+06
2.487449000000000000e+06
2.855440000000000000e+06
2.362801000000000000e+06
2.284795000000000000e+06
2.224941000000000000e+06
2.155183000000000000e+06
2.051599000000000000e+06
2.040001000000000000e+06
1.655574000000000000e+06
1.521981000000000000e+06
1.605016000000000000e+06
1.493180000000000000e+06
1.504657000000000000e+06
2.338788000000000000e+06
1.493854000000000000e+06
1.368954000000000000e+06
1.243804000000000000e+06
1.313392000000000000e+06
1.416623000000000000e+06
1.434919000000000000e+06
1.163798000000000000e+06
9.153880000000000000e+05
4.645420000000000000e+05
5.634530000000000000e+05
7.900590000000000000e+05
2.157575000000000000e+06
1.161325000000000000e+06
1.039661000000000000e+06
1.079757000000000000e+06
1.070029000000000000e+06
1.105304000000000000e+06
1.154417000000000000e+06
9.808610000000000000e+05
8.344360000000000000e+05
6.487200000000000000e+05
6.063600000000000000e+05
3.782260000000000000e+05
1.851326000000000000e+06
8.773560000000000000e+05
6.692470000000000000e+05
7.727520000000000000e+05
9.532170000000000000e+05
1.353803000000000000e+06
1.615376000000000000e+06
1.667156000000000000e+06
1.588229000000000000e+06
1.605584000000000000e+06
1.825087000000000000e+06
2.284585000000000000e+06
3.174476000000000000e+06
1.898884000000000000e+06
1.475012000000000000e+06
1.271591000000000000e+06
1.594066000000000000e+06
1.695102000000000000e+06
1.582453000000000000e+06
1.604728000000000000e+06
1.968035000000000000e+06
2.489069000000000000e+06
2.691429000000000000e+06
2.837626000000000000e+06
3.629544000000000000e+06
2.298438000000000000e+06
1.812352000000000000e+06
1.822835000000000000e+06
2.014564000000000000e+06
2.014065000000000000e+06
2.057979000000000000e+06
1.973434000000000000e+06
1.874446000000000000e+06
1.765934000000000000e+06
1.565952000000000000e+06
1.563921000000000000e+06
2.686451000000000000e+06
1.786897000000000000e+06
1.574428000000000000e+06
1.561526000000000000e+06
1.312176000000000000e+06
1.214422000000000000e+06
1.182662000000000000e+06
1.689022000000000000e+06
1.816967000000000000e+06
1.540034000000000000e+06
1.449064000000000000e+06
1.241601000000000000e+06
2.192467000000000000e+06
9.729440000000000000e+05
9.487810000000000000e+05
1.020682000000000000e+06
9.785910000000000000e+05
7.763910000000000000e+05
7.917300000000000000e+05
1.047552000000000000e+06
1.132486000000000000e+06
9.996650000000000000e+05
9.230790000000000000e+05
8.764240000000000000e+05
1.925363000000000000e+06
8.504820000000000000e+05
9.308960000000000000e+05
1.357140000000000000e+06
1.460835000000000000e+06
1.297231000000000000e+06
1.297949000000000000e+06
1.065798000000000000e+06
1.016958000000000000e+06
9.094170000000000000e+05
7.662670000000000000e+05
8.529580000000000000e+05
2.161499000000000000e+06
1.240215000000000000e+06
1.232428000000000000e+06
1.201473000000000000e+06
1.475760000000000000e+06
1.617804000000000000e+06
1.797100000000000000e+06
2.048843000000000000e+06
2.374305000000000000e+06
2.513991000000000000e+06
2.711929000000000000e+06
2.918596000000000000e+06
3.564028000000000000e+06
3.233682000000000000e+06
3.289187000000000000e+06
3.302392000000000000e+06
3.221150000000000000e+06
3.285930000000000000e+06
3.154410000000000000e+06
3.074429000000000000e+06
2.998557000000000000e+06
2.839906000000000000e+06
2.719874000000000000e+06
2.667608000000000000e+06
3.159374000000000000e+06
2.244565000000000000e+06
1.728154000000000000e+06
1.601297000000000000e+06
1.401676000000000000e+06
1.250613000000000000e+06
1.204104000000000000e+06
1.160498000000000000e+06
1.078485000000000000e+06
1.026505000000000000e+06
1.053384000000000000e+06
9.968870000000000000e+05
1.928411000000000000e+06
1.150362000000000000e+06
9.704410000000000000e+05
7.677930000000000000e+05
7.470700000000000000e+05
4.978430000000000000e+05
4.175880000000000000e+05
5.523060000000000000e+05
7.009260000000000000e+05
7.698910000000000000e+05
8.732430000000000000e+05
8.404130000000000000e+05
1.751569000000000000e+06
8.761800000000000000e+05
9.848960000000000000e+05
1.112335000000000000e+06
1.356485000000000000e+06
1.521041000000000000e+06
1.656013000000000000e+06
1.573347000000000000e+06
1.480033000000000000e+06
1.400366000000000000e+06
1.403218000000000000e+06
1.495053000000000000e+06
2.345296000000000000e+06
1.658826000000000000e+06
1.356928000000000000e+06
1.260140000000000000e+06
8.487440000000000000e+05
6.082840000000000000e+05
3.997720000000000000e+05
4.868580000000000000e+05
6.438590000000000000e+05
7.152700000000000000e+05
6.813370000000000000e+05
7.054420000000000000e+05
2.164581000000000000e+06
1.058041000000000000e+06
9.889790000000000000e+05
9.742630000000000000e+05
1.082949000000000000e+06
9.787910000000000000e+05
9.277250000000000000e+05
8.596750000000000000e+05
9.935470000000000000e+05
1.428656000000000000e+06
1.815619000000000000e+06
2.094055000000000000e+06
3.316022000000000000e+06
2.670647000000000000e+06
2.558193000000000000e+06
2.473338000000000000e+06
2.286424000000000000e+06
2.199966000000000000e+06
2.160552000000000000e+06
1.864979000000000000e+06
1.617236000000000000e+06
1.598797000000000000e+06
1.581512000000000000e+06
1.570780000000000000e+06
2.503554000000000000e+06
1.535009000000000000e+06
1.718172000000000000e+06
2.039770000000000000e+06
2.249881000000000000e+06
2.165753000000000000e+06
2.007097000000000000e+06
1.589103000000000000e+06
1.390139000000000000e+06
1.468116000000000000e+06
1.656744000000000000e+06
1.707125000000000000e+06
2.576078000000000000e+06
1.572766000000000000e+06
1.506388000000000000e+06
1.291884000000000000e+06
1.250118000000000000e+06
1.552689000000000000e+06
1.633066000000000000e+06
1.042322000000000000e+06
7.633510000000000000e+05
1.089145000000000000e+06
8.361930000000000000e+05
8.529070000000000000e+05
1.975455000000000000e+06
1.234999000000000000e+06
1.077254000000000000e+06
1.353377000000000000e+06
1.740894000000000000e+06
1.915510000000000000e+06
1.942104000000000000e+06
1.981528000000000000e+06
1.672971000000000000e+06
1.374510000000000000e+06
1.560919000000000000e+06
1.791979000000000000e+06
2.565018000000000000e+06
1.548366000000000000e+06
1.381204000000000000e+06
1.204483000000000000e+06
1.251631000000000000e+06
1.537172000000000000e+06
1.480814000000000000e+06
1.680449000000000000e+06
1.892974000000000000e+06
1.961895000000000000e+06
2.137697000000000000e+06
2.220905000000000000e+06
3.249466000000000000e+06
2.685227000000000000e+06
2.592720000000000000e+06
2.520257000000000000e+06
2.211255000000000000e+06
2.309648000000000000e+06
2.248808000000000000e+06
2.673279000000000000e+06
3.044051000000000000e+06
3.069793000000000000e+06
3.086896000000000000e+06
3.109108000000000000e+06
3.565616000000000000e+06
2.790552000000000000e+06
2.843519000000000000e+06
2.742009000000000000e+06
2.529156000000000000e+06
2.683269000000000000e+06
2.929555000000000000e+06
2.972348000000000000e+06
3.237056000000000000e+06
3.491213000000000000e+06
3.300214000000000000e+06
3.243237000000000000e+06
3.794342000000000000e+06
2.930327000000000000e+06
2.792917000000000000e+06
2.863393000000000000e+06
2.772583000000000000e+06
2.639033000000000000e+06
2.836036000000000000e+06
2.920402000000000000e+06
2.663459000000000000e+06
2.587150000000000000e+06
2.778616000000000000e+06
2.607857000000000000e+06
3.159732000000000000e+06
2.054545000000000000e+06
2.164434000000000000e+06
2.205324000000000000e+06
1.711842000000000000e+06
1.443976000000000000e+06
1.295372000000000000e+06
1.048503000000000000e+06
8.498980000000000000e+05
7.568060000000000000e+05
6.001810000000000000e+05
3.809810000000000000e+05
2.512682000000000000e+06
5.786290000000000000e+05
5.025350000000000000e+05
5.906670000000000000e+05
5.855050000000000000e+05
4.722800000000000000e+05
6.718080000000000000e+05
7.811070000000000000e+05
7.973660000000000000e+05
6.667830000000000000e+05
4.590480000000000000e+05
5.602400000000000000e+05
2.271527000000000000e+06
5.956880000000000000e+05
4.685630000000000000e+05
4.879280000000000000e+05
7.914060000000000000e+05
9.597920000000000000e+05
1.286159000000000000e+06
1.126596000000000000e+06
1.248041000000000000e+06
1.554589000000000000e+06
1.851361000000000000e+06
1.884401000000000000e+06
2.820388000000000000e+06
1.821184000000000000e+06
1.450713000000000000e+06
1.298676000000000000e+06
9.964460000000000000e+05
7.491800000000000000e+05
5.216420000000000000e+05
5.335390000000000000e+05
5.839450000000000000e+05
5.228410000000000000e+05
2.926270000000000000e+05
3.763390000000000000e+05
1.804741000000000000e+06
4.617360000000000000e+05
4.480090000000000000e+05
2.766430000000000000e+05
6.209180000000000000e+05
8.105790000000000000e+05
8.296360000000000000e+05
9.206640000000000000e+05
1.046510000000000000e+06
1.014810000000000000e+06
1.065225000000000000e+06
9.284030000000000000e+05
2.691183000000000000e+06
1.349711000000000000e+06
4.341430000000000000e+05
1.772320000000000000e+05
3.256030000000000000e+05
4.560870000000000000e+05
5.598250000000000000e+05
6.079170000000000000e+05
5.367280000000000000e+05
7.018250000000000000e+05
5.649310000000000000e+05
6.494310000000000000e+05
2.178948000000000000e+06
6.900070000000000000e+05
5.854550000000000000e+05
6.765880000000000000e+05
7.124270000000000000e+05
6.100640000000000000e+05
4.664270000000000000e+05
3.291110000000000000e+05
3.393040000000000000e+05
4.369640000000000000e+05
5.571800000000000000e+05
7.212770000000000000e+05
2.163806000000000000e+06
9.048960000000000000e+05
9.997800000000000000e+05
1.050247000000000000e+06
1.128960000000000000e+06
1.229768000000000000e+06
1.111743000000000000e+06
1.178813000000000000e+06
1.300834000000000000e+06
1.611910000000000000e+06
1.894487000000000000e+06
2.056835000000000000e+06
3.216399000000000000e+06
2.307801000000000000e+06
2.220955000000000000e+06
1.993790000000000000e+06
1.650881000000000000e+06
1.541258000000000000e+06
1.550900000000000000e+06
1.557201000000000000e+06
1.596449000000000000e+06
1.764224000000000000e+06
1.658658000000000000e+06
1.678418000000000000e+06
2.848678000000000000e+06
2.139414000000000000e+06
2.017048000000000000e+06
1.698660000000000000e+06
1.773810000000000000e+06
2.096473000000000000e+06
2.191962000000000000e+06
1.987668000000000000e+06
2.102349000000000000e+06
2.237541000000000000e+06
2.297064000000000000e+06
2.254951000000000000e+06
3.004436000000000000e+06
2.751792000000000000e+06
2.621840000000000000e+06
2.535788000000000000e+06
2.472180000000000000e+06
2.338914000000000000e+06
2.291869000000000000e+06
2.492054000000000000e+06
2.536203000000000000e+06
2.328752000000000000e+06
2.524887000000000000e+06
2.478190000000000000e+06
3.267896000000000000e+06
2.463756000000000000e+06
2.422257000000000000e+06
2.462834000000000000e+06
2.678634000000000000e+06
2.351344000000000000e+06
2.183152000000000000e+06
2.037789000000000000e+06
2.067427000000000000e+06
1.810077000000000000e+06
1.751369000000000000e+06
1.653200000000000000e+06
3.179272000000000000e+06
1.784713000000000000e+06
1.547807000000000000e+06
1.531353000000000000e+06
1.460801000000000000e+06
1.352340000000000000e+06
1.440402000000000000e+06
1.550325000000000000e+06
1.448697000000000000e+06
1.808530000000000000e+06
1.773892000000000000e+06
1.763207000000000000e+06
3.531222000000000000e+06
1.989102000000000000e+06
1.757233000000000000e+06
1.488016000000000000e+06
1.070437000000000000e+06
1.748120000000000000e+06
1.975450000000000000e+06
1.704583000000000000e+06
1.000371000000000000e+06
8.083720000000000000e+05
1.286044000000000000e+06
1.514340000000000000e+06
2.716763000000000000e+06
1.607904000000000000e+06
8.533930000000000000e+05
1.131380000000000000e+06
1.669325000000000000e+06
1.746261000000000000e+06
1.511752000000000000e+06
9.885530000000000000e+05
1.195013000000000000e+06
1.309023000000000000e+06
1.795627000000000000e+06
1.905381000000000000e+06
3.472660000000000000e+06
2.251447000000000000e+06
1.361258000000000000e+06
1.836505000000000000e+06
2.213554000000000000e+06
2.106504000000000000e+06
2.067079000000000000e+06
1.820267000000000000e+06
1.698623000000000000e+06
1.935231000000000000e+06
2.237719000000000000e+06
2.304847000000000000e+06
3.296323000000000000e+06
2.000478000000000000e+06
2.171282000000000000e+06
2.311531000000000000e+06
2.310789000000000000e+06
2.174181000000000000e+06
2.034559000000000000e+06
1.833667000000000000e+06
1.590886000000000000e+06
1.413600000000000000e+06
1.386522000000000000e+06
1.348109000000000000e+06
2.423670000000000000e+06
1.509250000000000000e+06
1.449343000000000000e+06
1.458844000000000000e+06
1.284984000000000000e+06
1.274103000000000000e+06
1.131078000000000000e+06
9.188350000000000000e+05
1.049510000000000000e+06
1.127206000000000000e+06
1.001508000000000000e+06
9.593460000000000000e+05
2.336514000000000000e+06
1.365110000000000000e+06
1.277290000000000000e+06
1.427998000000000000e+06
1.906135000000000000e+06
2.144714000000000000e+06
2.310198000000000000e+06
2.652962000000000000e+06
2.798606000000000000e+06
2.768328000000000000e+06
2.721137000000000000e+06
2.795497000000000000e+06
3.645243000000000000e+06
2.805200000000000000e+06
2.719937000000000000e+06
2.695173000000000000e+06
2.664574000000000000e+06
2.753208000000000000e+06
2.579216000000000000e+06
2.816943000000000000e+06
2.876114000000000000e+06
2.964123000000000000e+06
2.668429000000000000e+06
2.442027000000000000e+06
3.505192000000000000e+06
3.063120000000000000e+06
2.910798000000000000e+06
2.744245000000000000e+06
2.796817000000000000e+06
2.531323000000000000e+06
2.452054000000000000e+06
2.359800000000000000e+06
2.395802000000000000e+06
2.266643000000000000e+06
2.334974000000000000e+06
3.057553000000000000e+06
4.503049000000000000e+06
3.381482000000000000e+06
3.365496000000000000e+06
3.354013000000000000e+06
3.066073000000000000e+06
2.869797000000000000e+06
2.784151000000000000e+06
2.824881000000000000e+06
2.737944000000000000e+06
2.949321000000000000e+06
3.422935000000000000e+06
3.239405000000000000e+06
4.137038000000000000e+06
2.835345000000000000e+06
2.520025000000000000e+06
1.693628000000000000e+06
1.579887000000000000e+06
1.683770000000000000e+06
1.422939000000000000e+06
1.169138000000000000e+06
1.290460000000000000e+06
1.181425000000000000e+06
1.045099000000000000e+06
1.005268000000000000e+06
2.234566000000000000e+06
1.117450000000000000e+06
1.227789000000000000e+06
1.449495000000000000e+06
1.219989000000000000e+06
9.630010000000000000e+05
8.346070000000000000e+05
6.991110000000000000e+05
7.702590000000000000e+05
8.442850000000000000e+05
7.564650000000000000e+05
6.835970000000000000e+05
2.612884000000000000e+06
7.227370000000000000e+05
1.279690000000000000e+06
6.437120000000000000e+05
4.791180000000000000e+05
3.346330000000000000e+05
4.382530000000000000e+05
5.201750000000000000e+05
6.183160000000000000e+05
8.838100000000000000e+05
9.273300000000000000e+05
9.732670000000000000e+05
2.549688000000000000e+06
1.551111000000000000e+06
1.229187000000000000e+06
1.139118000000000000e+06
1.098058000000000000e+06
9.377660000000000000e+05
6.509030000000000000e+05
6.479080000000000000e+05
5.842400000000000000e+05
4.738180000000000000e+05
4.644180000000000000e+05
4.238340000000000000e+05
2.265942000000000000e+06
1.030791000000000000e+06
1.149636000000000000e+06
8.567660000000000000e+05
7.066730000000000000e+05
1.037254000000000000e+06
1.252066000000000000e+06
1.062965000000000000e+06
1.030262000000000000e+06
1.122358000000000000e+06
1.098036000000000000e+06
1.258883000000000000e+06
2.718236000000000000e+06
1.785719000000000000e+06
2.021281000000000000e+06
2.115896000000000000e+06
1.890531000000000000e+06
1.352736000000000000e+06
1.750589000000000000e+06
2.346763000000000000e+06
2.541092000000000000e+06
2.782663000000000000e+06
2.944542000000000000e+06
2.623673000000000000e+06
3.617328000000000000e+06
2.411375000000000000e+06
1.926696000000000000e+06
1.598805000000000000e+06
1.510487000000000000e+06
1.395954000000000000e+06
1.389387000000000000e+06
1.173556000000000000e+06
1.056702000000000000e+06
1.068706000000000000e+06
1.206358000000000000e+06
1.294079000000000000e+06
2.991875000000000000e+06
1.524605000000000000e+06
1.519402000000000000e+06
1.590197000000000000e+06
1.631057000000000000e+06
1.701333000000000000e+06
1.951261000000000000e+06
2.124697000000000000e+06
2.417036000000000000e+06
2.326295000000000000e+06
2.176970000000000000e+06
2.173831000000000000e+06
3.361726000000000000e+06
1.881353000000000000e+06
1.269469000000000000e+06
8.866090000000000000e+05
7.411170000000000000e+05
5.423980000000000000e+05
5.102840000000000000e+05
6.855250000000000000e+05
7.144390000000000000e+05
8.119370000000000000e+05
9.575650000000000000e+05
9.891390000000000000e+05
2.620266000000000000e+06
1.532729000000000000e+06
1.658907000000000000e+06
1.476094000000000000e+06
1.192767000000000000e+06
9.962200000000000000e+05
9.863660000000000000e+05
1.077242000000000000e+06
9.970030000000000000e+05
1.000070000000000000e+06
1.521216000000000000e+06
1.891296000000000000e+06
3.747448000000000000e+06
2.975222000000000000e+06
2.570342000000000000e+06
2.909140000000000000e+06
3.126612000000000000e+06
3.166925000000000000e+06
3.014572000000000000e+06
2.937251000000000000e+06
3.510202000000000000e+06
3.774318000000000000e+06
4.034689000000000000e+06
3.736250000000000000e+06
4.340073000000000000e+06
2.868798000000000000e+06
2.677629000000000000e+06
2.434685000000000000e+06
2.664218000000000000e+06
2.765578000000000000e+06
2.901704000000000000e+06
3.176380000000000000e+06
3.682766000000000000e+06
3.709000000000000000e+06
3.476122000000000000e+06
3.414394000000000000e+06
4.383133000000000000e+06
3.154506000000000000e+06
3.178513000000000000e+06
3.355533000000000000e+06
3.535068000000000000e+06
3.701170000000000000e+06
3.747353000000000000e+06
3.719306000000000000e+06
3.703793000000000000e+06
3.440679000000000000e+06
3.201112000000000000e+06
3.693702000000000000e+06
5.120444000000000000e+06
4.110585000000000000e+06
3.980773000000000000e+06
3.631219000000000000e+06
3.211438000000000000e+06
2.797504000000000000e+06
2.413688000000000000e+06
2.231521000000000000e+06
2.336852000000000000e+06
2.399778000000000000e+06
2.441444000000000000e+06
2.192408000000000000e+06
2.818917000000000000e+06
1.982708000000000000e+06
1.725369000000000000e+06
1.521603000000000000e+06
1.652932000000000000e+06
1.684175000000000000e+06
1.609132000000000000e+06
1.829402000000000000e+06
1.671143000000000000e+06
1.518903000000000000e+06
1.502457000000000000e+06
1.630457000000000000e+06
2.902176000000000000e+06
2.070465000000000000e+06
2.265581000000000000e+06
2.419160000000000000e+06
2.800541000000000000e+06
2.899656000000000000e+06
2.985999000000000000e+06
2.882122000000000000e+06
2.687523000000000000e+06
2.433818000000000000e+06
2.360854000000000000e+06
2.534330000000000000e+06
3.515296000000000000e+06
2.279603000000000000e+06
1.905498000000000000e+06
1.842668000000000000e+06
1.488803000000000000e+06
1.388076000000000000e+06
1.507013000000000000e+06
1.410889000000000000e+06
1.137435000000000000e+06
1.326645000000000000e+06
1.429186000000000000e+06
1.406134000000000000e+06
2.580187000000000000e+06
1.168017000000000000e+06
1.118606000000000000e+06
1.379941000000000000e+06
1.666316000000000000e+06
1.768133000000000000e+06
1.851171000000000000e+06
1.713963000000000000e+06
1.581590000000000000e+06
1.551782000000000000e+06
1.430688000000000000e+06
1.188051000000000000e+06
3.006227000000000000e+06
1.744670000000000000e+06
1.130561000000000000e+06
1.230004000000000000e+06
1.283114000000000000e+06
1.528283000000000000e+06
2.082599000000000000e+06
2.730577000000000000e+06
3.293074000000000000e+06
3.837142000000000000e+06
3.899481000000000000e+06
3.712805000000000000e+06
4.283495000000000000e+06
3.283527000000000000e+06
3.137910000000000000e+06
3.002564000000000000e+06
2.862213000000000000e+06
3.132357000000000000e+06
3.170816000000000000e+06
2.779801000000000000e+06
2.248956000000000000e+06
1.505905000000000000e+06
1.459546000000000000e+06
1.663603000000000000e+06
3.543858000000000000e+06
2.184503000000000000e+06
1.592367000000000000e+06
1.536145000000000000e+06
1.565768000000000000e+06
1.436109000000000000e+06
1.320961000000000000e+06
1.184093000000000000e+06
1.607609000000000000e+06
2.041207000000000000e+06
2.161286000000000000e+06
2.300529000000000000e+06
3.365715000000000000e+06
1.924320000000000000e+06
1.698096000000000000e+06
1.388291000000000000e+06
1.586239000000000000e+06
1.431329000000000000e+06
1.366113000000000000e+06
1.308609000000000000e+06
1.421778000000000000e+06
1.702398000000000000e+06
1.720492000000000000e+06
1.664720000000000000e+06
2.496181000000000000e+06
1.348289000000000000e+06
1.294804000000000000e+06
1.138218000000000000e+06
1.103311000000000000e+06
1.073105000000000000e+06
9.815570000000000000e+05
8.371040000000000000e+05
8.482050000000000000e+05
7.784740000000000000e+05
8.086020000000000000e+05
8.158110000000000000e+05
1.887469000000000000e+06
6.174870000000000000e+05
6.340210000000000000e+05
7.089180000000000000e+05
6.615260000000000000e+05
6.825750000000000000e+05
6.554840000000000000e+05
5.503570000000000000e+05
3.355040000000000000e+05
3.079030000000000000e+05
5.901690000000000000e+05
5.815380000000000000e+05
1.773951000000000000e+06
5.560880000000000000e+05
3.248640000000000000e+05
1.308530000000000000e+05
2.753440000000000000e+05
3.648710000000000000e+05
4.032920000000000000e+05
3.514440000000000000e+05
6.011020000000000000e+05
5.948210000000000000e+05
6.415060000000000000e+05
8.219900000000000000e+05
1.835726000000000000e+06
9.644810000000000000e+05
1.063985000000000000e+06
1.162010000000000000e+06
1.059155000000000000e+06
9.655920000000000000e+05
1.222853000000000000e+06
1.317919000000000000e+06
1.328464000000000000e+06
1.539022000000000000e+06
1.642079000000000000e+06
1.472718000000000000e+06
2.211807000000000000e+06
1.331796000000000000e+06
1.133084000000000000e+06
9.056810000000000000e+05
9.358560000000000000e+05
1.025814000000000000e+06
1.139220000000000000e+06
1.353382000000000000e+06
1.561452000000000000e+06
1.882438000000000000e+06
1.994682000000000000e+06
1.722998000000000000e+06
3.425743000000000000e+06
2.412969000000000000e+06
1.536297000000000000e+06
1.333215000000000000e+06
1.415948000000000000e+06
1.184918000000000000e+06
1.106040000000000000e+06
1.193771000000000000e+06
1.914935000000000000e+06
2.461762000000000000e+06
2.573315000000000000e+06
2.146916000000000000e+06
3.362186000000000000e+06
2.610122000000000000e+06
1.782663000000000000e+06
1.425326000000000000e+06
1.252068000000000000e+06
1.159778000000000000e+06
1.260517000000000000e+06
1.295032000000000000e+06
1.225556000000000000e+06
1.311436000000000000e+06
1.385978000000000000e+06
1.498902000000000000e+06
2.907298000000000000e+06
2.055526000000000000e+06
2.366709000000000000e+06
2.499541000000000000e+06
2.940932000000000000e+06
3.547671000000000000e+06
3.785744000000000000e+06
3.685011000000000000e+06
3.506819000000000000e+06
3.198349000000000000e+06
3.154622000000000000e+06
3.097222000000000000e+06
4.367926000000000000e+06
3.651789000000000000e+06
2.881525000000000000e+06
2.708163000000000000e+06
2.775428000000000000e+06
2.948529000000000000e+06
2.791346000000000000e+06
2.857965000000000000e+06
3.051519000000000000e+06
3.034603000000000000e+06
3.018814000000000000e+06
3.170426000000000000e+06
4.109485000000000000e+06
2.817353000000000000e+06
2.689022000000000000e+06
2.673556000000000000e+06
2.559073000000000000e+06
2.420256000000000000e+06
2.600895000000000000e+06
2.769392000000000000e+06
2.651348000000000000e+06
2.244130000000000000e+06
2.057778000000000000e+06
2.226022000000000000e+06
4.046334000000000000e+06
3.478133000000000000e+06
4.172535000000000000e+06
4.616412000000000000e+06
4.766008000000000000e+06
4.746504000000000000e+06
4.599359000000000000e+06
4.174339000000000000e+06
3.905343000000000000e+06
3.397046000000000000e+06
3.266418000000000000e+06
3.041415000000000000e+06
4.068095000000000000e+06
2.750223000000000000e+06
2.775331000000000000e+06
2.833234000000000000e+06
3.287261000000000000e+06
3.971575000000000000e+06
4.435154000000000000e+06
3.823464000000000000e+06
2.917683000000000000e+06
1.796657000000000000e+06
1.060674000000000000e+06
1.086367000000000000e+06
3.204567000000000000e+06
1.698081000000000000e+06
1.722837000000000000e+06
