2.262980000000000000e+05
1.663930000000000000e+05
9.205200000000000000e+04
9.183000000000000000e+04
4.005400000000000000e+04
3.987800000000000000e+04
4.795400000000000000e+04
4.520500000000000000e+04
7.643600000000000000e+04
9.436700000000000000e+04
8.891700000000000000e+04
2.599770000000000000e+05
1.375870000000000000e+05
8.422300000000000000e+04
3.031000000000000000e+03
1.047980000000000000e+05
1.076760000000000000e+05
1.101160000000000000e+05
9.426000000000000000e+04
9.720200000000000000e+04
1.015300000000000000e+05
1.268810000000000000e+05
1.157300000000000000e+05
2.613420000000000000e+05
1.829140000000000000e+05
1.674850000000000000e+05
1.326370000000000000e+05
1.574240000000000000e+05
1.412700000000000000e+05
1.657420000000000000e+05
1.549710000000000000e+05
1.252160000000000000e+05
1.243460000000000000e+05
1.537370000000000000e+05
1.361590000000000000e+05
3.274900000000000000e+05
3.691020000000000000e+05
3.450410000000000000e+05
3.143480000000000000e+05
3.048470000000000000e+05
2.938490000000000000e+05
2.788590000000000000e+05
2.790560000000000000e+05
2.820190000000000000e+05
4.062900000000000000e+04
3.287320000000000000e+05
2.940850000000000000e+05
5.239470000000000000e+05
3.328480000000000000e+05
2.823990000000000000e+05
2.828470000000000000e+05
1.627580000000000000e+05
1.645020000000000000e+05
1.322830000000000000e+05
1.160550000000000000e+05
1.194150000000000000e+05
1.063920000000000000e+05
1.200620000000000000e+05
1.268030000000000000e+05
3.429850000000000000e+05
1.805430000000000000e+05
1.490900000000000000e+05
1.345590000000000000e+05
1.138830000000000000e+05
1.372660000000000000e+05
1.226390000000000000e+05
1.069340000000000000e+05
1.019950000000000000e+05
9.771400000000000000e+04
1.021440000000000000e+05
1.185020000000000000e+05
2.173710000000000000e+05
1.081120000000000000e+05
7.900800000000000000e+04
8.644000000000000000e+03
9.259400000000000000e+04
7.076300000000000000e+04
6.067200000000000000e+04
6.353100000000000000e+04
6.818000000000000000e+04
5.467600000000000000e+04
5.706400000000000000e+04
6.567700000000000000e+04
2.447870000000000000e+05
8.201600000000000000e+04
8.699400000000000000e+04
7.250400000000000000e+04
7.030000000000000000e+04
6.702700000000000000e+04
7.186600000000000000e+04
5.742800000000000000e+04
6.110700000000000000e+04
5.316600000000000000e+04
6.428800000000000000e+04
7.093000000000000000e+04
2.093920000000000000e+05
1.143670000000000000e+05
1.005360000000000000e+05
1.102650000000000000e+05
1.197830000000000000e+05
1.329960000000000000e+05
1.356220000000000000e+05
1.439170000000000000e+05
1.508910000000000000e+05
1.116700000000000000e+04
1.501030000000000000e+05
1.559290000000000000e+05
3.170760000000000000e+05
1.855080000000000000e+05
1.825950000000000000e+05
1.572930000000000000e+05
1.649260000000000000e+05
1.701620000000000000e+05
2.043190000000000000e+05
2.036520000000000000e+05
1.837490000000000000e+05
1.684490000000000000e+05
1.615710000000000000e+05
1.559560000000000000e+05
3.551720000000000000e+05
2.227010000000000000e+05
2.365540000000000000e+05
2.286090000000000000e+05
2.359600000000000000e+05
2.299720000000000000e+05
2.305450000000000000e+05
2.034440000000000000e+05
1.827370000000000000e+05
1.819020000000000000e+05
1.824020000000000000e+05
1.707250000000000000e+05
3.619860000000000000e+05
2.487760000000000000e+05
2.165940000000000000e+05
9.548000000000000000e+03
2.037780000000000000e+05
2.183600000000000000e+05
1.986620000000000000e+05
1.922340000000000000e+05
1.488350000000000000e+05
1.552860000000000000e+05
1.545450000000000000e+05
1.502640000000000000e+05
2.905840000000000000e+05
2.372190000000000000e+05
2.186120000000000000e+05
1.732920000000000000e+05
1.704110000000000000e+05
1.349950000000000000e+05
