1.337470000000000000e+05
1.167150000000000000e+05
1.204730000000000000e+05
1.111070000000000000e+05
1.118250000000000000e+05
1.132890000000000000e+05
1.014110000000000000e+05
1.175110000000000000e+05
1.060110000000000000e+05
7.853700000000000000e+04
8.353600000000000000e+04
3.668830000000000000e+05
1.277430000000000000e+05
1.350230000000000000e+05
1.100200000000000000e+04
1.374130000000000000e+05
1.515530000000000000e+05
1.879970000000000000e+05
1.964390000000000000e+05
2.025650000000000000e+05
1.998730000000000000e+05
2.082700000000000000e+05
2.309210000000000000e+05
5.146310000000000000e+05
2.591820000000000000e+05
2.325290000000000000e+05
2.237590000000000000e+05
2.182730000000000000e+05
2.086020000000000000e+05
2.215360000000000000e+05
2.456470000000000000e+05
2.050780000000000000e+05
2.057140000000000000e+05
1.996070000000000000e+05
1.784830000000000000e+05
3.912190000000000000e+05
2.229780000000000000e+05
1.817330000000000000e+05
1.837180000000000000e+05
1.961350000000000000e+05
1.861100000000000000e+05
1.924180000000000000e+05
1.859140000000000000e+05
1.483120000000000000e+05
1.299700000000000000e+04
1.531500000000000000e+05
1.398600000000000000e+05
4.300580000000000000e+05
1.701300000000000000e+05
1.573560000000000000e+05
1.478600000000000000e+05
1.234830000000000000e+05
1.601900000000000000e+05
1.427740000000000000e+05
1.285920000000000000e+05
1.452350000000000000e+05
1.445470000000000000e+05
1.368740000000000000e+05
1.412620000000000000e+05
3.781290000000000000e+05
1.481130000000000000e+05
1.274190000000000000e+05
1.408940000000000000e+05
1.340910000000000000e+05
1.620430000000000000e+05
1.673250000000000000e+05
1.487060000000000000e+05
1.543060000000000000e+05
1.537980000000000000e+05
1.309760000000000000e+05
1.189140000000000000e+05
3.511540000000000000e+05
1.222780000000000000e+05
1.098440000000000000e+05
1.085000000000000000e+04
1.059260000000000000e+05
1.048790000000000000e+05
1.168540000000000000e+05
1.031400000000000000e+05
9.974600000000000000e+04
8.644000000000000000e+04
7.353700000000000000e+04
8.013500000000000000e+04
3.055090000000000000e+05
9.333100000000000000e+04
6.707000000000000000e+04
6.347600000000000000e+04
5.245100000000000000e+04
3.968600000000000000e+04
5.420400000000000000e+04
5.345500000000000000e+04
6.491700000000000000e+04
6.295100000000000000e+04
6.739400000000000000e+04
6.252200000000000000e+04
3.029080000000000000e+05
7.810400000000000000e+04
5.922200000000000000e+04
5.985400000000000000e+04
6.261100000000000000e+04
7.946400000000000000e+04
9.053500000000000000e+04
8.309500000000000000e+04
7.891800000000000000e+04
5.821000000000000000e+03
1.739820000000000000e+05
3.445500000000000000e+05
6.690550000000000000e+05
4.704860000000000000e+05
3.874500000000000000e+05
3.334000000000000000e+05
3.181120000000000000e+05
3.460700000000000000e+05
3.228120000000000000e+05
3.223710000000000000e+05
3.084940000000000000e+05
3.218800000000000000e+05
2.807160000000000000e+05
2.898310000000000000e+05
5.831030000000000000e+05
2.532320000000000000e+05
2.124400000000000000e+05
1.905840000000000000e+05
1.736870000000000000e+05
1.808750000000000000e+05
2.040770000000000000e+05
2.413430000000000000e+05
2.627600000000000000e+05
2.636040000000000000e+05
2.623120000000000000e+05
2.411220000000000000e+05
5.290890000000000000e+05
3.483500000000000000e+05
3.058220000000000000e+05
1.362800000000000000e+04
2.306690000000000000e+05
2.126830000000000000e+05
2.225530000000000000e+05
2.550440000000000000e+05
2.604950000000000000e+05
2.283820000000000000e+05
2.351370000000000000e+05
2.163700000000000000e+05
5.251120000000000000e+05
2.917140000000000000e+05
2.713590000000000000e+05
2.392940000000000000e+05
2.595860000000000000e+05
2.435250000000000000e+05
