2.478640000000000000e+05
2.653840000000000000e+05
2.566780000000000000e+05
2.315170000000000000e+05
2.108800000000000000e+05
5.336880000000000000e+05
3.164720000000000000e+05
1.945020000000000000e+05
1.747900000000000000e+05
1.775770000000000000e+05
1.812790000000000000e+05
2.281760000000000000e+05
1.733900000000000000e+05
1.846520000000000000e+05
1.426500000000000000e+04
1.367430000000000000e+05
1.560480000000000000e+05
4.082710000000000000e+05
1.757790000000000000e+05
1.290290000000000000e+05
1.240650000000000000e+05
1.438780000000000000e+05
1.176210000000000000e+05
1.610460000000000000e+05
1.511550000000000000e+05
1.611780000000000000e+05
1.465000000000000000e+05
2.056690000000000000e+05
2.317560000000000000e+05
5.367980000000000000e+05
3.429620000000000000e+05
2.627510000000000000e+05
2.602720000000000000e+05
2.482820000000000000e+05
2.240210000000000000e+05
2.527020000000000000e+05
2.250470000000000000e+05
2.754440000000000000e+05
2.611790000000000000e+05
2.474650000000000000e+05
2.305780000000000000e+05
5.122650000000000000e+05
2.721320000000000000e+05
2.433080000000000000e+05
2.067200000000000000e+04
2.257180000000000000e+05
2.136940000000000000e+05
2.784430000000000000e+05
1.891200000000000000e+05
2.089450000000000000e+05
2.533550000000000000e+05
2.276150000000000000e+05
2.186710000000000000e+05
5.611210000000000000e+05
3.310080000000000000e+05
3.020240000000000000e+05
2.232560000000000000e+05
2.093270000000000000e+05
1.640700000000000000e+05
2.454830000000000000e+05
2.007810000000000000e+05
2.028850000000000000e+05
1.721630000000000000e+05
1.433970000000000000e+05
1.303420000000000000e+05
3.467880000000000000e+05
1.324870000000000000e+05
9.907900000000000000e+04
8.844000000000000000e+04
9.990400000000000000e+04
7.898800000000000000e+04
1.411480000000000000e+05
7.997400000000000000e+04
8.747000000000000000e+04
1.107000000000000000e+04
1.172900000000000000e+05
1.069040000000000000e+05
3.589950000000000000e+05
1.090860000000000000e+05
9.261900000000000000e+04
8.032200000000000000e+04
7.219200000000000000e+04
7.146100000000000000e+04
1.364100000000000000e+05
9.442700000000000000e+04
8.219000000000000000e+04
9.634100000000000000e+04
1.235400000000000000e+05
1.226780000000000000e+05
3.882260000000000000e+05
1.814440000000000000e+05
1.239790000000000000e+05
1.399080000000000000e+05
1.236650000000000000e+05
1.149590000000000000e+05
1.673570000000000000e+05
1.302640000000000000e+05
1.149800000000000000e+05
1.650080000000000000e+05
1.715620000000000000e+05
1.914080000000000000e+05
4.441230000000000000e+05
2.451230000000000000e+05
1.968400000000000000e+05
6.673000000000000000e+03
1.766580000000000000e+05
1.703360000000000000e+05
2.060790000000000000e+05
1.604490000000000000e+05
1.673910000000000000e+05
1.673060000000000000e+05
1.666030000000000000e+05
1.743070000000000000e+05
3.671780000000000000e+05
1.972310000000000000e+05
1.821780000000000000e+05
1.498260000000000000e+05
1.356970000000000000e+05
1.158310000000000000e+05
1.625320000000000000e+05
1.533660000000000000e+05
1.297170000000000000e+05
2.925370000000000000e+05
3.712660000000000000e+05
4.418310000000000000e+05
8.782370000000000000e+05
6.983070000000000000e+05
6.747360000000000000e+05
6.224410000000000000e+05
6.156710000000000000e+05
5.840770000000000000e+05
6.149670000000000000e+05
5.676550000000000000e+05
5.641120000000000000e+05
2.931200000000000000e+04
6.314280000000000000e+05
6.619960000000000000e+05
8.955220000000000000e+05
6.467080000000000000e+05
5.618260000000000000e+05
4.944180000000000000e+05
4.951830000000000000e+05
4.739700000000000000e+05
4.817280000000000000e+05
4.533380000000000000e+05
4.266810000000000000e+05
4.488690000000000000e+05
5.210270000000000000e+05
5.355530000000000000e+05
