5.716650000000000000e+05
5.116600000000000000e+05
5.033240000000000000e+05
4.612920000000000000e+05
4.391850000000000000e+05
4.211490000000000000e+05
3.797320000000000000e+05
3.907730000000000000e+05
3.746060000000000000e+05
3.709120000000000000e+05
3.523160000000000000e+05
6.326950000000000000e+05
3.428450000000000000e+05
3.090040000000000000e+05
4.266200000000000000e+04
3.069350000000000000e+05
2.750160000000000000e+05
2.636190000000000000e+05
2.449850000000000000e+05
2.468490000000000000e+05
2.533750000000000000e+05
2.998500000000000000e+05
3.169740000000000000e+05
6.554920000000000000e+05
3.780760000000000000e+05
3.453840000000000000e+05
3.237120000000000000e+05
3.248700000000000000e+05
3.011610000000000000e+05
3.038920000000000000e+05
2.852650000000000000e+05
2.778900000000000000e+05
2.986120000000000000e+05
2.677040000000000000e+05
2.491800000000000000e+05
5.198430000000000000e+05
2.679540000000000000e+05
2.171960000000000000e+05
1.688020000000000000e+05
1.679470000000000000e+05
1.393700000000000000e+05
1.257560000000000000e+05
1.445840000000000000e+05
1.558660000000000000e+05
1.430700000000000000e+04
1.882870000000000000e+05
2.162470000000000000e+05
5.044990000000000000e+05
3.099550000000000000e+05
2.598180000000000000e+05
2.281380000000000000e+05
2.125790000000000000e+05
2.066530000000000000e+05
1.995550000000000000e+05
2.032550000000000000e+05
2.063760000000000000e+05
1.953830000000000000e+05
1.978080000000000000e+05
2.445930000000000000e+05
5.431830000000000000e+05
3.302990000000000000e+05
3.277910000000000000e+05
3.424420000000000000e+05
3.039330000000000000e+05
3.036320000000000000e+05
3.056260000000000000e+05
2.836310000000000000e+05
3.013650000000000000e+05
2.822600000000000000e+05
2.852950000000000000e+05
2.882160000000000000e+05
6.173570000000000000e+05
3.244100000000000000e+05
2.655540000000000000e+05
9.247000000000000000e+03
2.104280000000000000e+05
1.302330000000000000e+05
1.478430000000000000e+05
1.297060000000000000e+05
1.450170000000000000e+05
1.494510000000000000e+05
1.399990000000000000e+05
1.313190000000000000e+05
4.187890000000000000e+05
1.406760000000000000e+05
1.191890000000000000e+05
9.157200000000000000e+04
8.572900000000000000e+04
9.111600000000000000e+04
6.884000000000000000e+04
6.895200000000000000e+04
7.029900000000000000e+04
7.146200000000000000e+04
7.097000000000000000e+04
5.653900000000000000e+04
3.798440000000000000e+05
1.501660000000000000e+05
1.108620000000000000e+05
1.074680000000000000e+05
1.246680000000000000e+05
1.035680000000000000e+05
1.106460000000000000e+05
1.117970000000000000e+05
1.225250000000000000e+05
2.481800000000000000e+04
1.038150000000000000e+05
1.456140000000000000e+05
4.639610000000000000e+05
1.861650000000000000e+05
1.969620000000000000e+05
1.745130000000000000e+05
1.779000000000000000e+05
1.764150000000000000e+05
1.539860000000000000e+05
1.709690000000000000e+05
1.464890000000000000e+05
1.542350000000000000e+05
1.725440000000000000e+05
1.789660000000000000e+05
5.094230000000000000e+05
2.272480000000000000e+05
2.309400000000000000e+05
2.684230000000000000e+05
2.366510000000000000e+05
2.562860000000000000e+05
2.533280000000000000e+05
2.625260000000000000e+05
2.647980000000000000e+05
2.605870000000000000e+05
2.609960000000000000e+05
3.168430000000000000e+05
7.508840000000000000e+05
5.191670000000000000e+05
4.690960000000000000e+05
5.051600000000000000e+04
4.783880000000000000e+05
4.784800000000000000e+05
4.554480000000000000e+05
4.257640000000000000e+05
4.255550000000000000e+05
3.860320000000000000e+05
3.846570000000000000e+05
3.935130000000000000e+05
6.775850000000000000e+05
4.512420000000000000e+05
4.422620000000000000e+05
4.302820000000000000e+05
4.123940000000000000e+05
3.711670000000000000e+05
