3.565290000000000000e+05
3.400460000000000000e+05
3.512380000000000000e+05
3.429620000000000000e+05
3.526190000000000000e+05
6.552310000000000000e+05
4.354200000000000000e+05
4.035740000000000000e+05
4.195650000000000000e+05
3.851790000000000000e+05
3.435950000000000000e+05
4.164750000000000000e+05
3.523750000000000000e+05
3.615770000000000000e+05
5.269100000000000000e+04
3.418060000000000000e+05
3.449460000000000000e+05
6.987600000000000000e+05
5.029700000000000000e+05
3.955320000000000000e+05
3.562050000000000000e+05
3.167840000000000000e+05
2.545900000000000000e+05
3.713960000000000000e+05
2.989410000000000000e+05
3.172150000000000000e+05
3.093760000000000000e+05
3.021440000000000000e+05
3.053510000000000000e+05
6.818480000000000000e+05
4.403640000000000000e+05
4.269210000000000000e+05
4.263360000000000000e+05
4.276310000000000000e+05
4.074380000000000000e+05
4.689010000000000000e+05
4.026380000000000000e+05
3.584790000000000000e+05
3.303730000000000000e+05
3.071820000000000000e+05
3.064580000000000000e+05
6.710170000000000000e+05
3.983680000000000000e+05
3.866610000000000000e+05
2.309300000000000000e+04
3.510590000000000000e+05
2.892510000000000000e+05
3.606030000000000000e+05
2.806040000000000000e+05
2.759080000000000000e+05
2.740120000000000000e+05
2.704180000000000000e+05
2.602600000000000000e+05
6.567490000000000000e+05
3.633080000000000000e+05
4.157490000000000000e+05
4.346910000000000000e+05
4.319530000000000000e+05
3.842800000000000000e+05
4.501970000000000000e+05
3.833250000000000000e+05
3.279300000000000000e+05
3.314400000000000000e+05
3.126420000000000000e+05
3.103290000000000000e+05
6.144640000000000000e+05
3.816670000000000000e+05
3.899770000000000000e+05
3.760580000000000000e+05
3.460650000000000000e+05
3.179820000000000000e+05
3.221500000000000000e+05
2.426740000000000000e+05
2.549560000000000000e+05
4.118600000000000000e+04
2.401350000000000000e+05
2.404800000000000000e+05
5.221320000000000000e+05
2.922370000000000000e+05
2.353160000000000000e+05
2.141450000000000000e+05
1.343030000000000000e+05
1.192210000000000000e+05
2.023590000000000000e+05
1.410650000000000000e+05
1.237890000000000000e+05
1.331630000000000000e+05
1.314200000000000000e+05
1.371380000000000000e+05
4.034810000000000000e+05
2.031900000000000000e+05
1.942580000000000000e+05
2.149520000000000000e+05
2.193390000000000000e+05
1.952810000000000000e+05
2.805030000000000000e+05
2.074090000000000000e+05
1.788450000000000000e+05
1.961160000000000000e+05
1.827480000000000000e+05
2.033500000000000000e+05
4.894010000000000000e+05
2.465810000000000000e+05
2.220430000000000000e+05
8.687000000000000000e+03
1.906770000000000000e+05
1.539570000000000000e+05
2.022370000000000000e+05
1.382770000000000000e+05
1.559090000000000000e+05
1.511350000000000000e+05
1.472900000000000000e+05
1.348290000000000000e+05
4.406680000000000000e+05
2.187720000000000000e+05
1.995050000000000000e+05
2.033790000000000000e+05
1.842090000000000000e+05
1.924320000000000000e+05
2.872600000000000000e+05
2.277110000000000000e+05
2.217090000000000000e+05
2.205270000000000000e+05
2.228110000000000000e+05
2.414290000000000000e+05
6.149540000000000000e+05
3.530310000000000000e+05
3.237380000000000000e+05
3.453250000000000000e+05
3.376010000000000000e+05
4.063120000000000000e+05
5.123050000000000000e+05
4.757400000000000000e+05
4.814960000000000000e+05
4.267200000000000000e+04
4.847220000000000000e+05
4.641650000000000000e+05
8.914530000000000000e+05
5.708860000000000000e+05
4.989010000000000000e+05
4.798880000000000000e+05
4.948870000000000000e+05
4.910010000000000000e+05
5.364720000000000000e+05
4.252980000000000000e+05
3.974580000000000000e+05
4.075220000000000000e+05
3.842650000000000000e+05
3.859350000000000000e+05
