4.461780000000000000e+05
4.114220000000000000e+05
4.476830000000000000e+05
4.350400000000000000e+05
4.900700000000000000e+05
4.474700000000000000e+05
5.063440000000000000e+05
5.082910000000000000e+05
5.036050000000000000e+05
4.657390000000000000e+05
4.549550000000000000e+05
8.458910000000000000e+05
5.435210000000000000e+05
4.811830000000000000e+05
1.080500000000000000e+04
4.843750000000000000e+05
4.845290000000000000e+05
4.402100000000000000e+05
4.255970000000000000e+05
3.741150000000000000e+05
3.626880000000000000e+05
3.773510000000000000e+05
3.472910000000000000e+05
7.386130000000000000e+05
4.294590000000000000e+05
3.729130000000000000e+05
3.630280000000000000e+05
4.179810000000000000e+05
4.209650000000000000e+05
4.415230000000000000e+05
4.749940000000000000e+05
4.585750000000000000e+05
4.450020000000000000e+05
4.663030000000000000e+05
4.493760000000000000e+05
8.292950000000000000e+05
5.383810000000000000e+05
4.792670000000000000e+05
4.674120000000000000e+05
4.856740000000000000e+05
4.834020000000000000e+05
4.603230000000000000e+05
4.962500000000000000e+05
5.010490000000000000e+05
5.959000000000000000e+04
5.454840000000000000e+05
5.380310000000000000e+05
9.320240000000000000e+05
6.723890000000000000e+05
5.681260000000000000e+05
5.691150000000000000e+05
9.725450000000000000e+05
8.560040000000000000e+05
8.954850000000000000e+05
8.426930000000000000e+05
8.539920000000000000e+05
8.314460000000000000e+05
8.006150000000000000e+05
7.759940000000000000e+05
1.253627000000000000e+06
8.283380000000000000e+05
7.456490000000000000e+05
7.180580000000000000e+05
7.759260000000000000e+05
1.004698000000000000e+06
8.223260000000000000e+05
8.125710000000000000e+05
8.031380000000000000e+05
8.120130000000000000e+05
7.377690000000000000e+05
7.232650000000000000e+05
1.173135000000000000e+06
7.858040000000000000e+05
7.043220000000000000e+05
6.410400000000000000e+04
6.662730000000000000e+05
6.311780000000000000e+05
8.094180000000000000e+05
6.004030000000000000e+05
5.042840000000000000e+05
4.664880000000000000e+05
4.743730000000000000e+05
4.342550000000000000e+05
9.063100000000000000e+05
4.939660000000000000e+05
4.335930000000000000e+05
4.226410000000000000e+05
4.298210000000000000e+05
4.039470000000000000e+05
3.976330000000000000e+05
4.612060000000000000e+05
2.768070000000000000e+05
2.780410000000000000e+05
2.731960000000000000e+05
2.904440000000000000e+05
6.748240000000000000e+05
3.600690000000000000e+05
3.114970000000000000e+05
2.937270000000000000e+05
2.841090000000000000e+05
2.776590000000000000e+05
2.620880000000000000e+05
2.211660000000000000e+05
2.912430000000000000e+05
3.091600000000000000e+04
2.442010000000000000e+05
2.457350000000000000e+05
5.498450000000000000e+05
3.094810000000000000e+05
2.636290000000000000e+05
2.391180000000000000e+05
2.382720000000000000e+05
3.079160000000000000e+05
6.468150000000000000e+05
6.167020000000000000e+05
6.428520000000000000e+05
7.390880000000000000e+05
7.861580000000000000e+05
8.025160000000000000e+05
1.349442000000000000e+06
9.594560000000000000e+05
8.558390000000000000e+05
7.930370000000000000e+05
7.714720000000000000e+05
1.107015000000000000e+06
9.803980000000000000e+05
1.142238000000000000e+06
1.039742000000000000e+06
1.082326000000000000e+06
1.255967000000000000e+06
1.063759000000000000e+06
1.801967000000000000e+06
1.162335000000000000e+06
1.079479000000000000e+06
7.807200000000000000e+04
9.906840000000000000e+05
9.760420000000000000e+05
1.026608000000000000e+06
1.021062000000000000e+06
8.183970000000000000e+05
8.027610000000000000e+05
7.570190000000000000e+05
7.162980000000000000e+05
1.409948000000000000e+06
6.779940000000000000e+05
6.058930000000000000e+05
5.878300000000000000e+05
5.983520000000000000e+05
6.712340000000000000e+05
