6.731400000000000000e+05
6.865710000000000000e+05
6.753680000000000000e+05
7.194060000000000000e+05
7.304710000000000000e+05
1.210028000000000000e+06
8.273680000000000000e+05
7.593560000000000000e+05
7.270430000000000000e+05
6.827010000000000000e+05
6.527660000000000000e+05
8.230000000000000000e+05
7.483340000000000000e+05
7.227520000000000000e+05
7.857900000000000000e+04
7.809300000000000000e+05
8.003890000000000000e+05
1.293252000000000000e+06
8.942600000000000000e+05
7.318240000000000000e+05
7.086160000000000000e+05
6.814920000000000000e+05
6.621450000000000000e+05
7.919390000000000000e+05
6.287090000000000000e+05
6.833430000000000000e+05
5.689530000000000000e+05
5.928440000000000000e+05
6.139750000000000000e+05
1.144513000000000000e+06
7.171190000000000000e+05
6.466470000000000000e+05
6.168540000000000000e+05
6.155710000000000000e+05
5.889330000000000000e+05
7.303350000000000000e+05
9.428210000000000000e+05
8.730530000000000000e+05
8.750390000000000000e+05
8.646820000000000000e+05
8.386250000000000000e+05
1.593228000000000000e+06
9.344650000000000000e+05
7.856760000000000000e+05
1.144500000000000000e+05
7.608450000000000000e+05
7.332010000000000000e+05
7.502590000000000000e+05
6.422300000000000000e+05
6.184490000000000000e+05
5.589760000000000000e+05
3.926160000000000000e+05
4.855220000000000000e+05
1.296993000000000000e+06
7.189910000000000000e+05
6.714470000000000000e+05
6.193260000000000000e+05
6.037500000000000000e+05
5.790360000000000000e+05
7.371900000000000000e+05
6.511470000000000000e+05
6.624210000000000000e+05
6.754180000000000000e+05
6.978850000000000000e+05
6.350280000000000000e+05
1.092070000000000000e+06
6.115110000000000000e+05
5.574450000000000000e+05
5.096260000000000000e+05
4.992830000000000000e+05
4.790480000000000000e+05
5.608380000000000000e+05
9.307270000000000000e+05
1.063137000000000000e+06
2.524700000000000000e+04
1.049770000000000000e+06
1.012015000000000000e+06
1.556961000000000000e+06
1.112485000000000000e+06
1.012126000000000000e+06
9.420910000000000000e+05
9.388400000000000000e+05
8.651880000000000000e+05
9.725840000000000000e+05
8.093170000000000000e+05
7.975260000000000000e+05
8.251430000000000000e+05
6.212800000000000000e+05
3.455460000000000000e+05
8.713610000000000000e+05
3.882850000000000000e+05
3.112410000000000000e+05
2.843530000000000000e+05
2.848370000000000000e+05
2.693920000000000000e+05
3.811300000000000000e+05
2.890910000000000000e+05
2.382880000000000000e+05
2.807410000000000000e+05
4.779640000000000000e+05
4.511900000000000000e+05
1.019790000000000000e+06
6.260870000000000000e+05
5.473900000000000000e+05
1.789300000000000000e+04
5.316920000000000000e+05
5.108940000000000000e+05
5.825210000000000000e+05
4.863480000000000000e+05
4.435690000000000000e+05
4.488740000000000000e+05
4.283670000000000000e+05
3.941530000000000000e+05
8.522520000000000000e+05
2.116820000000000000e+05
2.003120000000000000e+05
1.796900000000000000e+05
1.717540000000000000e+05
1.515830000000000000e+05
2.615930000000000000e+05
1.759710000000000000e+05
2.881980000000000000e+05
1.037429000000000000e+06
1.487121000000000000e+06
1.244097000000000000e+06
2.026320000000000000e+06
1.534667000000000000e+06
1.380905000000000000e+06
1.297020000000000000e+06
1.212683000000000000e+06
1.150912000000000000e+06
1.217923000000000000e+06
1.304084000000000000e+06
1.526344000000000000e+06
2.405100000000000000e+04
1.520990000000000000e+06
1.697535000000000000e+06
2.279056000000000000e+06
1.686070000000000000e+06
1.513720000000000000e+06
1.485474000000000000e+06
1.431046000000000000e+06
1.307575000000000000e+06
1.381358000000000000e+06
1.226243000000000000e+06
1.227220000000000000e+06
1.459578000000000000e+06
1.387242000000000000e+06
1.396888000000000000e+06
