1.637238000000000000e+06
1.506108000000000000e+06
1.452231000000000000e+06
1.354771000000000000e+06
1.311354000000000000e+06
1.242870000000000000e+06
1.249871000000000000e+06
1.234068000000000000e+06
1.240345000000000000e+06
1.365356000000000000e+06
1.664096000000000000e+06
2.459422000000000000e+06
2.001641000000000000e+06
1.861154000000000000e+06
6.913500000000000000e+04
1.704926000000000000e+06
1.679526000000000000e+06
1.598961000000000000e+06
1.517641000000000000e+06
1.481700000000000000e+06
1.424882000000000000e+06
1.491959000000000000e+06
1.853086000000000000e+06
2.757587000000000000e+06
2.179085000000000000e+06
2.051211000000000000e+06
1.946002000000000000e+06
1.875989000000000000e+06
1.749845000000000000e+06
1.666402000000000000e+06
1.603975000000000000e+06
1.519232000000000000e+06
1.454716000000000000e+06
1.524042000000000000e+06
1.709782000000000000e+06
2.399956000000000000e+06
1.529163000000000000e+06
1.327025000000000000e+06
1.224445000000000000e+06
1.158934000000000000e+06
1.081257000000000000e+06
1.019369000000000000e+06
1.002088000000000000e+06
9.478970000000000000e+05
3.880400000000000000e+04
1.320308000000000000e+06
1.250432000000000000e+06
2.041809000000000000e+06
1.472622000000000000e+06
1.561127000000000000e+06
1.465278000000000000e+06
1.444354000000000000e+06
1.364224000000000000e+06
1.358101000000000000e+06
1.306803000000000000e+06
1.292021000000000000e+06
1.248966000000000000e+06
1.327885000000000000e+06
1.404183000000000000e+06
2.079704000000000000e+06
1.685848000000000000e+06
1.392053000000000000e+06
1.414894000000000000e+06
1.232387000000000000e+06
1.193273000000000000e+06
1.167493000000000000e+06
1.104193000000000000e+06
1.076915000000000000e+06
1.136293000000000000e+06
1.326502000000000000e+06
1.225766000000000000e+06
1.872967000000000000e+06
1.467949000000000000e+06
1.307959000000000000e+06
3.063200000000000000e+04
1.138813000000000000e+06
1.080436000000000000e+06
1.075757000000000000e+06
1.002445000000000000e+06
9.534450000000000000e+05
9.601240000000000000e+05
9.432340000000000000e+05
1.048347000000000000e+06
1.731832000000000000e+06
1.013725000000000000e+06
1.018092000000000000e+06
1.004597000000000000e+06
8.678000000000000000e+05
8.272360000000000000e+05
7.809330000000000000e+05
7.444910000000000000e+05
7.279230000000000000e+05
6.965970000000000000e+05
6.912480000000000000e+05
6.324040000000000000e+05
1.141994000000000000e+06
4.237700000000000000e+05
4.895840000000000000e+05
5.024470000000000000e+05
4.393890000000000000e+05
4.309830000000000000e+05
4.122890000000000000e+05
4.023950000000000000e+05
3.949960000000000000e+05
3.411900000000000000e+04
4.759280000000000000e+05
4.877330000000000000e+05
1.455386000000000000e+06
8.381840000000000000e+05
8.691600000000000000e+05
8.814460000000000000e+05
8.670060000000000000e+05
9.194680000000000000e+05
8.652450000000000000e+05
8.401600000000000000e+05
8.139920000000000000e+05
7.899340000000000000e+05
7.907440000000000000e+05
1.375670000000000000e+06
2.231338000000000000e+06
1.386063000000000000e+06
1.639942000000000000e+06
1.651317000000000000e+06
1.630067000000000000e+06
1.661145000000000000e+06
1.625244000000000000e+06
1.581267000000000000e+06
1.515226000000000000e+06
1.500373000000000000e+06
1.460469000000000000e+06
1.908152000000000000e+06
2.721328000000000000e+06
1.919891000000000000e+06
1.790043000000000000e+06
4.354900000000000000e+04
1.776097000000000000e+06
1.586452000000000000e+06
1.546108000000000000e+06
1.457329000000000000e+06
1.441819000000000000e+06
1.347762000000000000e+06
1.331739000000000000e+06
1.216438000000000000e+06
2.191573000000000000e+06
1.557932000000000000e+06
1.217987000000000000e+06
1.201810000000000000e+06
1.386812000000000000e+06
1.063815000000000000e+06
