1.514892000000000000e+06
1.586685000000000000e+06
1.496416000000000000e+06
1.493551000000000000e+06
1.424013000000000000e+06
1.343952000000000000e+06
1.275583000000000000e+06
1.205344000000000000e+06
1.160523000000000000e+06
1.111839000000000000e+06
1.118379000000000000e+06
2.000464000000000000e+06
1.155786000000000000e+06
1.417287000000000000e+06
1.039700000000000000e+05
1.334566000000000000e+06
1.720528000000000000e+06
1.664822000000000000e+06
1.672558000000000000e+06
1.590525000000000000e+06
1.544908000000000000e+06
1.491077000000000000e+06
1.412250000000000000e+06
2.458902000000000000e+06
1.495995000000000000e+06
1.440323000000000000e+06
1.569316000000000000e+06
1.562497000000000000e+06
1.613345000000000000e+06
1.717560000000000000e+06
1.501145000000000000e+06
1.398237000000000000e+06
1.334271000000000000e+06
1.238186000000000000e+06
1.224624000000000000e+06
2.121335000000000000e+06
1.220441000000000000e+06
1.201894000000000000e+06
1.744972000000000000e+06
1.711540000000000000e+06
1.427645000000000000e+06
1.417708000000000000e+06
1.366759000000000000e+06
1.338857000000000000e+06
7.656500000000000000e+04
1.321481000000000000e+06
1.283377000000000000e+06
2.301638000000000000e+06
1.377281000000000000e+06
1.264384000000000000e+06
1.196010000000000000e+06
1.270123000000000000e+06
1.398701000000000000e+06
1.180781000000000000e+06
1.131978000000000000e+06
1.096896000000000000e+06
1.107307000000000000e+06
1.046570000000000000e+06
1.034143000000000000e+06
2.078297000000000000e+06
1.107507000000000000e+06
1.065339000000000000e+06
1.031507000000000000e+06
1.197972000000000000e+06
1.316182000000000000e+06
1.280699000000000000e+06
1.097224000000000000e+06
1.040610000000000000e+06
1.058095000000000000e+06
9.270230000000000000e+05
9.121260000000000000e+05
1.977166000000000000e+06
9.911280000000000000e+05
8.903630000000000000e+05
5.357500000000000000e+04
9.333740000000000000e+05
1.211873000000000000e+06
1.172929000000000000e+06
1.164727000000000000e+06
1.092788000000000000e+06
1.009906000000000000e+06
9.985990000000000000e+05
9.203600000000000000e+05
1.931378000000000000e+06
1.017788000000000000e+06
9.080150000000000000e+05
8.451030000000000000e+05
9.060430000000000000e+05
8.986500000000000000e+05
9.560680000000000000e+05
7.338860000000000000e+05
6.182830000000000000e+05
6.579300000000000000e+05
6.013210000000000000e+05
5.792830000000000000e+05
1.671724000000000000e+06
6.983700000000000000e+05
5.684480000000000000e+05
5.607890000000000000e+05
6.129120000000000000e+05
6.806490000000000000e+05
7.020570000000000000e+05
7.238200000000000000e+05
6.802670000000000000e+05
1.999200000000000000e+04
7.276380000000000000e+05
7.674370000000000000e+05
1.864695000000000000e+06
9.050620000000000000e+05
8.509550000000000000e+05
7.754790000000000000e+05
7.862180000000000000e+05
8.823330000000000000e+05
9.401000000000000000e+05
1.015698000000000000e+06
1.060604000000000000e+06
1.116012000000000000e+06
1.089435000000000000e+06
1.110135000000000000e+06
2.147257000000000000e+06
1.210556000000000000e+06
1.080260000000000000e+06
1.130908000000000000e+06
1.055251000000000000e+06
1.216973000000000000e+06
1.522208000000000000e+06
1.412394000000000000e+06
1.392211000000000000e+06
1.371653000000000000e+06
1.250123000000000000e+06
1.314141000000000000e+06
2.316383000000000000e+06
1.339064000000000000e+06
1.304108000000000000e+06
7.156200000000000000e+04
1.344695000000000000e+06
1.419078000000000000e+06
1.729866000000000000e+06
1.494800000000000000e+06
1.482058000000000000e+06
1.486635000000000000e+06
1.511506000000000000e+06
1.520677000000000000e+06
2.544506000000000000e+06
1.545922000000000000e+06
1.396897000000000000e+06
1.325062000000000000e+06
1.254718000000000000e+06
1.251289000000000000e+06
