1.432190000000000000e+06
1.264505000000000000e+06
1.142988000000000000e+06
1.192721000000000000e+06
1.108593000000000000e+06
2.219493000000000000e+06
1.226407000000000000e+06
1.096001000000000000e+06
1.099412000000000000e+06
9.500180000000000000e+05
9.708040000000000000e+05
1.123337000000000000e+06
9.130820000000000000e+05
9.613010000000000000e+05
2.513900000000000000e+04
8.974950000000000000e+05
9.989230000000000000e+05
2.037268000000000000e+06
1.074988000000000000e+06
9.549800000000000000e+05
8.359730000000000000e+05
8.185860000000000000e+05
7.900220000000000000e+05
9.811160000000000000e+05
8.964190000000000000e+05
9.162920000000000000e+05
1.001634000000000000e+06
9.518900000000000000e+05
1.017274000000000000e+06
2.030347000000000000e+06
1.090097000000000000e+06
9.536920000000000000e+05
9.176170000000000000e+05
8.690680000000000000e+05
1.034086000000000000e+06
1.235725000000000000e+06
1.067045000000000000e+06
1.110512000000000000e+06
9.995210000000000000e+05
9.872860000000000000e+05
8.344660000000000000e+05
1.865457000000000000e+06
9.243900000000000000e+05
7.735780000000000000e+05
1.406000000000000000e+04
6.965720000000000000e+05
6.845490000000000000e+05
9.008840000000000000e+05
6.949990000000000000e+05
5.172120000000000000e+05
5.405370000000000000e+05
6.923830000000000000e+05
6.783500000000000000e+05
1.799519000000000000e+06
8.440920000000000000e+05
7.779750000000000000e+05
7.081780000000000000e+05
7.025520000000000000e+05
9.279290000000000000e+05
1.140789000000000000e+06
9.624530000000000000e+05
9.624310000000000000e+05
9.226420000000000000e+05
9.729520000000000000e+05
9.617310000000000000e+05
2.041245000000000000e+06
1.025457000000000000e+06
8.984330000000000000e+05
8.127140000000000000e+05
7.729510000000000000e+05
8.149640000000000000e+05
9.835730000000000000e+05
7.660400000000000000e+05
7.591660000000000000e+05
2.582100000000000000e+04
7.562500000000000000e+05
7.014780000000000000e+05
1.787865000000000000e+06
7.573050000000000000e+05
6.732530000000000000e+05
6.223850000000000000e+05
5.646410000000000000e+05
5.562760000000000000e+05
7.733530000000000000e+05
5.445090000000000000e+05
4.886820000000000000e+05
4.451520000000000000e+05
3.655910000000000000e+05
3.457100000000000000e+05
1.457663000000000000e+06
3.642110000000000000e+05
3.023090000000000000e+05
2.803660000000000000e+05
3.079160000000000000e+05
2.862510000000000000e+05
4.971550000000000000e+05
2.798630000000000000e+05
2.722490000000000000e+05
2.422570000000000000e+05
2.622730000000000000e+05
2.823630000000000000e+05
1.425741000000000000e+06
4.367320000000000000e+05
3.598270000000000000e+05
2.852900000000000000e+04
3.209940000000000000e+05
3.470730000000000000e+05
5.690160000000000000e+05
3.716670000000000000e+05
4.161920000000000000e+05
4.177730000000000000e+05
4.626260000000000000e+05
5.076350000000000000e+05
1.590546000000000000e+06
6.234690000000000000e+05
5.516460000000000000e+05
5.081040000000000000e+05
5.107830000000000000e+05
4.777880000000000000e+05
7.836370000000000000e+05
7.890720000000000000e+05
7.960380000000000000e+05
7.766720000000000000e+05
7.952590000000000000e+05
8.263480000000000000e+05
1.943933000000000000e+06
9.898160000000000000e+05
8.656620000000000000e+05
8.219670000000000000e+05
8.094380000000000000e+05
1.143358000000000000e+06
1.689529000000000000e+06
1.480169000000000000e+06
1.362031000000000000e+06
4.218200000000000000e+04
1.354638000000000000e+06
1.372723000000000000e+06
2.500734000000000000e+06
1.514087000000000000e+06
1.405948000000000000e+06
1.309160000000000000e+06
1.264673000000000000e+06
1.219538000000000000e+06
1.422770000000000000e+06
1.451266000000000000e+06
1.387590000000000000e+06
1.312973000000000000e+06
1.336691000000000000e+06
1.405576000000000000e+06
