1.526365000000000000e+06
1.338641000000000000e+06
1.338590000000000000e+06
1.204240000000000000e+06
1.238617000000000000e+06
1.163212000000000000e+06
1.234905000000000000e+06
1.449286000000000000e+06
1.375228000000000000e+06
1.138056000000000000e+06
1.184264000000000000e+06
2.288929000000000000e+06
1.205535000000000000e+06
1.101646000000000000e+06
1.474900000000000000e+04
1.078361000000000000e+06
9.898290000000000000e+05
1.006050000000000000e+06
9.785440000000000000e+05
1.220438000000000000e+06
1.259313000000000000e+06
1.264222000000000000e+06
1.120253000000000000e+06
2.409543000000000000e+06
1.330221000000000000e+06
1.179388000000000000e+06
1.170083000000000000e+06
1.015702000000000000e+06
9.964460000000000000e+05
9.943030000000000000e+05
8.784380000000000000e+05
9.964010000000000000e+05
1.138526000000000000e+06
1.005628000000000000e+06
9.704830000000000000e+05
2.244381000000000000e+06
1.202770000000000000e+06
1.099123000000000000e+06
9.981570000000000000e+05
9.773220000000000000e+05
9.515600000000000000e+05
9.871530000000000000e+05
1.063075000000000000e+06
1.053593000000000000e+06
5.510500000000000000e+04
1.151316000000000000e+06
1.086885000000000000e+06
2.211833000000000000e+06
1.123953000000000000e+06
9.771860000000000000e+05
8.844200000000000000e+05
8.523640000000000000e+05
8.095970000000000000e+05
8.202440000000000000e+05
8.141520000000000000e+05
1.074579000000000000e+06
1.095503000000000000e+06
9.930900000000000000e+05
1.048217000000000000e+06
2.301854000000000000e+06
1.274844000000000000e+06
1.116812000000000000e+06
1.067057000000000000e+06
1.062487000000000000e+06
9.472800000000000000e+05
9.379580000000000000e+05
9.164910000000000000e+05
1.005845000000000000e+06
1.090494000000000000e+06
1.014619000000000000e+06
9.552360000000000000e+05
2.179049000000000000e+06
1.070525000000000000e+06
9.490330000000000000e+05
5.331000000000000000e+04
8.489470000000000000e+05
8.434340000000000000e+05
8.235250000000000000e+05
7.710410000000000000e+05
6.936760000000000000e+05
7.685470000000000000e+05
8.633610000000000000e+05
7.175140000000000000e+05
1.858295000000000000e+06
7.387580000000000000e+05
6.574580000000000000e+05
6.196160000000000000e+05
5.451750000000000000e+05
5.032660000000000000e+05
4.530820000000000000e+05
4.636750000000000000e+05
4.601350000000000000e+05
4.862670000000000000e+05
4.903620000000000000e+05
4.062150000000000000e+05
1.605466000000000000e+06
4.786030000000000000e+05
4.066660000000000000e+05
4.322200000000000000e+05
3.758440000000000000e+05
3.540130000000000000e+05
3.644390000000000000e+05
3.314920000000000000e+05
3.762630000000000000e+05
2.757000000000000000e+04
3.950590000000000000e+05
4.780200000000000000e+05
1.696710000000000000e+06
6.017850000000000000e+05
5.660560000000000000e+05
5.298140000000000000e+05
4.943230000000000000e+05
4.813090000000000000e+05
4.765050000000000000e+05
4.713440000000000000e+05
5.667020000000000000e+05
8.340200000000000000e+05
8.012200000000000000e+05
8.467380000000000000e+05
2.080767000000000000e+06
1.019308000000000000e+06
9.003280000000000000e+05
8.835770000000000000e+05
8.770760000000000000e+05
8.129620000000000000e+05
7.992830000000000000e+05
7.909650000000000000e+05
8.463490000000000000e+05
1.276694000000000000e+06
1.423414000000000000e+06
1.196202000000000000e+06
2.563310000000000000e+06
1.508073000000000000e+06
1.384539000000000000e+06
4.812200000000000000e+04
1.353448000000000000e+06
1.291724000000000000e+06
1.323991000000000000e+06
1.254162000000000000e+06
1.160180000000000000e+06
1.446103000000000000e+06
1.568274000000000000e+06
1.547009000000000000e+06
2.626056000000000000e+06
1.447493000000000000e+06
1.297360000000000000e+06
1.177116000000000000e+06
1.098829000000000000e+06
1.131250000000000000e+06
