1.549529000000000000e+06
1.391894000000000000e+06
1.338137000000000000e+06
1.283523000000000000e+06
1.370168000000000000e+06
1.295215000000000000e+06
1.293104000000000000e+06
1.223013000000000000e+06
1.355907000000000000e+06
1.179311000000000000e+06
1.392325000000000000e+06
2.818693000000000000e+06
1.555250000000000000e+06
1.437563000000000000e+06
7.345100000000000000e+04
1.409081000000000000e+06
1.374709000000000000e+06
1.395650000000000000e+06
1.324499000000000000e+06
1.379642000000000000e+06
1.263904000000000000e+06
1.340713000000000000e+06
1.281261000000000000e+06
2.879501000000000000e+06
1.707547000000000000e+06
1.458612000000000000e+06
1.485815000000000000e+06
1.393870000000000000e+06
1.281162000000000000e+06
1.342555000000000000e+06
1.294581000000000000e+06
1.316565000000000000e+06
1.234350000000000000e+06
1.269939000000000000e+06
1.323853000000000000e+06
2.876502000000000000e+06
1.601130000000000000e+06
1.735421000000000000e+06
1.553732000000000000e+06
1.533471000000000000e+06
1.370635000000000000e+06
1.345018000000000000e+06
1.295878000000000000e+06
1.260394000000000000e+06
6.573300000000000000e+04
1.135189000000000000e+06
1.146486000000000000e+06
2.654568000000000000e+06
1.318939000000000000e+06
1.245071000000000000e+06
1.423900000000000000e+06
1.255508000000000000e+06
1.223292000000000000e+06
1.218507000000000000e+06
1.158686000000000000e+06
1.098512000000000000e+06
1.016200000000000000e+06
9.878270000000000000e+05
9.471900000000000000e+05
2.416259000000000000e+06
1.006275000000000000e+06
1.016791000000000000e+06
1.002154000000000000e+06
9.448060000000000000e+05
8.428820000000000000e+05
8.613040000000000000e+05
8.940000000000000000e+05
7.725080000000000000e+05
7.319230000000000000e+05
7.247410000000000000e+05
7.854560000000000000e+05
2.164884000000000000e+06
9.224920000000000000e+05
8.437300000000000000e+05
4.891400000000000000e+04
9.209710000000000000e+05
9.140570000000000000e+05
9.307920000000000000e+05
9.969190000000000000e+05
9.965410000000000000e+05
1.004143000000000000e+06
9.841430000000000000e+05
9.519780000000000000e+05
2.312093000000000000e+06
1.045940000000000000e+06
9.766150000000000000e+05
9.743450000000000000e+05
9.827460000000000000e+05
9.150560000000000000e+05
8.582880000000000000e+05
9.087320000000000000e+05
8.514030000000000000e+05
7.673160000000000000e+05
7.042940000000000000e+05
6.341200000000000000e+05
2.117116000000000000e+06
6.641560000000000000e+05
6.019260000000000000e+05
5.628940000000000000e+05
5.208800000000000000e+05
4.319810000000000000e+05
3.558340000000000000e+05
2.681830000000000000e+05
2.373490000000000000e+05
1.132500000000000000e+04
2.350030000000000000e+05
2.202300000000000000e+05
1.623056000000000000e+06
2.394900000000000000e+05
2.071390000000000000e+05
2.192810000000000000e+05
2.185380000000000000e+05
2.453820000000000000e+05
2.719130000000000000e+05
2.778090000000000000e+05
3.249530000000000000e+05
3.230460000000000000e+05
3.087200000000000000e+05
3.330980000000000000e+05
1.839218000000000000e+06
5.505630000000000000e+05
6.239210000000000000e+05
8.057000000000000000e+05
8.511450000000000000e+05
8.360470000000000000e+05
8.519040000000000000e+05
8.969600000000000000e+05
8.750570000000000000e+05
9.245380000000000000e+05
9.322700000000000000e+05
1.004253000000000000e+06
2.488988000000000000e+06
1.239026000000000000e+06
1.310837000000000000e+06
5.439500000000000000e+04
1.493084000000000000e+06
1.349921000000000000e+06
1.282258000000000000e+06
1.387351000000000000e+06
1.387770000000000000e+06
1.321557000000000000e+06
1.348508000000000000e+06
1.330166000000000000e+06
2.961567000000000000e+06
1.518494000000000000e+06
1.488087000000000000e+06
1.371242000000000000e+06
1.468087000000000000e+06
1.437645000000000000e+06
