1.617777000000000000e+06
1.414303000000000000e+06
1.381784000000000000e+06
1.447327000000000000e+06
1.401625000000000000e+06
1.373649000000000000e+06
1.455668000000000000e+06
1.463894000000000000e+06
1.486259000000000000e+06
1.476138000000000000e+06
1.385344000000000000e+06
2.962043000000000000e+06
1.576566000000000000e+06
1.454044000000000000e+06
8.987700000000000000e+04
1.354969000000000000e+06
1.317448000000000000e+06
1.265823000000000000e+06
1.182931000000000000e+06
1.188786000000000000e+06
9.854370000000000000e+05
1.001216000000000000e+06
8.864360000000000000e+05
2.476746000000000000e+06
8.988680000000000000e+05
8.781130000000000000e+05
8.682540000000000000e+05
8.248750000000000000e+05
7.678920000000000000e+05
8.153320000000000000e+05
8.486720000000000000e+05
8.666100000000000000e+05
8.493930000000000000e+05
1.035951000000000000e+06
1.048751000000000000e+06
2.657424000000000000e+06
1.241647000000000000e+06
1.101774000000000000e+06
1.057102000000000000e+06
9.780700000000000000e+05
1.014428000000000000e+06
9.932410000000000000e+05
1.076635000000000000e+06
1.079076000000000000e+06
6.646800000000000000e+04
1.140917000000000000e+06
1.216989000000000000e+06
2.894641000000000000e+06
1.436559000000000000e+06
1.268129000000000000e+06
1.222025000000000000e+06
1.144274000000000000e+06
1.158273000000000000e+06
1.169889000000000000e+06
1.190887000000000000e+06
1.222620000000000000e+06
1.258926000000000000e+06
1.244604000000000000e+06
1.262198000000000000e+06
2.903748000000000000e+06
1.467597000000000000e+06
1.268814000000000000e+06
1.212136000000000000e+06
1.258815000000000000e+06
1.251459000000000000e+06
1.337893000000000000e+06
1.289616000000000000e+06
1.269789000000000000e+06
1.311043000000000000e+06
1.330347000000000000e+06
1.318499000000000000e+06
2.934307000000000000e+06
1.433055000000000000e+06
1.202113000000000000e+06
6.958100000000000000e+04
1.205113000000000000e+06
1.128938000000000000e+06
1.105458000000000000e+06
1.114756000000000000e+06
1.093519000000000000e+06
1.048600000000000000e+06
1.061109000000000000e+06
9.190260000000000000e+05
2.587979000000000000e+06
9.944490000000000000e+05
8.909360000000000000e+05
8.320200000000000000e+05
7.968710000000000000e+05
7.247480000000000000e+05
7.101690000000000000e+05
6.986650000000000000e+05
6.822490000000000000e+05
5.679390000000000000e+05
5.561910000000000000e+05
4.915330000000000000e+05
2.181990000000000000e+06
6.157790000000000000e+05
4.399250000000000000e+05
4.567250000000000000e+05
4.071180000000000000e+05
3.647250000000000000e+05
3.514820000000000000e+05
3.337280000000000000e+05
3.129210000000000000e+05
1.395200000000000000e+04
2.886560000000000000e+05
2.635850000000000000e+05
1.882859000000000000e+06
3.454820000000000000e+05
2.476220000000000000e+05
2.419270000000000000e+05
2.578010000000000000e+05
2.416670000000000000e+05
2.426250000000000000e+05
2.540670000000000000e+05
2.547460000000000000e+05
2.906430000000000000e+05
3.036360000000000000e+05
3.571540000000000000e+05
1.944765000000000000e+06
4.979090000000000000e+05
4.340560000000000000e+05
4.091480000000000000e+05
3.970510000000000000e+05
4.256980000000000000e+05
4.707740000000000000e+05
5.318010000000000000e+05
5.158060000000000000e+05
5.707390000000000000e+05
5.378590000000000000e+05
6.143510000000000000e+05
2.477689000000000000e+06
1.018831000000000000e+06
1.013476000000000000e+06
1.500400000000000000e+04
9.636840000000000000e+05
1.026864000000000000e+06
1.183381000000000000e+06
1.280801000000000000e+06
1.529512000000000000e+06
1.483628000000000000e+06
1.471726000000000000e+06
1.470750000000000000e+06
3.378977000000000000e+06
1.870770000000000000e+06
1.637080000000000000e+06
1.541564000000000000e+06
1.480342000000000000e+06
1.433999000000000000e+06
