2.632900000000000000e+05
1.933700000000000000e+05
9.859100000000000000e+04
9.589500000000000000e+04
4.159200000000000000e+04
4.200400000000000000e+04
5.544300000000000000e+04
4.994900000000000000e+04
8.650300000000000000e+04
1.075930000000000000e+05
1.039130000000000000e+05
5.244130000000000000e+05
3.374770000000000000e+05
9.764700000000000000e+04
3.997000000000000000e+03
1.160700000000000000e+05
1.215300000000000000e+05
1.253770000000000000e+05
1.106270000000000000e+05
1.126350000000000000e+05
1.176970000000000000e+05
1.428450000000000000e+05
1.322140000000000000e+05
5.177600000000000000e+05
3.835850000000000000e+05
1.860920000000000000e+05
1.482390000000000000e+05
1.736870000000000000e+05
1.567550000000000000e+05
1.856420000000000000e+05
1.755540000000000000e+05
1.463630000000000000e+05
1.497170000000000000e+05
1.779340000000000000e+05
1.587570000000000000e+05
5.927570000000000000e+05
5.919310000000000000e+05
3.981410000000000000e+05
3.374260000000000000e+05
3.257750000000000000e+05
3.138070000000000000e+05
2.993770000000000000e+05
3.012010000000000000e+05
3.085980000000000000e+05
4.657000000000000000e+04
3.585310000000000000e+05
3.207390000000000000e+05
6.489340000000000000e+05
3.540700000000000000e+05
3.006420000000000000e+05
2.984620000000000000e+05
1.812650000000000000e+05
1.852610000000000000e+05
1.522080000000000000e+05
1.331360000000000000e+05
1.372690000000000000e+05
1.211170000000000000e+05
1.344300000000000000e+05
1.409730000000000000e+05
6.449320000000000000e+05
3.834700000000000000e+05
1.638890000000000000e+05
1.505940000000000000e+05
1.251890000000000000e+05
1.527080000000000000e+05
1.379050000000000000e+05
1.249160000000000000e+05
1.169060000000000000e+05
1.126120000000000000e+05
1.194890000000000000e+05
1.377990000000000000e+05
4.716880000000000000e+05
3.032840000000000000e+05
8.912900000000000000e+04
1.045100000000000000e+04
1.004620000000000000e+05
8.076800000000000000e+04
7.164300000000000000e+04
7.409100000000000000e+04
8.160800000000000000e+04
6.529800000000000000e+04
6.839900000000000000e+04
7.481000000000000000e+04
4.862720000000000000e+05
9.274400000000000000e+04
9.656900000000000000e+04
7.979600000000000000e+04
7.917800000000000000e+04
7.681600000000000000e+04
8.086100000000000000e+04
6.647700000000000000e+04
6.838700000000000000e+04
6.100900000000000000e+04
7.207000000000000000e+04
7.973500000000000000e+04
2.643530000000000000e+05
1.270570000000000000e+05
1.107800000000000000e+05
1.218610000000000000e+05
1.328250000000000000e+05
1.481620000000000000e+05
1.534160000000000000e+05
1.614240000000000000e+05
1.673600000000000000e+05
1.361300000000000000e+04
1.676900000000000000e+05
1.758390000000000000e+05
3.824730000000000000e+05
2.042100000000000000e+05
1.958280000000000000e+05
1.717090000000000000e+05
1.784380000000000000e+05
1.836170000000000000e+05
2.203090000000000000e+05
2.228740000000000000e+05
2.066370000000000000e+05
1.845540000000000000e+05
1.800810000000000000e+05
1.743720000000000000e+05
4.338530000000000000e+05
5.932900000000000000e+05
7.180050000000000000e+05
7.074920000000000000e+05
2.578770000000000000e+05
2.500800000000000000e+05
2.518890000000000000e+05
2.222250000000000000e+05
2.022550000000000000e+05
2.013290000000000000e+05
2.044420000000000000e+05
6.077210000000000000e+05
5.557870000000000000e+05
2.805390000000000000e+05
2.360980000000000000e+05
1.042100000000000000e+04
2.179460000000000000e+05
2.350400000000000000e+05
2.160220000000000000e+05
2.114240000000000000e+05
1.647680000000000000e+05
1.748870000000000000e+05
1.791720000000000000e+05
1.705120000000000000e+05
3.801020000000000000e+05
2.798560000000000000e+05
2.597590000000000000e+05
1.935820000000000000e+05
1.849440000000000000e+05
1.484410000000000000e+05
1.369640000000000000e+05
1.392280000000000000e+05
1.310010000000000000e+05
1.294090000000000000e+05
1.385280000000000000e+05
1.102990000000000000e+05
3.591920000000000000e+05
6.867270000000000000e+05
6.011600000000000000e+05
1.007090000000000000e+05
1.066760000000000000e+05
7.105700000000000000e+04
9.232600000000000000e+04
7.840100000000000000e+04
9.710700000000000000e+04
1.774100000000000000e+04
1.119850000000000000e+05
1.177660000000000000e+05
3.415190000000000000e+05
1.987460000000000000e+05
1.614470000000000000e+05
7.589700000000000000e+04
1.107870000000000000e+05
9.770900000000000000e+04
1.048070000000000000e+05
1.390560000000000000e+05
1.505800000000000000e+05
1.482960000000000000e+05
1.349800000000000000e+05
1.478760000000000000e+05
3.803680000000000000e+05
7.059780000000000000e+05
6.251350000000000000e+05
1.557310000000000000e+05
1.538090000000000000e+05
1.305540000000000000e+05
1.334600000000000000e+05
1.072100000000000000e+05
9.949000000000000000e+04
1.300920000000000000e+05
1.021690000000000000e+05
1.067010000000000000e+05
3.824060000000000000e+05
1.909780000000000000e+05
3.280790000000000000e+05
7.905000000000000000e+03
4.363980000000000000e+05
4.553140000000000000e+05
4.615230000000000000e+05
4.659170000000000000e+05
4.600790000000000000e+05
4.549440000000000000e+05
4.341740000000000000e+05
4.199560000000000000e+05
9.166490000000000000e+05
9.880010000000000000e+05
3.968740000000000000e+05
3.237780000000000000e+05
3.615140000000000000e+05
2.699180000000000000e+05
1.775770000000000000e+05
1.191690000000000000e+05
1.191980000000000000e+05
1.126130000000000000e+05
1.250700000000000000e+05
5.411590000000000000e+05
6.133470000000000000e+05
1.644360000000000000e+05
1.454860000000000000e+05
1.093380000000000000e+05
1.163150000000000000e+05
7.242200000000000000e+04
7.807400000000000000e+04
7.608900000000000000e+04
8.163700000000000000e+04
2.912500000000000000e+04
1.006690000000000000e+05
9.675300000000000000e+04
3.090810000000000000e+05
6.194410000000000000e+05
5.217730000000000000e+05
9.210600000000000000e+04
7.635300000000000000e+04
7.548400000000000000e+04
8.384700000000000000e+04
7.908000000000000000e+04
8.208400000000000000e+04
8.668900000000000000e+04
7.052800000000000000e+04
7.534900000000000000e+04
3.516460000000000000e+05
1.434590000000000000e+05
1.078740000000000000e+05
9.829300000000000000e+04
8.174200000000000000e+04
8.033800000000000000e+04
1.274470000000000000e+05
1.170050000000000000e+05
1.492870000000000000e+05
1.463660000000000000e+05
1.470580000000000000e+05
1.489440000000000000e+05
4.776610000000000000e+05
1.780850000000000000e+05
1.644020000000000000e+05
2.355300000000000000e+04
1.850620000000000000e+05
1.731080000000000000e+05
2.147850000000000000e+05
2.364270000000000000e+05
2.473950000000000000e+05
1.740960000000000000e+05
1.779740000000000000e+05
1.834080000000000000e+05
5.115840000000000000e+05
2.040580000000000000e+05
1.909490000000000000e+05
1.548030000000000000e+05
1.852690000000000000e+05
1.792680000000000000e+05
2.703920000000000000e+05
2.590850000000000000e+05
2.811610000000000000e+05
2.496110000000000000e+05
2.358750000000000000e+05
2.271910000000000000e+05
5.243540000000000000e+05
2.848080000000000000e+05
2.861630000000000000e+05
3.498990000000000000e+05
4.479910000000000000e+05
4.554900000000000000e+05
4.505710000000000000e+05
4.442460000000000000e+05
4.411980000000000000e+05
8.434000000000000000e+03
4.068230000000000000e+05
3.983220000000000000e+05
9.283780000000000000e+05
9.499570000000000000e+05
3.531680000000000000e+05
3.395800000000000000e+05
3.069800000000000000e+05
3.192850000000000000e+05
2.524550000000000000e+05
1.807010000000000000e+05
1.861460000000000000e+05
1.823620000000000000e+05
1.744270000000000000e+05
1.335740000000000000e+05
5.658870000000000000e+05
6.065190000000000000e+05
1.298040000000000000e+05
1.329920000000000000e+05
1.221920000000000000e+05
1.227530000000000000e+05
1.264990000000000000e+05
1.136860000000000000e+05
1.350660000000000000e+05
1.222530000000000000e+05
9.272900000000000000e+04
1.030470000000000000e+05
6.145990000000000000e+05
1.417430000000000000e+05
1.463610000000000000e+05
1.401800000000000000e+04
1.520030000000000000e+05
1.713830000000000000e+05
2.113850000000000000e+05
2.180980000000000000e+05
2.250750000000000000e+05
2.208200000000000000e+05
2.273490000000000000e+05
2.503670000000000000e+05
1.219189000000000000e+06
7.067900000000000000e+05
2.501680000000000000e+05
2.431800000000000000e+05
2.374220000000000000e+05
2.270860000000000000e+05
2.429420000000000000e+05
2.680860000000000000e+05
2.252030000000000000e+05
2.302650000000000000e+05
2.201860000000000000e+05
1.996800000000000000e+05
9.347910000000000000e+05
2.507620000000000000e+05
1.985550000000000000e+05
2.009880000000000000e+05
2.131730000000000000e+05
2.040420000000000000e+05
2.132120000000000000e+05
2.072690000000000000e+05
1.675920000000000000e+05
1.468000000000000000e+04
1.755080000000000000e+05
5.605300000000000000e+05
7.426140000000000000e+05
1.848730000000000000e+05
1.695090000000000000e+05
1.579510000000000000e+05
1.331000000000000000e+05
1.718000000000000000e+05
1.586720000000000000e+05
1.443400000000000000e+05
1.615550000000000000e+05
1.597940000000000000e+05
1.513390000000000000e+05
1.557120000000000000e+05
4.920290000000000000e+05
1.602590000000000000e+05
1.403090000000000000e+05
1.543210000000000000e+05
1.470020000000000000e+05
1.772610000000000000e+05
1.863120000000000000e+05
1.653740000000000000e+05
1.709150000000000000e+05
1.694190000000000000e+05
1.436550000000000000e+05
1.323320000000000000e+05
4.478060000000000000e+05
1.344440000000000000e+05
1.203720000000000000e+05
1.229300000000000000e+04
1.164940000000000000e+05
1.142970000000000000e+05
1.289250000000000000e+05
1.128370000000000000e+05
1.097590000000000000e+05
9.633600000000000000e+04
8.246100000000000000e+04
8.944300000000000000e+04
3.856490000000000000e+05
5.910770000000000000e+05
5.199410000000000000e+05
4.953800000000000000e+05
5.695300000000000000e+04
4.316500000000000000e+04
5.910100000000000000e+04
5.794900000000000000e+04
6.854200000000000000e+04
7.145600000000000000e+04
7.555900000000000000e+04
7.304500000000000000e+04
8.706520000000000000e+05
8.593800000000000000e+04
6.597000000000000000e+04
6.776200000000000000e+04
6.997000000000000000e+04
8.936600000000000000e+04
9.978800000000000000e+04
9.089100000000000000e+04
8.713600000000000000e+04
6.017000000000000000e+03
1.914660000000000000e+05
3.658880000000000000e+05
1.396521000000000000e+06
4.990900000000000000e+05
4.086520000000000000e+05
3.510880000000000000e+05
3.354340000000000000e+05
3.661070000000000000e+05
3.436250000000000000e+05
3.441170000000000000e+05
3.340980000000000000e+05
3.464190000000000000e+05
3.014540000000000000e+05
3.155580000000000000e+05
1.275515000000000000e+06
7.571970000000000000e+05
2.363540000000000000e+05
2.104000000000000000e+05
1.913100000000000000e+05
1.994640000000000000e+05
2.230770000000000000e+05
2.627570000000000000e+05
2.891340000000000000e+05
2.966460000000000000e+05
2.861800000000000000e+05
2.648870000000000000e+05
1.169785000000000000e+06
4.143890000000000000e+05
3.211720000000000000e+05
1.576300000000000000e+04
2.466760000000000000e+05
2.290550000000000000e+05
2.407490000000000000e+05
2.765630000000000000e+05
2.861580000000000000e+05
2.545870000000000000e+05
2.578600000000000000e+05
2.394120000000000000e+05
7.753780000000000000e+05
3.159650000000000000e+05
2.929390000000000000e+05
2.584890000000000000e+05
2.818060000000000000e+05
2.688420000000000000e+05
2.815770000000000000e+05
2.720620000000000000e+05
2.926100000000000000e+05
2.830340000000000000e+05
2.553390000000000000e+05
2.361900000000000000e+05
8.117700000000000000e+05
8.347030000000000000e+05
2.157090000000000000e+05
1.917060000000000000e+05
1.948410000000000000e+05
1.966150000000000000e+05
1.903690000000000000e+05
1.962150000000000000e+05
2.114700000000000000e+05
1.518400000000000000e+04
1.555670000000000000e+05
1.822180000000000000e+05
6.171280000000000000e+05
1.961620000000000000e+05
1.423390000000000000e+05
1.390410000000000000e+05
1.596090000000000000e+05
1.296140000000000000e+05
1.272340000000000000e+05
1.675120000000000000e+05
1.794060000000000000e+05
1.649190000000000000e+05
2.270100000000000000e+05
2.553410000000000000e+05
1.274134000000000000e+06
8.773490000000000000e+05
2.866440000000000000e+05
2.799500000000000000e+05
2.668220000000000000e+05
2.419080000000000000e+05
2.233210000000000000e+05
2.459120000000000000e+05
3.035370000000000000e+05
2.888880000000000000e+05
2.737370000000000000e+05
2.570670000000000000e+05
1.270950000000000000e+06
2.976360000000000000e+05
2.656050000000000000e+05
2.522800000000000000e+04
2.512430000000000000e+05
2.398940000000000000e+05
2.403540000000000000e+05
2.050600000000000000e+05
2.283770000000000000e+05
2.796460000000000000e+05
2.537280000000000000e+05
2.406810000000000000e+05
8.589690000000000000e+05
3.830930000000000000e+05
3.215100000000000000e+05
2.447000000000000000e+05
2.265010000000000000e+05
1.788830000000000000e+05
2.043320000000000000e+05
2.162870000000000000e+05
2.232650000000000000e+05
1.886500000000000000e+05
1.632750000000000000e+05
1.463160000000000000e+05
6.024910000000000000e+05
1.451230000000000000e+05
1.092530000000000000e+05
9.638400000000000000e+04
1.089450000000000000e+05
8.864100000000000000e+04
9.985800000000000000e+04
8.933300000000000000e+04
9.623500000000000000e+04
1.223000000000000000e+04
1.297710000000000000e+05
1.234800000000000000e+05
5.137500000000000000e+05
1.189350000000000000e+05
1.015880000000000000e+05
9.000400000000000000e+04
8.139400000000000000e+04
7.944900000000000000e+04
8.484700000000000000e+04
1.027140000000000000e+05
9.212400000000000000e+04
1.098110000000000000e+05
1.412410000000000000e+05
1.388080000000000000e+05
5.233010000000000000e+05
1.982970000000000000e+05
1.371010000000000000e+05
1.541150000000000000e+05
1.369500000000000000e+05
1.271100000000000000e+05
1.343140000000000000e+05
1.447600000000000000e+05
1.290200000000000000e+05
1.834340000000000000e+05
1.924350000000000000e+05
2.159750000000000000e+05
1.242273000000000000e+06
2.715140000000000000e+05
2.155550000000000000e+05
6.653000000000000000e+03
1.948830000000000000e+05
1.865210000000000000e+05
1.880050000000000000e+05
1.781820000000000000e+05
1.899440000000000000e+05
1.887050000000000000e+05
1.887300000000000000e+05
1.995600000000000000e+05
5.320460000000000000e+05
2.198970000000000000e+05
1.977740000000000000e+05
1.660330000000000000e+05
1.498580000000000000e+05
1.297250000000000000e+05
1.447920000000000000e+05
1.717430000000000000e+05
1.467220000000000000e+05
3.224480000000000000e+05
4.024930000000000000e+05
4.798530000000000000e+05
1.075513000000000000e+06
7.381460000000000000e+05
7.144350000000000000e+05
6.599300000000000000e+05
6.512380000000000000e+05
6.184810000000000000e+05
6.122580000000000000e+05
5.975850000000000000e+05
6.005150000000000000e+05
3.047200000000000000e+04
6.770820000000000000e+05
7.092870000000000000e+05
1.073801000000000000e+06
6.841220000000000000e+05
5.986340000000000000e+05
5.284440000000000000e+05
5.294890000000000000e+05
5.095190000000000000e+05
4.772630000000000000e+05
4.798190000000000000e+05
4.556350000000000000e+05
4.808270000000000000e+05
5.587230000000000000e+05
5.732360000000000000e+05
1.012081000000000000e+06
6.045140000000000000e+05
5.451960000000000000e+05
5.338110000000000000e+05
4.920000000000000000e+05
4.707140000000000000e+05
4.525580000000000000e+05
4.120400000000000000e+05
4.214030000000000000e+05
4.032430000000000000e+05
4.010460000000000000e+05
3.840620000000000000e+05
1.418653000000000000e+06
3.708040000000000000e+05
3.365260000000000000e+05
4.886900000000000000e+04
3.380090000000000000e+05
3.048070000000000000e+05
2.961550000000000000e+05
2.730450000000000000e+05
2.772220000000000000e+05
2.778930000000000000e+05
3.269390000000000000e+05
3.462740000000000000e+05
8.474300000000000000e+05
4.046290000000000000e+05
3.703030000000000000e+05
3.495730000000000000e+05
3.483900000000000000e+05
3.262910000000000000e+05
3.315260000000000000e+05
3.086170000000000000e+05
3.024310000000000000e+05
3.250850000000000000e+05
2.904540000000000000e+05
2.799320000000000000e+05
7.546040000000000000e+05
7.727630000000000000e+05
2.345960000000000000e+05
1.852760000000000000e+05
1.806540000000000000e+05
1.521670000000000000e+05
1.381260000000000000e+05
1.660700000000000000e+05
1.739630000000000000e+05
1.774100000000000000e+04
2.144830000000000000e+05
2.423870000000000000e+05
1.132385000000000000e+06
8.138730000000000000e+05
2.827770000000000000e+05
2.491470000000000000e+05
2.307570000000000000e+05
2.259880000000000000e+05
2.194770000000000000e+05
2.275810000000000000e+05
2.277460000000000000e+05
2.227500000000000000e+05
2.218000000000000000e+05
2.708120000000000000e+05
1.272739000000000000e+06
3.584670000000000000e+05
3.548590000000000000e+05
3.690610000000000000e+05
3.298950000000000000e+05
3.312420000000000000e+05
3.340650000000000000e+05
3.108270000000000000e+05
3.298600000000000000e+05
3.088700000000000000e+05
3.100050000000000000e+05
3.144260000000000000e+05
9.038590000000000000e+05
8.207810000000000000e+05
2.855090000000000000e+05
9.119000000000000000e+03
2.232110000000000000e+05
1.410850000000000000e+05
1.656220000000000000e+05
1.483730000000000000e+05
1.644110000000000000e+05
1.706950000000000000e+05
1.575860000000000000e+05
1.469090000000000000e+05
6.324170000000000000e+05
5.837880000000000000e+05
1.314160000000000000e+05
1.032520000000000000e+05
9.611100000000000000e+04
1.050830000000000000e+05
7.975000000000000000e+04
8.118800000000000000e+04
8.150800000000000000e+04
9.533700000000000000e+04
9.182300000000000000e+04
7.115300000000000000e+04
6.594090000000000000e+05
1.628280000000000000e+05
1.240350000000000000e+05
1.185900000000000000e+05
1.393950000000000000e+05
1.176700000000000000e+05
1.246650000000000000e+05
1.267860000000000000e+05
1.391300000000000000e+05
2.896700000000000000e+04
1.191330000000000000e+05
1.646870000000000000e+05
5.486580000000000000e+05
2.072580000000000000e+05
2.172040000000000000e+05
1.934380000000000000e+05
1.973490000000000000e+05
1.955690000000000000e+05
1.725820000000000000e+05
1.909620000000000000e+05
1.630410000000000000e+05
1.690970000000000000e+05
1.911730000000000000e+05
1.961110000000000000e+05
1.237674000000000000e+06
6.808600000000000000e+05
2.548740000000000000e+05
2.944210000000000000e+05
2.600300000000000000e+05
2.815110000000000000e+05
2.789530000000000000e+05
2.898510000000000000e+05
2.896550000000000000e+05
2.890300000000000000e+05
2.901880000000000000e+05
3.504250000000000000e+05
1.117031000000000000e+06
5.586200000000000000e+05
5.021430000000000000e+05
5.543500000000000000e+04
5.147920000000000000e+05
5.165070000000000000e+05
4.907890000000000000e+05
4.583290000000000000e+05
4.593900000000000000e+05
4.196030000000000000e+05
4.169570000000000000e+05
4.263290000000000000e+05
8.209840000000000000e+05
4.858820000000000000e+05
4.748690000000000000e+05
4.637170000000000000e+05
4.413210000000000000e+05
3.980360000000000000e+05
3.891700000000000000e+05
3.815180000000000000e+05
3.659930000000000000e+05
3.794980000000000000e+05
3.724010000000000000e+05
3.825900000000000000e+05
8.203690000000000000e+05
4.691470000000000000e+05
4.347350000000000000e+05
4.575020000000000000e+05
4.197930000000000000e+05
3.737140000000000000e+05
3.959720000000000000e+05
3.782140000000000000e+05
3.944930000000000000e+05
6.009700000000000000e+04
3.742810000000000000e+05
3.808570000000000000e+05
9.884870000000000000e+05
5.647760000000000000e+05
4.157080000000000000e+05
3.818990000000000000e+05
3.401440000000000000e+05
2.721620000000000000e+05
3.171040000000000000e+05
3.148250000000000000e+05
3.426390000000000000e+05
3.324700000000000000e+05
3.314540000000000000e+05
3.317530000000000000e+05
9.338200000000000000e+05
4.654980000000000000e+05
4.553470000000000000e+05
4.561320000000000000e+05
4.571810000000000000e+05
4.357530000000000000e+05
4.279420000000000000e+05
4.278890000000000000e+05
3.814330000000000000e+05
3.545280000000000000e+05
3.342810000000000000e+05
3.311940000000000000e+05
9.463350000000000000e+05
4.378630000000000000e+05
4.045560000000000000e+05
2.364700000000000000e+04
3.717990000000000000e+05
3.141520000000000000e+05
3.248950000000000000e+05
2.996330000000000000e+05
3.029490000000000000e+05
3.075580000000000000e+05
3.003300000000000000e+05
2.876570000000000000e+05
9.276050000000000000e+05
4.020400000000000000e+05
4.532510000000000000e+05
4.721370000000000000e+05
4.673340000000000000e+05
4.156910000000000000e+05
4.148010000000000000e+05
4.084930000000000000e+05
3.518670000000000000e+05
3.613040000000000000e+05
3.404850000000000000e+05
3.390810000000000000e+05
7.804310000000000000e+05
4.093100000000000000e+05
4.182620000000000000e+05
4.037220000000000000e+05
3.752030000000000000e+05
3.504100000000000000e+05
2.893000000000000000e+05
2.606440000000000000e+05
2.750680000000000000e+05
4.786500000000000000e+04
2.657240000000000000e+05
2.640210000000000000e+05
1.304409000000000000e+06
3.151410000000000000e+05
2.552980000000000000e+05
2.317550000000000000e+05
1.453670000000000000e+05
1.320860000000000000e+05
1.574690000000000000e+05
1.535530000000000000e+05
1.391290000000000000e+05
1.506110000000000000e+05
1.489570000000000000e+05
1.567400000000000000e+05
1.181822000000000000e+06
2.190150000000000000e+05
2.120090000000000000e+05
2.358370000000000000e+05
2.383900000000000000e+05
2.156420000000000000e+05
2.453480000000000000e+05
2.262190000000000000e+05
1.971920000000000000e+05
2.187800000000000000e+05
2.042500000000000000e+05
2.242090000000000000e+05
1.248020000000000000e+06
6.863740000000000000e+05
2.383690000000000000e+05
9.159000000000000000e+03
2.046640000000000000e+05
1.693140000000000000e+05
1.657430000000000000e+05
1.545460000000000000e+05
1.739350000000000000e+05
1.690160000000000000e+05
1.663810000000000000e+05
1.529810000000000000e+05
8.063020000000000000e+05
2.413760000000000000e+05
2.188580000000000000e+05
2.238870000000000000e+05
2.062670000000000000e+05
2.156220000000000000e+05
2.472380000000000000e+05
2.460500000000000000e+05
2.440350000000000000e+05
2.433720000000000000e+05
2.439790000000000000e+05
2.658680000000000000e+05
9.031210000000000000e+05
8.372420000000000000e+05
3.568840000000000000e+05
3.777190000000000000e+05
3.696790000000000000e+05
4.414820000000000000e+05
4.706960000000000000e+05
5.083320000000000000e+05
5.167940000000000000e+05
4.683400000000000000e+04
5.285210000000000000e+05
5.103100000000000000e+05
1.682231000000000000e+06
6.083040000000000000e+05
5.342100000000000000e+05
5.113980000000000000e+05
5.275530000000000000e+05
5.253880000000000000e+05
4.912010000000000000e+05
4.569000000000000000e+05
4.259810000000000000e+05
4.374100000000000000e+05
4.133180000000000000e+05
4.208710000000000000e+05
8.528020000000000000e+05
4.758660000000000000e+05
4.405420000000000000e+05
4.805080000000000000e+05
4.660130000000000000e+05
5.194160000000000000e+05
4.763500000000000000e+05
5.385950000000000000e+05
5.421400000000000000e+05
5.378670000000000000e+05
4.978060000000000000e+05
4.863220000000000000e+05
1.021752000000000000e+06
5.800680000000000000e+05
5.144730000000000000e+05
1.188800000000000000e+04
5.215230000000000000e+05
5.232840000000000000e+05
4.758700000000000000e+05
4.611250000000000000e+05
4.083010000000000000e+05
3.964210000000000000e+05
4.090190000000000000e+05
3.810790000000000000e+05
1.549673000000000000e+06
4.654330000000000000e+05
4.058460000000000000e+05
3.979920000000000000e+05
4.551520000000000000e+05
4.603170000000000000e+05
4.802740000000000000e+05
5.160850000000000000e+05
4.934570000000000000e+05
4.789520000000000000e+05
4.997580000000000000e+05
4.812810000000000000e+05
1.005825000000000000e+06
5.745660000000000000e+05
5.109820000000000000e+05
5.022520000000000000e+05
5.260960000000000000e+05
5.204240000000000000e+05
4.991850000000000000e+05
5.340950000000000000e+05
5.403400000000000000e+05
6.422000000000000000e+04
5.883290000000000000e+05
5.815840000000000000e+05
1.102770000000000000e+06
7.167900000000000000e+05
6.070710000000000000e+05
6.079510000000000000e+05
1.020050000000000000e+06
9.008870000000000000e+05
9.378430000000000000e+05
8.795390000000000000e+05
8.948980000000000000e+05
8.719280000000000000e+05
8.370250000000000000e+05
8.136290000000000000e+05
1.974605000000000000e+06
8.666580000000000000e+05
7.795630000000000000e+05
7.519210000000000000e+05
8.181890000000000000e+05
1.041917000000000000e+06
8.614540000000000000e+05
8.507290000000000000e+05
8.435650000000000000e+05
8.496870000000000000e+05
7.743330000000000000e+05
7.594880000000000000e+05
1.377766000000000000e+06
8.184080000000000000e+05
7.377960000000000000e+05
6.831300000000000000e+04
7.026140000000000000e+05
6.687790000000000000e+05
8.424400000000000000e+05
6.255990000000000000e+05
5.311770000000000000e+05
4.952570000000000000e+05
5.026400000000000000e+05
4.620660000000000000e+05
1.651469000000000000e+06
5.229920000000000000e+05
4.625280000000000000e+05
4.521760000000000000e+05
4.614130000000000000e+05
4.319760000000000000e+05
4.268640000000000000e+05
4.906370000000000000e+05
3.043610000000000000e+05
3.045730000000000000e+05
3.022950000000000000e+05
3.215650000000000000e+05
1.423287000000000000e+06
3.941800000000000000e+05
3.383120000000000000e+05
3.228400000000000000e+05
3.117930000000000000e+05
3.104480000000000000e+05
2.889650000000000000e+05
2.425090000000000000e+05
3.150800000000000000e+05
3.472700000000000000e+04
2.669990000000000000e+05
2.668630000000000000e+05
7.129840000000000000e+05
3.376300000000000000e+05
2.859510000000000000e+05
2.591470000000000000e+05
2.586380000000000000e+05
3.353690000000000000e+05
6.739410000000000000e+05
6.516580000000000000e+05
6.797530000000000000e+05
7.723680000000000000e+05
8.255360000000000000e+05
8.404700000000000000e+05
1.562945000000000000e+06
9.963240000000000000e+05
8.944600000000000000e+05
8.341340000000000000e+05
8.112600000000000000e+05
1.150679000000000000e+06
1.022226000000000000e+06
1.188626000000000000e+06
1.081190000000000000e+06
1.124985000000000000e+06
1.295898000000000000e+06
1.099234000000000000e+06
2.206109000000000000e+06
1.198757000000000000e+06
1.116510000000000000e+06
8.166200000000000000e+04
1.032305000000000000e+06
1.017140000000000000e+06
1.065865000000000000e+06
1.058416000000000000e+06
8.552300000000000000e+05
8.356710000000000000e+05
7.921800000000000000e+05
7.515430000000000000e+05
1.777997000000000000e+06
7.081700000000000000e+05
6.335080000000000000e+05
6.177450000000000000e+05
6.272840000000000000e+05
7.089330000000000000e+05
6.834400000000000000e+05
7.013970000000000000e+05
7.186720000000000000e+05
7.052860000000000000e+05
7.559250000000000000e+05
7.653810000000000000e+05
1.370766000000000000e+06
8.707340000000000000e+05
7.981630000000000000e+05
7.680540000000000000e+05
7.209570000000000000e+05
6.941520000000000000e+05
7.760510000000000000e+05
7.820420000000000000e+05
7.626490000000000000e+05
8.269500000000000000e+04
8.270720000000000000e+05
8.493200000000000000e+05
1.469285000000000000e+06
9.434790000000000000e+05
7.752750000000000000e+05
7.544320000000000000e+05
7.260920000000000000e+05
7.061730000000000000e+05
7.425220000000000000e+05
6.662970000000000000e+05
7.273040000000000000e+05
6.081230000000000000e+05
6.292720000000000000e+05
6.525990000000000000e+05
1.333644000000000000e+06
7.553570000000000000e+05
6.841950000000000000e+05
6.553840000000000000e+05
6.542400000000000000e+05
6.315140000000000000e+05
6.796470000000000000e+05
9.720630000000000000e+05
9.058270000000000000e+05
9.157380000000000000e+05
9.024300000000000000e+05
8.733640000000000000e+05
2.007053000000000000e+06
9.689000000000000000e+05
8.155170000000000000e+05
1.198780000000000000e+05
7.940390000000000000e+05
7.677600000000000000e+05
6.927460000000000000e+05
6.699640000000000000e+05
6.501530000000000000e+05
5.816950000000000000e+05
4.168220000000000000e+05
5.155340000000000000e+05
1.708825000000000000e+06
7.540880000000000000e+05
7.061770000000000000e+05
6.556070000000000000e+05
6.394540000000000000e+05
6.159190000000000000e+05
6.803190000000000000e+05
6.792140000000000000e+05
6.965710000000000000e+05
7.095630000000000000e+05
7.377030000000000000e+05
6.708350000000000000e+05
1.254156000000000000e+06
6.398060000000000000e+05
5.897700000000000000e+05
5.399230000000000000e+05
5.302340000000000000e+05
5.093670000000000000e+05
5.088110000000000000e+05
9.689780000000000000e+05
1.106086000000000000e+06
2.447600000000000000e+04
1.088721000000000000e+06
1.054435000000000000e+06
1.938970000000000000e+06
1.151237000000000000e+06
1.049514000000000000e+06
9.809690000000000000e+05
9.815100000000000000e+05
9.019320000000000000e+05
9.078970000000000000e+05
8.385260000000000000e+05
8.293720000000000000e+05
8.610640000000000000e+05
6.485120000000000000e+05
3.718570000000000000e+05
1.251344000000000000e+06
4.135310000000000000e+05
3.369650000000000000e+05
3.090140000000000000e+05
3.125280000000000000e+05
2.964170000000000000e+05
3.066010000000000000e+05
3.142390000000000000e+05
2.570900000000000000e+05
3.101260000000000000e+05
5.068420000000000000e+05
4.806080000000000000e+05
1.261826000000000000e+06
6.630620000000000000e+05
5.775070000000000000e+05
1.850700000000000000e+04
5.645240000000000000e+05
5.429660000000000000e+05
5.335870000000000000e+05
5.125340000000000000e+05
4.666200000000000000e+05
4.765350000000000000e+05
4.545130000000000000e+05
4.212410000000000000e+05
1.549670000000000000e+06
2.278230000000000000e+05
2.161610000000000000e+05
1.974680000000000000e+05
1.919420000000000000e+05
1.653970000000000000e+05
1.996820000000000000e+05
1.922690000000000000e+05
3.141490000000000000e+05
1.081818000000000000e+06
1.531568000000000000e+06
1.296910000000000000e+06
2.562083000000000000e+06
1.583389000000000000e+06
1.424081000000000000e+06
1.342513000000000000e+06
1.255961000000000000e+06
1.195285000000000000e+06
1.166185000000000000e+06
1.341942000000000000e+06
1.569470000000000000e+06
2.188600000000000000e+04
1.572889000000000000e+06
1.758084000000000000e+06
2.470766000000000000e+06
1.743285000000000000e+06
1.567351000000000000e+06
1.538326000000000000e+06
1.482775000000000000e+06
1.353832000000000000e+06
1.343327000000000000e+06
1.260946000000000000e+06
1.269216000000000000e+06
1.506537000000000000e+06
1.435619000000000000e+06
1.447488000000000000e+06
2.315453000000000000e+06
1.684105000000000000e+06
1.556243000000000000e+06
1.504991000000000000e+06
1.402355000000000000e+06
1.357828000000000000e+06
1.290128000000000000e+06
1.296344000000000000e+06
1.283156000000000000e+06
1.291282000000000000e+06
1.423884000000000000e+06
1.731811000000000000e+06
2.645335000000000000e+06
2.067486000000000000e+06
1.925532000000000000e+06
7.151000000000000000e+04
1.768320000000000000e+06
1.744543000000000000e+06
1.660440000000000000e+06
1.579172000000000000e+06
1.542649000000000000e+06
1.484704000000000000e+06
1.557215000000000000e+06
1.926257000000000000e+06
2.959870000000000000e+06
2.253804000000000000e+06
2.133794000000000000e+06
2.028944000000000000e+06
1.959850000000000000e+06
1.829907000000000000e+06
1.739293000000000000e+06
1.676158000000000000e+06
1.589091000000000000e+06
1.523272000000000000e+06
1.597066000000000000e+06
1.782662000000000000e+06
2.585269000000000000e+06
1.583229000000000000e+06
1.378574000000000000e+06
1.273369000000000000e+06
1.208461000000000000e+06
1.125990000000000000e+06
1.060222000000000000e+06
1.043166000000000000e+06
9.869270000000000000e+05
3.999900000000000000e+04
1.367480000000000000e+06
1.296391000000000000e+06
2.224525000000000000e+06
1.519864000000000000e+06
1.608746000000000000e+06
1.511713000000000000e+06
1.492358000000000000e+06
1.411413000000000000e+06
1.403493000000000000e+06
1.353587000000000000e+06
1.335499000000000000e+06
1.295076000000000000e+06
1.374672000000000000e+06
1.453115000000000000e+06
2.271256000000000000e+06
1.735399000000000000e+06
1.437880000000000000e+06
1.459729000000000000e+06
1.275580000000000000e+06
1.236424000000000000e+06
1.209457000000000000e+06
1.145260000000000000e+06
1.120132000000000000e+06
1.173200000000000000e+06
1.370108000000000000e+06
1.267000000000000000e+06
2.049243000000000000e+06
1.517015000000000000e+06
1.345645000000000000e+06
2.926700000000000000e+04
1.177678000000000000e+06
1.120656000000000000e+06
1.116845000000000000e+06
1.039423000000000000e+06
9.879400000000000000e+05
9.985820000000000000e+05
9.792080000000000000e+05
1.086437000000000000e+06
1.916552000000000000e+06
1.058200000000000000e+06
1.064683000000000000e+06
1.046010000000000000e+06
9.111600000000000000e+05
8.682260000000000000e+05
8.239670000000000000e+05
7.873580000000000000e+05
7.709670000000000000e+05
7.381030000000000000e+05
7.315080000000000000e+05
6.669200000000000000e+05
1.310959000000000000e+06
4.510300000000000000e+05
5.174310000000000000e+05
5.359660000000000000e+05
4.686280000000000000e+05
4.606680000000000000e+05
4.382470000000000000e+05
4.264790000000000000e+05
4.199010000000000000e+05
3.592400000000000000e+04
5.062920000000000000e+05
5.193470000000000000e+05
1.841626000000000000e+06
8.766880000000000000e+05
9.094990000000000000e+05
9.271440000000000000e+05
9.122350000000000000e+05
9.675680000000000000e+05
9.082880000000000000e+05
8.873610000000000000e+05
8.564110000000000000e+05
8.305320000000000000e+05
8.332070000000000000e+05
1.422148000000000000e+06
2.623741000000000000e+06
1.434312000000000000e+06
1.690192000000000000e+06
1.710310000000000000e+06
1.692269000000000000e+06
1.724441000000000000e+06
1.686481000000000000e+06
1.642296000000000000e+06
1.572374000000000000e+06
1.560085000000000000e+06
1.515599000000000000e+06
1.965599000000000000e+06
2.923833000000000000e+06
1.992146000000000000e+06
1.856586000000000000e+06
4.313100000000000000e+04
1.845496000000000000e+06
1.654850000000000000e+06
1.615320000000000000e+06
1.521651000000000000e+06
1.502809000000000000e+06
1.406280000000000000e+06
1.385880000000000000e+06
1.269330000000000000e+06
2.384388000000000000e+06
1.621218000000000000e+06
1.266790000000000000e+06
1.248790000000000000e+06
1.430239000000000000e+06
1.107819000000000000e+06
1.078195000000000000e+06
1.054987000000000000e+06
1.032789000000000000e+06
1.030734000000000000e+06
9.921980000000000000e+05
1.319503000000000000e+06
2.407451000000000000e+06
1.563808000000000000e+06
1.502692000000000000e+06
1.409179000000000000e+06
1.432160000000000000e+06
1.469401000000000000e+06
1.375353000000000000e+06
1.345009000000000000e+06
1.305812000000000000e+06
2.803200000000000000e+04
1.242226000000000000e+06
1.216004000000000000e+06
2.138440000000000000e+06
1.304303000000000000e+06
9.641520000000000000e+05
9.964980000000000000e+05
1.298161000000000000e+06
1.187000000000000000e+06
1.167345000000000000e+06
1.202581000000000000e+06
1.121665000000000000e+06
1.077686000000000000e+06
1.076499000000000000e+06
1.099206000000000000e+06
2.185057000000000000e+06
1.334042000000000000e+06
1.201194000000000000e+06
1.170021000000000000e+06
1.130627000000000000e+06
1.332949000000000000e+06
9.770210000000000000e+05
1.028251000000000000e+06
9.142050000000000000e+05
8.975520000000000000e+05
8.577540000000000000e+05
9.185110000000000000e+05
2.061904000000000000e+06
1.204895000000000000e+06
1.064335000000000000e+06
2.444100000000000000e+04
1.010242000000000000e+06
9.554650000000000000e+05
1.006475000000000000e+06
9.486280000000000000e+05
9.215430000000000000e+05
8.892730000000000000e+05
8.315830000000000000e+05
8.730980000000000000e+05
2.217734000000000000e+06
1.494009000000000000e+06
1.411178000000000000e+06
1.280516000000000000e+06
1.166592000000000000e+06
1.192696000000000000e+06
1.161617000000000000e+06
1.142856000000000000e+06
1.020157000000000000e+06
1.020900000000000000e+06
9.781860000000000000e+05
9.490110000000000000e+05
1.972226000000000000e+06
9.938060000000000000e+05
9.192430000000000000e+05
8.005150000000000000e+05
8.109620000000000000e+05
8.076060000000000000e+05
7.517740000000000000e+05
7.135070000000000000e+05
7.153350000000000000e+05
3.213400000000000000e+04
6.509070000000000000e+05
6.758420000000000000e+05
1.516151000000000000e+06
7.112130000000000000e+05
7.513910000000000000e+05
7.449330000000000000e+05
7.842840000000000000e+05
7.612740000000000000e+05
7.570210000000000000e+05
7.111270000000000000e+05
6.576200000000000000e+05
6.364470000000000000e+05
5.912090000000000000e+05
5.616590000000000000e+05
1.527937000000000000e+06
6.292500000000000000e+05
6.205120000000000000e+05
6.236050000000000000e+05
5.849030000000000000e+05
5.071070000000000000e+05
4.925170000000000000e+05
4.546360000000000000e+05
4.624810000000000000e+05
4.192510000000000000e+05
4.348710000000000000e+05
4.515330000000000000e+05
1.445609000000000000e+06
5.647100000000000000e+05
6.443490000000000000e+05
2.387600000000000000e+04
7.769640000000000000e+05
9.007630000000000000e+05
9.866830000000000000e+05
9.720070000000000000e+05
1.029504000000000000e+06
1.035002000000000000e+06
1.013028000000000000e+06
1.017267000000000000e+06
2.031279000000000000e+06
1.184445000000000000e+06
1.172648000000000000e+06
1.580793000000000000e+06
1.544049000000000000e+06
1.685684000000000000e+06
1.937312000000000000e+06
1.910228000000000000e+06
1.948087000000000000e+06
1.912734000000000000e+06
1.836607000000000000e+06
1.777731000000000000e+06
2.730642000000000000e+06
1.936433000000000000e+06
1.820644000000000000e+06
1.939344000000000000e+06
2.005162000000000000e+06
1.878945000000000000e+06
1.775748000000000000e+06
1.795363000000000000e+06
1.695101000000000000e+06
5.654200000000000000e+04
1.669481000000000000e+06
1.659913000000000000e+06
2.702697000000000000e+06
1.719672000000000000e+06
1.596436000000000000e+06
1.894869000000000000e+06
1.798035000000000000e+06
1.799917000000000000e+06
1.821568000000000000e+06
1.921414000000000000e+06
1.630985000000000000e+06
1.611152000000000000e+06
1.567233000000000000e+06
1.528033000000000000e+06
2.625910000000000000e+06
1.570657000000000000e+06
1.642024000000000000e+06
1.553552000000000000e+06
1.546921000000000000e+06
1.484375000000000000e+06
1.400563000000000000e+06
1.331554000000000000e+06
1.260696000000000000e+06
1.211410000000000000e+06
1.158547000000000000e+06
1.164013000000000000e+06
2.190692000000000000e+06
1.199431000000000000e+06
1.463787000000000000e+06
1.072650000000000000e+05
1.380488000000000000e+06
1.774764000000000000e+06
1.714899000000000000e+06
1.732596000000000000e+06
1.648763000000000000e+06
1.602209000000000000e+06
1.548229000000000000e+06
1.466567000000000000e+06
2.635804000000000000e+06
1.544360000000000000e+06
1.488700000000000000e+06
1.620615000000000000e+06
1.614944000000000000e+06
1.674809000000000000e+06
1.776442000000000000e+06
1.556369000000000000e+06
1.458721000000000000e+06
1.394421000000000000e+06
1.293706000000000000e+06
1.277550000000000000e+06
2.293496000000000000e+06
1.269000000000000000e+06
1.249062000000000000e+06
1.800411000000000000e+06
1.771952000000000000e+06
1.479060000000000000e+06
1.472944000000000000e+06
1.422626000000000000e+06
1.392274000000000000e+06
7.802300000000000000e+04
1.373012000000000000e+06
1.334015000000000000e+06
2.478379000000000000e+06
1.424469000000000000e+06
1.312015000000000000e+06
1.243012000000000000e+06
1.314326000000000000e+06
1.447634000000000000e+06
1.232594000000000000e+06
1.180046000000000000e+06
1.139894000000000000e+06
1.156262000000000000e+06
1.091617000000000000e+06
1.076971000000000000e+06
2.271870000000000000e+06
1.145847000000000000e+06
1.100247000000000000e+06
1.070518000000000000e+06
1.237687000000000000e+06
1.369389000000000000e+06
1.328507000000000000e+06
1.138422000000000000e+06
1.085426000000000000e+06
1.097944000000000000e+06
9.628870000000000000e+05
9.507270000000000000e+05
2.166182000000000000e+06
1.026812000000000000e+06
9.252440000000000000e+05
5.586700000000000000e+04
9.689030000000000000e+05
1.249526000000000000e+06
1.210783000000000000e+06
1.202782000000000000e+06
1.135396000000000000e+06
1.048095000000000000e+06
1.037669000000000000e+06
9.585650000000000000e+05
2.093569000000000000e+06
1.055183000000000000e+06
9.405580000000000000e+05
8.791780000000000000e+05
9.416990000000000000e+05
9.357580000000000000e+05
9.886810000000000000e+05
7.703590000000000000e+05
6.496180000000000000e+05
6.906830000000000000e+05
6.359310000000000000e+05
6.149860000000000000e+05
1.837383000000000000e+06
7.345830000000000000e+05
5.972910000000000000e+05
5.921280000000000000e+05
6.452760000000000000e+05
7.118850000000000000e+05
7.331540000000000000e+05
7.560760000000000000e+05
7.093900000000000000e+05
2.047500000000000000e+04
7.618180000000000000e+05
8.034120000000000000e+05
2.026752000000000000e+06
9.342260000000000000e+05
8.796630000000000000e+05
8.059910000000000000e+05
8.169190000000000000e+05
9.159030000000000000e+05
9.749390000000000000e+05
1.055326000000000000e+06
1.100038000000000000e+06
1.157287000000000000e+06
1.128320000000000000e+06
1.153784000000000000e+06
2.301409000000000000e+06
1.248563000000000000e+06
1.116998000000000000e+06
1.170635000000000000e+06
1.094595000000000000e+06
1.258178000000000000e+06
1.564110000000000000e+06
1.456309000000000000e+06
1.435571000000000000e+06
1.420830000000000000e+06
1.296768000000000000e+06
1.365987000000000000e+06
2.479567000000000000e+06
1.385248000000000000e+06
1.345523000000000000e+06
7.361500000000000000e+04
1.388151000000000000e+06
1.455169000000000000e+06
1.773161000000000000e+06
1.542180000000000000e+06
1.528899000000000000e+06
1.535596000000000000e+06
1.564975000000000000e+06
1.570587000000000000e+06
2.701367000000000000e+06
1.594324000000000000e+06
1.440086000000000000e+06
1.366581000000000000e+06
1.296839000000000000e+06
1.295569000000000000e+06
1.282671000000000000e+06
1.464362000000000000e+06
1.305241000000000000e+06
1.186753000000000000e+06
1.234581000000000000e+06
1.153492000000000000e+06
2.400304000000000000e+06
1.250669000000000000e+06
1.129151000000000000e+06
1.132314000000000000e+06
9.855090000000000000e+05
1.003090000000000000e+06
9.428970000000000000e+05
9.358760000000000000e+05
9.914680000000000000e+05
2.443200000000000000e+04
9.311070000000000000e+05
1.036758000000000000e+06
2.215830000000000000e+06
1.101172000000000000e+06
9.914020000000000000e+05
8.686380000000000000e+05
8.500660000000000000e+05
8.179420000000000000e+05
7.973020000000000000e+05
9.185160000000000000e+05
9.478830000000000000e+05
1.040092000000000000e+06
9.941580000000000000e+05
1.062896000000000000e+06
2.215315000000000000e+06
1.121712000000000000e+06
9.913560000000000000e+05
9.578280000000000000e+05
9.061300000000000000e+05
1.072555000000000000e+06
1.076159000000000000e+06
1.095255000000000000e+06
1.145359000000000000e+06
1.035578000000000000e+06
1.025601000000000000e+06
8.669770000000000000e+05
2.033260000000000000e+06
9.399680000000000000e+05
8.005420000000000000e+05
1.499100000000000000e+04
7.236910000000000000e+05
7.145250000000000000e+05
7.054410000000000000e+05
7.180130000000000000e+05
5.403140000000000000e+05
5.628520000000000000e+05
7.131440000000000000e+05
7.025450000000000000e+05
1.972137000000000000e+06
8.645810000000000000e+05
8.068440000000000000e+05
7.337050000000000000e+05
7.282360000000000000e+05
9.555060000000000000e+05
9.524260000000000000e+05
9.883570000000000000e+05
9.912510000000000000e+05
9.578820000000000000e+05
1.008244000000000000e+06
9.966050000000000000e+05
2.209123000000000000e+06
1.040109000000000000e+06
9.210800000000000000e+05
8.421040000000000000e+05
7.997230000000000000e+05
8.443800000000000000e+05
7.870030000000000000e+05
7.873600000000000000e+05
7.865840000000000000e+05
2.640900000000000000e+04
7.860140000000000000e+05
7.319800000000000000e+05
1.956505000000000000e+06
7.749590000000000000e+05
7.004210000000000000e+05
6.488660000000000000e+05
5.865550000000000000e+05
5.769850000000000000e+05
5.743150000000000000e+05
5.587230000000000000e+05
5.080940000000000000e+05
4.656910000000000000e+05
3.869950000000000000e+05
3.633500000000000000e+05
1.611790000000000000e+06
3.682530000000000000e+05
3.149870000000000000e+05
2.940790000000000000e+05
3.259990000000000000e+05
3.008050000000000000e+05
2.695990000000000000e+05
2.852820000000000000e+05
2.858020000000000000e+05
2.555440000000000000e+05
2.733810000000000000e+05
3.005310000000000000e+05
1.586259000000000000e+06
4.400840000000000000e+05
3.749380000000000000e+05
2.972100000000000000e+04
3.361530000000000000e+05
3.632790000000000000e+05
3.604660000000000000e+05
3.856570000000000000e+05
4.276040000000000000e+05
4.368000000000000000e+05
4.811660000000000000e+05
5.334870000000000000e+05
1.744174000000000000e+06
6.326580000000000000e+05
5.725800000000000000e+05
5.284430000000000000e+05
5.322640000000000000e+05
5.012900000000000000e+05
5.706150000000000000e+05
8.046430000000000000e+05
8.221170000000000000e+05
8.035960000000000000e+05
8.244580000000000000e+05
8.625130000000000000e+05
2.115090000000000000e+06
1.020103000000000000e+06
8.970010000000000000e+05
8.550130000000000000e+05
8.397590000000000000e+05
1.176589000000000000e+06
1.519698000000000000e+06
1.515786000000000000e+06
1.399488000000000000e+06
4.055900000000000000e+04
1.396063000000000000e+06
1.413168000000000000e+06
2.685484000000000000e+06
1.546817000000000000e+06
1.448189000000000000e+06
1.348935000000000000e+06
1.303723000000000000e+06
1.258732000000000000e+06
1.263164000000000000e+06
1.482143000000000000e+06
1.423952000000000000e+06
1.355820000000000000e+06
1.381676000000000000e+06
1.459829000000000000e+06
2.662808000000000000e+06
1.579059000000000000e+06
1.388367000000000000e+06
1.387577000000000000e+06
1.249913000000000000e+06
1.282211000000000000e+06
1.205711000000000000e+06
1.278887000000000000e+06
1.487387000000000000e+06
1.411035000000000000e+06
1.179224000000000000e+06
1.227683000000000000e+06
2.468336000000000000e+06
1.244031000000000000e+06
1.138055000000000000e+06
1.535100000000000000e+04
1.115924000000000000e+06
1.024006000000000000e+06
1.039741000000000000e+06
1.013458000000000000e+06
1.258252000000000000e+06
1.299506000000000000e+06
1.303110000000000000e+06
1.161508000000000000e+06
2.579175000000000000e+06
1.375129000000000000e+06
1.222016000000000000e+06
1.209976000000000000e+06
1.050502000000000000e+06
1.030697000000000000e+06
1.031521000000000000e+06
9.120800000000000000e+05
1.032343000000000000e+06
1.175434000000000000e+06
1.042346000000000000e+06
1.006254000000000000e+06
2.398263000000000000e+06
1.248577000000000000e+06
1.138804000000000000e+06
1.033981000000000000e+06
1.015275000000000000e+06
9.874970000000000000e+05
1.027238000000000000e+06
1.100011000000000000e+06
1.087256000000000000e+06
5.562900000000000000e+04
1.188756000000000000e+06
1.123961000000000000e+06
2.362574000000000000e+06
1.160354000000000000e+06
1.007180000000000000e+06
9.098030000000000000e+05
8.806810000000000000e+05
8.370150000000000000e+05
8.465470000000000000e+05
8.395150000000000000e+05
1.102398000000000000e+06
1.126804000000000000e+06
1.022026000000000000e+06
1.081913000000000000e+06
2.448448000000000000e+06
1.313882000000000000e+06
1.150112000000000000e+06
1.101198000000000000e+06
1.096996000000000000e+06
9.797270000000000000e+05
9.711780000000000000e+05
9.474130000000000000e+05
1.035236000000000000e+06
1.126697000000000000e+06
1.051365000000000000e+06
9.904060000000000000e+05
2.342240000000000000e+06
1.109013000000000000e+06
9.841550000000000000e+05
5.548900000000000000e+04
8.814600000000000000e+05
8.741610000000000000e+05
8.527250000000000000e+05
7.990210000000000000e+05
7.197180000000000000e+05
8.008990000000000000e+05
8.911110000000000000e+05
7.492050000000000000e+05
1.993268000000000000e+06
7.696080000000000000e+05
6.808600000000000000e+05
6.463190000000000000e+05
5.667170000000000000e+05
5.238820000000000000e+05
4.728930000000000000e+05
4.818950000000000000e+05
4.782090000000000000e+05
5.065170000000000000e+05
5.112680000000000000e+05
4.235510000000000000e+05
1.738173000000000000e+06
5.065600000000000000e+05
4.276880000000000000e+05
4.519680000000000000e+05
3.962710000000000000e+05
3.725820000000000000e+05
3.844130000000000000e+05
3.500910000000000000e+05
3.961850000000000000e+05
2.817000000000000000e+04
4.109000000000000000e+05
4.966310000000000000e+05
1.820512000000000000e+06
6.283130000000000000e+05
5.904280000000000000e+05
5.537390000000000000e+05
5.193930000000000000e+05
5.035030000000000000e+05
4.985620000000000000e+05
4.950180000000000000e+05
5.932100000000000000e+05
8.569030000000000000e+05
8.318930000000000000e+05
8.773790000000000000e+05
2.215726000000000000e+06
1.051843000000000000e+06
9.292450000000000000e+05
9.159570000000000000e+05
9.096590000000000000e+05
8.429660000000000000e+05
8.281850000000000000e+05
8.203430000000000000e+05
8.754990000000000000e+05
1.310611000000000000e+06
1.461377000000000000e+06
1.234275000000000000e+06
2.713408000000000000e+06
1.552428000000000000e+06
1.424966000000000000e+06
4.930000000000000000e+04
1.394648000000000000e+06
1.330888000000000000e+06
1.368548000000000000e+06
1.295378000000000000e+06
1.199237000000000000e+06
1.487096000000000000e+06
1.606466000000000000e+06
1.586036000000000000e+06
2.769213000000000000e+06
1.491600000000000000e+06
1.337587000000000000e+06
1.214650000000000000e+06
1.132603000000000000e+06
1.167005000000000000e+06
1.123800000000000000e+06
1.014967000000000000e+06
9.417260000000000000e+05
9.999400000000000000e+05
1.110072000000000000e+06
1.002589000000000000e+06
2.266024000000000000e+06
9.037870000000000000e+05
8.195560000000000000e+05
7.154230000000000000e+05
7.470890000000000000e+05
6.909360000000000000e+05
6.696760000000000000e+05
6.157410000000000000e+05
6.768090000000000000e+05
3.834100000000000000e+04
6.723670000000000000e+05
7.609340000000000000e+05
2.196663000000000000e+06
1.043940000000000000e+06
1.047788000000000000e+06
1.050424000000000000e+06
1.127464000000000000e+06
1.071267000000000000e+06
1.061232000000000000e+06
9.938610000000000000e+05
9.241000000000000000e+05
9.441210000000000000e+05
9.037890000000000000e+05
8.659490000000000000e+05
2.357542000000000000e+06
9.961970000000000000e+05
8.983050000000000000e+05
8.858120000000000000e+05
7.414040000000000000e+05
7.481140000000000000e+05
7.291680000000000000e+05
7.128530000000000000e+05
7.055760000000000000e+05
7.026850000000000000e+05
9.363100000000000000e+05
8.888520000000000000e+05
2.291135000000000000e+06
1.021877000000000000e+06
8.647480000000000000e+05
6.661100000000000000e+04
8.778410000000000000e+05
8.026940000000000000e+05
6.409060000000000000e+05
5.550380000000000000e+05
5.467990000000000000e+05
5.337980000000000000e+05
6.642020000000000000e+05
1.109504000000000000e+06
2.361375000000000000e+06
1.266844000000000000e+06
1.269024000000000000e+06
1.262093000000000000e+06
1.247534000000000000e+06
1.166145000000000000e+06
1.152834000000000000e+06
1.108444000000000000e+06
1.132416000000000000e+06
1.091071000000000000e+06
1.094967000000000000e+06
1.188807000000000000e+06
2.727407000000000000e+06
1.233567000000000000e+06
1.200853000000000000e+06
1.171742000000000000e+06
1.046805000000000000e+06
1.025542000000000000e+06
9.992410000000000000e+05
9.080650000000000000e+05
8.780000000000000000e+05
4.881600000000000000e+04
7.993180000000000000e+05
8.013210000000000000e+05
2.357505000000000000e+06
9.760040000000000000e+05
9.650400000000000000e+05
9.847930000000000000e+05
1.028508000000000000e+06
9.856270000000000000e+05
1.013410000000000000e+06
9.190790000000000000e+05
8.889520000000000000e+05
8.428200000000000000e+05
8.480170000000000000e+05
7.970020000000000000e+05
2.210141000000000000e+06
8.093940000000000000e+05
7.887470000000000000e+05
7.359260000000000000e+05
6.406990000000000000e+05
6.351100000000000000e+05
5.646130000000000000e+05
5.482120000000000000e+05
5.043790000000000000e+05
5.995030000000000000e+05
5.936290000000000000e+05
7.684490000000000000e+05
2.303838000000000000e+06
9.872240000000000000e+05
9.023860000000000000e+05
4.300200000000000000e+04
8.913970000000000000e+05
8.962260000000000000e+05
8.709330000000000000e+05
8.514050000000000000e+05
8.098130000000000000e+05
7.876220000000000000e+05
7.436160000000000000e+05
8.157680000000000000e+05
2.185794000000000000e+06
7.893120000000000000e+05
7.294750000000000000e+05
7.539210000000000000e+05
6.533330000000000000e+05
6.296910000000000000e+05
5.642970000000000000e+05
5.885960000000000000e+05
5.942810000000000000e+05
5.889970000000000000e+05
6.744290000000000000e+05
8.929340000000000000e+05
2.456400000000000000e+06
1.042644000000000000e+06
1.009508000000000000e+06
9.216780000000000000e+05
9.763530000000000000e+05
9.726200000000000000e+05
9.957010000000000000e+05
9.824700000000000000e+05
1.137322000000000000e+06
6.247700000000000000e+04
1.146125000000000000e+06
1.241786000000000000e+06
2.887560000000000000e+06
1.403547000000000000e+06
1.375030000000000000e+06
1.254372000000000000e+06
1.179660000000000000e+06
1.247659000000000000e+06
1.190480000000000000e+06
1.111363000000000000e+06
1.197559000000000000e+06
1.367071000000000000e+06
1.399805000000000000e+06
1.617308000000000000e+06
3.077418000000000000e+06
1.601309000000000000e+06
1.435366000000000000e+06
1.380905000000000000e+06
1.326577000000000000e+06
1.420567000000000000e+06
1.343942000000000000e+06
1.336673000000000000e+06
1.266953000000000000e+06
1.401184000000000000e+06
1.225829000000000000e+06
1.444495000000000000e+06
2.980028000000000000e+06
1.609797000000000000e+06
1.488580000000000000e+06
7.428900000000000000e+04
1.463515000000000000e+06
1.430868000000000000e+06
1.454027000000000000e+06
1.380813000000000000e+06
1.436797000000000000e+06
1.314199000000000000e+06
1.392416000000000000e+06
1.329756000000000000e+06
3.029149000000000000e+06
1.764599000000000000e+06
1.506846000000000000e+06
1.537408000000000000e+06
1.445071000000000000e+06
1.332112000000000000e+06
1.394916000000000000e+06
1.345723000000000000e+06
1.368475000000000000e+06
1.290559000000000000e+06
1.324617000000000000e+06
1.380746000000000000e+06
3.031954000000000000e+06
1.651469000000000000e+06
1.789031000000000000e+06
1.600740000000000000e+06
1.580716000000000000e+06
1.417628000000000000e+06
1.393417000000000000e+06
1.341196000000000000e+06
1.306113000000000000e+06
6.839100000000000000e+04
1.174982000000000000e+06
1.189306000000000000e+06
2.806997000000000000e+06
1.365240000000000000e+06
1.286213000000000000e+06
1.470963000000000000e+06
1.297808000000000000e+06
1.263969000000000000e+06
1.260866000000000000e+06
1.197562000000000000e+06
1.135512000000000000e+06
1.051336000000000000e+06
1.025359000000000000e+06
9.815120000000000000e+05
2.579370000000000000e+06
1.042945000000000000e+06
1.047146000000000000e+06
1.035871000000000000e+06
9.776460000000000000e+05
8.777300000000000000e+05
8.996390000000000000e+05
9.296060000000000000e+05
8.061100000000000000e+05
7.612510000000000000e+05
7.543090000000000000e+05
8.194740000000000000e+05
2.320791000000000000e+06
9.574000000000000000e+05
8.757570000000000000e+05
5.030100000000000000e+04
9.529180000000000000e+05
9.495630000000000000e+05
9.632860000000000000e+05
1.031340000000000000e+06
1.033249000000000000e+06
1.043255000000000000e+06
1.018738000000000000e+06
9.826670000000000000e+05
2.449350000000000000e+06
1.079273000000000000e+06
1.004904000000000000e+06
1.004905000000000000e+06
1.014717000000000000e+06
9.453940000000000000e+05
8.845800000000000000e+05
9.434470000000000000e+05
8.802930000000000000e+05
7.948320000000000000e+05
7.277150000000000000e+05
6.593650000000000000e+05
2.264130000000000000e+06
6.923360000000000000e+05
6.288520000000000000e+05
5.844220000000000000e+05
5.440140000000000000e+05
4.537390000000000000e+05
3.696780000000000000e+05
2.824270000000000000e+05
2.484800000000000000e+05
1.152100000000000000e+04
2.463500000000000000e+05
2.326670000000000000e+05
1.738753000000000000e+06
2.528450000000000000e+05
2.172710000000000000e+05
2.316690000000000000e+05
2.302610000000000000e+05
2.577750000000000000e+05
2.850720000000000000e+05
2.930890000000000000e+05
3.404670000000000000e+05
3.400670000000000000e+05
3.257110000000000000e+05
3.534370000000000000e+05
1.964003000000000000e+06
5.752670000000000000e+05
6.426840000000000000e+05
8.341220000000000000e+05
8.791680000000000000e+05
8.662710000000000000e+05
8.800940000000000000e+05
9.283120000000000000e+05
9.097050000000000000e+05
9.580070000000000000e+05
9.619290000000000000e+05
1.034318000000000000e+06
2.632280000000000000e+06
1.279443000000000000e+06
1.345955000000000000e+06
5.543700000000000000e+04
1.530960000000000000e+06
1.386536000000000000e+06
1.322513000000000000e+06
1.434014000000000000e+06
1.434863000000000000e+06
1.371816000000000000e+06
1.405862000000000000e+06
1.379930000000000000e+06
3.120858000000000000e+06
1.566792000000000000e+06
1.530667000000000000e+06
1.409801000000000000e+06
1.512169000000000000e+06
1.482894000000000000e+06
1.210293000000000000e+06
1.309380000000000000e+06
1.291815000000000000e+06
1.206207000000000000e+06
1.197049000000000000e+06
1.246695000000000000e+06
2.833698000000000000e+06
1.359032000000000000e+06
1.391381000000000000e+06
1.272923000000000000e+06
1.428402000000000000e+06
1.336742000000000000e+06
1.316932000000000000e+06
1.285635000000000000e+06
1.261986000000000000e+06
1.565870000000000000e+05
1.108051000000000000e+06
1.116459000000000000e+06
2.759331000000000000e+06
1.338402000000000000e+06
1.145249000000000000e+06
1.235246000000000000e+06
1.142177000000000000e+06
1.197293000000000000e+06
1.062592000000000000e+06
1.088951000000000000e+06
1.006230000000000000e+06
1.012748000000000000e+06
9.593000000000000000e+05
8.076690000000000000e+05
2.441508000000000000e+06
8.949150000000000000e+05
7.921390000000000000e+05
7.937820000000000000e+05
7.273770000000000000e+05
7.369350000000000000e+05
6.939360000000000000e+05
6.709210000000000000e+05
7.549610000000000000e+05
7.800420000000000000e+05
8.217380000000000000e+05
7.920790000000000000e+05
2.404399000000000000e+06
9.895420000000000000e+05
9.311510000000000000e+05
3.266600000000000000e+04
8.937920000000000000e+05
9.057010000000000000e+05
8.283700000000000000e+05
1.070589000000000000e+06
1.089894000000000000e+06
1.101733000000000000e+06
1.120932000000000000e+06
1.175347000000000000e+06
2.775365000000000000e+06
1.317611000000000000e+06
1.190079000000000000e+06
1.308352000000000000e+06
1.424876000000000000e+06
1.435034000000000000e+06
1.410171000000000000e+06
1.435336000000000000e+06
1.341031000000000000e+06
1.257453000000000000e+06
1.208106000000000000e+06
1.188259000000000000e+06
2.835441000000000000e+06
1.241435000000000000e+06
1.105979000000000000e+06
1.043989000000000000e+06
1.110469000000000000e+06
9.861570000000000000e+05
9.610610000000000000e+05
9.001360000000000000e+05
1.000804000000000000e+06
5.194300000000000000e+04
9.467640000000000000e+05
9.755530000000000000e+05
2.639668000000000000e+06
1.155011000000000000e+06
9.660910000000000000e+05
9.292290000000000000e+05
9.412630000000000000e+05
9.356920000000000000e+05
9.116760000000000000e+05
8.406920000000000000e+05
8.556810000000000000e+05
8.025130000000000000e+05
7.181760000000000000e+05
5.978780000000000000e+05
2.177654000000000000e+06
5.507750000000000000e+05
4.461500000000000000e+05
4.512420000000000000e+05
4.463540000000000000e+05
4.176990000000000000e+05
3.796310000000000000e+05
3.733010000000000000e+05
3.818880000000000000e+05
4.237650000000000000e+05
4.008940000000000000e+05
3.827620000000000000e+05
2.088610000000000000e+06
5.552770000000000000e+05
4.350770000000000000e+05
2.675700000000000000e+04
4.351290000000000000e+05
3.874020000000000000e+05
4.193670000000000000e+05
3.260660000000000000e+05
3.441890000000000000e+05
3.161430000000000000e+05
2.665130000000000000e+05
2.756350000000000000e+05
1.916418000000000000e+06
3.871810000000000000e+05
3.296620000000000000e+05
3.368930000000000000e+05
3.322490000000000000e+05
3.521820000000000000e+05
3.883470000000000000e+05
4.555590000000000000e+05
5.053250000000000000e+05
5.731560000000000000e+05
5.385120000000000000e+05
5.029590000000000000e+05
2.222430000000000000e+06
7.378660000000000000e+05
5.995960000000000000e+05
5.587050000000000000e+05
7.638250000000000000e+05
8.234270000000000000e+05
8.968420000000000000e+05
1.066693000000000000e+06
1.211817000000000000e+06
6.742000000000000000e+04
1.159408000000000000e+06
1.189650000000000000e+06
2.959275000000000000e+06
1.506010000000000000e+06
1.362840000000000000e+06
1.304566000000000000e+06
1.176315000000000000e+06
1.351175000000000000e+06
1.450924000000000000e+06
1.614024000000000000e+06
1.478167000000000000e+06
1.506306000000000000e+06
1.449607000000000000e+06
1.418166000000000000e+06
3.136919000000000000e+06
1.673712000000000000e+06
1.464261000000000000e+06
1.429519000000000000e+06
1.497110000000000000e+06
1.444366000000000000e+06
1.417841000000000000e+06
1.505669000000000000e+06
1.515225000000000000e+06
1.548320000000000000e+06
1.529643000000000000e+06
1.440385000000000000e+06
3.114917000000000000e+06
1.631274000000000000e+06
1.502641000000000000e+06
9.213000000000000000e+04
1.396605000000000000e+06
1.364139000000000000e+06
1.307377000000000000e+06
1.227902000000000000e+06
1.226494000000000000e+06
1.022360000000000000e+06
1.033985000000000000e+06
9.223920000000000000e+05
2.618548000000000000e+06
9.326580000000000000e+05
9.126120000000000000e+05
9.034570000000000000e+05
8.567290000000000000e+05
7.956600000000000000e+05
8.477870000000000000e+05
8.838270000000000000e+05
9.042090000000000000e+05
8.828930000000000000e+05
1.071178000000000000e+06
1.086487000000000000e+06
2.796415000000000000e+06
1.284320000000000000e+06
1.135684000000000000e+06
1.091795000000000000e+06
1.011047000000000000e+06
1.049911000000000000e+06
1.019381000000000000e+06
1.104098000000000000e+06
1.108202000000000000e+06
6.718600000000000000e+04
1.176051000000000000e+06
1.255356000000000000e+06
3.032716000000000000e+06
1.479852000000000000e+06
1.308441000000000000e+06
1.261023000000000000e+06
1.181511000000000000e+06
1.193591000000000000e+06
1.209921000000000000e+06
1.225043000000000000e+06
1.261914000000000000e+06
1.296128000000000000e+06
1.280263000000000000e+06
1.300631000000000000e+06
3.057625000000000000e+06
1.511772000000000000e+06
1.305570000000000000e+06
1.249190000000000000e+06
1.300988000000000000e+06
1.291867000000000000e+06
1.379016000000000000e+06
1.329287000000000000e+06
1.313921000000000000e+06
1.355156000000000000e+06
1.368125000000000000e+06
1.360574000000000000e+06
3.088707000000000000e+06
1.476246000000000000e+06
1.239309000000000000e+06
7.236200000000000000e+04
1.243899000000000000e+06
1.170452000000000000e+06
1.141971000000000000e+06
1.149546000000000000e+06
1.128708000000000000e+06
1.084970000000000000e+06
1.091740000000000000e+06
9.483280000000000000e+05
2.722970000000000000e+06
1.023197000000000000e+06
9.160680000000000000e+05
8.568330000000000000e+05
8.216670000000000000e+05
7.473180000000000000e+05
7.358760000000000000e+05
7.190950000000000000e+05
7.049400000000000000e+05
5.898440000000000000e+05
5.753620000000000000e+05
5.120410000000000000e+05
2.316573000000000000e+06
6.401820000000000000e+05
4.570190000000000000e+05
4.738610000000000000e+05
4.194770000000000000e+05
3.758010000000000000e+05
3.629710000000000000e+05
3.464480000000000000e+05
3.234660000000000000e+05
1.353100000000000000e+04
2.992330000000000000e+05
2.711080000000000000e+05
2.009811000000000000e+06
3.610620000000000000e+05
2.591780000000000000e+05
2.514820000000000000e+05
2.683930000000000000e+05
2.503230000000000000e+05
2.533990000000000000e+05
2.655670000000000000e+05
2.669800000000000000e+05
3.034300000000000000e+05
3.202520000000000000e+05
3.667420000000000000e+05
2.067924000000000000e+06
5.182620000000000000e+05
4.543770000000000000e+05
4.281210000000000000e+05
4.140190000000000000e+05
4.423050000000000000e+05
4.880410000000000000e+05
5.504170000000000000e+05
5.353010000000000000e+05
5.948040000000000000e+05
5.593710000000000000e+05
6.343360000000000000e+05
2.624141000000000000e+06
1.054785000000000000e+06
1.048452000000000000e+06
1.450100000000000000e+04
9.993260000000000000e+05
1.062281000000000000e+06
1.220043000000000000e+06
1.325324000000000000e+06
1.575321000000000000e+06
1.529558000000000000e+06
1.526353000000000000e+06
1.525339000000000000e+06
3.545706000000000000e+06
1.937138000000000000e+06
1.692571000000000000e+06
1.596686000000000000e+06
1.532551000000000000e+06
1.487843000000000000e+06
1.536165000000000000e+06
1.562724000000000000e+06
1.717035000000000000e+06
1.703719000000000000e+06
1.626350000000000000e+06
1.567938000000000000e+06
3.427235000000000000e+06
1.711568000000000000e+06
1.516505000000000000e+06
1.523793000000000000e+06
1.307655000000000000e+06
1.355917000000000000e+06
1.295737000000000000e+06
1.205606000000000000e+06
1.222600000000000000e+06
8.751500000000000000e+04
1.238481000000000000e+06
1.231042000000000000e+06
2.999777000000000000e+06
1.309276000000000000e+06
1.115080000000000000e+06
1.136310000000000000e+06
1.084749000000000000e+06
1.053209000000000000e+06
1.052611000000000000e+06
1.049299000000000000e+06
1.061329000000000000e+06
1.128934000000000000e+06
1.168133000000000000e+06
1.143525000000000000e+06
2.988981000000000000e+06
1.333109000000000000e+06
1.148906000000000000e+06
1.161882000000000000e+06
1.066116000000000000e+06
1.031083000000000000e+06
9.707100000000000000e+05
9.820900000000000000e+05
1.149540000000000000e+06
1.171387000000000000e+06
1.191074000000000000e+06
1.206812000000000000e+06
3.068274000000000000e+06
1.404996000000000000e+06
1.405356000000000000e+06
1.083030000000000000e+05
1.225134000000000000e+06
1.273604000000000000e+06
1.181179000000000000e+06
1.168335000000000000e+06
1.084251000000000000e+06
1.100380000000000000e+06
1.120521000000000000e+06
1.168824000000000000e+06
2.977934000000000000e+06
1.395765000000000000e+06
1.294696000000000000e+06
1.210490000000000000e+06
1.188046000000000000e+06
1.155170000000000000e+06
1.128120000000000000e+06
1.048100000000000000e+06
9.947310000000000000e+05
1.048224000000000000e+06
9.947160000000000000e+05
9.829130000000000000e+05
2.794251000000000000e+06
1.095704000000000000e+06
1.004912000000000000e+06
8.961410000000000000e+05
8.763630000000000000e+05
8.265420000000000000e+05
6.958710000000000000e+05
7.375030000000000000e+05
7.349070000000000000e+05
4.236700000000000000e+04
7.233870000000000000e+05
8.087360000000000000e+05
2.592145000000000000e+06
9.500560000000000000e+05
8.851560000000000000e+05
8.797140000000000000e+05
8.658750000000000000e+05
8.419320000000000000e+05
8.304340000000000000e+05
7.499190000000000000e+05
7.527460000000000000e+05
7.216320000000000000e+05
7.188160000000000000e+05
7.453150000000000000e+05
2.475843000000000000e+06
7.616170000000000000e+05
6.553500000000000000e+05
6.119390000000000000e+05
5.357900000000000000e+05
4.675750000000000000e+05
4.498900000000000000e+05
4.318600000000000000e+05
4.363650000000000000e+05
4.114290000000000000e+05
3.518590000000000000e+05
3.817810000000000000e+05
2.120345000000000000e+06
4.520510000000000000e+05
3.380440000000000000e+05
2.958600000000000000e+04
3.386850000000000000e+05
2.870470000000000000e+05
2.629920000000000000e+05
2.411210000000000000e+05
2.104000000000000000e+05
2.223140000000000000e+05
2.228600000000000000e+05
2.062010000000000000e+05
2.027660000000000000e+06
3.680910000000000000e+05
3.326830000000000000e+05
3.358900000000000000e+05
4.221900000000000000e+05
3.914220000000000000e+05
3.818500000000000000e+05
3.236430000000000000e+05
4.122820000000000000e+05
4.153800000000000000e+05
3.851750000000000000e+05
4.391750000000000000e+05
2.289129000000000000e+06
7.063560000000000000e+05
6.344340000000000000e+05
6.576340000000000000e+05
7.018930000000000000e+05
6.210580000000000000e+05
6.582150000000000000e+05
7.182900000000000000e+05
6.820250000000000000e+05
4.081500000000000000e+04
7.544890000000000000e+05
7.773310000000000000e+05
2.710649000000000000e+06
1.247994000000000000e+06
1.236379000000000000e+06
1.252169000000000000e+06
1.286273000000000000e+06
1.380271000000000000e+06
1.308990000000000000e+06
1.333862000000000000e+06
1.317639000000000000e+06
1.257821000000000000e+06
1.263681000000000000e+06
1.389992000000000000e+06
