2.040149014012343151e-02
1.036826282942376193e-02
9.079468655748431510e-03
6.733514824692084060e-03
1.106799248935413926e-02
4.134631967868934894e-03
8.894637490616363884e-03
7.213961672620708768e-03
8.844350957546103995e-03
1.458572335794669494e-02
2.136402519381776222e-02
1.364874937096420549e-02
1.335844182643760626e-02
1.102581283673137284e-02
6.638158421938111092e-03
6.329605855098387364e-03
1.049086706978934191e-02
7.026354471842448206e-03
7.950956643033189539e-03
8.027231774362576788e-03
8.226183806957842320e-03
1.498967384805484707e-02
5.825693428921861414e-03
6.759230295817057234e-03
1.136624602233471566e-02
1.542249017832230534e-02
8.928965873458758959e-03
8.973135915743250465e-03
6.321076633167915793e-03
1.018631474501421712e-02
3.763112567719959032e-03
1.358313657799545618e-02
2.901432011403193983e-02
5.027177252737032032e-02
7.574260478117028628e-02
2.652669634137834812e-02
8.634718291613520391e-02
5.684036462485384661e-02
2.001983616627803567e-02
2.909319092627285150e-02
1.006806950990845641e-02
4.983378754181116109e-03
1.379506117632599976e-02
7.403720155054208975e-03
8.414555244705303541e-03
1.609399107848705907e-02
6.266122415763179798e-02
6.704130626860119180e-02
3.181526028380102233e-02
2.765061579593995709e-03
8.208239808374520954e-03
7.502071224913304907e-03
9.778102563352000787e-03
1.162075769333612354e-02
6.528186149337664688e-03
7.221376976999295538e-03
1.118482343193625064e-02
4.424154839548124184e-03
3.167186140203151392e-03
4.900478181384858301e-03
4.651423538623212887e-03
1.341802376468165421e-02
4.147203666012303641e-02
1.088364919026692766e-02
1.264972557015970472e-02
1.938865817323022836e-02
6.903955887775032121e-03
2.118207970444037011e-02
3.289956851881377375e-02
2.409156228409332565e-02
2.106268616760668955e-02
1.086024719030678591e-02
4.218096635779555910e-03
1.174117756538650692e-02
1.088690725313563000e-02
2.224335702909093285e-02
1.275659288678850437e-02
1.013403133470184951e-02
1.368183213837292737e-02
8.474983812189426993e-03
7.331730070568266353e-03
3.620762078940462699e-03
5.139987971506962058e-03
4.686901845088621739e-03
6.559495212269478293e-03
4.205459802329134487e-03
5.819988899490460312e-03
6.113385829795785729e-03
7.278755732945033259e-03
6.637743216793553364e-03
3.795043789610570619e-03
6.235831773200002995e-03
8.935082364244525607e-03
5.295495273304634022e-03
5.255895731400470582e-03
4.998079286951596922e-03
9.128924778529575942e-03
4.945649581701577410e-03
4.927197929953231088e-03
5.912477142956792421e-03
1.742591987661763764e-02
2.681741519850127514e-02
3.562720681534332218e-02
1.934549240838913733e-02
1.450707052840667470e-02
1.147201823539474412e-02
3.524028752125850372e-02
3.067002588388871229e-02
2.023795510635895134e-02
1.292651688971487023e-02
1.103525745625398569e-02
1.923256698919802166e-02
1.540551477549027479e-02
9.845892588297525463e-03
9.635460782213275260e-03
3.139239200929395263e-02
4.724684734733737568e-02
3.596524089372076655e-02
2.942599341982887057e-02
3.103976087505314757e-02
2.870620416135204189e-02
2.650859858713993517e-02
1.263261133310746194e-02
9.199638107196003375e-03
5.662974532769650751e-03
5.697256205033283255e-03
7.929159670459980797e-03
5.041215857680962642e-03
1.947689834906130360e-02
3.737756119293420692e-02
1.625783492107780656e-02
2.002159040801379172e-02
5.720224834623790534e-03
8.245648494383105154e-03
4.259558437632865804e-03
5.537117679102891016e-02
1.486921245549000827e-02
1.254322285554846858e-02
3.303666406748246437e-02
3.330303373790922949e-02
3.900933298123936827e-02
2.966686949437978213e-02
1.256595663472908665e-02
9.721185074371545623e-03
5.076780448965474528e-03
4.139295240648749492e-03
2.849785811236115688e-03
6.513979645813403226e-03
8.677383993758636463e-03
1.440262048422884765e-02
