4.428274972098214524e-02
6.017978175156781656e-02
7.245396205357142183e-02
2.857648369406356331e-02
4.676847393009938431e-02
7.399153936476934867e-02
5.971590418393919741e-02
4.748403328616603025e-02
3.331424427681228817e-02
2.085068631334369843e-02
2.461362047260310520e-02
3.987152203410661289e-02
3.905200309493914862e-02
1.415864334625451665e-02
4.585519128916215083e-03
8.774636716258769897e-03
2.770123384436782438e-02
4.247961238938934708e-02
4.655913787634194390e-02
2.549296009297273569e-02
1.444986304458306843e-02
9.343572863105203269e-03
9.181309395095928541e-03
6.670971954760907853e-03
4.096137585283136755e-03
1.802212527009094652e-03
1.810718588277596131e-02
3.071886179398517283e-02
2.376791246894265422e-02
2.424862401015093552e-02
2.113680158342633869e-02
1.401562593421157472e-02
7.223243453875691222e-03
2.922705565991044665e-03
9.864924716300705557e-04
9.028877530779157862e-04
1.216342660034594935e-03
1.795427166685766148e-03
2.452467898933254932e-03
1.557717680120143710e-03
4.869751184165072022e-02
3.955267562347204724e-02
3.593250715813669366e-02
2.886152202580251000e-02
3.615434348177747753e-02
3.740080749096513779e-02
3.195473547695445310e-02
2.155070661687526548e-02
1.838990036322146054e-02
1.166565823717182100e-02
1.212343099165935981e-02
8.856300431854870550e-03
9.111713227771578091e-03
8.116514504361314886e-03
2.792240324474516353e-03
1.770663618230495368e-02
1.013677298617200739e-02
8.137120357176072863e-03
7.991340533405744476e-03
1.795826152879364699e-03
5.542954944428943147e-03
2.362400755590322171e-02
8.249875801761133443e-03
8.928232776875398569e-03
8.930275067180191637e-03
1.469183552021883013e-02
1.255677930351828224e-02
3.118406672056029533e-03
6.893777522911019411e-04
1.035811463180853461e-03
6.028527629618742230e-03
1.040044252564307006e-02
1.764717231802388764e-02
2.614205289049213385e-02
1.287881890121771351e-02
9.157647891920439728e-04
4.441453648262283851e-03
7.468097712717899385e-03
3.820165647130434241e-03
1.726639514066735008e-03
2.114209836843062434e-03
5.056614129721712612e-03
8.795833587646484722e-03
6.147231536657631924e-03
6.464932240596433892e-03
8.282783404499494823e-03
1.543019612630208356e-02
3.360554182610544366e-02
3.512624883327354619e-02
3.352931794666108578e-02
4.777960744844812757e-02
5.315114754397853164e-02
6.220513168646364666e-02
1.438741100077726466e-02
2.874501546223958218e-03
1.871436242343616982e-02
1.188833275619818192e-02
1.842995403575248357e-03
1.562041328066871319e-03
7.882266141930405548e-03
3.827969038567575338e-02
5.744346047745269718e-02
5.328523804541347719e-02
1.672618502662295489e-02
7.350439603636864730e-03
9.021846615538304387e-03
6.027098415660209207e-03
5.817908981219440875e-03
1.604932992636751979e-03
8.450129242981371802e-03
2.480439685639880890e-02
1.066506509067249864e-02
1.357323523281382845e-02
1.221689237218324779e-02
6.135439710552189480e-03
5.675777772656914050e-03
6.158390823675662096e-03
7.133398250657684708e-03
2.718893557178730935e-02
3.567567682590614547e-02
4.093412542018760869e-02
1.291323940770155651e-02
9.932348030765040386e-03
8.960544170976495956e-03
8.127414288163995609e-03
1.553099496023995591e-03
7.907591709474317025e-04
4.366525662999574953e-02
3.229249707695578536e-02
1.151227626670785556e-02
1.671258835565476303e-02
1.049219248246173464e-02
4.440036436327460777e-03
1.452225568343181892e-03
1.215995331199801622e-03
1.749743571897753331e-03
1.576379853851941123e-03
1.046756416761956141e-03
7.010602626670785036e-04
7.408833017154615487e-04
1.488102050054641032e-03
1.693811870756603468e-03
1.821219191259267327e-03
1.204685126843095533e-03
1.043571420267325580e-03
7.283296714834614979e-04
1.555486925605202965e-03
1.265606507152116159e-03
6.660109474545432891e-04
8.588469758325693957e-04
