2.182600000000000000e+05
2.961800000000000000e+04
5.490000000000000000e+03
5.660000000000000000e+02
0.000000000000000000e+00
0.000000000000000000e+00
0.000000000000000000e+00
0.000000000000000000e+00
0.000000000000000000e+00
0.000000000000000000e+00
0.000000000000000000e+00
2.132230000000000000e+05
0.000000000000000000e+00
0.000000000000000000e+00
0.000000000000000000e+00
0.000000000000000000e+00
0.000000000000000000e+00
0.000000000000000000e+00
0.000000000000000000e+00
0.000000000000000000e+00
0.000000000000000000e+00
0.000000000000000000e+00
0.000000000000000000e+00
6.834000000000000000e+03
0.000000000000000000e+00
0.000000000000000000e+00
0.000000000000000000e+00
0.000000000000000000e+00
0.000000000000000000e+00
0.000000000000000000e+00
0.000000000000000000e+00
0.000000000000000000e+00
0.000000000000000000e+00
0.000000000000000000e+00
0.000000000000000000e+00
5.520000000000000000e+02
0.000000000000000000e+00
0.000000000000000000e+00
0.000000000000000000e+00
0.000000000000000000e+00
0.000000000000000000e+00
0.000000000000000000e+00
0.000000000000000000e+00
0.000000000000000000e+00
0.000000000000000000e+00
0.000000000000000000e+00
0.000000000000000000e+00
0.000000000000000000e+00
0.000000000000000000e+00
0.000000000000000000e+00
0.000000000000000000e+00
2.908070000000000000e+05
9.473460000000000000e+05
1.720466000000000000e+06
1.744296000000000000e+06
1.620061000000000000e+06
2.256991000000000000e+06
3.293375000000000000e+06
3.395426000000000000e+06
4.771885000000000000e+06
3.566616000000000000e+06
3.382645000000000000e+06
3.245282000000000000e+06
2.875912000000000000e+06
2.514792000000000000e+06
2.700608000000000000e+06
2.427434000000000000e+06
2.387479000000000000e+06
2.216304000000000000e+06
2.395703000000000000e+06
2.164596000000000000e+06
3.912805000000000000e+06
1.823551000000000000e+06
2.004438000000000000e+06
1.955926000000000000e+06
1.883005000000000000e+06
2.077637000000000000e+06
2.114497000000000000e+06
2.045286000000000000e+06
2.046668000000000000e+06
2.053463000000000000e+06
2.188941000000000000e+06
2.295330000000000000e+06
5.097521000000000000e+06
1.805578000000000000e+06
1.896886000000000000e+06
2.096015000000000000e+06
2.834794000000000000e+06
2.967002000000000000e+06
3.244524000000000000e+06
3.074715000000000000e+06
4.360990000000000000e+06
3.941218000000000000e+06
3.454719000000000000e+06
2.940707000000000000e+06
5.485636000000000000e+06
2.145641000000000000e+06
2.516673000000000000e+06
3.444125000000000000e+06
3.518264000000000000e+06
3.298236000000000000e+06
3.315511000000000000e+06
2.868524000000000000e+06
1.212793000000000000e+06
2.749941000000000000e+06
2.728930000000000000e+06
2.777595000000000000e+06
5.887718000000000000e+06
2.351383000000000000e+06
3.210555000000000000e+06
8.696860000000000000e+05
6.196850000000000000e+05
5.777290000000000000e+05
4.412660000000000000e+05
2.775320000000000000e+05
2.115340000000000000e+05
3.309030000000000000e+05
5.839500000000000000e+05
2.880790000000000000e+05
3.842588000000000000e+06
9.280040000000000000e+05
1.106113000000000000e+06
1.522007000000000000e+06
2.088261000000000000e+06
2.160466000000000000e+06
3.177306000000000000e+06
3.837710000000000000e+06
4.010375000000000000e+06
4.444185000000000000e+06
6.876264000000000000e+06
8.021676000000000000e+06
7.831232000000000000e+06
3.282170000000000000e+06
2.239055000000000000e+06
4.364268000000000000e+06
5.913569000000000000e+06
7.357443000000000000e+06
6.795056000000000000e+06
4.568487000000000000e+06
2.880241000000000000e+06
1.508168000000000000e+06
1.362114000000000000e+06
1.375995000000000000e+06
4.369735000000000000e+06
2.031772000000000000e+06
1.411597000000000000e+06
1.537737000000000000e+06
1.210236000000000000e+06
2.049586000000000000e+06
