8.048890000000000000e+05
6.038700000000000000e+05
3.735700000000000000e+05
5.248160000000000000e+05
6.311750000000000000e+05
2.538026000000000000e+06
5.290190000000000000e+05
6.326980000000000000e+05
8.300060000000000000e+05
3.885330000000000000e+05
5.962930000000000000e+05
1.173161000000000000e+06
7.072710000000000000e+05
4.788220000000000000e+05
1.079449000000000000e+06
1.434683000000000000e+06
5.230950000000000000e+05
2.445000000000000000e+06
6.220690000000000000e+05
8.031150000000000000e+05
1.166916000000000000e+06
9.101630000000000000e+05
6.701830000000000000e+05
1.171174000000000000e+06
5.463310000000000000e+05
9.458520000000000000e+05
7.930670000000000000e+05
3.539670000000000000e+05
4.290270000000000000e+05
2.473350000000000000e+06
1.019210000000000000e+06
4.088770000000000000e+05
4.398770000000000000e+05
5.717930000000000000e+05
3.788420000000000000e+05
7.621650000000000000e+05
4.345370000000000000e+05
4.800750000000000000e+05
4.098490000000000000e+05
3.208920000000000000e+05
2.011660000000000000e+05
2.294352000000000000e+06
5.661000000000000000e+05
6.821800000000000000e+05
3.836680000000000000e+05
7.170160000000000000e+05
1.058281000000000000e+06
1.535038000000000000e+06
1.414686000000000000e+06
9.939100000000000000e+05
4.178700000000000000e+05
6.914410000000000000e+05
9.870870000000000000e+05
2.815956000000000000e+06
1.844223000000000000e+06
1.881526000000000000e+06
1.482435000000000000e+06
1.831496000000000000e+06
1.831586000000000000e+06
1.418643000000000000e+06
6.843320000000000000e+05
9.109130000000000000e+05
1.199163000000000000e+06
3.026230000000000000e+06
1.803945000000000000e+06
4.478681000000000000e+06
1.843833000000000000e+06
1.866299000000000000e+06
4.320173000000000000e+06
5.699788000000000000e+06
5.668349000000000000e+06
3.990265000000000000e+06
1.286300000000000000e+06
2.588308000000000000e+06
4.304460000000000000e+06
6.328459000000000000e+06
4.121719000000000000e+06
3.645962000000000000e+06
2.260414000000000000e+06
3.219227000000000000e+06
3.070061000000000000e+06
2.062408000000000000e+06
1.031846000000000000e+06
1.682671000000000000e+06
2.026190000000000000e+06
2.594646000000000000e+06
2.302634000000000000e+06
1.259939000000000000e+06
2.329496000000000000e+06
4.755871000000000000e+06
2.620223000000000000e+06
1.828116000000000000e+06
1.168973000000000000e+06
9.636570000000000000e+05
8.260110000000000000e+05
1.832125000000000000e+06
2.426478000000000000e+06
3.204641000000000000e+06
3.551464000000000000e+06
2.280156000000000000e+06
1.493312000000000000e+06
4.809790000000000000e+06
3.135490000000000000e+06
2.041510000000000000e+06
1.154079000000000000e+06
1.410975000000000000e+06
1.907306000000000000e+06
2.660622000000000000e+06
2.883591000000000000e+06
2.440394000000000000e+06
2.379556000000000000e+06
1.830095000000000000e+06
1.420358000000000000e+06
2.683854000000000000e+06
7.048910000000000000e+05
5.403700000000000000e+05
3.825140000000000000e+05
2.207270000000000000e+05
3.885960000000000000e+05
8.671830000000000000e+05
3.390690000000000000e+05
4.652170000000000000e+05
5.975770000000000000e+05
1.045563000000000000e+06
4.816820000000000000e+05
2.487923000000000000e+06
1.155643000000000000e+06
1.944401000000000000e+06
2.908371000000000000e+06
3.141577000000000000e+06
3.385970000000000000e+06
3.411522000000000000e+06
3.052285000000000000e+06
2.150321000000000000e+06
1.967316000000000000e+06
8.866110000000000000e+05
2.035799000000000000e+06
4.256611000000000000e+06
2.523087000000000000e+06
1.549031000000000000e+06
1.907183000000000000e+06
2.849332000000000000e+06
3.308427000000000000e+06
3.130026000000000000e+06
1.417108000000000000e+06
1.090791000000000000e+06
1.473731000000000000e+06
2.617909000000000000e+06
3.319593000000000000e+06
