2.874385000000000000e+06
1.356560000000000000e+06
4.929890000000000000e+05
1.118592000000000000e+06
1.501353000000000000e+06
3.857660000000000000e+06
2.110086000000000000e+06
2.233143000000000000e+06
2.567203000000000000e+06
3.079396000000000000e+06
3.408495000000000000e+06
3.508690000000000000e+06
2.715387000000000000e+06
3.047489000000000000e+06
2.762390000000000000e+06
2.057764000000000000e+06
1.802996000000000000e+06
3.930790000000000000e+06
9.094150000000000000e+05
6.179020000000000000e+05
5.406170000000000000e+05
3.366590000000000000e+05
2.841820000000000000e+05
1.112026000000000000e+06
8.151840000000000000e+05
1.343990000000000000e+05
1.978370000000000000e+05
2.936480000000000000e+05
2.934410000000000000e+05
2.784092000000000000e+06
9.688730000000000000e+05
7.181790000000000000e+05
1.296772000000000000e+06
2.814209000000000000e+06
2.747885000000000000e+06
3.252081000000000000e+06
3.358190000000000000e+06
2.732758000000000000e+06
2.304196000000000000e+06
1.778900000000000000e+06
1.509106000000000000e+06
3.434990000000000000e+06
1.113645000000000000e+06
6.036460000000000000e+05
5.670180000000000000e+05
7.268960000000000000e+05
1.171133000000000000e+06
1.611726000000000000e+06
1.569397000000000000e+06
1.328270000000000000e+06
1.584958000000000000e+06
1.221815000000000000e+06
8.522150000000000000e+05
2.848041000000000000e+06
7.432430000000000000e+05
4.695370000000000000e+05
6.475830000000000000e+05
6.217290000000000000e+05
3.386740000000000000e+05
8.800680000000000000e+05
3.967820000000000000e+05
5.857570000000000000e+05
8.714470000000000000e+05
1.091427000000000000e+06
1.069656000000000000e+06
3.202176000000000000e+06
1.361638000000000000e+06
6.744020000000000000e+05
3.998490000000000000e+05
3.874870000000000000e+05
6.240810000000000000e+05
1.107472000000000000e+06
7.744290000000000000e+05
4.569460000000000000e+05
6.177020000000000000e+05
5.052180000000000000e+05
8.920060000000000000e+05
2.654932000000000000e+06
7.335800000000000000e+05
2.418610000000000000e+05
6.131070000000000000e+05
7.829680000000000000e+05
2.511080000000000000e+05
1.163704000000000000e+06
9.618360000000000000e+05
5.889450000000000000e+05
6.820540000000000000e+05
7.499700000000000000e+05
1.015043000000000000e+06
2.782976000000000000e+06
7.257710000000000000e+05
6.325570000000000000e+05
1.033057000000000000e+06
7.561740000000000000e+05
7.042420000000000000e+05
1.333416000000000000e+06
7.676010000000000000e+05
3.386370000000000000e+05
7.128030000000000000e+05
1.119480000000000000e+06
1.423538000000000000e+06
3.707300000000000000e+06
3.490016000000000000e+06
3.249651000000000000e+06
2.311975000000000000e+06
1.401986000000000000e+06
3.549300000000000000e+05
1.050807000000000000e+06
8.098050000000000000e+05
8.406020000000000000e+05
6.787140000000000000e+05
2.636160000000000000e+05
5.714900000000000000e+05
2.484779000000000000e+06
6.516930000000000000e+05
2.720250000000000000e+05
1.110110000000000000e+05
8.533500000000000000e+04
4.088050000000000000e+05
8.083950000000000000e+05
1.323010000000000000e+05
1.478530000000000000e+05
4.758980000000000000e+05
4.392660000000000000e+05
6.890030000000000000e+05
2.946828000000000000e+06
1.992873000000000000e+06
2.298830000000000000e+06
1.968365000000000000e+06
1.991413000000000000e+06
1.845102000000000000e+06
2.039959000000000000e+06
2.468787000000000000e+06
2.954118000000000000e+06
2.651873000000000000e+06
2.387365000000000000e+06
1.666258000000000000e+06
2.851187000000000000e+06
8.178980000000000000e+05
9.663220000000000000e+05
1.419665000000000000e+06
1.015555000000000000e+06
1.078186000000000000e+06
1.379563000000000000e+06
8.667520000000000000e+05
9.328780000000000000e+05
7.923490000000000000e+05
4.877710000000000000e+05
8.922480000000000000e+05
