6.251580000000000000e+05
1.343950000000000000e+05
1.679700000000000000e+05
7.528200000000000000e+04
1.656320000000000000e+05
2.140740000000000000e+05
3.410470000000000000e+05
2.653950000000000000e+05
5.324830000000000000e+05
4.417990000000000000e+05
8.899010000000000000e+05
2.463332000000000000e+06
5.526590000000000000e+05
2.517110000000000000e+05
5.272400000000000000e+05
2.443380000000000000e+05
3.295620000000000000e+05
4.649910000000000000e+05
4.291520000000000000e+05
4.113820000000000000e+05
2.877230000000000000e+05
3.298060000000000000e+05
2.201890000000000000e+05
2.151479000000000000e+06
3.662390000000000000e+05
2.283530000000000000e+05
3.202470000000000000e+05
1.668744000000000000e+06
2.749600000000000000e+06
3.438831000000000000e+06
3.740968000000000000e+06
2.303005000000000000e+06
2.300483000000000000e+06
3.235776000000000000e+06
2.574986000000000000e+06
2.553527000000000000e+06
7.885000000000000000e+05
3.410560000000000000e+05
3.413960000000000000e+05
5.999240000000000000e+05
9.905810000000000000e+05
1.365959000000000000e+06
2.305605000000000000e+06
2.401623000000000000e+06
1.663409000000000000e+06
1.056554000000000000e+06
9.749940000000000000e+05
3.973627000000000000e+06
3.356903000000000000e+06
2.205147000000000000e+06
2.541013000000000000e+06
1.834960000000000000e+06
9.788600000000000000e+05
2.113332000000000000e+06
3.704029000000000000e+06
4.349758000000000000e+06
4.359295000000000000e+06
3.863872000000000000e+06
3.359260000000000000e+06
5.109314000000000000e+06
2.309019000000000000e+06
2.279135000000000000e+06
2.346889000000000000e+06
1.732380000000000000e+06
1.116776000000000000e+06
1.073054000000000000e+06
9.155700000000000000e+05
1.289206000000000000e+06
1.120394000000000000e+06
1.302761000000000000e+06
8.817890000000000000e+05
3.355323000000000000e+06
1.178912000000000000e+06
9.817240000000000000e+05
9.567200000000000000e+05
1.180104000000000000e+06
1.434347000000000000e+06
1.805393000000000000e+06
2.381603000000000000e+06
2.695853000000000000e+06
2.467467000000000000e+06
2.692310000000000000e+06
2.581707000000000000e+06
4.506106000000000000e+06
2.927746000000000000e+06
2.573402000000000000e+06
2.848594000000000000e+06
3.024347000000000000e+06
2.884647000000000000e+06
1.946091000000000000e+06
1.810173000000000000e+06
1.908631000000000000e+06
2.355476000000000000e+06
2.213962000000000000e+06
2.223501000000000000e+06
4.282581000000000000e+06
2.808311000000000000e+06
2.389163000000000000e+06
1.948360000000000000e+06
1.583712000000000000e+06
1.054708000000000000e+06
1.429241000000000000e+06
1.784709000000000000e+06
2.798848000000000000e+06
3.413528000000000000e+06
3.299236000000000000e+06
2.982422000000000000e+06
3.969724000000000000e+06
2.178389000000000000e+06
3.346014000000000000e+06
3.604788000000000000e+06
3.253453000000000000e+06
2.677846000000000000e+06
2.061676000000000000e+06
1.436505000000000000e+06
1.032742000000000000e+06
8.681280000000000000e+05
4.794970000000000000e+05
6.564720000000000000e+05
2.849286000000000000e+06
6.042540000000000000e+05
4.538310000000000000e+05
9.325500000000000000e+05
8.870950000000000000e+05
3.768940000000000000e+05
3.697320000000000000e+05
6.976840000000000000e+05
8.575060000000000000e+05
7.762770000000000000e+05
8.746140000000000000e+05
9.581850000000000000e+05
3.109662000000000000e+06
1.114543000000000000e+06
1.276384000000000000e+06
2.113437000000000000e+06
2.868118000000000000e+06
4.025203000000000000e+06
4.278625000000000000e+06
3.389155000000000000e+06
3.499049000000000000e+06
5.587856000000000000e+06
4.158863000000000000e+06
3.707376000000000000e+06
5.623894000000000000e+06
5.250343000000000000e+06
4.261656000000000000e+06
5.371876000000000000e+06
4.023427000000000000e+06
2.697439000000000000e+06
