1.844067000000000000e+06
2.092250000000000000e+06
2.644345000000000000e+06
2.434844000000000000e+06
2.430398000000000000e+06
5.290236000000000000e+06
3.447195000000000000e+06
2.091847000000000000e+06
2.072327000000000000e+06
1.485347000000000000e+06
1.238035000000000000e+06
1.614737000000000000e+06
1.002674000000000000e+06
8.190310000000000000e+05
1.200037000000000000e+06
1.001531000000000000e+06
4.345320000000000000e+05
2.939632000000000000e+06
7.689110000000000000e+05
5.807720000000000000e+05
8.084920000000000000e+05
7.009000000000000000e+05
9.542430000000000000e+05
1.593463000000000000e+06
1.238011000000000000e+06
1.783094000000000000e+06
2.789745000000000000e+06
3.355246000000000000e+06
5.935188000000000000e+06
8.370451000000000000e+06
6.383933000000000000e+06
6.652992000000000000e+06
6.522194000000000000e+06
4.434764000000000000e+06
3.223223000000000000e+06
2.141158000000000000e+06
1.947511000000000000e+06
2.714168000000000000e+06
2.786037000000000000e+06
1.935743000000000000e+06
1.508122000000000000e+06
3.303088000000000000e+06
1.297942000000000000e+06
1.357171000000000000e+06
2.263747000000000000e+06
1.988976000000000000e+06
3.186483000000000000e+06
2.896867000000000000e+06
1.784172000000000000e+06
1.481326000000000000e+06
1.325872000000000000e+06
1.019494000000000000e+06
9.598590000000000000e+05
3.241778000000000000e+06
1.215193000000000000e+06
7.866880000000000000e+05
8.160940000000000000e+05
5.335210000000000000e+05
7.285510000000000000e+05
1.074593000000000000e+06
5.320820000000000000e+05
7.741810000000000000e+05
9.740720000000000000e+05
7.191610000000000000e+05
1.089383000000000000e+06
2.842665000000000000e+06
1.157675000000000000e+06
2.440637000000000000e+06
1.191550000000000000e+06
2.032954000000000000e+06
2.032085000000000000e+06
3.571804000000000000e+06
4.559343000000000000e+06
5.100984000000000000e+06
5.706295000000000000e+06
6.622290000000000000e+06
7.014190000000000000e+06
1.008501100000000000e+07
8.382182000000000000e+06
7.332098000000000000e+06
6.996449000000000000e+06
7.134039000000000000e+06
6.787433000000000000e+06
6.356884000000000000e+06
4.874378000000000000e+06
3.147888000000000000e+06
2.616128000000000000e+06
1.529461000000000000e+06
1.072853000000000000e+06
5.090500000000000000e+06
1.854924000000000000e+06
8.917650000000000000e+05
1.866711000000000000e+06
1.257908000000000000e+06
1.148743000000000000e+06
9.606060000000000000e+05
3.658680000000000000e+05
5.085540000000000000e+05
1.617726000000000000e+06
1.995338000000000000e+06
1.634519000000000000e+06
2.916093000000000000e+06
2.002388000000000000e+06
1.641472000000000000e+06
4.700200000000000000e+05
6.855000000000000000e+05
9.599230000000000000e+05
1.786327000000000000e+06
1.014137000000000000e+06
1.851740000000000000e+05
3.960980000000000000e+05
5.177380000000000000e+05
3.727890000000000000e+05
2.367412000000000000e+06
7.873660000000000000e+05
3.966400000000000000e+05
5.286500000000000000e+05
3.886500000000000000e+05
1.179490000000000000e+05
6.933150000000000000e+05
2.309360000000000000e+05
3.955400000000000000e+05
5.511630000000000000e+05
6.840720000000000000e+05
1.497471000000000000e+06
3.504920000000000000e+06
1.355056000000000000e+06
1.167559000000000000e+06
1.818778000000000000e+06
1.540015000000000000e+06
7.192110000000000000e+05
1.023722000000000000e+06
6.747740000000000000e+05
8.270350000000000000e+05
2.597090000000000000e+05
2.072860000000000000e+05
5.293870000000000000e+05
2.411682000000000000e+06
1.069008000000000000e+06
1.041034000000000000e+06
1.538743000000000000e+06
1.810960000000000000e+06
2.255271000000000000e+06
2.273790000000000000e+06
1.480036000000000000e+06
1.634506000000000000e+06
1.521067000000000000e+06
1.081155000000000000e+06
1.185988000000000000e+06
