2.374356000000000000e+06
3.411910000000000000e+06
3.589047000000000000e+06
3.695610000000000000e+06
4.380658000000000000e+06
4.719718000000000000e+06
3.955901000000000000e+06
3.584443000000000000e+06
3.429884000000000000e+06
2.358661000000000000e+06
1.512702000000000000e+06
3.341404000000000000e+06
1.386909000000000000e+06
1.407120000000000000e+06
1.561846000000000000e+06
1.875664000000000000e+06
1.660109000000000000e+06
8.440280000000000000e+05
7.130960000000000000e+05
4.672680000000000000e+05
8.886780000000000000e+05
1.275427000000000000e+06
1.135475000000000000e+06
3.343897000000000000e+06
1.252213000000000000e+06
7.976320000000000000e+05
1.074495000000000000e+06
8.077680000000000000e+05
7.849100000000000000e+05
9.919830000000000000e+05
1.075863000000000000e+06
1.274561000000000000e+06
1.106625000000000000e+06
1.068086000000000000e+06
1.234372000000000000e+06
3.133506000000000000e+06
1.101393000000000000e+06
1.012810000000000000e+06
9.501800000000000000e+05
6.295920000000000000e+05
6.833780000000000000e+05
3.705400000000000000e+05
2.958900000000000000e+05
6.616790000000000000e+05
6.160290000000000000e+05
6.138370000000000000e+05
7.232100000000000000e+05
2.495540000000000000e+06
6.398060000000000000e+05
3.542070000000000000e+05
3.315250000000000000e+05
8.568170000000000000e+05
1.138144000000000000e+06
1.084016000000000000e+06
5.742620000000000000e+05
8.591890000000000000e+05
5.572620000000000000e+05
4.271010000000000000e+05
4.469780000000000000e+05
2.681315000000000000e+06
1.024404000000000000e+06
3.152000000000000000e+05
5.045980000000000000e+05
6.446950000000000000e+05
6.169780000000000000e+05
5.803340000000000000e+05
1.518650000000000000e+05
2.309300000000000000e+05
2.353000000000000000e+05
2.657000000000000000e+05
1.406010000000000000e+05
2.315519000000000000e+06
4.110840000000000000e+05
2.166660000000000000e+05
1.935530000000000000e+05
2.006230000000000000e+05
8.671800000000000000e+04
2.010100000000000000e+05
7.778700000000000000e+04
8.116400000000000000e+04
8.235800000000000000e+04
1.394340000000000000e+05
1.137520000000000000e+05
1.833694000000000000e+06
5.899310000000000000e+05
7.422790000000000000e+05
7.511560000000000000e+05
5.962910000000000000e+05
6.128580000000000000e+05
1.041533000000000000e+06
1.021111000000000000e+06
3.407830000000000000e+05
7.459550000000000000e+05
6.154650000000000000e+05
6.447620000000000000e+05
2.627962000000000000e+06
7.731200000000000000e+05
7.367680000000000000e+05
4.607180000000000000e+05
1.261641000000000000e+06
1.477440000000000000e+06
9.568670000000000000e+05
1.334217000000000000e+06
1.971684000000000000e+06
1.706852000000000000e+06
1.367042000000000000e+06
1.226594000000000000e+06
3.251765000000000000e+06
1.009620000000000000e+06
7.701960000000000000e+05
6.946720000000000000e+05
5.140080000000000000e+05
5.025900000000000000e+05
9.339400000000000000e+05
9.699810000000000000e+05
3.148530000000000000e+05
2.543620000000000000e+05
1.155577000000000000e+06
8.589960000000000000e+05
4.573272000000000000e+06
4.002865000000000000e+06
5.667430000000000000e+06
5.260873000000000000e+06
5.646419000000000000e+06
4.370755000000000000e+06
3.699818000000000000e+06
2.732786000000000000e+06
2.021157000000000000e+06
1.369203000000000000e+06
1.724512000000000000e+06
1.147652000000000000e+06
3.174605000000000000e+06
8.655410000000000000e+05
4.624180000000000000e+05
9.234110000000000000e+05
1.459066000000000000e+06
1.795544000000000000e+06
3.847377000000000000e+06
4.341163000000000000e+06
3.625722000000000000e+06
2.617172000000000000e+06
1.402690000000000000e+06
1.362921000000000000e+06
3.744007000000000000e+06
2.242785000000000000e+06
2.576085000000000000e+06
2.286015000000000000e+06
2.071520000000000000e+06
2.075064000000000000e+06
