1.904502000000000000e+06
1.698253000000000000e+06
3.488182000000000000e+06
3.899345000000000000e+06
1.080539000000000000e+06
3.623921000000000000e+06
1.508815000000000000e+06
1.826013000000000000e+06
1.494591000000000000e+06
1.809496000000000000e+06
1.711043000000000000e+06
2.378063000000000000e+06
1.630930000000000000e+06
1.397082000000000000e+06
1.255994000000000000e+06
1.333271000000000000e+06
9.968340000000000000e+05
3.048476000000000000e+06
1.258862000000000000e+06
1.403814000000000000e+06
1.251687000000000000e+06
1.367297000000000000e+06
1.320400000000000000e+06
1.774845000000000000e+06
8.942680000000000000e+05
5.648580000000000000e+05
7.163180000000000000e+05
4.139310000000000000e+05
3.882460000000000000e+05
2.717502000000000000e+06
7.830250000000000000e+05
5.270420000000000000e+05
7.737380000000000000e+05
5.768070000000000000e+05
6.996060000000000000e+05
1.103637000000000000e+06
5.105450000000000000e+05
5.168880000000000000e+05
8.384600000000000000e+05
7.606540000000000000e+05
3.329260000000000000e+05
2.428082000000000000e+06
9.491400000000000000e+05
5.468240000000000000e+05
3.807400000000000000e+05
3.134720000000000000e+05
6.766820000000000000e+05
1.488102000000000000e+06
9.597840000000000000e+05
4.417330000000000000e+05
9.547160000000000000e+05
2.360867000000000000e+06
2.212036000000000000e+06
3.409565000000000000e+06
9.865310000000000000e+05
1.139086000000000000e+06
1.642977000000000000e+06
1.798485000000000000e+06
1.611833000000000000e+06
3.120646000000000000e+06
2.410089000000000000e+06
2.139517000000000000e+06
1.022975000000000000e+06
9.708690000000000000e+05
1.758248000000000000e+06
4.867076000000000000e+06
2.935193000000000000e+06
1.299076000000000000e+06
1.994425000000000000e+06
3.159455000000000000e+06
3.285634000000000000e+06
3.146129000000000000e+06
1.031142000000000000e+06
1.704820000000000000e+06
3.087866000000000000e+06
3.495760000000000000e+06
2.298697000000000000e+06
2.462310000000000000e+06
7.305180000000000000e+05
1.041271000000000000e+06
1.080247000000000000e+06
9.204560000000000000e+05
1.861210000000000000e+05
9.240840000000000000e+05
1.170944000000000000e+06
8.819820000000000000e+05
1.445984000000000000e+06
2.352403000000000000e+06
2.875170000000000000e+06
3.678264000000000000e+06
3.507764000000000000e+06
5.117264000000000000e+06
8.619155000000000000e+06
8.847510000000000000e+06
6.406912000000000000e+06
5.050773000000000000e+06
3.833270000000000000e+06
2.905442000000000000e+06
1.367390000000000000e+06
2.823492000000000000e+06
2.518688000000000000e+06
4.929045000000000000e+06
4.695991000000000000e+06
4.842733000000000000e+06
4.268993000000000000e+06
5.450816000000000000e+06
6.308141000000000000e+06
4.210294000000000000e+06
4.439223000000000000e+06
3.814533000000000000e+06
3.275070000000000000e+06
4.314427000000000000e+06
4.739159000000000000e+06
5.948524000000000000e+06
2.678751000000000000e+06
2.103759000000000000e+06
1.326874000000000000e+06
1.072385000000000000e+06
8.835360000000000000e+05
1.557415000000000000e+06
1.222549000000000000e+06
8.736250000000000000e+05
1.346056000000000000e+06
1.430349000000000000e+06
1.644898000000000000e+06
4.161464000000000000e+06
2.162619000000000000e+06
1.650653000000000000e+06
1.224554000000000000e+06
1.166159000000000000e+06
1.147220000000000000e+06
1.610516000000000000e+06
1.273338000000000000e+06
7.778890000000000000e+05
8.301050000000000000e+05
7.608930000000000000e+05
7.877560000000000000e+05
2.928657000000000000e+06
1.205325000000000000e+06
4.878690000000000000e+05
7.782080000000000000e+05
6.909940000000000000e+05
1.123764000000000000e+06
9.429190000000000000e+05
6.740490000000000000e+05
8.008050000000000000e+05
1.295493000000000000e+06
1.869215000000000000e+06
1.718595000000000000e+06
