3.447318000000000000e+06
3.748892000000000000e+06
3.380789000000000000e+06
2.020660000000000000e+05
3.959072000000000000e+06
3.766038000000000000e+06
3.294315000000000000e+06
3.115111000000000000e+06
3.207759000000000000e+06
3.275625000000000000e+06
2.999721000000000000e+06
4.747184000000000000e+06
2.294135000000000000e+06
1.834147000000000000e+06
2.516551000000000000e+06
3.422534000000000000e+06
3.707722000000000000e+06
3.014123000000000000e+06
2.520771000000000000e+06
2.392341000000000000e+06
2.655554000000000000e+06
4.131392000000000000e+06
4.461204000000000000e+06
6.349927000000000000e+06
4.309189000000000000e+06
3.256022000000000000e+06
2.344443000000000000e+06
2.023697000000000000e+06
3.278832000000000000e+06
3.561712000000000000e+06
3.908466000000000000e+06
4.177682000000000000e+06
4.030803000000000000e+06
3.369683000000000000e+06
2.682370000000000000e+06
4.133859000000000000e+06
1.971836000000000000e+06
1.360632000000000000e+06
1.357469000000000000e+06
1.333048000000000000e+06
8.777080000000000000e+05
8.505110000000000000e+05
7.526880000000000000e+05
1.456328000000000000e+06
1.787123000000000000e+06
1.783952000000000000e+06
1.772681000000000000e+06
4.591424000000000000e+06
3.632260000000000000e+06
4.294283000000000000e+06
3.393000000000000000e+06
3.439507000000000000e+06
3.264735000000000000e+06
1.425984000000000000e+06
3.477490000000000000e+06
4.669957000000000000e+06
4.758086000000000000e+06
4.012076000000000000e+06
2.670893000000000000e+06
4.210151000000000000e+06
1.555684000000000000e+06
9.206770000000000000e+05
7.505250000000000000e+05
7.683700000000000000e+05
5.716060000000000000e+05
3.633550000000000000e+05
3.410070000000000000e+05
5.840730000000000000e+05
4.623480000000000000e+05
2.919670000000000000e+05
2.492970000000000000e+05
2.575906000000000000e+06
6.717910000000000000e+05
7.363180000000000000e+05
9.836220000000000000e+05
1.551232000000000000e+06
1.497576000000000000e+06
7.908050000000000000e+05
1.499747000000000000e+06
1.573531000000000000e+06
1.358881000000000000e+06
5.917230000000000000e+05
1.936398000000000000e+06
3.943802000000000000e+06
2.095179000000000000e+06
1.967710000000000000e+06
1.611555000000000000e+06
1.694749000000000000e+06
1.059531000000000000e+06
4.983090000000000000e+05
4.131070000000000000e+05
5.651930000000000000e+05
5.265720000000000000e+05
6.418480000000000000e+05
3.311570000000000000e+05
2.466681000000000000e+06
5.926580000000000000e+05
1.462360000000000000e+05
2.563910000000000000e+05
3.776960000000000000e+05
1.972390000000000000e+05
1.835550000000000000e+05
8.670100000000000000e+04
3.287780000000000000e+05
2.910650000000000000e+05
1.771040000000000000e+05
2.265920000000000000e+05
1.841848000000000000e+06
6.679260000000000000e+05
1.788370000000000000e+05
1.749410000000000000e+05
4.607800000000000000e+05
1.235400000000000000e+05
2.706460000000000000e+05
2.343170000000000000e+05
2.154210000000000000e+05
1.427760000000000000e+05
1.407070000000000000e+05
3.151000000000000000e+04
2.014934000000000000e+06
4.345600000000000000e+05
1.551220000000000000e+05
5.533290000000000000e+05
1.069707000000000000e+06
1.462638000000000000e+06
2.812480000000000000e+06
3.861775000000000000e+06
4.200751000000000000e+06
5.230675000000000000e+06
5.139514000000000000e+06
3.979436000000000000e+06
4.220191000000000000e+06
1.859455000000000000e+06
1.571677000000000000e+06
1.392866000000000000e+06
2.361236000000000000e+06
1.797082000000000000e+06
7.907840000000000000e+05
1.459736000000000000e+06
1.853913000000000000e+06
1.319053000000000000e+06
5.303390000000000000e+05
8.079120000000000000e+05
3.010973000000000000e+06
7.243350000000000000e+05
2.078620000000000000e+05
8.020590000000000000e+05
9.750760000000000000e+05
4.069980000000000000e+05
