1.224723000000000000e+06
1.033369000000000000e+06
1.376622000000000000e+06
1.965714000000000000e+06
2.783456000000000000e+06
6.005326000000000000e+06
4.052675000000000000e+06
3.453633000000000000e+06
3.498993000000000000e+06
2.976681000000000000e+06
1.965030000000000000e+06
3.173496000000000000e+06
4.051272000000000000e+06
2.693095000000000000e+06
1.238780000000000000e+06
1.685753000000000000e+06
2.244474000000000000e+06
4.734442000000000000e+06
1.805521000000000000e+06
2.341211000000000000e+06
1.555097000000000000e+06
1.739558000000000000e+06
3.538352000000000000e+06
2.612194000000000000e+06
2.198406000000000000e+06
3.001968000000000000e+06
2.467469000000000000e+06
1.967967000000000000e+06
1.721964000000000000e+06
4.149134000000000000e+06
1.949676000000000000e+06
2.229611000000000000e+06
2.608621000000000000e+06
2.363675000000000000e+06
2.679059000000000000e+06
3.016325000000000000e+06
3.226515000000000000e+06
3.483496000000000000e+06
4.038505000000000000e+06
2.129876000000000000e+06
2.416065000000000000e+06
4.948523000000000000e+06
2.061987000000000000e+06
2.408006000000000000e+06
3.497586000000000000e+06
2.576661000000000000e+06
1.587225000000000000e+06
1.477520000000000000e+06
1.472884000000000000e+06
2.019562000000000000e+06
2.396016000000000000e+06
2.380345000000000000e+06
3.271340000000000000e+06
5.397744000000000000e+06
3.444257000000000000e+06
3.166508000000000000e+06
2.152363000000000000e+06
2.417501000000000000e+06
3.717450000000000000e+06
4.875222000000000000e+06
5.125044000000000000e+06
5.181265000000000000e+06
5.503204000000000000e+06
4.014025000000000000e+06
1.451534000000000000e+06
5.995823000000000000e+06
5.651918000000000000e+06
5.439062000000000000e+06
4.805589000000000000e+06
4.162323000000000000e+06
3.199800000000000000e+06
2.887911000000000000e+06
1.304874000000000000e+06
1.880324000000000000e+06
3.510110000000000000e+06
3.917838000000000000e+06
3.642854000000000000e+06
6.502816000000000000e+06
4.502181000000000000e+06
4.033815000000000000e+06
1.941461000000000000e+06
2.120890000000000000e+06
3.919383000000000000e+06
2.265952000000000000e+06
2.054528000000000000e+06
2.299948000000000000e+06
3.019377000000000000e+06
3.462511000000000000e+06
3.305612000000000000e+06
4.852421000000000000e+06
2.310518000000000000e+06
1.840861000000000000e+06
1.060885000000000000e+06
7.655940000000000000e+05
1.195833000000000000e+06
1.847259000000000000e+06
2.191954000000000000e+06
2.055813000000000000e+06
1.725798000000000000e+06
1.553661000000000000e+06
1.387322000000000000e+06
3.266367000000000000e+06
7.963350000000000000e+05
5.204800000000000000e+05
8.073800000000000000e+05
9.875250000000000000e+05
1.149779000000000000e+06
1.745184000000000000e+06
4.791590000000000000e+05
3.221360000000000000e+05
2.426440000000000000e+05
6.016370000000000000e+05
1.187335000000000000e+06
2.686211000000000000e+06
7.686920000000000000e+05
7.071950000000000000e+05
8.110920000000000000e+05
6.071160000000000000e+05
1.038532000000000000e+06
2.147446000000000000e+06
7.007400000000000000e+05
1.333147000000000000e+06
6.391600000000000000e+05
7.016970000000000000e+05
4.486220000000000000e+05
2.711750000000000000e+06
1.110822000000000000e+06
1.192259000000000000e+06
7.430950000000000000e+05
1.584049000000000000e+06
3.923887000000000000e+06
4.099056000000000000e+06
3.122639000000000000e+06
1.774557000000000000e+06
1.693852000000000000e+06
1.284063000000000000e+06
1.168219000000000000e+06
2.936543000000000000e+06
1.140120000000000000e+06
1.009138000000000000e+06
1.672119000000000000e+06
1.741067000000000000e+06
7.073110000000000000e+05
1.001387000000000000e+06
1.370344000000000000e+06
5.716590000000000000e+05
1.726928000000000000e+06
1.624402000000000000e+06
1.415355000000000000e+06
