1.447916000000000000e+06
1.075397000000000000e+06
7.880690000000000000e+05
7.339410000000000000e+05
4.917220000000000000e+05
8.341720000000000000e+05
6.928100000000000000e+05
8.472430000000000000e+05
1.461380000000000000e+06
2.612407000000000000e+06
3.659616000000000000e+06
5.956922000000000000e+06
3.783183000000000000e+06
3.395835000000000000e+06
2.698861000000000000e+06
1.627025000000000000e+06
1.019956000000000000e+06
1.734141000000000000e+06
2.675471000000000000e+06
3.007839000000000000e+06
3.561486000000000000e+06
3.353449000000000000e+06
3.536703000000000000e+06
4.977345000000000000e+06
1.625698000000000000e+06
3.769040000000000000e+05
5.269990000000000000e+05
5.556860000000000000e+05
5.105540000000000000e+05
8.035120000000000000e+05
9.809800000000000000e+05
6.211410000000000000e+05
9.047280000000000000e+05
5.453020000000000000e+05
4.967760000000000000e+05
2.842636000000000000e+06
7.131760000000000000e+05
5.972780000000000000e+05
3.429380000000000000e+05
3.319250000000000000e+05
1.771820000000000000e+05
2.245880000000000000e+05
5.069800000000000000e+05
2.007150000000000000e+05
1.207800000000000000e+05
5.169980000000000000e+05
2.888730000000000000e+05
2.311535000000000000e+06
4.543640000000000000e+05
3.659700000000000000e+05
3.757870000000000000e+05
3.870430000000000000e+05
2.096010000000000000e+05
2.353980000000000000e+05
7.129020000000000000e+05
8.328680000000000000e+05
4.595700000000000000e+05
6.028580000000000000e+05
1.261439000000000000e+06
3.340271000000000000e+06
2.494130000000000000e+06
2.663702000000000000e+06
2.975509000000000000e+06
3.029804000000000000e+06
2.640915000000000000e+06
2.586158000000000000e+06
3.160097000000000000e+06
2.709658000000000000e+06
4.062659000000000000e+06
4.594052000000000000e+06
3.633157000000000000e+06
5.927062000000000000e+06
2.585954000000000000e+06
1.891368000000000000e+06
2.952660000000000000e+06
5.139211000000000000e+06
6.494043000000000000e+06
5.501774000000000000e+06
5.717733000000000000e+06
3.853836000000000000e+06
2.785433000000000000e+06
3.463695000000000000e+06
2.546025000000000000e+06
5.088250000000000000e+06
3.891785000000000000e+06
3.513637000000000000e+06
4.163684000000000000e+06
5.437969000000000000e+06
4.357403000000000000e+06
2.845125000000000000e+06
1.915135000000000000e+06
8.637600000000000000e+05
1.587332000000000000e+06
1.242906000000000000e+06
5.812770000000000000e+05
3.239012000000000000e+06
1.653554000000000000e+06
1.395536000000000000e+06
8.331510000000000000e+05
4.250130000000000000e+05
9.648590000000000000e+05
8.263740000000000000e+05
6.704950000000000000e+05
1.068309000000000000e+06
5.174620000000000000e+05
2.438530000000000000e+05
4.961550000000000000e+05
2.367875000000000000e+06
9.197520000000000000e+05
5.098920000000000000e+05
8.537250000000000000e+05
1.070433000000000000e+06
9.853360000000000000e+05
4.472380000000000000e+05
6.157790000000000000e+05
8.133780000000000000e+05
1.143485000000000000e+06
1.339063000000000000e+06
9.818570000000000000e+05
2.352775000000000000e+06
4.584560000000000000e+05
3.010160000000000000e+05
2.600540000000000000e+05
3.539000000000000000e+05
7.151300000000000000e+05
8.221710000000000000e+05
9.917030000000000000e+05
1.407293000000000000e+06
8.992070000000000000e+05
3.445390000000000000e+05
7.717890000000000000e+05
2.736271000000000000e+06
1.394656000000000000e+06
5.305220000000000000e+05
2.046520000000000000e+05
5.642240000000000000e+05
7.164360000000000000e+05
2.013990000000000000e+05
6.567840000000000000e+05
1.387940000000000000e+06
7.280670000000000000e+05
7.412540000000000000e+05
9.848190000000000000e+05
3.294797000000000000e+06
1.959180000000000000e+06
2.205214000000000000e+06
1.949710000000000000e+06
3.468570000000000000e+06
2.731392000000000000e+06
