1.596174000000000000e+06
1.454298000000000000e+06
2.382659000000000000e+06
3.113907000000000000e+06
3.130517000000000000e+06
4.688121000000000000e+06
2.299788000000000000e+06
2.518418000000000000e+06
2.706239000000000000e+06
3.091411000000000000e+06
2.946593000000000000e+06
3.056786000000000000e+06
2.405589000000000000e+06
1.650307000000000000e+06
1.108263000000000000e+06
1.497667000000000000e+06
1.907741000000000000e+06
4.445531000000000000e+06
3.209680000000000000e+06
1.998546000000000000e+06
8.107670000000000000e+05
6.249870000000000000e+05
1.031879000000000000e+06
1.056334000000000000e+06
7.538770000000000000e+05
5.521130000000000000e+05
3.161700000000000000e+05
8.361560000000000000e+05
1.705743000000000000e+06
4.536015000000000000e+06
2.516731000000000000e+06
2.199774000000000000e+06
1.760986000000000000e+06
1.891390000000000000e+06
1.431597000000000000e+06
1.420488000000000000e+06
1.069241000000000000e+06
1.181187000000000000e+06
1.561041000000000000e+06
2.322427000000000000e+06
2.090931000000000000e+06
3.987471000000000000e+06
2.578687000000000000e+06
2.818580000000000000e+06
1.798611000000000000e+06
7.338270000000000000e+05
3.743120000000000000e+05
8.371380000000000000e+05
6.613140000000000000e+05
9.627840000000000000e+05
2.894300000000000000e+05
5.984170000000000000e+05
6.325650000000000000e+05
2.418845000000000000e+06
7.937880000000000000e+05
8.129140000000000000e+05
1.549142000000000000e+06
1.602565000000000000e+06
2.123113000000000000e+06
2.257628000000000000e+06
1.676757000000000000e+06
1.303254000000000000e+06
1.767310000000000000e+06
2.462269000000000000e+06
2.706689000000000000e+06
5.418549000000000000e+06
3.033030000000000000e+06
2.182499000000000000e+06
2.001239000000000000e+06
1.369107000000000000e+06
1.081726000000000000e+06
1.842297000000000000e+06
1.986424000000000000e+06
2.047123000000000000e+06
1.515614000000000000e+06
1.938493000000000000e+06
1.948421000000000000e+06
4.039631000000000000e+06
1.297951000000000000e+06
1.510641000000000000e+06
1.462759000000000000e+06
1.254813000000000000e+06
1.584115000000000000e+06
2.014726000000000000e+06
2.112249000000000000e+06
1.956598000000000000e+06
2.057800000000000000e+06
1.885924000000000000e+06
1.692851000000000000e+06
3.541768000000000000e+06
1.579247000000000000e+06
1.038624000000000000e+06
8.141820000000000000e+05
6.461150000000000000e+05
6.643950000000000000e+05
1.200828000000000000e+06
1.345376000000000000e+06
5.391860000000000000e+05
5.499080000000000000e+05
1.340564000000000000e+06
8.196850000000000000e+05
2.722370000000000000e+06
7.916530000000000000e+05
7.178490000000000000e+05
4.625910000000000000e+05
5.892070000000000000e+05
1.421264000000000000e+06
3.205549000000000000e+06
4.214149000000000000e+06
4.439130000000000000e+06
4.382921000000000000e+06
3.350971000000000000e+06
2.246101000000000000e+06
4.102614000000000000e+06
1.714990000000000000e+06
1.160984000000000000e+06
1.598620000000000000e+06
1.432963000000000000e+06
2.458427000000000000e+06
2.863312000000000000e+06
2.666884000000000000e+06
3.203855000000000000e+06
3.362044000000000000e+06
3.727232000000000000e+06
3.571502000000000000e+06
5.546356000000000000e+06
3.472696000000000000e+06
3.548404000000000000e+06
2.070413000000000000e+06
1.741304000000000000e+06
1.717777000000000000e+06
1.476139000000000000e+06
7.909560000000000000e+05
1.434352000000000000e+06
7.274740000000000000e+05
1.377234000000000000e+06
1.842477000000000000e+06
3.483418000000000000e+06
1.288412000000000000e+06
7.215040000000000000e+05
1.351808000000000000e+06
2.019035000000000000e+06
2.414276000000000000e+06
2.775075000000000000e+06
2.223202000000000000e+06
1.477181000000000000e+06
1.142674000000000000e+06
7.240130000000000000e+05
3.694120000000000000e+05
