7.898620000000000000e+05
1.185166000000000000e+06
9.374970000000000000e+05
1.033143000000000000e+06
7.643160000000000000e+05
9.599210000000000000e+05
7.304390000000000000e+05
7.836720000000000000e+05
3.048000000000000000e+05
5.239840000000000000e+05
6.691120000000000000e+05
2.770161000000000000e+06
1.320123000000000000e+06
1.567992000000000000e+06
1.699920000000000000e+06
1.894968000000000000e+06
3.682733000000000000e+06
5.108493000000000000e+06
6.075337000000000000e+06
6.868393000000000000e+06
7.330042000000000000e+06
9.852871000000000000e+06
6.138097000000000000e+06
5.746488000000000000e+06
2.959074000000000000e+06
1.630356000000000000e+06
2.060192000000000000e+06
2.093787000000000000e+06
1.712865000000000000e+06
1.379367000000000000e+06
1.170448000000000000e+06
1.002477000000000000e+06
8.402480000000000000e+05
8.256780000000000000e+05
8.229370000000000000e+05
3.008427000000000000e+06
9.104970000000000000e+05
1.092708000000000000e+06
8.988800000000000000e+05
9.871770000000000000e+05
9.372370000000000000e+05
1.240327000000000000e+06
1.838888000000000000e+06
1.991897000000000000e+06
2.014716000000000000e+06
1.991170000000000000e+06
3.976970000000000000e+06
5.345742000000000000e+06
3.581319000000000000e+06
4.768221000000000000e+06
1.708165000000000000e+06
1.650489000000000000e+06
3.910211000000000000e+06
1.763110000000000000e+06
1.163231000000000000e+06
9.806380000000000000e+05
1.161718000000000000e+06
1.976745000000000000e+06
2.901071000000000000e+06
4.763539000000000000e+06
2.194396000000000000e+06
2.144922000000000000e+06
1.656197000000000000e+06
8.665560000000000000e+05
9.958830000000000000e+05
1.057961000000000000e+06
6.015020000000000000e+05
7.958970000000000000e+05
1.470638000000000000e+06
9.221880000000000000e+05
3.568720000000000000e+05
2.949274000000000000e+06
8.219970000000000000e+05
2.519910000000000000e+05
3.475360000000000000e+05
3.566390000000000000e+05
1.065582000000000000e+06
6.552240000000000000e+05
4.399040000000000000e+05
1.256359000000000000e+06
1.075705000000000000e+06
2.961650000000000000e+05
2.979170000000000000e+05
2.515286000000000000e+06
6.371570000000000000e+05
2.011790000000000000e+05
1.993240000000000000e+05
1.752550000000000000e+05
1.665190000000000000e+05
3.008080000000000000e+05
4.167240000000000000e+05
1.251590000000000000e+05
3.617470000000000000e+05
5.356870000000000000e+05
1.229590000000000000e+05
2.094386000000000000e+06
7.036240000000000000e+05
6.440070000000000000e+05
5.154030000000000000e+05
2.361810000000000000e+05
1.827450000000000000e+05
1.510770000000000000e+05
5.705390000000000000e+05
1.404729000000000000e+06
5.324200000000000000e+04
2.002468000000000000e+06
1.035021000000000000e+06
2.578165000000000000e+06
1.276015000000000000e+06
9.635540000000000000e+05
1.459517000000000000e+06
9.230700000000000000e+05
5.169850000000000000e+05
6.115790000000000000e+05
5.418160000000000000e+05
2.940060000000000000e+05
7.095120000000000000e+05
1.073418000000000000e+06
1.728965000000000000e+06
3.127050000000000000e+06
1.266765000000000000e+06
9.499330000000000000e+05
5.573120000000000000e+05
1.075298000000000000e+06
1.184242000000000000e+06
1.663390000000000000e+06
2.167558000000000000e+06
1.707743000000000000e+06
7.582780000000000000e+05
3.037920000000000000e+05
4.083000000000000000e+05
2.337176000000000000e+06
3.707480000000000000e+05
9.595700000000000000e+04
8.491600000000000000e+04
3.377340000000000000e+05
3.638500000000000000e+05
3.691640000000000000e+05
4.270470000000000000e+05
4.021410000000000000e+05
1.681160000000000000e+05
1.939910000000000000e+05
1.522660000000000000e+05
1.964013000000000000e+06
5.424960000000000000e+05
5.854410000000000000e+05
2.408940000000000000e+05
5.340800000000000000e+04
5.199200000000000000e+04
