4.152580000000000000e+05
3.662860000000000000e+05
1.646920000000000000e+05
7.968800000000000000e+04
1.511470000000000000e+05
1.820598000000000000e+06
3.654320000000000000e+05
7.510400000000000000e+04
5.825600000000000000e+04
1.041450000000000000e+05
2.707610000000000000e+05
7.073740000000000000e+05
3.807680000000000000e+05
3.982580000000000000e+05
1.153890000000000000e+05
1.458370000000000000e+05
2.237410000000000000e+05
1.743425000000000000e+06
5.078410000000000000e+05
1.625520000000000000e+05
2.352710000000000000e+05
6.747610000000000000e+05
5.801790000000000000e+05
7.065370000000000000e+05
7.608850000000000000e+05
3.558580000000000000e+05
7.198710000000000000e+05
8.697470000000000000e+05
1.254308000000000000e+06
2.434540000000000000e+06
1.284435000000000000e+06
1.395912000000000000e+06
9.695520000000000000e+05
1.187022000000000000e+06
1.954433000000000000e+06
2.617348000000000000e+06
1.719060000000000000e+06
4.492080000000000000e+05
6.847170000000000000e+05
4.385090000000000000e+05
3.841150000000000000e+05
2.416379000000000000e+06
4.911420000000000000e+05
3.989680000000000000e+05
4.246160000000000000e+05
6.035890000000000000e+05
4.052790000000000000e+05
7.504540000000000000e+05
4.853700000000000000e+05
5.459020000000000000e+05
2.754490000000000000e+05
5.364540000000000000e+05
3.083330000000000000e+05
2.254587000000000000e+06
4.107200000000000000e+05
1.726230000000000000e+05
3.571990000000000000e+05
8.464760000000000000e+05
1.062052000000000000e+06
1.568163000000000000e+06
1.067283000000000000e+06
8.528660000000000000e+05
1.084126000000000000e+06
8.046570000000000000e+05
8.036030000000000000e+05
2.612381000000000000e+06
6.972740000000000000e+05
8.128320000000000000e+05
9.638660000000000000e+05
8.538730000000000000e+05
7.069120000000000000e+05
1.087365000000000000e+06
4.858470000000000000e+05
3.560320000000000000e+05
4.017260000000000000e+05
3.649800000000000000e+05
3.307220000000000000e+05
2.275557000000000000e+06
8.411230000000000000e+05
6.939800000000000000e+05
8.267410000000000000e+05
7.033400000000000000e+05
5.369340000000000000e+05
7.642770000000000000e+05
5.778160000000000000e+05
6.467390000000000000e+05
6.005090000000000000e+05
4.992410000000000000e+05
3.240590000000000000e+05
2.411053000000000000e+06
6.617500000000000000e+05
4.110590000000000000e+05
1.693980000000000000e+05
1.927350000000000000e+05
4.107620000000000000e+05
8.072210000000000000e+05
6.917460000000000000e+05
8.582340000000000000e+05
9.046550000000000000e+05
1.201512000000000000e+06
1.282136000000000000e+06
2.977282000000000000e+06
1.315449000000000000e+06
5.877160000000000000e+05
1.650012000000000000e+06
1.335880000000000000e+06
1.189758000000000000e+06
2.016187000000000000e+06
1.958759000000000000e+06
2.566160000000000000e+06
2.196263000000000000e+06
2.197289000000000000e+06
2.147109000000000000e+06
3.854865000000000000e+06
2.207926000000000000e+06
1.880582000000000000e+06
1.262586000000000000e+06
1.245629000000000000e+06
9.830000000000000000e+05
1.509122000000000000e+06
1.708445000000000000e+06
2.335280000000000000e+06
3.036225000000000000e+06
2.695077000000000000e+06
2.654469000000000000e+06
4.230449000000000000e+06
1.555577000000000000e+06
1.095078000000000000e+06
8.927310000000000000e+05
4.578410000000000000e+05
5.510900000000000000e+05
1.052221000000000000e+06
5.237640000000000000e+05
9.967290000000000000e+05
1.960225000000000000e+06
3.116054000000000000e+06
5.521809000000000000e+06
6.570512000000000000e+06
4.738788000000000000e+06
3.179433000000000000e+06
1.915557000000000000e+06
3.531544000000000000e+06
4.921297000000000000e+06
5.161248000000000000e+06
4.535999000000000000e+06
2.794391000000000000e+06
1.801041000000000000e+06
8.211790000000000000e+05
6.443820000000000000e+05
