2.474512000000000000e+06
1.419024000000000000e+06
9.966330000000000000e+05
1.037294000000000000e+06
2.054790000000000000e+06
2.624688000000000000e+06
2.686729000000000000e+06
2.569620000000000000e+06
2.126471000000000000e+06
1.100735000000000000e+06
6.226380000000000000e+05
3.228936000000000000e+06
1.155405000000000000e+06
1.518669000000000000e+06
6.297370000000000000e+05
5.601890000000000000e+05
1.300977000000000000e+06
6.127740000000000000e+05
2.271000000000000000e+05
4.530110000000000000e+05
4.009450000000000000e+05
4.622380000000000000e+05
4.665690000000000000e+05
2.795216000000000000e+06
7.336330000000000000e+05
6.380790000000000000e+05
1.141540000000000000e+06
3.418470000000000000e+05
2.591480000000000000e+05
5.937600000000000000e+05
1.614500000000000000e+05
1.647720000000000000e+05
6.254800000000000000e+05
3.229570000000000000e+05
4.418680000000000000e+05
2.328900000000000000e+06
7.108480000000000000e+05
1.932580000000000000e+05
2.655490000000000000e+05
1.930120000000000000e+05
1.684370000000000000e+05
4.425430000000000000e+05
3.636180000000000000e+05
3.965640000000000000e+05
2.311560000000000000e+05
3.946890000000000000e+05
1.749330000000000000e+05
1.908820000000000000e+06
4.910980000000000000e+05
6.388980000000000000e+05
6.130030000000000000e+05
2.082710000000000000e+05
8.769800000000000000e+04
1.529510000000000000e+05
1.897120000000000000e+05
4.493280000000000000e+05
2.660630000000000000e+05
2.905020000000000000e+05
1.777970000000000000e+05
2.098404000000000000e+06
4.486900000000000000e+05
3.080260000000000000e+05
3.394410000000000000e+05
1.205790000000000000e+05
2.097720000000000000e+05
4.008180000000000000e+05
9.463750000000000000e+05
4.028830000000000000e+05
1.310560000000000000e+05
5.727350000000000000e+05
2.963090000000000000e+05
2.759009000000000000e+06
1.487517000000000000e+06
4.163490000000000000e+05
3.100890000000000000e+05
4.429500000000000000e+05
2.094710000000000000e+05
1.092873000000000000e+06
6.549780000000000000e+05
7.560000000000000000e+05
9.921210000000000000e+05
5.105110000000000000e+05
1.841330000000000000e+05
2.388693000000000000e+06
5.099140000000000000e+05
4.219480000000000000e+05
1.289080000000000000e+05
1.136620000000000000e+05
1.241650000000000000e+05
3.162930000000000000e+05
1.768420000000000000e+05
3.021040000000000000e+05
2.865780000000000000e+05
2.967410000000000000e+05
3.792410000000000000e+05
1.958672000000000000e+06
4.028800000000000000e+05
5.417960000000000000e+05
6.054710000000000000e+05
2.222520000000000000e+05
1.496390000000000000e+05
2.297760000000000000e+05
1.669200000000000000e+05
6.723070000000000000e+05
5.443560000000000000e+05
5.266930000000000000e+05
6.887960000000000000e+05
2.226530000000000000e+06
7.293380000000000000e+05
4.017300000000000000e+05
2.601960000000000000e+05
2.918990000000000000e+05
2.699820000000000000e+05
2.772690000000000000e+05
6.016340000000000000e+05
2.935830000000000000e+05
4.261670000000000000e+05
2.496730000000000000e+05
3.176790000000000000e+05
1.915018000000000000e+06
4.065170000000000000e+05
2.992310000000000000e+05
1.980570000000000000e+05
1.885550000000000000e+05
5.809420000000000000e+05
7.077700000000000000e+04
5.337470000000000000e+05
3.398870000000000000e+05
1.391400000000000000e+05
2.178470000000000000e+05
1.997470000000000000e+05
2.312165000000000000e+06
4.938390000000000000e+05
4.139620000000000000e+05
5.154210000000000000e+05
1.157694000000000000e+06
1.078200000000000000e+06
1.269130000000000000e+06
1.329868000000000000e+06
1.292173000000000000e+06
1.006484000000000000e+06
1.173270000000000000e+06
1.149257000000000000e+06
3.348362000000000000e+06
1.862231000000000000e+06
1.546888000000000000e+06
1.131300000000000000e+06
1.053427000000000000e+06
1.224783000000000000e+06
