1.238901000000000000e+06
1.079649000000000000e+06
1.194656000000000000e+06
1.064218000000000000e+06
9.157230000000000000e+05
3.139884000000000000e+06
1.376060000000000000e+06
1.486651000000000000e+06
1.831648000000000000e+06
1.483638000000000000e+06
1.629734000000000000e+06
1.913859000000000000e+06
2.657890000000000000e+06
3.716132000000000000e+06
3.378718000000000000e+06
2.734686000000000000e+06
1.564310000000000000e+06
3.149781000000000000e+06
1.890984000000000000e+06
3.260743000000000000e+06
2.791296000000000000e+06
2.737736000000000000e+06
1.528454000000000000e+06
2.059502000000000000e+06
2.204052000000000000e+06
2.029082000000000000e+06
1.681319000000000000e+06
1.402075000000000000e+06
1.027531000000000000e+06
3.438486000000000000e+06
1.876411000000000000e+06
3.003667000000000000e+06
2.652521000000000000e+06
1.787420000000000000e+06
1.259862000000000000e+06
1.376544000000000000e+06
4.222830000000000000e+05
2.308200000000000000e+05
3.861420000000000000e+05
8.981810000000000000e+05
7.867730000000000000e+05
2.744346000000000000e+06
5.818880000000000000e+05
2.596550000000000000e+05
8.380700000000000000e+04
2.231030000000000000e+05
6.266050000000000000e+05
1.094322000000000000e+06
7.213890000000000000e+05
1.719958000000000000e+06
2.613540000000000000e+06
4.012458000000000000e+06
5.198582000000000000e+06
6.331195000000000000e+06
4.167193000000000000e+06
3.294159000000000000e+06
2.208580000000000000e+05
1.709779000000000000e+06
1.170272000000000000e+06
1.609361000000000000e+06
1.072948000000000000e+06
6.915560000000000000e+05
1.173300000000000000e+06
8.072560000000000000e+05
1.201165000000000000e+06
3.639692000000000000e+06
1.957312000000000000e+06
1.911327000000000000e+06
1.775915000000000000e+06
3.129379000000000000e+06
4.118714000000000000e+06
4.854950000000000000e+06
5.550330000000000000e+06
2.590428000000000000e+06
3.467560000000000000e+06
3.882379000000000000e+06
4.842424000000000000e+06
7.656949000000000000e+06
5.210831000000000000e+06
3.032979000000000000e+06
3.362571000000000000e+06
3.131104000000000000e+06
2.336198000000000000e+06
3.975342000000000000e+06
6.219648000000000000e+06
6.998908000000000000e+06
6.206337000000000000e+06
3.636415000000000000e+06
1.933549000000000000e+06
3.553035000000000000e+06
1.990602000000000000e+06
1.247611000000000000e+06
1.257240000000000000e+06
1.030766000000000000e+06
1.394852000000000000e+06
1.994983000000000000e+06
2.359998000000000000e+06
2.968471000000000000e+06
2.680874000000000000e+06
2.128823000000000000e+06
1.006931000000000000e+06
3.106725000000000000e+06
9.079090000000000000e+05
1.871221000000000000e+06
2.044972000000000000e+06
1.869903000000000000e+06
1.294762000000000000e+06
1.539650000000000000e+06
6.871450000000000000e+05
2.391130000000000000e+05
9.008980000000000000e+05
1.755657000000000000e+06
1.436885000000000000e+06
3.221080000000000000e+06
1.417044000000000000e+06
1.293998000000000000e+06
7.008700000000000000e+05
2.957270000000000000e+05
2.135830000000000000e+05
7.760000000000000000e+05
2.628910000000000000e+05
4.164720000000000000e+05
6.179620000000000000e+05
2.621240000000000000e+05
3.984740000000000000e+05
2.473696000000000000e+06
3.719520000000000000e+05
1.513470000000000000e+05
1.060190000000000000e+05
1.678150000000000000e+05
1.598150000000000000e+05
6.402290000000000000e+05
3.394780000000000000e+05
2.687970000000000000e+05
2.407140000000000000e+05
1.184500000000000000e+05
1.201510000000000000e+05
1.826388000000000000e+06
3.773800000000000000e+05
2.794470000000000000e+05
1.643240000000000000e+05
1.803520000000000000e+05
3.753280000000000000e+05
5.419860000000000000e+05
3.051800000000000000e+05
6.039640000000000000e+05
4.164230000000000000e+05
5.692840000000000000e+05
4.592220000000000000e+05
