4.593550000000000000e+05
3.263000000000000000e+05
4.538830000000000000e+05
3.970690000000000000e+05
6.722690000000000000e+05
1.021737000000000000e+06
9.370220000000000000e+05
1.068435000000000000e+06
8.800400000000000000e+05
6.044500000000000000e+05
5.303340000000000000e+05
2.495868000000000000e+06
1.856650000000000000e+06
1.761577000000000000e+06
1.287675000000000000e+06
1.245551000000000000e+06
1.842030000000000000e+06
6.539410000000000000e+05
1.752700000000000000e+05
1.928190000000000000e+05
3.018950000000000000e+05
4.016230000000000000e+05
7.163900000000000000e+04
2.361335000000000000e+06
3.767670000000000000e+05
1.216670000000000000e+05
1.222630000000000000e+05
1.204500000000000000e+05
6.475600000000000000e+04
3.402120000000000000e+05
3.279510000000000000e+05
1.692610000000000000e+05
1.669380000000000000e+05
2.245210000000000000e+05
4.309120000000000000e+05
2.516712000000000000e+06
1.153030000000000000e+06
9.659800000000000000e+05
4.277340000000000000e+05
6.290330000000000000e+05
7.434230000000000000e+05
3.655510000000000000e+05
1.080920000000000000e+05
1.891270000000000000e+05
3.811130000000000000e+05
7.785230000000000000e+05
7.720790000000000000e+05
2.852493000000000000e+06
1.831546000000000000e+06
1.227846000000000000e+06
9.275930000000000000e+05
5.800780000000000000e+05
2.832880000000000000e+05
5.623740000000000000e+05
5.124920000000000000e+05
2.714480000000000000e+05
3.472070000000000000e+05
3.156330000000000000e+05
1.835590000000000000e+05
2.336560000000000000e+06
5.486010000000000000e+05
3.552150000000000000e+05
2.262940000000000000e+05
1.369300000000000000e+05
3.000410000000000000e+05
6.139210000000000000e+05
1.515860000000000000e+05
5.326150000000000000e+05
3.880550000000000000e+05
3.243590000000000000e+05
1.699450000000000000e+05
2.065854000000000000e+06
4.484320000000000000e+05
2.601760000000000000e+05
2.060120000000000000e+05
5.755080000000000000e+05
6.632280000000000000e+05
1.253530000000000000e+05
2.812330000000000000e+05
4.561990000000000000e+05
2.602060000000000000e+05
1.343880000000000000e+05
2.260830000000000000e+05
2.138273000000000000e+06
6.092500000000000000e+05
1.494490000000000000e+05
4.071360000000000000e+05
3.263450000000000000e+05
5.524570000000000000e+05
1.601610000000000000e+05
1.695120000000000000e+05
1.528870000000000000e+05
3.211910000000000000e+05
4.700400000000000000e+05
6.152410000000000000e+05
2.492162000000000000e+06
7.676380000000000000e+05
9.664800000000000000e+05
8.195910000000000000e+05
7.543380000000000000e+05
2.878520000000000000e+05
5.385910000000000000e+05
3.548170000000000000e+05
7.121250000000000000e+05
4.692530000000000000e+05
3.090900000000000000e+05
4.262550000000000000e+05
2.326176000000000000e+06
8.770800000000000000e+05
5.664700000000000000e+05
6.095930000000000000e+05
6.546730000000000000e+05
7.462040000000000000e+05
5.427500000000000000e+05
7.532520000000000000e+05
5.101650000000000000e+05
5.646690000000000000e+05
9.501520000000000000e+05
7.612020000000000000e+05
2.629908000000000000e+06
1.006244000000000000e+06
1.034522000000000000e+06
1.185952000000000000e+06
1.113789000000000000e+06
1.080412000000000000e+06
1.300986000000000000e+06
2.090968000000000000e+06
2.448356000000000000e+06
2.567739000000000000e+06
2.969147000000000000e+06
2.487143000000000000e+06
2.835233000000000000e+06
7.486670000000000000e+05
3.616500000000000000e+05
5.742070000000000000e+05
5.726880000000000000e+05
3.900750000000000000e+05
3.386730000000000000e+05
3.750660000000000000e+05
3.687000000000000000e+05
4.405380000000000000e+05
1.988270000000000000e+05
3.431180000000000000e+05
2.484074000000000000e+06
7.346960000000000000e+05
4.588090000000000000e+05
7.750600000000000000e+05
7.373690000000000000e+05
7.453550000000000000e+05
