5.072290000000000000e+05
2.719830000000000000e+05
3.247270000000000000e+05
8.758880000000000000e+05
7.967480000000000000e+05
8.680780000000000000e+05
1.096992000000000000e+06
1.421410000000000000e+06
1.363408000000000000e+06
1.085773000000000000e+06
7.424880000000000000e+05
2.877063000000000000e+06
9.840240000000000000e+05
9.018470000000000000e+05
1.047735000000000000e+06
7.320040000000000000e+05
4.351568000000000000e+06
5.618326000000000000e+06
5.339437000000000000e+06
5.121953000000000000e+06
4.357868000000000000e+06
3.889895000000000000e+06
2.990624000000000000e+06
4.476675000000000000e+06
1.544469000000000000e+06
1.766160000000000000e+06
1.997525000000000000e+06
1.168285000000000000e+06
2.134931000000000000e+06
1.734550000000000000e+06
1.634680000000000000e+06
2.054847000000000000e+06
1.922329000000000000e+06
1.219946000000000000e+06
1.030549000000000000e+06
3.383946000000000000e+06
5.564780000000000000e+05
6.054290000000000000e+05
7.908660000000000000e+05
1.925069000000000000e+06
3.400578000000000000e+06
5.641487000000000000e+06
5.241273000000000000e+06
4.720782000000000000e+06
4.079356000000000000e+06
4.025058000000000000e+06
3.537330000000000000e+06
5.155678000000000000e+06
2.635280000000000000e+06
1.751022000000000000e+06
1.556941000000000000e+06
1.617104000000000000e+06
1.407594000000000000e+06
1.474399000000000000e+06
3.247613000000000000e+06
4.964482000000000000e+06
5.731473000000000000e+06
3.346706000000000000e+06
2.501783000000000000e+06
2.824953000000000000e+06
1.304068000000000000e+06
1.188231000000000000e+06
5.489480000000000000e+05
7.222340000000000000e+05
1.152680000000000000e+06
2.241996000000000000e+06
2.685803000000000000e+06
1.395164000000000000e+06
7.846920000000000000e+05
1.892421000000000000e+06
2.601559000000000000e+06
4.062394000000000000e+06
1.395483000000000000e+06
7.407250000000000000e+05
1.851650000000000000e+06
1.539527000000000000e+06
6.522610000000000000e+05
1.780930000000000000e+05
3.521960000000000000e+05
6.647880000000000000e+05
1.321939000000000000e+06
1.287392000000000000e+06
6.338310000000000000e+05
2.915612000000000000e+06
1.128092000000000000e+06
1.663314000000000000e+06
1.326001000000000000e+06
1.495236000000000000e+06
4.825220000000000000e+05
3.468330000000000000e+05
1.946540000000000000e+05
1.441920000000000000e+05
3.947320000000000000e+05
5.291650000000000000e+05
2.726460000000000000e+05
2.839837000000000000e+06
5.004970000000000000e+05
2.524040000000000000e+05
1.762530000000000000e+05
3.332690000000000000e+05
4.055680000000000000e+05
6.007430000000000000e+05
7.276070000000000000e+05
3.901550000000000000e+05
3.139580000000000000e+05
7.045230000000000000e+05
3.929030000000000000e+05
2.384236000000000000e+06
5.734910000000000000e+05
3.395100000000000000e+05
5.236120000000000000e+05
2.106480000000000000e+05
2.338660000000000000e+05
3.720330000000000000e+05
2.048980000000000000e+05
2.609200000000000000e+05
2.415410000000000000e+05
1.973820000000000000e+05
1.251620000000000000e+05
1.959849000000000000e+06
4.916420000000000000e+05
2.382220000000000000e+05
2.674700000000000000e+05
6.997700000000000000e+04
3.550660000000000000e+05
6.037890000000000000e+05
3.231930000000000000e+05
4.684190000000000000e+05
1.122756000000000000e+06
9.190470000000000000e+05
2.630769000000000000e+06
4.644674000000000000e+06
2.536815000000000000e+06
4.058917000000000000e+06
4.374898000000000000e+06
3.460679000000000000e+06
1.060889000000000000e+06
1.165348000000000000e+06
7.820650000000000000e+05
6.961310000000000000e+05
6.119510000000000000e+05
4.618890000000000000e+05
5.415070000000000000e+05
3.008969000000000000e+06
1.361720000000000000e+06
2.166081000000000000e+06
2.112975000000000000e+06
2.078154000000000000e+06
1.929718000000000000e+06
