6.762180000000000000e+05
2.425845000000000000e+06
4.768565000000000000e+06
5.171961000000000000e+06
4.805485000000000000e+06
4.513070000000000000e+06
3.706999000000000000e+06
3.237761000000000000e+06
2.722728000000000000e+06
1.921484000000000000e+06
1.709759000000000000e+06
4.393220000000000000e+06
1.604852000000000000e+06
1.384236000000000000e+06
1.456371000000000000e+06
1.661837000000000000e+06
1.906088000000000000e+06
1.949695000000000000e+06
2.168495000000000000e+06
2.717170000000000000e+06
3.110184000000000000e+06
3.307685000000000000e+06
3.766841000000000000e+06
5.413072000000000000e+06
2.681668000000000000e+06
1.772272000000000000e+06
2.201465000000000000e+06
2.690722000000000000e+06
2.379959000000000000e+06
3.374885000000000000e+06
4.276058000000000000e+06
3.892705000000000000e+06
2.232859000000000000e+06
9.510480000000000000e+05
4.532160000000000000e+05
2.723646000000000000e+06
7.064520000000000000e+05
8.114210000000000000e+05
8.484460000000000000e+05
3.274910000000000000e+05
1.502610000000000000e+05
2.259220000000000000e+05
1.558140000000000000e+05
2.287810000000000000e+05
4.150980000000000000e+05
1.684240000000000000e+05
6.681760000000000000e+05
4.117947000000000000e+06
2.419874000000000000e+06
1.906544000000000000e+06
2.149595000000000000e+06
2.494975000000000000e+06
2.914524000000000000e+06
2.616558000000000000e+06
1.554711000000000000e+06
5.218510000000000000e+05
7.136580000000000000e+05
2.007350000000000000e+05
8.866900000000000000e+04
2.320973000000000000e+06
4.965310000000000000e+05
3.918940000000000000e+05
6.602630000000000000e+05
7.312590000000000000e+05
4.654740000000000000e+05
5.051360000000000000e+05
5.656510000000000000e+05
3.575740000000000000e+05
2.545400000000000000e+05
9.843700000000000000e+04
2.306730000000000000e+05
2.579929000000000000e+06
4.293720000000000000e+05
2.599430000000000000e+05
1.769920000000000000e+05
1.694950000000000000e+05
3.578800000000000000e+05
2.712980000000000000e+05
1.923010000000000000e+05
4.140930000000000000e+05
5.157020000000000000e+05
2.724290000000000000e+05
3.839940000000000000e+05
1.943205000000000000e+06
5.717610000000000000e+05
2.155980000000000000e+05
3.831200000000000000e+05
1.048680000000000000e+05
2.755850000000000000e+05
1.251260000000000000e+05
1.061880000000000000e+05
8.724800000000000000e+04
8.959700000000000000e+04
4.903800000000000000e+04
4.489260000000000000e+05
2.053545000000000000e+06
4.761980000000000000e+05
4.764020000000000000e+05
3.842280000000000000e+05
2.078530000000000000e+05
4.589000000000000000e+05
4.747190000000000000e+05
1.067320000000000000e+05
4.146700000000000000e+04
2.274460000000000000e+05
5.387200000000000000e+04
1.004550000000000000e+05
2.012168000000000000e+06
4.959430000000000000e+05
2.301730000000000000e+05
2.368830000000000000e+05
8.687900000000000000e+04
3.055280000000000000e+05
2.955560000000000000e+05
9.424600000000000000e+04
2.423900000000000000e+05
3.494430000000000000e+05
1.155120000000000000e+05
1.350310000000000000e+05
1.920873000000000000e+06
4.237230000000000000e+05
3.649080000000000000e+05
3.108740000000000000e+05
1.031630000000000000e+05
3.138420000000000000e+05
3.615320000000000000e+05
1.764590000000000000e+05
1.801360000000000000e+05
3.964210000000000000e+05
3.929140000000000000e+05
2.363000000000000000e+05
2.196052000000000000e+06
4.674500000000000000e+05
2.022500000000000000e+05
2.807350000000000000e+05
2.968460000000000000e+05
1.799440000000000000e+05
4.129720000000000000e+05
2.250660000000000000e+05
3.848830000000000000e+05
4.166580000000000000e+05
3.975410000000000000e+05
5.443410000000000000e+05
2.338848000000000000e+06
5.940990000000000000e+05
4.885560000000000000e+05
7.035770000000000000e+05
9.983050000000000000e+05
5.807550000000000000e+05
