3.360260000000000000e+05
5.204950000000000000e+05
4.512020000000000000e+05
3.502660000000000000e+05
5.361230000000000000e+05
2.683980000000000000e+06
9.704330000000000000e+05
1.049191000000000000e+06
6.279000000000000000e+05
1.376684000000000000e+06
1.393290000000000000e+06
1.109497000000000000e+06
1.312868000000000000e+06
1.052686000000000000e+06
1.228743000000000000e+06
1.162801000000000000e+06
7.736320000000000000e+05
2.642652000000000000e+06
1.068916000000000000e+06
6.637330000000000000e+05
4.710270000000000000e+05
6.903340000000000000e+05
3.180320000000000000e+05
8.250780000000000000e+05
9.110620000000000000e+05
1.208916000000000000e+06
4.060160000000000000e+05
7.005690000000000000e+05
6.117680000000000000e+05
2.619651000000000000e+06
6.330670000000000000e+05
4.533530000000000000e+05
2.593900000000000000e+05
2.942210000000000000e+05
5.143930000000000000e+05
9.515200000000000000e+05
5.229930000000000000e+05
5.964580000000000000e+05
4.914610000000000000e+05
5.591950000000000000e+05
4.576440000000000000e+05
2.446311000000000000e+06
9.973450000000000000e+05
8.189020000000000000e+05
7.959760000000000000e+05
6.756300000000000000e+05
6.711720000000000000e+05
1.014421000000000000e+06
5.780160000000000000e+05
6.320620000000000000e+05
6.320780000000000000e+05
6.204890000000000000e+05
5.577370000000000000e+05
2.552643000000000000e+06
5.776130000000000000e+05
6.735430000000000000e+05
6.640220000000000000e+05
5.233420000000000000e+05
1.182199000000000000e+06
1.587867000000000000e+06
1.412912000000000000e+06
1.061527000000000000e+06
1.125246000000000000e+06
1.983379000000000000e+06
1.578798000000000000e+06
3.248716000000000000e+06
1.782601000000000000e+06
1.394117000000000000e+06
7.298830000000000000e+05
6.019630000000000000e+05
3.849570000000000000e+05
8.917370000000000000e+05
4.286650000000000000e+05
2.572620000000000000e+05
6.179270000000000000e+05
4.003240000000000000e+05
5.838550000000000000e+05
2.749878000000000000e+06
9.512140000000000000e+05
6.982260000000000000e+05
7.997630000000000000e+05
6.449740000000000000e+05
5.507760000000000000e+05
9.674110000000000000e+05
6.596930000000000000e+05
8.093530000000000000e+05
6.924940000000000000e+05
1.108114000000000000e+06
1.061026000000000000e+06
2.576389000000000000e+06
9.693890000000000000e+05
7.618870000000000000e+05
6.960280000000000000e+05
7.511720000000000000e+05
4.721000000000000000e+05
1.006603000000000000e+06
2.949740000000000000e+05
3.608700000000000000e+05
4.596460000000000000e+05
4.907350000000000000e+05
2.133880000000000000e+05
2.590315000000000000e+06
1.469125000000000000e+06
2.475872000000000000e+06
2.633266000000000000e+06
2.239820000000000000e+06
1.927725000000000000e+06
2.862605000000000000e+06
3.251035000000000000e+06
3.811723000000000000e+06
4.500582000000000000e+06
5.308225000000000000e+06
7.144084000000000000e+06
9.422662000000000000e+06
6.317639000000000000e+06
4.583892000000000000e+06
3.314139000000000000e+06
1.059467000000000000e+06
1.002868000000000000e+06
1.289397000000000000e+06
1.052777000000000000e+06
1.406071000000000000e+06
1.454116000000000000e+06
1.575223000000000000e+06
9.978210000000000000e+05
2.960595000000000000e+06
1.047234000000000000e+06
5.831420000000000000e+05
3.856050000000000000e+05
6.169580000000000000e+05
6.112700000000000000e+05
1.073972000000000000e+06
1.182878000000000000e+06
2.577453000000000000e+06
5.382095000000000000e+06
7.458058000000000000e+06
5.980358000000000000e+06
6.844056000000000000e+06
3.895402000000000000e+06
2.646233000000000000e+06
2.015956000000000000e+06
2.050924000000000000e+06
2.668008000000000000e+06
2.921365000000000000e+06
2.560942000000000000e+06
2.320494000000000000e+06
2.561798000000000000e+06
2.636025000000000000e+06
2.398721000000000000e+06
