2.338260000000000000e+06
2.284338000000000000e+06
1.744305000000000000e+06
1.825564000000000000e+06
1.371619000000000000e+06
2.587239000000000000e+06
1.653740000000000000e+05
3.683024000000000000e+06
2.393860000000000000e+06
2.251475000000000000e+06
2.482739000000000000e+06
4.439389000000000000e+06
3.036826000000000000e+06
3.244614000000000000e+06
3.281332000000000000e+06
2.761511000000000000e+06
2.071172000000000000e+06
1.806760000000000000e+06
2.212016000000000000e+06
1.927480000000000000e+06
1.428299000000000000e+06
1.769953000000000000e+06
2.911441000000000000e+06
6.271759000000000000e+06
4.646081000000000000e+06
3.753220000000000000e+06
3.203358000000000000e+06
3.500065000000000000e+06
2.673147000000000000e+06
2.749742000000000000e+06
3.032568000000000000e+06
2.787056000000000000e+06
2.731331000000000000e+06
3.061161000000000000e+06
2.744689000000000000e+06
3.898208000000000000e+06
5.158030000000000000e+05
7.443660000000000000e+05
1.453692000000000000e+06
2.441094000000000000e+06
3.406004000000000000e+06
2.392411000000000000e+06
2.035541000000000000e+06
1.626592000000000000e+06
9.146560000000000000e+05
1.544575000000000000e+06
2.108766000000000000e+06
4.226456000000000000e+06
2.508467000000000000e+06
2.985612000000000000e+06
2.629394000000000000e+06
1.611391000000000000e+06
1.646819000000000000e+06
1.412721000000000000e+06
9.962150000000000000e+05
9.624890000000000000e+05
3.823790000000000000e+05
5.399530000000000000e+05
5.773880000000000000e+05
2.722085000000000000e+06
1.495809000000000000e+06
1.909388000000000000e+06
9.597150000000000000e+05
6.707040000000000000e+05
6.867010000000000000e+05
5.484800000000000000e+05
8.262430000000000000e+05
7.458010000000000000e+05
1.154806000000000000e+06
1.470508000000000000e+06
7.812310000000000000e+05
2.833053000000000000e+06
1.020963000000000000e+06
1.070111000000000000e+06
9.868670000000000000e+05
1.059424000000000000e+06
2.740243000000000000e+06
2.610584000000000000e+06
2.042548000000000000e+06
1.835212000000000000e+06
1.227715000000000000e+06
1.617514000000000000e+06
3.207924000000000000e+06
5.772621000000000000e+06
4.477460000000000000e+06
3.925399000000000000e+06
3.118698000000000000e+06
3.440380000000000000e+06
2.758355000000000000e+06
1.804749000000000000e+06
1.333243000000000000e+06
1.724999000000000000e+06
1.857448000000000000e+06
2.325666000000000000e+06
2.197936000000000000e+06
4.313863000000000000e+06
2.058980000000000000e+06
1.225857000000000000e+06
1.503505000000000000e+06
1.259301000000000000e+06
1.528256000000000000e+06
1.431605000000000000e+06
1.068854000000000000e+06
1.038686000000000000e+06
1.554198000000000000e+06
1.630554000000000000e+06
1.644604000000000000e+06
3.954325000000000000e+06
1.135295000000000000e+06
4.503840000000000000e+05
1.396519000000000000e+06
2.085676000000000000e+06
1.413568000000000000e+06
1.971226000000000000e+06
1.867478000000000000e+06
1.536004000000000000e+06
1.360873000000000000e+06
1.106060000000000000e+06
1.572331000000000000e+06
3.988948000000000000e+06
1.569275000000000000e+06
9.812290000000000000e+05
9.842880000000000000e+05
1.600446000000000000e+06
3.257498000000000000e+06
4.173605000000000000e+06
4.264408000000000000e+06
5.183286000000000000e+06
8.627682000000000000e+06
9.468266000000000000e+06
8.376192000000000000e+06
8.291711000000000000e+06
4.779289000000000000e+06
4.088808000000000000e+06
3.802022000000000000e+06
3.478532000000000000e+06
3.711187000000000000e+06
4.513744000000000000e+06
4.534237000000000000e+06
4.196578000000000000e+06
3.619659000000000000e+06
2.050451000000000000e+06
6.259680000000000000e+05
3.738154000000000000e+06
1.099635000000000000e+06
1.256557000000000000e+06
3.131135000000000000e+06
3.950544000000000000e+06
4.850882000000000000e+06
