6.728070000000000000e+06
7.230128000000000000e+06
6.796913000000000000e+06
3.648658000000000000e+06
3.349617000000000000e+06
5.269604000000000000e+06
2.503885000000000000e+06
1.396309000000000000e+06
4.999300000000000000e+05
5.067780000000000000e+05
2.335930000000000000e+05
7.688110000000000000e+05
5.085760000000000000e+05
2.237160000000000000e+05
7.370080000000000000e+05
6.285930000000000000e+05
2.670360000000000000e+05
2.891814000000000000e+06
9.354730000000000000e+05
2.674910000000000000e+05
3.289880000000000000e+05
5.102990000000000000e+05
2.222600000000000000e+05
6.826170000000000000e+05
2.300230000000000000e+05
3.124740000000000000e+05
3.111690000000000000e+05
4.048840000000000000e+05
6.185670000000000000e+05
3.095465000000000000e+06
2.751791000000000000e+06
3.577822000000000000e+06
1.868618000000000000e+06
2.992297000000000000e+06
2.584658000000000000e+06
2.443698000000000000e+06
3.188567000000000000e+06
3.460531000000000000e+06
2.477486000000000000e+06
1.549122000000000000e+06
1.204198000000000000e+06
3.784825000000000000e+06
2.188246000000000000e+06
1.893943000000000000e+06
2.246612000000000000e+06
3.876028000000000000e+06
2.321632000000000000e+06
5.105650000000000000e+06
4.264601000000000000e+06
1.373781000000000000e+06
2.067662000000000000e+06
1.297018000000000000e+06
2.005734000000000000e+06
3.689638000000000000e+06
2.556699000000000000e+06
1.106555000000000000e+06
8.371450000000000000e+05
1.052415000000000000e+06
7.906110000000000000e+05
1.274812000000000000e+06
1.107062000000000000e+06
1.098068000000000000e+06
1.824101000000000000e+06
2.299303000000000000e+06
8.752880000000000000e+05
2.998467000000000000e+06
1.102096000000000000e+06
8.193780000000000000e+05
1.074389000000000000e+06
7.974500000000000000e+05
7.386020000000000000e+05
9.516420000000000000e+05
6.560290000000000000e+05
4.649200000000000000e+05
2.264520000000000000e+05
1.524320000000000000e+05
2.180640000000000000e+05
2.944173000000000000e+06
8.902380000000000000e+05
1.627630000000000000e+05
1.421270000000000000e+05
4.176230000000000000e+05
4.552160000000000000e+05
1.042953000000000000e+06
8.084620000000000000e+05
3.306320000000000000e+05
1.714870000000000000e+05
2.701200000000000000e+05
2.307580000000000000e+05
2.157920000000000000e+06
6.605650000000000000e+05
5.028690000000000000e+05
1.852187000000000000e+06
2.085050000000000000e+06
1.167783000000000000e+06
1.985230000000000000e+06
1.228514000000000000e+06
2.018193000000000000e+06
2.406720000000000000e+06
2.211505000000000000e+06
1.944264000000000000e+06
4.322759000000000000e+06
2.368977000000000000e+06
2.776988000000000000e+06
4.686895000000000000e+06
5.668824000000000000e+06
6.868241000000000000e+06
7.702507000000000000e+06
5.971545000000000000e+06
4.361306000000000000e+06
3.208919000000000000e+06
8.112180000000000000e+05
5.291130000000000000e+05
2.976379000000000000e+06
1.157971000000000000e+06
5.837930000000000000e+05
1.096387000000000000e+06
6.289930000000000000e+05
7.799930000000000000e+05
1.291136000000000000e+06
6.701360000000000000e+05
6.873280000000000000e+05
7.776180000000000000e+05
8.649110000000000000e+05
8.480100000000000000e+05
3.221605000000000000e+06
1.943674000000000000e+06
2.109206000000000000e+06
2.810251000000000000e+06
3.227600000000000000e+06
2.524653000000000000e+06
2.797091000000000000e+06
1.434489000000000000e+06
1.243099000000000000e+06
1.165407000000000000e+06
1.771718000000000000e+06
6.369760000000000000e+05
2.537651000000000000e+06
4.920000000000000000e+05
2.243890000000000000e+05
2.877010000000000000e+05
5.866050000000000000e+05
4.898790000000000000e+05
9.710860000000000000e+05
7.976270000000000000e+05
2.898740000000000000e+05
2.687460000000000000e+05
2.819190000000000000e+05
1.012040000000000000e+05
