2.742400000000000000e+05
9.139600000000000000e+04
2.347500000000000000e+05
1.778070000000000000e+05
3.753860000000000000e+05
1.783839000000000000e+06
4.879760000000000000e+05
1.478360000000000000e+05
2.207320000000000000e+05
4.977610000000000000e+05
5.794180000000000000e+05
6.990670000000000000e+05
3.502980000000000000e+05
3.770130000000000000e+05
6.974900000000000000e+04
1.119620000000000000e+05
1.546780000000000000e+05
2.531856000000000000e+06
1.391295000000000000e+06
9.101870000000000000e+05
5.304910000000000000e+05
7.991310000000000000e+05
1.284705000000000000e+06
2.077565000000000000e+06
1.426860000000000000e+06
1.025759000000000000e+06
4.979150000000000000e+05
1.070605000000000000e+06
1.382062000000000000e+06
3.045482000000000000e+06
8.371070000000000000e+05
9.460180000000000000e+05
1.354009000000000000e+06
1.625673000000000000e+06
7.110440000000000000e+05
1.202256000000000000e+06
9.592000000000000000e+05
8.017730000000000000e+05
1.122278000000000000e+06
1.184462000000000000e+06
1.393621000000000000e+06
3.302807000000000000e+06
2.371262000000000000e+06
1.852560000000000000e+06
1.701071000000000000e+06
1.886820000000000000e+06
1.222914000000000000e+06
1.560050000000000000e+06
2.165741000000000000e+06
1.210252000000000000e+06
1.270903000000000000e+06
8.256220000000000000e+05
1.086697000000000000e+06
3.362566000000000000e+06
1.044578000000000000e+06
1.032740000000000000e+06
7.772270000000000000e+05
9.247410000000000000e+05
7.307450000000000000e+05
8.359790000000000000e+05
4.322220000000000000e+05
6.022010000000000000e+05
1.045197000000000000e+06
1.441123000000000000e+06
2.015887000000000000e+06
4.272241000000000000e+06
3.064324000000000000e+06
2.893047000000000000e+06
4.721516000000000000e+06
5.580116000000000000e+06
2.912159000000000000e+06
2.579537000000000000e+06
1.879996000000000000e+06
1.529032000000000000e+06
1.230610000000000000e+06
9.775520000000000000e+05
8.133740000000000000e+05
3.556846000000000000e+06
1.053829000000000000e+06
6.946670000000000000e+05
4.033780000000000000e+05
1.061134000000000000e+06
1.551830000000000000e+06
1.012768000000000000e+06
4.093250000000000000e+05
1.737790000000000000e+05
2.587250000000000000e+05
2.562320000000000000e+05
3.583890000000000000e+05
3.065020000000000000e+06
7.142930000000000000e+05
7.944280000000000000e+05
4.069560000000000000e+05
4.525540000000000000e+05
3.401760000000000000e+05
7.903410000000000000e+05
2.838440000000000000e+05
2.528340000000000000e+05
4.165750000000000000e+05
5.589610000000000000e+05
6.708060000000000000e+05
2.469009000000000000e+06
1.475317000000000000e+06
1.686652000000000000e+06
1.390475000000000000e+06
2.533394000000000000e+06
2.651169000000000000e+06
2.878103000000000000e+06
2.147727000000000000e+06
2.119803000000000000e+06
2.543977000000000000e+06
2.213881000000000000e+06
1.778814000000000000e+06
3.577690000000000000e+06
1.404812000000000000e+06
1.112457000000000000e+06
1.054909000000000000e+06
5.937300000000000000e+05
3.798000000000000000e+05
9.094090000000000000e+05
7.153460000000000000e+05
7.019440000000000000e+05
6.023140000000000000e+05
4.834150000000000000e+05
4.112490000000000000e+05
2.547950000000000000e+06
7.498120000000000000e+05
5.679810000000000000e+05
5.081160000000000000e+05
3.356320000000000000e+05
5.400900000000000000e+05
1.018083000000000000e+06
9.489420000000000000e+05
1.798635000000000000e+06
3.185101000000000000e+06
4.559628000000000000e+06
6.823429000000000000e+06
1.043273400000000000e+07
7.039348000000000000e+06
8.044810000000000000e+05
9.990190000000000000e+05
1.067116000000000000e+06
1.059455000000000000e+06
1.446154000000000000e+06
1.436539000000000000e+06
9.532780000000000000e+05
5.482860000000000000e+05
6.590410000000000000e+05
6.580780000000000000e+05
