1.046470000000000000e+06
1.294120000000000000e+06
7.346950000000000000e+05
4.828520000000000000e+05
6.664270000000000000e+05
2.586475000000000000e+06
7.541610000000000000e+05
4.314690000000000000e+05
4.461580000000000000e+05
1.528682000000000000e+06
3.824676000000000000e+06
4.045742000000000000e+06
4.110529000000000000e+06
4.117988000000000000e+06
3.542166000000000000e+06
2.962788000000000000e+06
3.138685000000000000e+06
5.760574000000000000e+06
3.494551000000000000e+06
2.551814000000000000e+06
1.613488000000000000e+06
1.068832000000000000e+06
1.669465000000000000e+06
1.865574000000000000e+06
9.302270000000000000e+05
9.811120000000000000e+05
8.259260000000000000e+05
5.390760000000000000e+05
4.113450000000000000e+05
2.934168000000000000e+06
7.358420000000000000e+05
7.810100000000000000e+05
9.327480000000000000e+05
4.674280000000000000e+05
5.830120000000000000e+05
1.238832000000000000e+06
9.935050000000000000e+05
1.335139000000000000e+06
1.158977000000000000e+06
1.114288000000000000e+06
2.086183000000000000e+06
4.440383000000000000e+06
3.859143000000000000e+06
3.719958000000000000e+06
3.585844000000000000e+06
2.272245000000000000e+06
2.528287000000000000e+06
1.636090000000000000e+06
7.266990000000000000e+05
1.972758000000000000e+06
3.583185000000000000e+06
3.852485000000000000e+06
4.131295000000000000e+06
5.427052000000000000e+06
2.296285000000000000e+06
2.314727000000000000e+06
3.157076000000000000e+06
3.973864000000000000e+06
4.151372000000000000e+06
3.407451000000000000e+06
2.191640000000000000e+06
2.025080000000000000e+06
1.438144000000000000e+06
1.590228000000000000e+06
1.841205000000000000e+06
4.150885000000000000e+06
2.289404000000000000e+06
1.345181000000000000e+06
1.194330000000000000e+06
1.252082000000000000e+06
1.559904000000000000e+06
1.159123000000000000e+06
7.091440000000000000e+05
2.253930000000000000e+05
2.923720000000000000e+05
4.314330000000000000e+05
5.179710000000000000e+05
3.351386000000000000e+06
1.017522000000000000e+06
8.668260000000000000e+05
1.157225000000000000e+06
9.968850000000000000e+05
1.219975000000000000e+06
1.664822000000000000e+06
1.292658000000000000e+06
1.213100000000000000e+06
1.350464000000000000e+06
1.787013000000000000e+06
1.117388000000000000e+06
2.663374000000000000e+06
8.880400000000000000e+05
5.574450000000000000e+05
2.046200000000000000e+05
3.659950000000000000e+05
3.651960000000000000e+05
7.786250000000000000e+05
7.408500000000000000e+05
3.555830000000000000e+05
4.347200000000000000e+05
3.580220000000000000e+05
3.009780000000000000e+05
2.931798000000000000e+06
1.477207000000000000e+06
1.884346000000000000e+06
3.995760000000000000e+06
4.141473000000000000e+06
4.892660000000000000e+06
6.237871000000000000e+06
5.489616000000000000e+06
3.878019000000000000e+06
2.856193000000000000e+06
1.672748000000000000e+06
8.034620000000000000e+05
3.853623000000000000e+06
2.342960000000000000e+06
1.507496000000000000e+06
1.453585000000000000e+06
1.146285000000000000e+06
1.179095000000000000e+06
1.656871000000000000e+06
1.334823000000000000e+06
1.081070000000000000e+06
8.788660000000000000e+05
7.583750000000000000e+05
6.808330000000000000e+05
3.158960000000000000e+06
1.275074000000000000e+06
9.960380000000000000e+05
9.729190000000000000e+05
1.088897000000000000e+06
6.308710000000000000e+05
8.642660000000000000e+05
3.980360000000000000e+05
6.155430000000000000e+05
1.025310000000000000e+05
2.233470000000000000e+05
7.031590000000000000e+05
2.876589000000000000e+06
1.406137000000000000e+06
1.114587000000000000e+06
9.164220000000000000e+05
5.955300000000000000e+05
3.037470000000000000e+05
8.227540000000000000e+05
2.043580000000000000e+05
3.113840000000000000e+05
4.305760000000000000e+05
8.449010000000000000e+05
1.363961000000000000e+06
