2.412984000000000000e+06
2.261948000000000000e+06
2.706634000000000000e+06
2.846465000000000000e+06
2.631651000000000000e+06
2.986478000000000000e+06
2.742038000000000000e+06
2.389109000000000000e+06
1.348624000000000000e+06
2.127670000000000000e+06
3.484951000000000000e+06
5.707805000000000000e+06
4.000355000000000000e+06
3.081517000000000000e+06
2.302935000000000000e+06
1.115843000000000000e+06
2.169388000000000000e+06
3.046927000000000000e+06
4.410057000000000000e+06
3.574910000000000000e+06
2.516843000000000000e+06
2.799007000000000000e+06
1.750102000000000000e+06
3.696762000000000000e+06
1.935785000000000000e+06
7.459550000000000000e+05
1.666669000000000000e+06
1.147599000000000000e+06
8.144020000000000000e+05
1.050825000000000000e+06
1.444846000000000000e+06
1.993874000000000000e+06
2.292568000000000000e+06
1.577395000000000000e+06
2.296063000000000000e+06
4.386418000000000000e+06
3.058714000000000000e+06
3.916165000000000000e+06
2.769148000000000000e+06
2.326891000000000000e+06
1.754281000000000000e+06
1.153497000000000000e+06
1.337887000000000000e+06
2.593260000000000000e+05
3.046820000000000000e+05
5.829650000000000000e+05
2.950050000000000000e+05
2.692918000000000000e+06
5.874390000000000000e+05
3.888400000000000000e+05
1.369490000000000000e+05
4.906070000000000000e+05
5.363560000000000000e+05
3.981210000000000000e+05
3.919590000000000000e+05
2.582110000000000000e+05
4.215340000000000000e+05
5.207670000000000000e+05
1.079465000000000000e+06
2.698728000000000000e+06
1.362818000000000000e+06
1.609095000000000000e+06
2.004103000000000000e+06
2.210058000000000000e+06
1.896650000000000000e+06
2.043320000000000000e+06
2.815125000000000000e+06
2.726152000000000000e+06
2.618361000000000000e+06
5.121815000000000000e+06
5.150604000000000000e+06
5.981268000000000000e+06
6.195510000000000000e+05
4.318090000000000000e+05
3.329710000000000000e+05
7.223420000000000000e+05
5.460850000000000000e+05
8.212810000000000000e+05
4.340940000000000000e+05
6.784950000000000000e+05
9.282890000000000000e+05
7.718160000000000000e+05
4.981380000000000000e+05
2.546383000000000000e+06
4.776230000000000000e+05
5.010860000000000000e+05
8.006740000000000000e+05
2.374750000000000000e+05
4.827720000000000000e+05
1.269281000000000000e+06
1.061031000000000000e+06
7.356790000000000000e+05
6.865290000000000000e+05
7.028380000000000000e+05
4.701000000000000000e+05
2.431776000000000000e+06
7.039140000000000000e+05
1.374548000000000000e+06
2.169056000000000000e+06
2.304477000000000000e+06
2.399426000000000000e+06
1.775842000000000000e+06
1.366009000000000000e+06
1.411787000000000000e+06
1.558267000000000000e+06
9.303640000000000000e+05
9.686600000000000000e+05
2.621358000000000000e+06
9.068110000000000000e+05
6.918020000000000000e+05
6.667850000000000000e+05
5.342420000000000000e+05
7.265170000000000000e+05
7.387160000000000000e+05
7.654050000000000000e+05
4.162910000000000000e+05
4.411890000000000000e+05
5.790660000000000000e+05
4.961820000000000000e+05
2.436382000000000000e+06
7.598500000000000000e+05
7.012490000000000000e+05
4.060850000000000000e+05
2.050650000000000000e+05
3.567340000000000000e+05
3.232340000000000000e+05
7.122830000000000000e+05
1.654812000000000000e+06
2.878835000000000000e+06
4.911946000000000000e+06
4.645197000000000000e+06
6.314468000000000000e+06
2.796049000000000000e+06
2.583628000000000000e+06
8.642330000000000000e+05
1.822140000000000000e+06
2.792057000000000000e+06
4.485772000000000000e+06
5.858283000000000000e+06
4.856381000000000000e+06
4.624659000000000000e+06
4.260374000000000000e+06
3.236216000000000000e+06
5.550864000000000000e+06
1.388102000000000000e+06
1.374164000000000000e+06
1.282158000000000000e+06
9.355800000000000000e+05
7.182990000000000000e+05
