8.988570000000000000e+05
2.478472000000000000e+06
7.683940000000000000e+05
3.456040000000000000e+05
1.127918000000000000e+06
3.232180000000000000e+06
7.352440000000000000e+05
3.442150000000000000e+05
3.319340000000000000e+05
3.796860000000000000e+05
3.425030000000000000e+05
7.907760000000000000e+05
4.179760000000000000e+05
4.212460000000000000e+05
5.499110000000000000e+05
2.357570000000000000e+05
6.578780000000000000e+05
2.511886000000000000e+06
6.900560000000000000e+05
7.591490000000000000e+05
5.611030000000000000e+05
8.311430000000000000e+05
1.192245000000000000e+06
1.587358000000000000e+06
1.453095000000000000e+06
1.119617000000000000e+06
1.427095000000000000e+06
9.050090000000000000e+05
1.044484000000000000e+06
2.991347000000000000e+06
7.546350000000000000e+05
4.904450000000000000e+05
4.716030000000000000e+05
4.227710000000000000e+05
3.637950000000000000e+05
1.125290000000000000e+06
3.395730000000000000e+05
6.798950000000000000e+05
2.272700000000000000e+05
3.372280000000000000e+05
7.963750000000000000e+05
2.344711000000000000e+06
1.047850000000000000e+06
6.438030000000000000e+05
4.846460000000000000e+05
8.879270000000000000e+05
7.907280000000000000e+05
1.201663000000000000e+06
7.952270000000000000e+05
5.867290000000000000e+05
5.082130000000000000e+05
5.395570000000000000e+05
6.657920000000000000e+05
2.650486000000000000e+06
1.036130000000000000e+06
1.206990000000000000e+06
1.388495000000000000e+06
1.800482000000000000e+06
1.957506000000000000e+06
2.240272000000000000e+06
1.769915000000000000e+06
1.789507000000000000e+06
7.874540000000000000e+05
1.233100000000000000e+06
9.612920000000000000e+05
2.938818000000000000e+06
1.151018000000000000e+06
1.007599000000000000e+06
6.997360000000000000e+05
7.770940000000000000e+05
9.766030000000000000e+05
1.612296000000000000e+06
1.353070000000000000e+06
1.582238000000000000e+06
1.574616000000000000e+06
1.562407000000000000e+06
1.381749000000000000e+06
3.724623000000000000e+06
1.774521000000000000e+06
1.697499000000000000e+06
1.605163000000000000e+06
1.033937000000000000e+06
1.262287000000000000e+06
1.902070000000000000e+06
1.898926000000000000e+06
1.757004000000000000e+06
2.601835000000000000e+06
1.748511000000000000e+06
1.028334000000000000e+06
3.447234000000000000e+06
8.303980000000000000e+05
1.438893000000000000e+06
1.209161000000000000e+06
6.687510000000000000e+05
1.310716000000000000e+06
1.240119000000000000e+06
2.083193000000000000e+06
2.892859000000000000e+06
1.886405000000000000e+06
2.112633000000000000e+06
2.183348000000000000e+06
3.563238000000000000e+06
2.152068000000000000e+06
2.069391000000000000e+06
1.817116000000000000e+06
2.635622000000000000e+06
2.144342000000000000e+06
1.991829000000000000e+06
1.669140000000000000e+06
1.980210000000000000e+06
4.197509000000000000e+06
5.128752000000000000e+06
6.259757000000000000e+06
7.561513000000000000e+06
5.547270000000000000e+06
3.590016000000000000e+06
2.948538000000000000e+06
4.452585000000000000e+06
5.263289000000000000e+06
4.928852000000000000e+06
3.844402000000000000e+06
3.199744000000000000e+06
1.904584000000000000e+06
1.527244000000000000e+06
8.459540000000000000e+05
3.020706000000000000e+06
6.530460000000000000e+05
1.189102000000000000e+06
5.575430000000000000e+05
4.618490000000000000e+05
3.277210000000000000e+05
1.071081000000000000e+06
1.257999000000000000e+06
9.248740000000000000e+05
2.323240000000000000e+05
2.407200000000000000e+05
3.985940000000000000e+05
2.534730000000000000e+06
6.545740000000000000e+05
8.936400000000000000e+05
9.929600000000000000e+05
7.458770000000000000e+05
1.163634000000000000e+06
8.854740000000000000e+05
2.624070000000000000e+05
2.438830000000000000e+05
6.004320000000000000e+05
2.183310000000000000e+05
2.064340000000000000e+05
