1.092812000000000000e+06
3.644770000000000000e+05
3.934580000000000000e+05
4.482160000000000000e+05
3.932960000000000000e+05
4.068850000000000000e+05
4.410960000000000000e+05
4.821760000000000000e+05
2.338600000000000000e+05
3.337230000000000000e+05
2.787070000000000000e+05
2.393083000000000000e+06
4.406010000000000000e+05
6.971650000000000000e+05
9.416620000000000000e+05
3.654340000000000000e+05
3.526110000000000000e+05
3.352290000000000000e+05
6.772920000000000000e+05
1.522868000000000000e+06
2.020674000000000000e+06
1.051233000000000000e+06
5.428390000000000000e+05
2.740778000000000000e+06
1.299421000000000000e+06
5.661790000000000000e+05
6.403760000000000000e+05
9.859970000000000000e+05
2.119876000000000000e+06
7.076730000000000000e+05
1.590487000000000000e+06
1.118402000000000000e+06
1.368009000000000000e+06
1.748895000000000000e+06
1.931899000000000000e+06
3.197085000000000000e+06
1.515100000000000000e+06
1.137061000000000000e+06
1.023191000000000000e+06
8.988460000000000000e+05
6.731090000000000000e+05
6.022270000000000000e+05
8.503900000000000000e+05
7.804610000000000000e+05
6.178880000000000000e+05
1.423342000000000000e+06
1.593127000000000000e+06
3.140810000000000000e+06
1.089727000000000000e+06
9.557830000000000000e+05
1.053883000000000000e+06
1.136688000000000000e+06
1.213382000000000000e+06
8.310070000000000000e+05
7.497550000000000000e+05
1.073611000000000000e+06
1.006552000000000000e+06
9.446320000000000000e+05
1.228467000000000000e+06
3.371296000000000000e+06
1.066660000000000000e+06
9.049320000000000000e+05
7.329780000000000000e+05
1.239108000000000000e+06
9.950940000000000000e+05
8.038590000000000000e+05
1.264237000000000000e+06
1.399654000000000000e+06
1.486343000000000000e+06
4.906420000000000000e+05
5.892530000000000000e+05
2.692126000000000000e+06
7.263750000000000000e+05
1.682335000000000000e+06
3.706178000000000000e+06
4.289034000000000000e+06
4.030763000000000000e+06
3.387251000000000000e+06
2.819627000000000000e+06
1.344366000000000000e+06
1.770881000000000000e+06
2.572686000000000000e+06
3.244532000000000000e+06
6.095314000000000000e+06
4.923845000000000000e+06
4.672963000000000000e+06
2.441383000000000000e+06
9.071050000000000000e+05
8.759450000000000000e+05
5.126800000000000000e+05
5.803140000000000000e+05
2.834520000000000000e+05
3.175610000000000000e+05
3.957530000000000000e+05
4.323390000000000000e+05
2.536324000000000000e+06
6.488380000000000000e+05
3.209970000000000000e+05
3.789740000000000000e+05
7.478930000000000000e+05
2.825720000000000000e+05
3.004050000000000000e+05
5.829330000000000000e+05
1.441320000000000000e+05
2.247790000000000000e+05
7.231800000000000000e+04
1.245370000000000000e+05
2.130451000000000000e+06
5.026460000000000000e+05
4.668740000000000000e+05
5.224960000000000000e+05
4.061820000000000000e+05
7.046350000000000000e+05
5.039630000000000000e+05
2.026600000000000000e+05
5.288210000000000000e+05
4.779930000000000000e+05
2.158640000000000000e+05
2.471680000000000000e+05
2.287606000000000000e+06
4.826220000000000000e+05
3.468810000000000000e+05
2.987100000000000000e+05
4.220900000000000000e+04
3.698600000000000000e+04
5.302100000000000000e+05
2.044780000000000000e+05
3.535190000000000000e+05
7.840270000000000000e+05
8.475500000000000000e+05
2.063030000000000000e+05
2.173640000000000000e+06
8.513490000000000000e+05
8.779470000000000000e+05
1.952380000000000000e+06
2.188897000000000000e+06
1.258852000000000000e+06
1.746468000000000000e+06
1.840228000000000000e+06
2.439915000000000000e+06
1.943535000000000000e+06
1.785832000000000000e+06
1.946648000000000000e+06
3.730166000000000000e+06
1.791734000000000000e+06
1.709592000000000000e+06
1.995383000000000000e+06
1.617017000000000000e+06
1.807168000000000000e+06
