1.238322000000000000e+06
5.174880000000000000e+05
3.138840000000000000e+05
4.059610000000000000e+05
9.254710000000000000e+05
2.668338000000000000e+06
5.383900000000000000e+05
3.446660000000000000e+05
6.502060000000000000e+05
8.315510000000000000e+05
7.627470000000000000e+05
1.568052000000000000e+06
1.446659000000000000e+06
1.596632000000000000e+06
2.029988000000000000e+06
2.268074000000000000e+06
2.636886000000000000e+06
5.164207000000000000e+06
3.061542000000000000e+06
2.019908000000000000e+06
1.499657000000000000e+06
1.101438000000000000e+06
8.888480000000000000e+05
1.935080000000000000e+06
3.017959000000000000e+06
4.189282000000000000e+06
3.109123000000000000e+06
2.068712000000000000e+06
6.488760000000000000e+05
2.668471000000000000e+06
5.717780000000000000e+05
3.814600000000000000e+05
2.894620000000000000e+05
4.384320000000000000e+05
1.985780000000000000e+05
7.681140000000000000e+05
2.660420000000000000e+05
2.204010000000000000e+05
1.435080000000000000e+05
3.773620000000000000e+05
3.173170000000000000e+05
2.229584000000000000e+06
6.692160000000000000e+05
2.124880000000000000e+05
1.317600000000000000e+05
8.733000000000000000e+04
2.397150000000000000e+05
5.959000000000000000e+05
1.400530000000000000e+05
1.480800000000000000e+05
1.645470000000000000e+05
3.546380000000000000e+05
2.232020000000000000e+05
1.787112000000000000e+06
4.723830000000000000e+05
3.604910000000000000e+05
3.145410000000000000e+05
1.930860000000000000e+05
7.964820000000000000e+05
9.430200000000000000e+05
2.275840000000000000e+05
1.376650000000000000e+05
5.168500000000000000e+05
3.448730000000000000e+05
2.335980000000000000e+05
2.021525000000000000e+06
4.363730000000000000e+05
4.700190000000000000e+05
2.848010000000000000e+05
4.159110000000000000e+05
4.845880000000000000e+05
1.149554000000000000e+06
5.931030000000000000e+05
3.058590000000000000e+05
2.908040000000000000e+05
4.177110000000000000e+05
8.114140000000000000e+05
2.784960000000000000e+06
2.898926000000000000e+06
5.113845000000000000e+06
5.512291000000000000e+06
4.841243000000000000e+06
4.528959000000000000e+06
3.995481000000000000e+06
2.362363000000000000e+06
1.350558000000000000e+06
1.010128000000000000e+06
1.215142000000000000e+06
2.005708000000000000e+06
4.893157000000000000e+06
3.490176000000000000e+06
3.411979000000000000e+06
3.410284000000000000e+06
3.059005000000000000e+06
2.160546000000000000e+06
1.999574000000000000e+06
1.369369000000000000e+06
1.320048000000000000e+06
1.043428000000000000e+06
1.218402000000000000e+06
1.299504000000000000e+06
3.311177000000000000e+06
1.093525000000000000e+06
1.090964000000000000e+06
1.926637000000000000e+06
1.976273000000000000e+06
1.727327000000000000e+06
3.121721000000000000e+06
3.943648000000000000e+06
2.751724000000000000e+06
1.578938000000000000e+06
1.229053000000000000e+06
2.001583000000000000e+06
5.028768000000000000e+06
1.327773000000000000e+06
1.648423000000000000e+06
8.360480000000000000e+05
8.522880000000000000e+05
4.529580000000000000e+05
1.358584000000000000e+06
7.722210000000000000e+05
5.377380000000000000e+05
6.921380000000000000e+05
9.376850000000000000e+05
6.611930000000000000e+05
2.932582000000000000e+06
8.704190000000000000e+05
5.103250000000000000e+05
4.168300000000000000e+05
5.847740000000000000e+05
6.423330000000000000e+05
8.994800000000000000e+05
2.195780000000000000e+05
1.486630000000000000e+05
3.042590000000000000e+05
3.814470000000000000e+05
2.427950000000000000e+05
2.353210000000000000e+06
5.004350000000000000e+05
3.279750000000000000e+05
3.731990000000000000e+05
4.039100000000000000e+05
4.822440000000000000e+05
6.664130000000000000e+05
2.067160000000000000e+05
3.163590000000000000e+05
8.892000000000000000e+04
1.396810000000000000e+05
1.355050000000000000e+05
