2.267241000000000000e+06
2.864927000000000000e+06
2.254744000000000000e+06
2.247926000000000000e+06
2.541117000000000000e+06
2.527985000000000000e+06
1.609880000000000000e+06
5.424630000000000000e+05
6.717400000000000000e+05
7.889850000000000000e+05
5.673200000000000000e+05
2.706728000000000000e+06
7.638240000000000000e+05
4.027750000000000000e+05
5.058510000000000000e+05
5.242300000000000000e+05
2.259450000000000000e+05
1.047160000000000000e+05
1.990960000000000000e+05
1.048590000000000000e+05
3.126410000000000000e+05
3.553700000000000000e+05
2.714970000000000000e+05
2.234532000000000000e+06
8.128290000000000000e+05
1.769390000000000000e+05
2.413400000000000000e+05
3.180710000000000000e+05
4.845810000000000000e+05
6.580250000000000000e+05
8.435220000000000000e+05
9.041040000000000000e+05
7.249970000000000000e+05
7.283410000000000000e+05
5.812670000000000000e+05
2.611543000000000000e+06
6.649990000000000000e+05
5.042950000000000000e+05
5.853720000000000000e+05
4.037920000000000000e+05
2.775930000000000000e+05
4.755960000000000000e+05
6.706860000000000000e+05
8.671470000000000000e+05
1.221185000000000000e+06
2.008763000000000000e+06
2.593960000000000000e+06
4.715718000000000000e+06
3.051887000000000000e+06
3.027976000000000000e+06
3.167718000000000000e+06
2.258352000000000000e+06
2.661502000000000000e+06
4.022821000000000000e+06
5.897996000000000000e+06
5.640132000000000000e+06
6.326567000000000000e+06
5.285736000000000000e+06
3.832019000000000000e+06
4.510315000000000000e+06
1.061762000000000000e+06
6.760810000000000000e+05
9.177430000000000000e+05
1.240061000000000000e+06
1.674093000000000000e+06
1.680822000000000000e+06
2.040104000000000000e+06
2.612853000000000000e+06
1.911021000000000000e+06
1.689073000000000000e+06
1.523880000000000000e+06
3.503657000000000000e+06
1.423197000000000000e+06
1.245889000000000000e+06
1.785487000000000000e+06
2.213584000000000000e+06
2.533055000000000000e+06
2.020648000000000000e+06
3.182596000000000000e+06
5.437202000000000000e+06
6.203510000000000000e+06
6.196372000000000000e+06
6.167613000000000000e+06
6.837744000000000000e+06
2.393863000000000000e+06
2.384507000000000000e+06
3.235093000000000000e+06
4.178469000000000000e+06
5.554224000000000000e+06
6.762576000000000000e+06
7.325486000000000000e+06
8.706780000000000000e+06
1.003486000000000000e+07
6.464566000000000000e+06
5.865463000000000000e+06
6.292210000000000000e+06
2.322791000000000000e+06
1.293990000000000000e+06
1.395587000000000000e+06
5.220450000000000000e+05
9.908320000000000000e+05
8.283320000000000000e+05
6.705310000000000000e+05
6.779750000000000000e+05
7.730880000000000000e+05
7.850640000000000000e+05
9.005930000000000000e+05
4.070353000000000000e+06
6.388908000000000000e+06
7.571443000000000000e+06
7.543555000000000000e+06
6.045417000000000000e+06
4.819637000000000000e+06
3.500135000000000000e+06
2.629103000000000000e+06
2.298807000000000000e+06
1.831577000000000000e+06
1.459667000000000000e+06
1.190754000000000000e+06
3.552845000000000000e+06
1.024211000000000000e+06
1.360584000000000000e+06
1.489862000000000000e+06
2.356355000000000000e+06
4.506504000000000000e+06
6.985639000000000000e+06
8.363639000000000000e+06
1.069627300000000000e+07
1.422115500000000000e+07
1.418013100000000000e+07
1.125467200000000000e+07
9.601068000000000000e+06
4.805868000000000000e+06
3.304107000000000000e+06
2.278734000000000000e+06
3.270026000000000000e+06
3.295007000000000000e+06
3.749370000000000000e+06
3.482615000000000000e+06
2.926365000000000000e+06
1.716472000000000000e+06
1.716876000000000000e+06
1.518561000000000000e+06
3.680484000000000000e+06
1.583843000000000000e+06
1.393252000000000000e+06
1.245568000000000000e+06
1.255341000000000000e+06
9.755340000000000000e+05
