5.215850000000000000e+05
5.178080000000000000e+05
4.716270000000000000e+05
1.789390000000000000e+05
2.446490000000000000e+05
2.723500000000000000e+05
4.489780000000000000e+05
1.175443000000000000e+06
1.378160000000000000e+06
1.199646000000000000e+06
1.028932000000000000e+06
2.866187000000000000e+06
9.158940000000000000e+05
5.955620000000000000e+05
7.504920000000000000e+05
1.715428000000000000e+06
2.647045000000000000e+06
2.922498000000000000e+06
2.311132000000000000e+06
2.273570000000000000e+06
2.445866000000000000e+06
1.524069000000000000e+06
1.223170000000000000e+06
4.739225000000000000e+06
3.665383000000000000e+06
3.229431000000000000e+06
2.089030000000000000e+06
5.457960000000000000e+05
1.475730000000000000e+06
2.594133000000000000e+06
3.705564000000000000e+06
3.597862000000000000e+06
3.255745000000000000e+06
2.166759000000000000e+06
1.485398000000000000e+06
2.939960000000000000e+06
1.290970000000000000e+06
2.207185000000000000e+06
2.399531000000000000e+06
2.760351000000000000e+06
2.942877000000000000e+06
2.709370000000000000e+06
2.277851000000000000e+06
1.263389000000000000e+06
1.142278000000000000e+06
1.041035000000000000e+06
1.150415000000000000e+06
3.121695000000000000e+06
1.216829000000000000e+06
4.289180000000000000e+05
4.755180000000000000e+05
5.773700000000000000e+05
1.058739000000000000e+06
2.103148000000000000e+06
2.769455000000000000e+06
2.587880000000000000e+06
1.871625000000000000e+06
2.147183000000000000e+06
2.024117000000000000e+06
3.955347000000000000e+06
2.372827000000000000e+06
1.724073000000000000e+06
1.313556000000000000e+06
1.106280000000000000e+06
1.197076000000000000e+06
5.821730000000000000e+05
6.103630000000000000e+05
4.861100000000000000e+05
4.247480000000000000e+05
5.412800000000000000e+05
7.940530000000000000e+05
2.725358000000000000e+06
6.520470000000000000e+05
3.713700000000000000e+05
2.483220000000000000e+05
2.074470000000000000e+05
2.862580000000000000e+05
2.645970000000000000e+05
2.427890000000000000e+05
2.342490000000000000e+05
7.531990000000000000e+05
5.718770000000000000e+05
3.433710000000000000e+05
2.192933000000000000e+06
4.300820000000000000e+05
2.521950000000000000e+05
2.111260000000000000e+05
1.935730000000000000e+05
2.343850000000000000e+05
1.102610000000000000e+05
8.841600000000000000e+04
1.507140000000000000e+05
2.009750000000000000e+05
2.209940000000000000e+05
2.540130000000000000e+05
2.036950000000000000e+06
6.009880000000000000e+05
4.121130000000000000e+05
4.493260000000000000e+05
3.268120000000000000e+05
3.728520000000000000e+05
3.202440000000000000e+05
1.373110000000000000e+05
4.222330000000000000e+05
2.394100000000000000e+05
2.815970000000000000e+05
1.602190000000000000e+05
2.269492000000000000e+06
4.932210000000000000e+05
3.266160000000000000e+05
9.355120000000000000e+05
1.875720000000000000e+06
2.312281000000000000e+06
3.047347000000000000e+06
3.441538000000000000e+06
1.767337000000000000e+06
1.291546000000000000e+06
7.006120000000000000e+05
1.127109000000000000e+06
3.075065000000000000e+06
1.295340000000000000e+06
7.023820000000000000e+05
5.221140000000000000e+05
5.127970000000000000e+05
4.341540000000000000e+05
6.076860000000000000e+05
8.709660000000000000e+05
6.472500000000000000e+05
7.081900000000000000e+05
1.058194000000000000e+06
1.403184000000000000e+06
3.763765000000000000e+06
1.875412000000000000e+06
2.401528000000000000e+06
3.343682000000000000e+06
3.774325000000000000e+06
3.028160000000000000e+06
1.375971000000000000e+06
2.408223000000000000e+06
3.003192000000000000e+06
1.640398000000000000e+06
2.244044000000000000e+06
3.436363000000000000e+06
5.708911000000000000e+06
2.792216000000000000e+06
2.409553000000000000e+06
2.488441000000000000e+06
2.372858000000000000e+06
8.453810000000000000e+05
