6.940920000000000000e+05
6.196170000000000000e+05
7.711990000000000000e+05
1.105994000000000000e+06
8.692150000000000000e+05
1.620363000000000000e+06
1.391590000000000000e+06
1.824761000000000000e+06
2.687050000000000000e+06
4.522042000000000000e+06
5.473308000000000000e+06
6.071725000000000000e+06
3.639842000000000000e+06
3.677247000000000000e+06
4.444595000000000000e+06
1.899608000000000000e+06
1.965749000000000000e+06
1.455270000000000000e+06
1.165441000000000000e+06
1.228876000000000000e+06
7.578600000000000000e+05
5.230820000000000000e+05
1.162214000000000000e+06
3.555012000000000000e+06
8.016850000000000000e+05
7.472820000000000000e+05
3.310820000000000000e+05
4.848100000000000000e+05
1.689790000000000000e+05
2.794550000000000000e+05
3.639510000000000000e+05
2.051860000000000000e+05
5.855110000000000000e+05
3.314920000000000000e+05
1.307430000000000000e+05
2.357153000000000000e+06
5.734330000000000000e+05
2.691710000000000000e+05
2.292100000000000000e+05
2.242960000000000000e+05
2.613330000000000000e+05
2.435530000000000000e+05
3.247150000000000000e+05
4.184360000000000000e+05
1.595920000000000000e+05
1.859930000000000000e+05
3.812630000000000000e+05
2.382164000000000000e+06
6.142780000000000000e+05
2.648330000000000000e+05
2.678280000000000000e+05
3.988980000000000000e+05
4.888530000000000000e+05
1.065712000000000000e+06
1.473826000000000000e+06
3.383118000000000000e+06
3.613667000000000000e+06
3.341897000000000000e+06
3.278375000000000000e+06
6.173543000000000000e+06
4.627910000000000000e+06
3.444101000000000000e+06
2.315506000000000000e+06
1.903212000000000000e+06
1.503882000000000000e+06
9.036610000000000000e+05
6.901530000000000000e+05
8.858590000000000000e+05
4.913580000000000000e+05
9.804110000000000000e+05
1.179417000000000000e+06
2.982799000000000000e+06
5.669540000000000000e+05
2.919540000000000000e+05
3.381200000000000000e+05
3.343480000000000000e+05
3.746090000000000000e+05
2.254380000000000000e+05
3.731660000000000000e+05
4.872000000000000000e+05
4.953030000000000000e+05
5.158970000000000000e+05
8.473740000000000000e+05
2.745932000000000000e+06
1.724110000000000000e+06
1.731732000000000000e+06
1.880096000000000000e+06
1.787768000000000000e+06
1.658605000000000000e+06
1.500812000000000000e+06
7.771400000000000000e+05
6.449620000000000000e+05
7.421870000000000000e+05
5.798860000000000000e+05
6.744670000000000000e+05
2.698799000000000000e+06
6.304690000000000000e+05
2.962640000000000000e+05
2.567380000000000000e+05
4.601570000000000000e+05
6.751590000000000000e+05
1.057529000000000000e+06
1.635795000000000000e+06
1.780843000000000000e+06
1.820941000000000000e+06
2.004426000000000000e+06
2.301537000000000000e+06
4.389909000000000000e+06
2.291640000000000000e+06
1.625102000000000000e+06
1.639815000000000000e+06
1.689280000000000000e+06
1.526174000000000000e+06
2.965152000000000000e+06
3.730943000000000000e+06
2.874720000000000000e+06
3.455448000000000000e+06
2.467849000000000000e+06
8.791100000000000000e+05
2.622830000000000000e+06
1.693711000000000000e+06
2.138691000000000000e+06
9.033400000000000000e+05
8.767250000000000000e+05
8.180520000000000000e+05
6.517670000000000000e+05
8.728220000000000000e+05
1.187322000000000000e+06
8.222720000000000000e+05
9.254750000000000000e+05
8.251940000000000000e+05
2.880089000000000000e+06
5.937660000000000000e+05
5.323820000000000000e+05
7.138900000000000000e+05
6.686920000000000000e+05
2.976440000000000000e+05
2.577360000000000000e+05
4.160210000000000000e+05
2.898010000000000000e+05
2.521560000000000000e+05
7.093530000000000000e+05
3.321840000000000000e+05
2.442575000000000000e+06
3.713690000000000000e+05
2.148630000000000000e+05
1.262230000000000000e+05
1.512640000000000000e+05
1.736320000000000000e+05
