2.067560000000000000e+05
4.708440000000000000e+05
1.397900000000000000e+05
2.261680000000000000e+05
1.746890000000000000e+05
1.748813000000000000e+06
7.619360000000000000e+05
7.025570000000000000e+05
2.386730000000000000e+05
3.307450000000000000e+05
1.395370000000000000e+05
5.066140000000000000e+05
9.416000000000000000e+04
1.991960000000000000e+05
1.136830000000000000e+05
8.799100000000000000e+04
1.125690000000000000e+05
2.184891000000000000e+06
6.310680000000000000e+05
5.991650000000000000e+05
2.604990000000000000e+05
2.508810000000000000e+05
2.352750000000000000e+05
6.097480000000000000e+05
2.423010000000000000e+05
1.808540000000000000e+05
2.443740000000000000e+05
3.039630000000000000e+05
3.003690000000000000e+05
2.150131000000000000e+06
4.743050000000000000e+05
6.152000000000000000e+04
5.793700000000000000e+04
1.484710000000000000e+05
2.298720000000000000e+05
6.802730000000000000e+05
3.623940000000000000e+05
4.687530000000000000e+05
5.495480000000000000e+05
1.058367000000000000e+06
1.704974000000000000e+06
2.724758000000000000e+06
1.021664000000000000e+06
7.453220000000000000e+05
6.461000000000000000e+05
7.263950000000000000e+05
5.337180000000000000e+05
7.654810000000000000e+05
2.984310000000000000e+05
2.578060000000000000e+05
3.365780000000000000e+05
2.165230000000000000e+05
3.946270000000000000e+05
2.516071000000000000e+06
1.261176000000000000e+06
6.852230000000000000e+05
8.640690000000000000e+05
8.779210000000000000e+05
6.929960000000000000e+05
5.662230000000000000e+05
4.252090000000000000e+05
4.646690000000000000e+05
1.387614000000000000e+06
1.960783000000000000e+06
2.427370000000000000e+06
4.285403000000000000e+06
2.924065000000000000e+06
2.269051000000000000e+06
2.291355000000000000e+06
2.670578000000000000e+06
3.028041000000000000e+06
3.349368000000000000e+06
2.750284000000000000e+06
3.610180000000000000e+06
4.225021000000000000e+06
4.174196000000000000e+06
3.636365000000000000e+06
7.130091000000000000e+06
4.296936000000000000e+06
3.625847000000000000e+06
3.004069000000000000e+06
2.099257000000000000e+06
1.676376000000000000e+06
2.220240000000000000e+06
2.011343000000000000e+06
2.095703000000000000e+06
1.656951000000000000e+06
3.032444000000000000e+06
2.564771000000000000e+06
4.729486000000000000e+06
1.840519000000000000e+06
3.184159000000000000e+06
3.652548000000000000e+06
2.444539000000000000e+06
1.421029000000000000e+06
2.139100000000000000e+06
2.033682000000000000e+06
1.590517000000000000e+06
1.908190000000000000e+06
3.241642000000000000e+06
3.055697000000000000e+06
5.010535000000000000e+06
2.677045000000000000e+06
2.389437000000000000e+06
2.945244000000000000e+06
2.497046000000000000e+06
2.363619000000000000e+06
2.422172000000000000e+06
2.161345000000000000e+06
1.979173000000000000e+06
1.632025000000000000e+06
1.612026000000000000e+06
1.829328000000000000e+06
4.555683000000000000e+06
1.735644000000000000e+06
1.469408000000000000e+06
1.827048000000000000e+06
1.198328000000000000e+06
7.647290000000000000e+05
1.290508000000000000e+06
6.215450000000000000e+05
4.701060000000000000e+05
8.525700000000000000e+05
1.320326000000000000e+06
1.016926000000000000e+06
3.533127000000000000e+06
2.377115000000000000e+06
1.596526000000000000e+06
2.251435000000000000e+06
3.205382000000000000e+06
3.590749000000000000e+06
4.429427000000000000e+06
4.122677000000000000e+06
3.834486000000000000e+06
3.468755000000000000e+06
3.612494000000000000e+06
3.607729000000000000e+06
5.142148000000000000e+06
2.183064000000000000e+06
1.969072000000000000e+06
1.841077000000000000e+06
2.289786000000000000e+06
2.779482000000000000e+06
3.182594000000000000e+06
2.239782000000000000e+06
2.315228000000000000e+06
2.131931000000000000e+06
1.856015000000000000e+06
2.006627000000000000e+06
