3.382279000000000000e+06
2.641491000000000000e+06
3.059058000000000000e+06
2.974870000000000000e+06
2.009749000000000000e+06
2.624868000000000000e+06
3.176469000000000000e+06
2.958980000000000000e+06
1.711699000000000000e+06
2.995701000000000000e+06
4.103774000000000000e+06
5.965292000000000000e+06
2.664368000000000000e+06
2.000960000000000000e+06
1.209916000000000000e+06
1.626403000000000000e+06
1.919265000000000000e+06
1.602380000000000000e+06
1.379236000000000000e+06
1.541608000000000000e+06
1.470897000000000000e+06
1.139398000000000000e+06
1.586352000000000000e+06
4.534479000000000000e+06
1.695890000000000000e+06
7.149780000000000000e+05
1.596534000000000000e+06
1.189208000000000000e+06
8.547260000000000000e+05
9.653240000000000000e+05
9.498620000000000000e+05
1.532517000000000000e+06
2.046241000000000000e+06
1.929598000000000000e+06
1.219018000000000000e+06
2.823787000000000000e+06
1.038822000000000000e+06
1.092895000000000000e+06
1.001490000000000000e+06
1.199126000000000000e+06
6.112890000000000000e+05
4.816080000000000000e+05
5.464730000000000000e+05
2.196950000000000000e+05
2.556480000000000000e+05
3.180880000000000000e+05
4.336300000000000000e+05
2.566121000000000000e+06
6.692610000000000000e+05
4.795610000000000000e+05
5.029650000000000000e+05
3.350180000000000000e+05
3.071620000000000000e+05
5.403300000000000000e+05
9.593790000000000000e+05
1.095176000000000000e+06
9.630020000000000000e+05
1.544061000000000000e+06
2.503213000000000000e+06
6.483597000000000000e+06
5.270176000000000000e+06
7.341765000000000000e+06
7.736334000000000000e+06
8.483107000000000000e+06
7.628756000000000000e+06
5.616703000000000000e+06
3.983452000000000000e+06
2.291414000000000000e+06
2.163945000000000000e+06
1.952112000000000000e+06
2.155019000000000000e+06
4.726110000000000000e+06
3.476612000000000000e+06
3.090553000000000000e+06
3.298471000000000000e+06
2.989126000000000000e+06
3.650042000000000000e+06
4.551309000000000000e+06
4.501875000000000000e+06
3.336224000000000000e+06
2.848327000000000000e+06
2.454025000000000000e+06
3.092901000000000000e+06
5.936350000000000000e+06
2.996537000000000000e+06
2.784743000000000000e+06
2.806488000000000000e+06
3.634867000000000000e+06
2.755557000000000000e+06
2.843870000000000000e+06
2.510487000000000000e+06
1.617760000000000000e+06
1.416131000000000000e+06
1.281100000000000000e+06
8.234830000000000000e+05
3.048840000000000000e+06
9.763900000000000000e+05
1.049605000000000000e+06
6.685390000000000000e+05
1.648920000000000000e+05
3.278970000000000000e+05
2.254050000000000000e+05
2.683140000000000000e+05
4.016850000000000000e+05
5.127840000000000000e+05
4.523570000000000000e+05
1.766700000000000000e+05
2.757076000000000000e+06
6.284520000000000000e+05
4.745010000000000000e+05
7.474500000000000000e+04
6.451760000000000000e+05
6.992950000000000000e+05
2.078990000000000000e+05
4.644220000000000000e+05
1.937340000000000000e+05
1.833840000000000000e+05
4.792590000000000000e+05
1.241308000000000000e+06
3.818491000000000000e+06
2.998309000000000000e+06
2.781423000000000000e+06
2.357720000000000000e+06
1.610859000000000000e+06
2.650893000000000000e+06
3.952118000000000000e+06
3.498550000000000000e+06
2.213863000000000000e+06
1.459741000000000000e+06
1.531520000000000000e+06
1.772812000000000000e+06
4.859005000000000000e+06
2.713888000000000000e+06
1.585637000000000000e+06
1.865115000000000000e+06
1.863763000000000000e+06
5.680510000000000000e+05
1.188824000000000000e+06
1.532883000000000000e+06
1.749242000000000000e+06
8.679260000000000000e+05
1.216750000000000000e+06
1.696661000000000000e+06
3.715509000000000000e+06
7.914000000000000000e+05
4.360060000000000000e+05
2.782940000000000000e+05
7.789490000000000000e+05
7.134980000000000000e+05
