7.682480000000000000e+05
1.145072000000000000e+06
1.547604000000000000e+06
9.252400000000000000e+05
5.628720000000000000e+05
3.363262000000000000e+06
1.443177000000000000e+06
1.943361000000000000e+06
1.751926000000000000e+06
1.194279000000000000e+06
1.642500000000000000e+06
1.803874000000000000e+06
1.061120000000000000e+06
1.887142000000000000e+06
1.243009000000000000e+06
4.217530000000000000e+05
4.292560000000000000e+05
2.835279000000000000e+06
5.723650000000000000e+05
2.800150000000000000e+05
4.652010000000000000e+05
2.595580000000000000e+05
4.502850000000000000e+05
1.272907000000000000e+06
8.256100000000000000e+05
5.668630000000000000e+05
6.984720000000000000e+05
8.695810000000000000e+05
8.680380000000000000e+05
3.227781000000000000e+06
1.720402000000000000e+06
1.255190000000000000e+06
1.217730000000000000e+06
1.011447000000000000e+06
7.873390000000000000e+05
9.722300000000000000e+05
6.330980000000000000e+05
3.825550000000000000e+05
8.149860000000000000e+05
4.654800000000000000e+05
4.292250000000000000e+05
2.353618000000000000e+06
5.671060000000000000e+05
1.909630000000000000e+05
2.958840000000000000e+05
4.266020000000000000e+05
5.030530000000000000e+05
6.776570000000000000e+05
4.137630000000000000e+05
7.413240000000000000e+05
4.101460000000000000e+05
2.783020000000000000e+05
9.324910000000000000e+05
3.089952000000000000e+06
2.166558000000000000e+06
2.176687000000000000e+06
2.292538000000000000e+06
1.931380000000000000e+06
1.797502000000000000e+06
1.753420000000000000e+06
1.213635000000000000e+06
5.741480000000000000e+05
5.694890000000000000e+05
7.497130000000000000e+05
8.413000000000000000e+05
2.636122000000000000e+06
1.466085000000000000e+06
1.424394000000000000e+06
1.571142000000000000e+06
1.763849000000000000e+06
1.562025000000000000e+06
1.736125000000000000e+06
1.231557000000000000e+06
1.056977000000000000e+06
7.675250000000000000e+05
8.384880000000000000e+05
9.971650000000000000e+05
2.497537000000000000e+06
6.868290000000000000e+05
4.227360000000000000e+05
3.728020000000000000e+05
1.268400000000000000e+05
2.955380000000000000e+05
6.989560000000000000e+05
3.756560000000000000e+05
3.821360000000000000e+05
2.407780000000000000e+05
5.377390000000000000e+05
3.432490000000000000e+05
2.530109000000000000e+06
5.821650000000000000e+05
2.133410000000000000e+05
3.782460000000000000e+05
6.369580000000000000e+05
6.920480000000000000e+05
7.388360000000000000e+05
2.764970000000000000e+05
7.114270000000000000e+05
7.459590000000000000e+05
1.966340000000000000e+05
1.220700000000000000e+05
2.116183000000000000e+06
6.494740000000000000e+05
2.701570000000000000e+05
4.539080000000000000e+05
2.804700000000000000e+05
3.276040000000000000e+05
8.588590000000000000e+05
2.637410000000000000e+05
1.823230000000000000e+05
1.808320000000000000e+05
2.004490000000000000e+05
4.127290000000000000e+05
2.041196000000000000e+06
6.262880000000000000e+05
2.335570000000000000e+05
4.419680000000000000e+05
4.129310000000000000e+05
7.711860000000000000e+05
6.912110000000000000e+05
3.942200000000000000e+05
5.395940000000000000e+05
3.984760000000000000e+05
2.339400000000000000e+05
4.137540000000000000e+05
2.054354000000000000e+06
4.509130000000000000e+05
1.759610000000000000e+05
2.592880000000000000e+05
3.438690000000000000e+05
3.697760000000000000e+05
6.138350000000000000e+05
5.126450000000000000e+05
3.997370000000000000e+05
5.022680000000000000e+05
7.312350000000000000e+05
7.166540000000000000e+05
2.252246000000000000e+06
7.797910000000000000e+05
7.307630000000000000e+05
3.770200000000000000e+05
2.635320000000000000e+05
4.316030000000000000e+05
6.565670000000000000e+05
4.692880000000000000e+05
5.644520000000000000e+05
4.192180000000000000e+05
1.588090000000000000e+05
1.233920000000000000e+05
