4.658910000000000000e+05
7.136740000000000000e+05
5.786440000000000000e+05
1.406857000000000000e+06
1.071456000000000000e+06
1.862497000000000000e+06
1.329379000000000000e+06
4.545950000000000000e+05
6.234720000000000000e+05
7.035020000000000000e+05
8.958570000000000000e+05
2.615695000000000000e+06
6.733550000000000000e+05
5.730280000000000000e+05
5.668910000000000000e+05
8.658600000000000000e+04
3.466830000000000000e+05
1.602130000000000000e+05
3.197400000000000000e+05
6.023630000000000000e+05
4.110930000000000000e+05
2.643720000000000000e+05
5.353700000000000000e+05
2.394652000000000000e+06
6.835760000000000000e+05
7.009570000000000000e+05
8.099970000000000000e+05
6.287460000000000000e+05
3.906460000000000000e+05
4.054420000000000000e+05
7.831640000000000000e+05
8.909490000000000000e+05
4.155880000000000000e+05
2.322890000000000000e+05
3.218910000000000000e+05
2.196081000000000000e+06
6.331590000000000000e+05
5.218700000000000000e+05
1.891060000000000000e+05
4.568900000000000000e+04
3.229100000000000000e+05
8.213730000000000000e+05
6.934020000000000000e+05
1.781120000000000000e+05
1.101750000000000000e+05
2.751140000000000000e+05
3.404370000000000000e+05
1.947025000000000000e+06
3.424520000000000000e+05
1.336130000000000000e+05
2.172160000000000000e+05
9.471100000000000000e+04
2.024040000000000000e+05
2.283190000000000000e+05
6.868010000000000000e+05
3.238350000000000000e+05
3.463540000000000000e+05
4.547870000000000000e+05
1.107800000000000000e+05
2.339575000000000000e+06
9.041350000000000000e+05
2.373180000000000000e+05
6.670550000000000000e+05
3.580250000000000000e+05
1.888370000000000000e+05
6.042200000000000000e+04
1.262170000000000000e+05
2.989040000000000000e+05
2.077360000000000000e+05
4.640000000000000000e+04
2.045840000000000000e+05
1.893790000000000000e+06
6.586370000000000000e+05
2.234100000000000000e+05
2.579780000000000000e+05
1.664160000000000000e+05
1.075210000000000000e+05
1.155140000000000000e+05
5.053200000000000000e+04
1.121380000000000000e+05
1.500490000000000000e+05
3.940510000000000000e+05
4.516960000000000000e+05
2.175880000000000000e+06
9.607820000000000000e+05
1.213782000000000000e+06
1.314619000000000000e+06
1.301972000000000000e+06
1.225472000000000000e+06
7.449980000000000000e+05
6.011550000000000000e+05
9.203220000000000000e+05
8.540060000000000000e+05
6.520810000000000000e+05
3.379820000000000000e+05
2.547524000000000000e+06
6.131110000000000000e+05
3.274230000000000000e+05
5.028110000000000000e+05
9.662610000000000000e+05
3.376530000000000000e+05
2.159030000000000000e+05
3.073420000000000000e+05
9.454800000000000000e+04
5.336980000000000000e+05
3.510040000000000000e+05
2.030910000000000000e+05
2.235419000000000000e+06
5.335710000000000000e+05
2.589000000000000000e+05
2.729720000000000000e+05
2.913490000000000000e+05
2.291970000000000000e+05
4.438450000000000000e+05
3.933000000000000000e+05
1.748940000000000000e+05
5.964800000000000000e+05
2.280910000000000000e+05
2.156870000000000000e+05
2.464989000000000000e+06
5.363150000000000000e+05
3.097040000000000000e+05
2.068390000000000000e+05
1.197500000000000000e+05
1.949230000000000000e+05
1.538520000000000000e+05
2.613140000000000000e+05
4.346430000000000000e+05
1.770740000000000000e+05
3.679230000000000000e+05
3.723340000000000000e+05
1.854215000000000000e+06
9.079700000000000000e+05
4.357490000000000000e+05
5.731420000000000000e+05
4.214100000000000000e+05
4.306310000000000000e+05
4.905380000000000000e+05
9.198060000000000000e+05
9.059670000000000000e+05
3.365550000000000000e+05
1.104460000000000000e+05
1.244800000000000000e+05
2.249187000000000000e+06
5.604350000000000000e+05
5.135090000000000000e+05
6.197880000000000000e+05
3.667710000000000000e+05
4.111320000000000000e+05
