5.306820000000000000e+06
6.177315000000000000e+06
5.196699000000000000e+06
4.497056000000000000e+06
3.273660000000000000e+06
4.456854000000000000e+06
1.805560000000000000e+06
1.316809000000000000e+06
4.817300000000000000e+05
2.369380000000000000e+05
2.860870000000000000e+05
6.568270000000000000e+05
6.239410000000000000e+05
4.953830000000000000e+05
4.918820000000000000e+05
4.456860000000000000e+05
4.428360000000000000e+05
2.403951000000000000e+06
7.991580000000000000e+05
9.644040000000000000e+05
4.058460000000000000e+05
1.681840000000000000e+05
5.303820000000000000e+05
8.751770000000000000e+05
7.007070000000000000e+05
5.974750000000000000e+05
3.720910000000000000e+05
4.417350000000000000e+05
1.539330000000000000e+05
2.103057000000000000e+06
4.440970000000000000e+05
2.608000000000000000e+05
5.124740000000000000e+05
1.723410000000000000e+05
4.042790000000000000e+05
6.951540000000000000e+05
2.554240000000000000e+05
2.307270000000000000e+05
6.822000000000000000e+04
8.002900000000000000e+04
1.000250000000000000e+05
1.737594000000000000e+06
4.875950000000000000e+05
2.700590000000000000e+05
3.435570000000000000e+05
2.269610000000000000e+05
2.631040000000000000e+05
6.762970000000000000e+05
4.769080000000000000e+05
5.179940000000000000e+05
6.321440000000000000e+05
7.846240000000000000e+05
6.386840000000000000e+05
2.304680000000000000e+06
1.015296000000000000e+06
6.112290000000000000e+05
4.834640000000000000e+05
4.331110000000000000e+05
1.607440000000000000e+05
7.343000000000000000e+05
2.169750000000000000e+05
1.735020000000000000e+05
7.193200000000000000e+04
3.589570000000000000e+05
1.318690000000000000e+05
2.306470000000000000e+06
4.118390000000000000e+05
3.155210000000000000e+05
5.487850000000000000e+05
4.062550000000000000e+05
1.591700000000000000e+05
6.562540000000000000e+05
3.931410000000000000e+05
5.805930000000000000e+05
6.976740000000000000e+05
6.005180000000000000e+05
7.981700000000000000e+05
2.522613000000000000e+06
1.051405000000000000e+06
1.087300000000000000e+06
8.571690000000000000e+05
1.635744000000000000e+06
1.620320000000000000e+06
1.856870000000000000e+06
1.568689000000000000e+06
2.659845000000000000e+06
2.506004000000000000e+06
3.502122000000000000e+06
4.508870000000000000e+06
6.474246000000000000e+06
3.411739000000000000e+06
2.175730000000000000e+06
1.534139000000000000e+06
1.687585000000000000e+06
2.830864000000000000e+06
3.298885000000000000e+06
2.459376000000000000e+06
1.590542000000000000e+06
2.440674000000000000e+06
1.598765000000000000e+06
1.196402000000000000e+06
4.931433000000000000e+06
3.473450000000000000e+06
3.237054000000000000e+06
4.227185000000000000e+06
3.427375000000000000e+06
1.546902000000000000e+06
2.595849000000000000e+06
2.645890000000000000e+06
2.123836000000000000e+06
1.527292000000000000e+06
1.993526000000000000e+06
3.032129000000000000e+06
4.949386000000000000e+06
2.764990000000000000e+06
2.348878000000000000e+06
1.241926000000000000e+06
1.581197000000000000e+06
2.015017000000000000e+06
2.004531000000000000e+06
1.703010000000000000e+06
1.625811000000000000e+06
8.531830000000000000e+05
6.273430000000000000e+05
4.720260000000000000e+05
2.884264000000000000e+06
1.351300000000000000e+06
1.429114000000000000e+06
1.539129000000000000e+06
1.677574000000000000e+06
1.829272000000000000e+06
2.177460000000000000e+06
1.916339000000000000e+06
1.657565000000000000e+06
1.358773000000000000e+06
1.084340000000000000e+06
1.093163000000000000e+06
3.355966000000000000e+06
1.873738000000000000e+06
1.943484000000000000e+06
1.625101000000000000e+06
1.597430000000000000e+06
8.311730000000000000e+05
1.432376000000000000e+06
9.479920000000000000e+05
7.330410000000000000e+05
9.743880000000000000e+05
9.131140000000000000e+05
6.499300000000000000e+05
