3.421333000000000000e+06
4.105604000000000000e+06
3.841345000000000000e+06
3.577535000000000000e+06
1.797508000000000000e+06
5.943233000000000000e+06
3.348184000000000000e+06
2.313809000000000000e+06
2.817730000000000000e+06
4.574348000000000000e+06
3.924557000000000000e+06
4.930387000000000000e+06
4.239588000000000000e+06
2.891172000000000000e+06
2.178848000000000000e+06
2.250421000000000000e+06
2.133356000000000000e+06
3.984880000000000000e+06
1.999282000000000000e+06
1.723106000000000000e+06
1.224662000000000000e+06
6.158640000000000000e+05
6.759720000000000000e+05
1.443646000000000000e+06
1.266671000000000000e+06
8.349580000000000000e+05
6.428590000000000000e+05
5.935930000000000000e+05
7.785830000000000000e+05
3.579023000000000000e+06
9.871030000000000000e+05
3.740800000000000000e+05
5.821960000000000000e+05
1.381828000000000000e+06
8.137600000000000000e+05
7.709770000000000000e+05
3.046010000000000000e+05
1.693920000000000000e+05
2.906360000000000000e+05
3.495890000000000000e+05
4.911360000000000000e+05
3.294791000000000000e+06
8.882730000000000000e+05
5.033370000000000000e+05
8.507200000000000000e+05
7.022750000000000000e+05
2.738620000000000000e+05
1.080286000000000000e+06
1.571830000000000000e+05
2.043600000000000000e+05
3.343030000000000000e+05
8.103930000000000000e+05
8.729560000000000000e+05
2.139514000000000000e+06
1.615314000000000000e+06
9.893660000000000000e+05
1.750394000000000000e+06
2.394394000000000000e+06
2.024446000000000000e+06
2.496444000000000000e+06
2.742165000000000000e+06
2.222802000000000000e+06
1.999582000000000000e+06
2.159439000000000000e+06
3.670071000000000000e+06
5.769594000000000000e+06
3.281042000000000000e+06
2.165995000000000000e+06
2.164863000000000000e+06
3.845207000000000000e+06
5.452162000000000000e+06
5.080614000000000000e+06
3.399779000000000000e+06
1.178463000000000000e+06
6.934880000000000000e+05
1.332239000000000000e+06
1.629315000000000000e+06
3.458241000000000000e+06
1.594557000000000000e+06
1.695941000000000000e+06
1.625853000000000000e+06
3.945290000000000000e+05
1.830073000000000000e+06
1.675393000000000000e+06
3.476170000000000000e+05
2.479980000000000000e+05
3.692720000000000000e+05
4.218280000000000000e+05
2.149440000000000000e+05
3.366455000000000000e+06
4.718390000000000000e+05
3.113370000000000000e+05
6.258470000000000000e+05
5.089410000000000000e+05
1.312830000000000000e+05
9.446950000000000000e+05
5.577660000000000000e+05
2.398430000000000000e+05
2.704710000000000000e+05
2.756960000000000000e+05
3.747860000000000000e+05
2.870449000000000000e+06
1.002857000000000000e+06
3.962020000000000000e+05
4.941390000000000000e+05
3.047760000000000000e+05
2.995050000000000000e+05
9.730570000000000000e+05
4.447550000000000000e+05
4.960100000000000000e+05
3.991340000000000000e+05
2.879210000000000000e+05
2.702550000000000000e+05
2.793159000000000000e+06
4.307740000000000000e+05
8.642400000000000000e+04
2.020920000000000000e+05
6.282380000000000000e+05
1.479640000000000000e+05
8.080470000000000000e+05
3.283830000000000000e+05
2.867270000000000000e+05
1.992000000000000000e+05
2.660910000000000000e+05
3.023520000000000000e+05
2.586842000000000000e+06
4.945490000000000000e+05
3.624240000000000000e+05
1.243677000000000000e+06
1.510476000000000000e+06
1.496508000000000000e+06
2.578468000000000000e+06
1.665244000000000000e+06
1.778806000000000000e+06
1.567527000000000000e+06
9.396230000000000000e+05
8.885660000000000000e+05
3.304286000000000000e+06
1.273437000000000000e+06
8.558360000000000000e+05
7.728990000000000000e+05
4.831850000000000000e+05
4.732430000000000000e+05
1.339417000000000000e+06
1.068633000000000000e+06
8.746660000000000000e+05
8.099240000000000000e+05
1.063136000000000000e+06
9.329650000000000000e+05
