3.035890000000000000e+05
9.432390000000000000e+05
1.589222000000000000e+06
2.248331000000000000e+06
3.182717000000000000e+06
3.603219000000000000e+06
4.562933000000000000e+06
3.754360000000000000e+06
3.862575000000000000e+06
2.768137000000000000e+06
1.993635000000000000e+06
3.755196000000000000e+06
2.322304000000000000e+06
3.300050000000000000e+06
4.358722000000000000e+06
6.092665000000000000e+06
5.398308000000000000e+06
4.797975000000000000e+06
4.091175000000000000e+06
3.727419000000000000e+06
6.473653000000000000e+06
8.004642000000000000e+06
4.374620000000000000e+06
5.161284000000000000e+06
3.639551000000000000e+06
3.654032000000000000e+06
4.724271000000000000e+06
3.339832000000000000e+06
1.944299000000000000e+06
3.135454000000000000e+06
4.053018000000000000e+06
3.533974000000000000e+06
2.144765000000000000e+06
4.577823000000000000e+06
4.267538000000000000e+06
6.408738000000000000e+06
5.289551000000000000e+06
8.320478000000000000e+06
9.328353000000000000e+06
8.970847000000000000e+06
5.090333000000000000e+06
1.919457000000000000e+06
1.975245000000000000e+06
3.178223000000000000e+06
3.541145000000000000e+06
3.758329000000000000e+06
4.877380000000000000e+06
5.821586000000000000e+06
2.781120000000000000e+06
2.356257000000000000e+06
2.831610000000000000e+06
3.226309000000000000e+06
3.669923000000000000e+06
2.661922000000000000e+06
1.408386000000000000e+06
1.158401000000000000e+06
1.820670000000000000e+06
2.017958000000000000e+06
1.303341000000000000e+06
4.228825000000000000e+06
1.557149000000000000e+06
6.942240000000000000e+05
8.514390000000000000e+05
6.496710000000000000e+05
3.055820000000000000e+05
5.203100000000000000e+05
7.293770000000000000e+05
8.148490000000000000e+05
5.876000000000000000e+05
9.883360000000000000e+05
5.494790000000000000e+05
2.461875000000000000e+06
1.146399000000000000e+06
6.132380000000000000e+05
4.073470000000000000e+05
3.609870000000000000e+05
2.880340000000000000e+05
6.141360000000000000e+05
1.071354000000000000e+06
9.845040000000000000e+05
3.090540000000000000e+05
3.604700000000000000e+05
3.013290000000000000e+05
2.371920000000000000e+06
4.719230000000000000e+05
5.940300000000000000e+05
2.423580000000000000e+05
2.671260000000000000e+05
2.918600000000000000e+05
5.996380000000000000e+05
5.866820000000000000e+05
5.932310000000000000e+05
4.089020000000000000e+05
7.832650000000000000e+05
1.526858000000000000e+06
3.228731000000000000e+06
9.008890000000000000e+05
7.994610000000000000e+05
1.257924000000000000e+06
4.742080000000000000e+05
1.026957000000000000e+06
6.240290000000000000e+05
5.323130000000000000e+05
5.001900000000000000e+05
6.245780000000000000e+05
3.723720000000000000e+05
9.756210000000000000e+05
2.383092000000000000e+06
6.331920000000000000e+05
4.650060000000000000e+05
6.939900000000000000e+05
1.021254000000000000e+06
7.036630000000000000e+05
6.727650000000000000e+05
9.951890000000000000e+05
3.682120000000000000e+05
5.465510000000000000e+05
3.726040000000000000e+05
2.023680000000000000e+05
2.315762000000000000e+06
6.738390000000000000e+05
6.298320000000000000e+05
7.853310000000000000e+05
9.045780000000000000e+05
5.983120000000000000e+05
6.407520000000000000e+05
1.245430000000000000e+06
1.170639000000000000e+06
1.858803000000000000e+06
1.608684000000000000e+06
2.153856000000000000e+06
4.521820000000000000e+06
3.365289000000000000e+06
3.163110000000000000e+06
1.877128000000000000e+06
2.179531000000000000e+06
2.856638000000000000e+06
2.102454000000000000e+06
1.038896000000000000e+06
7.398100000000000000e+05
1.612863000000000000e+06
3.912109000000000000e+06
3.483528000000000000e+06
5.420275000000000000e+06
4.979766000000000000e+06
6.271272000000000000e+06
6.213442000000000000e+06
6.109707000000000000e+06
5.734137000000000000e+06
