3.849683000000000000e+06
2.527950000000000000e+06
1.847131000000000000e+06
1.626337000000000000e+06
1.535438000000000000e+06
3.898484000000000000e+06
2.054726000000000000e+06
2.025480000000000000e+06
1.864878000000000000e+06
2.149311000000000000e+06
2.482594000000000000e+06
2.742463000000000000e+06
2.866363000000000000e+06
2.082763000000000000e+06
1.524896000000000000e+06
2.343048000000000000e+06
3.636115000000000000e+06
9.243621000000000000e+06
7.344460000000000000e+06
7.740742000000000000e+06
6.297217000000000000e+06
3.747516000000000000e+06
2.604087000000000000e+06
3.485013000000000000e+06
4.077694000000000000e+06
3.445752000000000000e+06
2.995998000000000000e+06
2.743009000000000000e+06
2.235239000000000000e+06
3.900118000000000000e+06
1.861098000000000000e+06
1.533890000000000000e+06
2.039980000000000000e+06
1.549956000000000000e+06
1.024564000000000000e+06
1.266924000000000000e+06
7.080450000000000000e+05
6.080370000000000000e+05
5.865750000000000000e+05
3.979050000000000000e+05
4.637520000000000000e+05
3.318499000000000000e+06
6.625640000000000000e+05
4.697110000000000000e+05
5.082430000000000000e+05
1.260545000000000000e+06
1.169445000000000000e+06
1.002077000000000000e+06
3.508080000000000000e+05
1.005060000000000000e+05
1.006580000000000000e+05
2.371220000000000000e+05
2.080670000000000000e+05
2.361736000000000000e+06
5.714570000000000000e+05
6.247010000000000000e+05
3.975820000000000000e+05
3.326440000000000000e+05
1.120970000000000000e+06
2.510895000000000000e+06
2.566976000000000000e+06
3.081018000000000000e+06
3.473036000000000000e+06
1.505449000000000000e+06
9.827490000000000000e+05
3.443314000000000000e+06
1.428969000000000000e+06
1.104686000000000000e+06
1.094061000000000000e+06
7.933510000000000000e+05
5.431020000000000000e+05
1.716725000000000000e+06
2.861161000000000000e+06
2.627205000000000000e+06
2.647828000000000000e+06
1.869652000000000000e+06
9.999490000000000000e+05
2.631960000000000000e+06
6.408990000000000000e+05
6.702150000000000000e+05
1.105487000000000000e+06
1.105357000000000000e+06
1.228840000000000000e+06
2.096012000000000000e+06
2.328025000000000000e+06
2.579544000000000000e+06
2.375731000000000000e+06
2.068668000000000000e+06
2.046281000000000000e+06
4.472082000000000000e+06
3.814160000000000000e+06
3.454483000000000000e+06
2.538928000000000000e+06
1.852234000000000000e+06
1.581961000000000000e+06
1.570281000000000000e+06
7.009300000000000000e+05
3.874680000000000000e+05
3.767610000000000000e+05
8.331140000000000000e+05
1.701461000000000000e+06
3.964698000000000000e+06
2.270398000000000000e+06
2.579369000000000000e+06
3.024647000000000000e+06
3.351824000000000000e+06
3.561979000000000000e+06
2.796198000000000000e+06
4.245136000000000000e+06
5.743168000000000000e+06
5.500728000000000000e+06
4.706798000000000000e+06
3.596404000000000000e+06
4.991200000000000000e+06
2.614532000000000000e+06
2.189420000000000000e+06
3.178340000000000000e+06
4.413280000000000000e+06
4.705744000000000000e+06
5.251760000000000000e+06
1.611019000000000000e+06
5.543626000000000000e+06
6.767435000000000000e+06
6.146202000000000000e+06
5.742599000000000000e+06
7.285722000000000000e+06
4.899650000000000000e+06
3.749564000000000000e+06
3.547645000000000000e+06
2.892797000000000000e+06
1.887851000000000000e+06
1.739489000000000000e+06
1.575671000000000000e+06
1.380819000000000000e+06
1.812025000000000000e+06
2.762235000000000000e+06
3.343582000000000000e+06
4.461631000000000000e+06
3.273035000000000000e+06
3.246271000000000000e+06
3.168510000000000000e+06
2.291197000000000000e+06
1.753565000000000000e+06
2.233363000000000000e+06
2.147141000000000000e+06
1.964737000000000000e+06
1.387862000000000000e+06
1.011657000000000000e+06
7.651060000000000000e+05
