1.294630000000000000e+06
7.198760000000000000e+05
4.392490000000000000e+05
7.393270000000000000e+05
1.114047000000000000e+06
1.015546000000000000e+06
8.702830000000000000e+05
1.011987000000000000e+06
1.419001000000000000e+06
2.028519000000000000e+06
2.996524000000000000e+06
6.201417000000000000e+06
4.773619000000000000e+06
2.924321000000000000e+06
1.665643000000000000e+06
6.635820000000000000e+05
1.173474000000000000e+06
1.324558000000000000e+06
6.204800000000000000e+05
3.654270000000000000e+05
8.410630000000000000e+05
7.061170000000000000e+05
7.731900000000000000e+05
3.960763000000000000e+06
4.128989000000000000e+06
5.427443000000000000e+06
5.616789000000000000e+06
4.867198000000000000e+06
4.510124000000000000e+06
4.881007000000000000e+06
4.240930000000000000e+06
2.892778000000000000e+06
3.191139000000000000e+06
3.581521000000000000e+06
3.884807000000000000e+06
6.901172000000000000e+06
6.676778000000000000e+06
7.973921000000000000e+06
5.889509000000000000e+06
2.325062000000000000e+06
1.223123000000000000e+06
1.813947000000000000e+06
2.107107000000000000e+06
1.654040000000000000e+06
5.119690000000000000e+05
1.058028000000000000e+06
5.305400000000000000e+05
2.883485000000000000e+06
6.035110000000000000e+05
5.783520000000000000e+05
7.918040000000000000e+05
7.735100000000000000e+05
1.173886000000000000e+06
1.556355000000000000e+06
1.740446000000000000e+06
1.638428000000000000e+06
2.157098000000000000e+06
2.239689000000000000e+06
1.733874000000000000e+06
4.027694000000000000e+06
2.854999000000000000e+06
3.158009000000000000e+06
2.444136000000000000e+06
1.901653000000000000e+06
1.456723000000000000e+06
1.620779000000000000e+06
1.968657000000000000e+06
4.785166000000000000e+06
5.340602000000000000e+06
6.831618000000000000e+06
8.425345000000000000e+06
1.148716700000000000e+07
7.937059000000000000e+06
6.478413000000000000e+06
5.243674000000000000e+06
1.674815000000000000e+06
1.918121000000000000e+06
3.130811000000000000e+06
3.598658000000000000e+06
2.363032000000000000e+06
1.697432000000000000e+06
1.709786000000000000e+06
1.171622000000000000e+06
3.831081000000000000e+06
1.547692000000000000e+06
1.555124000000000000e+06
2.343461000000000000e+06
2.296407000000000000e+06
8.621730000000000000e+05
8.809660000000000000e+05
1.330675000000000000e+06
1.069946000000000000e+06
1.071927000000000000e+06
4.071900000000000000e+05
6.093810000000000000e+05
3.194116000000000000e+06
1.389037000000000000e+06
1.691240000000000000e+06
7.816680000000000000e+05
6.567850000000000000e+05
9.243020000000000000e+05
1.395456000000000000e+06
9.266170000000000000e+05
1.277893000000000000e+06
1.389353000000000000e+06
1.762962000000000000e+06
1.774177000000000000e+06
4.649175000000000000e+06
2.396589000000000000e+06
1.682195000000000000e+06
1.027445000000000000e+06
1.010184000000000000e+06
1.141721000000000000e+06
1.399353000000000000e+06
2.070809000000000000e+06
1.558492000000000000e+06
1.630657000000000000e+06
1.259274000000000000e+06
1.813535000000000000e+06
3.178402000000000000e+06
1.187119000000000000e+06
6.421590000000000000e+05
1.882076000000000000e+06
3.497610000000000000e+06
4.070881000000000000e+06
3.221255000000000000e+06
4.689673000000000000e+06
4.832043000000000000e+06
5.720987000000000000e+06
7.211066000000000000e+06
7.861493000000000000e+06
5.834158000000000000e+06
1.925404000000000000e+06
5.301860000000000000e+05
6.099410000000000000e+05
3.766810000000000000e+05
4.169360000000000000e+05
1.022146000000000000e+06
1.716913000000000000e+06
1.241198000000000000e+06
5.253220000000000000e+05
2.040327000000000000e+06
2.617549000000000000e+06
3.189441000000000000e+06
1.938595000000000000e+06
3.034266000000000000e+06
3.216805000000000000e+06
3.853992000000000000e+06
3.973560000000000000e+06
