2.559917000000000000e+06
1.521753000000000000e+06
8.440100000000000000e+05
1.176339000000000000e+06
6.112780000000000000e+05
3.453226000000000000e+06
1.791459000000000000e+06
7.059720000000000000e+05
9.067250000000000000e+05
1.189794000000000000e+06
6.892590000000000000e+05
1.090213000000000000e+06
6.576160000000000000e+05
4.589850000000000000e+05
6.150570000000000000e+05
3.782720000000000000e+05
5.172770000000000000e+05
2.821588000000000000e+06
6.013500000000000000e+05
3.841880000000000000e+05
8.258820000000000000e+05
2.877560000000000000e+05
2.835090000000000000e+05
7.782570000000000000e+05
3.276680000000000000e+05
2.548200000000000000e+05
4.479080000000000000e+05
6.562790000000000000e+05
4.552380000000000000e+05
2.473922000000000000e+06
7.412490000000000000e+05
6.710380000000000000e+05
5.145500000000000000e+05
4.760300000000000000e+05
1.028245000000000000e+06
1.016945000000000000e+06
1.061098000000000000e+06
1.493593000000000000e+06
7.088200000000000000e+05
1.124500000000000000e+06
6.931020000000000000e+05
2.620980000000000000e+06
1.494477000000000000e+06
1.648635000000000000e+06
1.989386000000000000e+06
2.732269000000000000e+06
2.626669000000000000e+06
2.721708000000000000e+06
1.707514000000000000e+06
1.164458000000000000e+06
1.675361000000000000e+06
1.624093000000000000e+06
1.697422000000000000e+06
3.561085000000000000e+06
1.406146000000000000e+06
2.447980000000000000e+05
3.584150000000000000e+05
3.389820000000000000e+05
3.045850000000000000e+05
8.020280000000000000e+05
3.974110000000000000e+05
2.848530000000000000e+05
3.309850000000000000e+05
4.422850000000000000e+05
8.790780000000000000e+05
2.525409000000000000e+06
1.805422000000000000e+06
1.648584000000000000e+06
1.727767000000000000e+06
1.487027000000000000e+06
2.716584000000000000e+06
4.217276000000000000e+06
4.615790000000000000e+06
5.384464000000000000e+06
3.820066000000000000e+06
4.759993000000000000e+06
4.616825000000000000e+06
4.905328000000000000e+06
4.192317000000000000e+06
5.712302000000000000e+06
5.644076000000000000e+06
5.736386000000000000e+06
4.532302000000000000e+06
4.022116000000000000e+06
3.260709000000000000e+06
2.656437000000000000e+06
2.624072000000000000e+06
2.445401000000000000e+06
2.546936000000000000e+06
5.303966000000000000e+06
2.925847000000000000e+06
2.880838000000000000e+06
2.404366000000000000e+06
1.905718000000000000e+06
1.795846000000000000e+06
1.921342000000000000e+06
1.282395000000000000e+06
1.700403000000000000e+06
2.251289000000000000e+06
1.576763000000000000e+06
1.757901000000000000e+06
4.755238000000000000e+06
2.704964000000000000e+06
1.223488000000000000e+06
1.516367000000000000e+06
1.613270000000000000e+06
1.379199000000000000e+06
1.621034000000000000e+06
1.370320000000000000e+06
1.730794000000000000e+06
1.821488000000000000e+06
1.530814000000000000e+06
1.585110000000000000e+06
3.935740000000000000e+06
2.179091000000000000e+06
2.375368000000000000e+06
2.592968000000000000e+06
3.592091000000000000e+06
4.381824000000000000e+06
3.707913000000000000e+06
2.839141000000000000e+06
3.060730000000000000e+06
3.440925000000000000e+06
3.870069000000000000e+06
2.604264000000000000e+06
4.666374000000000000e+06
2.842159000000000000e+06
3.129406000000000000e+06
2.020031000000000000e+06
1.122825000000000000e+06
7.210150000000000000e+05
9.820630000000000000e+05
3.527680000000000000e+05
9.999290000000000000e+05
1.072668000000000000e+06
5.697590000000000000e+05
9.195620000000000000e+05
3.013342000000000000e+06
8.363180000000000000e+05
6.867170000000000000e+05
6.726590000000000000e+05
6.959890000000000000e+05
9.880680000000000000e+05
7.287200000000000000e+05
2.735970000000000000e+05
4.194380000000000000e+05
1.277846000000000000e+06
7.152010000000000000e+05
6.926820000000000000e+05
