1.081177000000000000e+06
8.270660000000000000e+05
1.085349000000000000e+06
9.787660000000000000e+05
1.277851000000000000e+06
1.039002000000000000e+06
2.515730000000000000e+06
4.073330000000000000e+06
5.257000000000000000e+06
6.546661000000000000e+06
6.771537000000000000e+06
1.064346000000000000e+07
6.229746000000000000e+06
3.881547000000000000e+06
2.469998000000000000e+06
2.876024000000000000e+06
1.742423000000000000e+06
1.239284000000000000e+06
1.705065000000000000e+06
1.938479000000000000e+06
1.698526000000000000e+06
1.475230000000000000e+06
1.794518000000000000e+06
3.726472000000000000e+06
2.224658000000000000e+06
2.613955000000000000e+06
3.418034000000000000e+06
3.993865000000000000e+06
4.379093000000000000e+06
4.213616000000000000e+06
3.581104000000000000e+06
2.818601000000000000e+06
2.395944000000000000e+06
1.973672000000000000e+06
3.711295000000000000e+06
4.918098000000000000e+06
3.103121000000000000e+06
2.454312000000000000e+06
2.979511000000000000e+06
2.554172000000000000e+06
2.538854000000000000e+06
1.866374000000000000e+06
2.144224000000000000e+06
2.302539000000000000e+06
2.132763000000000000e+06
1.763126000000000000e+06
2.104748000000000000e+06
3.970951000000000000e+06
1.358771000000000000e+06
1.865858000000000000e+06
2.051807000000000000e+06
1.838451000000000000e+06
1.601089000000000000e+06
1.697943000000000000e+06
2.276251000000000000e+06
2.289624000000000000e+06
1.683801000000000000e+06
1.379632000000000000e+06
3.515433000000000000e+06
3.660804000000000000e+06
1.157981000000000000e+06
1.915305000000000000e+06
3.100831000000000000e+06
1.855906000000000000e+06
7.793990000000000000e+05
1.539965000000000000e+06
1.760129000000000000e+06
1.185878000000000000e+06
8.678150000000000000e+05
9.998270000000000000e+05
1.593284000000000000e+06
3.273852000000000000e+06
1.059557000000000000e+06
9.929590000000000000e+05
8.977980000000000000e+05
5.852780000000000000e+05
6.278220000000000000e+05
5.222770000000000000e+05
4.551360000000000000e+05
9.786290000000000000e+05
8.577250000000000000e+05
7.513750000000000000e+05
7.393350000000000000e+05
2.767302000000000000e+06
1.456125000000000000e+06
1.467099000000000000e+06
1.634003000000000000e+06
1.287807000000000000e+06
1.372981000000000000e+06
2.016681000000000000e+06
1.721314000000000000e+06
1.101549000000000000e+06
1.038846000000000000e+06
2.596685000000000000e+06
3.604188000000000000e+06
5.553893000000000000e+06
3.264251000000000000e+06
2.771188000000000000e+06
3.718271000000000000e+06
5.150280000000000000e+06
4.623869000000000000e+06
2.203155000000000000e+06
1.005204000000000000e+06
2.044129000000000000e+06
2.104241000000000000e+06
2.119510000000000000e+06
2.213974000000000000e+06
3.958621000000000000e+06
1.292592000000000000e+06
3.590500000000000000e+05
7.921710000000000000e+05
9.787050000000000000e+05
1.418895000000000000e+06
1.488874000000000000e+06
1.085251000000000000e+06
1.285394000000000000e+06
1.996938000000000000e+06
1.250222000000000000e+06
1.433363000000000000e+06
3.974526000000000000e+06
2.639139000000000000e+06
2.154246000000000000e+06
2.246947000000000000e+06
1.700799000000000000e+06
1.974380000000000000e+06
2.247654000000000000e+06
2.576608000000000000e+06
2.959664000000000000e+06
2.936105000000000000e+06
2.936308000000000000e+06
3.367138000000000000e+06
6.830723000000000000e+06
5.677412000000000000e+06
5.392939000000000000e+06
5.048900000000000000e+06
3.887307000000000000e+06
3.246553000000000000e+06
3.648229000000000000e+06
3.943604000000000000e+06
3.725841000000000000e+06
3.048936000000000000e+06
3.469759000000000000e+06
3.337409000000000000e+06
6.051314000000000000e+06
3.567392000000000000e+06
2.489064000000000000e+06
2.641945000000000000e+06
4.155484000000000000e+06
3.294821000000000000e+06
