7.260862000000000000e+06
6.766177000000000000e+06
4.803702000000000000e+06
2.105698000000000000e+06
3.058112000000000000e+06
4.570459000000000000e+06
2.129651000000000000e+06
2.473544000000000000e+06
2.869838000000000000e+06
3.058004000000000000e+06
2.816668000000000000e+06
3.365518000000000000e+06
3.135479000000000000e+06
3.650637000000000000e+06
3.798536000000000000e+06
3.975618000000000000e+06
3.950665000000000000e+06
6.361309000000000000e+06
6.520544000000000000e+06
7.954361000000000000e+06
6.897799000000000000e+06
5.138432000000000000e+06
2.339048000000000000e+06
4.676432000000000000e+06
5.114222000000000000e+06
2.660232000000000000e+06
3.509393000000000000e+06
4.365045000000000000e+06
3.622214000000000000e+06
4.871073000000000000e+06
2.055307000000000000e+06
1.809652000000000000e+06
2.043177000000000000e+06
1.710088000000000000e+06
1.899075000000000000e+06
2.438396000000000000e+06
2.284662000000000000e+06
1.052772000000000000e+06
5.216100000000000000e+05
1.292609000000000000e+06
1.946774000000000000e+06
3.997992000000000000e+06
1.732442000000000000e+06
8.354330000000000000e+05
8.657950000000000000e+05
2.019108000000000000e+06
3.052418000000000000e+06
3.482408000000000000e+06
2.781791000000000000e+06
1.085901000000000000e+06
1.213218000000000000e+06
1.184104000000000000e+06
9.610300000000000000e+05
3.647414000000000000e+06
1.458759000000000000e+06
1.398531000000000000e+06
2.845780000000000000e+06
4.611779000000000000e+06
4.927139000000000000e+06
4.349263000000000000e+06
3.117313000000000000e+06
1.813103000000000000e+06
1.394044000000000000e+06
2.042156000000000000e+06
1.925427000000000000e+06
4.009561000000000000e+06
1.993182000000000000e+06
1.269000000000000000e+06
8.784360000000000000e+05
7.151140000000000000e+05
3.166740000000000000e+05
1.626652000000000000e+06
4.383290000000000000e+05
4.993140000000000000e+05
8.639610000000000000e+05
1.592840000000000000e+06
2.394302000000000000e+06
4.490748000000000000e+06
3.213106000000000000e+06
1.936953000000000000e+06
1.477139000000000000e+06
1.430692000000000000e+06
2.091834000000000000e+06
2.319871000000000000e+06
2.213546000000000000e+06
2.434162000000000000e+06
2.981893000000000000e+06
4.450036000000000000e+06
5.049932000000000000e+06
6.863903000000000000e+06
3.225952000000000000e+06
1.919348000000000000e+06
2.582653000000000000e+06
3.554451000000000000e+06
1.993437000000000000e+06
2.330264000000000000e+06
2.102262000000000000e+06
1.956038000000000000e+06
1.123560000000000000e+06
1.138701000000000000e+06
1.222536000000000000e+06
3.263595000000000000e+06
1.389665000000000000e+06
1.561187000000000000e+06
1.652841000000000000e+06
1.886562000000000000e+06
1.459604000000000000e+06
1.935260000000000000e+06
1.841493000000000000e+06
1.559244000000000000e+06
1.251595000000000000e+06
8.682920000000000000e+05
1.252945000000000000e+06
4.338090000000000000e+06
3.395365000000000000e+06
2.896839000000000000e+06
3.114482000000000000e+06
3.409388000000000000e+06
3.564042000000000000e+06
3.674240000000000000e+06
3.570843000000000000e+06
2.969028000000000000e+06
2.879107000000000000e+06
2.775560000000000000e+06
2.617627000000000000e+06
4.738238000000000000e+06
2.476679000000000000e+06
2.176992000000000000e+06
1.630351000000000000e+06
1.670108000000000000e+06
1.489448000000000000e+06
1.840725000000000000e+06
1.586417000000000000e+06
1.134292000000000000e+06
8.225420000000000000e+05
6.961540000000000000e+05
1.012244000000000000e+06
3.098713000000000000e+06
8.533540000000000000e+05
1.118712000000000000e+06
2.179923000000000000e+06
3.922491000000000000e+06
5.557854000000000000e+06
5.318914000000000000e+06
2.796496000000000000e+06
1.485360000000000000e+06
2.230817000000000000e+06
1.420643000000000000e+06
1.190124000000000000e+06
