1.639961000000000000e+06
8.642660000000000000e+05
6.732410000000000000e+05
9.834940000000000000e+05
1.155889000000000000e+06
1.024302000000000000e+06
1.702613000000000000e+06
2.494685000000000000e+06
3.172792000000000000e+06
3.653124000000000000e+06
4.036742000000000000e+06
5.994293000000000000e+06
4.163397000000000000e+06
3.344942000000000000e+06
2.757408000000000000e+06
2.469366000000000000e+06
2.205245000000000000e+06
2.305186000000000000e+06
2.313669000000000000e+06
2.326572000000000000e+06
2.188229000000000000e+06
2.245657000000000000e+06
1.994773000000000000e+06
4.050301000000000000e+06
1.586053000000000000e+06
1.331436000000000000e+06
1.327505000000000000e+06
1.147048000000000000e+06
1.681612000000000000e+06
2.386828000000000000e+06
2.653879000000000000e+06
2.940981000000000000e+06
3.028724000000000000e+06
3.396376000000000000e+06
2.745619000000000000e+06
4.408031000000000000e+06
2.927911000000000000e+06
3.131979000000000000e+06
2.706197000000000000e+06
2.198965000000000000e+06
2.386071000000000000e+06
3.375933000000000000e+06
4.250634000000000000e+06
5.313704000000000000e+06
6.136784000000000000e+06
5.074848000000000000e+06
3.397318000000000000e+06
5.651632000000000000e+06
2.565836000000000000e+06
2.146233000000000000e+06
1.163461000000000000e+06
6.688440000000000000e+05
8.516840000000000000e+05
8.114680000000000000e+05
6.237450000000000000e+05
7.875710000000000000e+05
9.640430000000000000e+05
1.725641000000000000e+06
1.703447000000000000e+06
4.875626000000000000e+06
3.008923000000000000e+06
1.922180000000000000e+06
2.605383000000000000e+06
3.627565000000000000e+06
4.601559000000000000e+06
4.374517000000000000e+06
3.027131000000000000e+06
1.727604000000000000e+06
2.570996000000000000e+06
3.017020000000000000e+06
3.143684000000000000e+06
5.465383000000000000e+06
3.487915000000000000e+06
2.849098000000000000e+06
2.441356000000000000e+06
2.090535000000000000e+06
1.986722000000000000e+06
2.409945000000000000e+06
3.366691000000000000e+06
3.995298000000000000e+06
4.512826000000000000e+06
5.442447000000000000e+06
4.068337000000000000e+06
2.742120000000000000e+06
7.326770000000000000e+05
8.514680000000000000e+05
7.021280000000000000e+05
7.479090000000000000e+05
6.035110000000000000e+05
7.920730000000000000e+05
1.181842000000000000e+06
1.028677000000000000e+06
3.753960000000000000e+05
3.656420000000000000e+05
3.284560000000000000e+05
2.864013000000000000e+06
1.158093000000000000e+06
1.045149000000000000e+06
1.484755000000000000e+06
1.761826000000000000e+06
1.411678000000000000e+06
1.442000000000000000e+05
9.536070000000000000e+05
8.725970000000000000e+05
7.377330000000000000e+05
4.538170000000000000e+05
5.286390000000000000e+05
2.302054000000000000e+06
6.803070000000000000e+05
8.745870000000000000e+05
1.208644000000000000e+06
1.318957000000000000e+06
1.623314000000000000e+06
1.571755000000000000e+06
1.421251000000000000e+06
2.135844000000000000e+06
1.933821000000000000e+06
1.829093000000000000e+06
1.782396000000000000e+06
3.666667000000000000e+06
2.817722000000000000e+06
2.277410000000000000e+06
2.159957000000000000e+06
2.377013000000000000e+06
1.875969000000000000e+06
1.240213000000000000e+06
1.372179000000000000e+06
1.996944000000000000e+06
4.208875000000000000e+06
4.891647000000000000e+06
5.388991000000000000e+06
7.375264000000000000e+06
8.113477000000000000e+06
7.774433000000000000e+06
6.021342000000000000e+06
7.007495000000000000e+06
5.014689000000000000e+06
3.095395000000000000e+06
2.200539000000000000e+06
1.295920000000000000e+06
1.659414000000000000e+06
2.641489000000000000e+06
3.796303000000000000e+06
6.923853000000000000e+06
6.026239000000000000e+06
6.246305000000000000e+06
4.702171000000000000e+06
2.575396000000000000e+06
1.986485000000000000e+06
