2.402423000000000000e+06
2.279587000000000000e+06
1.309793000000000000e+06
1.416593000000000000e+06
1.387463000000000000e+06
3.210821000000000000e+06
9.740210000000000000e+05
1.027420000000000000e+06
1.806408000000000000e+06
2.084944000000000000e+06
1.564653000000000000e+06
1.926950000000000000e+06
1.756221000000000000e+06
1.253651000000000000e+06
2.229920000000000000e+06
2.356774000000000000e+06
1.472405000000000000e+06
2.932567000000000000e+06
9.688910000000000000e+05
6.358450000000000000e+05
1.312194000000000000e+06
1.029518000000000000e+06
1.021711000000000000e+06
1.754246000000000000e+06
1.225381000000000000e+06
7.837730000000000000e+05
5.620210000000000000e+05
7.060340000000000000e+05
5.938410000000000000e+05
2.776176000000000000e+06
2.561391000000000000e+06
4.055546000000000000e+06
5.940946000000000000e+06
6.295569000000000000e+06
6.228288000000000000e+06
6.884311000000000000e+06
6.116753000000000000e+06
3.458135000000000000e+06
1.438547000000000000e+06
1.584734000000000000e+06
2.687643000000000000e+06
4.243175000000000000e+06
1.195122000000000000e+06
1.093723000000000000e+06
1.416157000000000000e+06
2.433681000000000000e+06
1.634346000000000000e+06
1.144840000000000000e+06
1.484637000000000000e+06
1.319723000000000000e+06
6.419240000000000000e+05
1.080380000000000000e+06
1.151503000000000000e+06
3.809261000000000000e+06
2.055004000000000000e+06
1.084891000000000000e+06
1.417974000000000000e+06
1.926011000000000000e+06
2.331016000000000000e+06
2.696298000000000000e+06
2.390256000000000000e+06
2.633603000000000000e+06
3.485878000000000000e+06
5.153229000000000000e+06
7.673157000000000000e+06
8.821735000000000000e+06
5.452484000000000000e+06
4.867686000000000000e+06
6.907603000000000000e+06
2.984964000000000000e+06
2.489905000000000000e+06
3.967575000000000000e+06
5.058042000000000000e+06
4.709600000000000000e+06
3.989417000000000000e+06
4.085218000000000000e+06
4.361773000000000000e+06
6.504334000000000000e+06
2.885630000000000000e+06
3.698042000000000000e+06
4.325489000000000000e+06
2.850072000000000000e+06
3.726460000000000000e+06
4.187504000000000000e+06
4.873823000000000000e+06
3.375183000000000000e+06
3.711360000000000000e+06
3.546141000000000000e+06
3.413749000000000000e+06
5.360804000000000000e+06
4.805179000000000000e+06
6.160689000000000000e+06
4.624299000000000000e+06
5.445551000000000000e+06
4.183087000000000000e+06
2.832548000000000000e+06
1.612993000000000000e+06
3.161996000000000000e+06
3.130686000000000000e+06
3.203650000000000000e+06
2.259139000000000000e+06
4.628392000000000000e+06
1.811624000000000000e+06
1.005931000000000000e+06
1.717523000000000000e+06
2.248910000000000000e+06
2.398543000000000000e+06
3.124853000000000000e+06
2.765221000000000000e+06
1.961482000000000000e+06
1.567516000000000000e+06
2.181127000000000000e+06
2.323077000000000000e+06
4.571570000000000000e+06
4.140359000000000000e+06
3.496279000000000000e+06
1.918915000000000000e+06
1.506676000000000000e+06
1.914628000000000000e+06
2.381611000000000000e+06
1.686736000000000000e+06
2.414648000000000000e+06
1.776815000000000000e+06
1.762548000000000000e+06
2.432244000000000000e+06
5.335543000000000000e+06
4.394853000000000000e+06
2.989889000000000000e+06
3.918622000000000000e+06
3.767733000000000000e+06
3.170412000000000000e+06
4.318194000000000000e+06
4.173934000000000000e+06
2.448237000000000000e+06
9.294380000000000000e+05
8.288390000000000000e+05
1.024874000000000000e+06
2.701435000000000000e+06
1.275327000000000000e+06
1.133180000000000000e+06
1.047529000000000000e+06
1.038900000000000000e+06
1.088989000000000000e+06
1.000212000000000000e+06
7.638280000000000000e+05
7.127470000000000000e+05
4.065880000000000000e+05
1.429867000000000000e+06
2.768408000000000000e+06
