3.048353000000000000e+06
2.531548000000000000e+06
1.863975000000000000e+06
1.524892000000000000e+06
1.464569000000000000e+06
3.628671000000000000e+06
1.299597000000000000e+06
1.057674000000000000e+06
1.323676000000000000e+06
1.133571000000000000e+06
1.198829000000000000e+06
1.658680000000000000e+06
1.124693000000000000e+06
1.197329000000000000e+06
1.382879000000000000e+06
8.895560000000000000e+05
1.347257000000000000e+06
3.654333000000000000e+06
1.038885000000000000e+06
6.736420000000000000e+05
8.007210000000000000e+05
9.571090000000000000e+05
4.241790000000000000e+05
1.329789000000000000e+06
8.212540000000000000e+05
4.107800000000000000e+05
3.641760000000000000e+05
6.749200000000000000e+05
7.358780000000000000e+05
2.412464000000000000e+06
6.328810000000000000e+05
7.693060000000000000e+05
6.109580000000000000e+05
2.646200000000000000e+05
1.042848000000000000e+06
2.127008000000000000e+06
2.190519000000000000e+06
2.411102000000000000e+06
2.877253000000000000e+06
4.736934000000000000e+06
6.105216000000000000e+06
7.407857000000000000e+06
3.409293000000000000e+06
3.177644000000000000e+06
3.321541000000000000e+06
2.388396000000000000e+06
4.316742000000000000e+06
4.553821000000000000e+06
1.805899000000000000e+06
8.196370000000000000e+05
1.340745000000000000e+06
6.386320000000000000e+05
1.079273000000000000e+06
3.473282000000000000e+06
9.333930000000000000e+05
4.805910000000000000e+05
4.790900000000000000e+05
8.118950000000000000e+05
5.093440000000000000e+05
1.016650000000000000e+06
5.177040000000000000e+05
5.003110000000000000e+05
5.395610000000000000e+05
4.691680000000000000e+05
1.055070000000000000e+06
3.563803000000000000e+06
2.749927000000000000e+06
2.980336000000000000e+06
2.727557000000000000e+06
1.862262000000000000e+06
2.382181000000000000e+06
3.618922000000000000e+06
3.028766000000000000e+06
1.768083000000000000e+06
5.414700000000000000e+05
9.712000000000000000e+05
7.896880000000000000e+05
2.575802000000000000e+06
7.453170000000000000e+05
1.076914000000000000e+06
7.929440000000000000e+05
6.662570000000000000e+05
5.072250000000000000e+05
1.452605000000000000e+06
1.828127000000000000e+06
1.649394000000000000e+06
1.317502000000000000e+06
1.094569000000000000e+06
1.228021000000000000e+06
2.791724000000000000e+06
1.295865000000000000e+06
1.310814000000000000e+06
1.201122000000000000e+06
1.308540000000000000e+06
8.792960000000000000e+05
1.243243000000000000e+06
5.540700000000000000e+05
4.730020000000000000e+05
1.047405000000000000e+06
1.609870000000000000e+06
2.480274000000000000e+06
5.276734000000000000e+06
4.288617000000000000e+06
4.132245000000000000e+06
3.354545000000000000e+06
2.945433000000000000e+06
2.905039000000000000e+06
3.052668000000000000e+06
2.229663000000000000e+06
2.269970000000000000e+06
2.337797000000000000e+06
2.597010000000000000e+06
1.870903000000000000e+06
3.360876000000000000e+06
1.382651000000000000e+06
6.264100000000000000e+05
8.403000000000000000e+05
4.744630000000000000e+05
6.502560000000000000e+05
1.128714000000000000e+06
3.757460000000000000e+05
3.605830000000000000e+05
4.116890000000000000e+05
3.336780000000000000e+05
4.383640000000000000e+05
2.438589000000000000e+06
5.506420000000000000e+05
4.060060000000000000e+05
1.463280000000000000e+05
3.103770000000000000e+05
4.450230000000000000e+05
5.763950000000000000e+05
6.781000000000000000e+04
1.841870000000000000e+05
2.648600000000000000e+05
4.387840000000000000e+05
2.687060000000000000e+05
2.215279000000000000e+06
5.264620000000000000e+05
1.328150000000000000e+05
6.287060000000000000e+05
6.372310000000000000e+05
3.256480000000000000e+05
8.862270000000000000e+05
3.721400000000000000e+05
5.487430000000000000e+05
5.184820000000000000e+05
6.375450000000000000e+05
9.186740000000000000e+05
