1.607718046019677299e-02
2.802165284448740468e-02
1.394634506329387250e-02
1.566816835987324677e-03
6.027141598617138490e-05
1.942158353571989105e-04
2.783101432177485161e-04
1.874652038626119265e-04
6.127461284196295682e-03
2.239867748857355539e-02
2.044759477887834673e-02
2.125289294184470532e-02
1.794029676995309922e-02
1.227632769111062366e-02
1.747232683661843755e-02
1.650658951324670415e-02
1.148428365486819751e-02
7.636106581914992898e-03
1.090295752700494274e-02
2.352063964013339711e-02
2.213873052272666980e-02
3.281918107246865782e-04
1.588235324134632114e-05
8.901209652829332789e-05
9.391528814017366541e-05
1.867571331205822261e-03
2.379568863888176201e-04
3.664856333108175578e-06
1.277002448938330910e-04
1.342692342745203590e-02
1.659903623619858257e-02
1.921752618283641481e-02
1.531823865410422009e-02
1.461205514920812078e-03
2.121302951760843571e-04
4.203566888562675855e-04
1.052386744492718983e-03
2.509204708800023787e-04
1.552804797685065213e-03
1.501555994254391178e-03
1.159352753438106171e-03
4.826244853791736544e-05
7.358902343073669520e-06
4.807262218931094688e-06
2.388829416056879410e-06
3.626833980282147697e-06
6.118537161220498313e-06
7.421546140495611776e-06
1.147462904047803882e-05
7.869351376481607054e-06
5.120611401135418444e-06
4.522162838047053277e-06
2.494557336175522633e-06
2.146712155873272617e-06
5.802822356321373897e-05
1.187633332752046147e-02
1.337024792521989249e-03
2.733724457877023025e-05
7.285176491250796747e-04
1.774932705626195914e-02
1.077005003585296359e-03
1.214596183121609799e-05
4.643108163561139525e-04
2.130199289646278471e-03
1.966049038634008414e-02
2.613793197943239943e-02
1.289397388899407408e-02
6.114051455543154318e-04
1.181355443130545050e-05
7.932858706331577634e-06
7.975211962550675729e-05
2.141692200485540874e-04
2.122345019359977850e-04
1.907045135692674173e-04
4.242943460438526916e-06
1.304568548617111586e-06
4.694026830245037231e-03
3.524749911561304155e-02
2.713315276061596670e-02
1.047548955800581966e-02
1.937476307356438736e-03
3.383119738831812107e-03
2.557394131511246931e-03
2.362829649529489540e-03
3.888593847248829718e-05
5.276551862963203051e-04
1.395646698620854609e-02
3.348714478161870373e-03
5.067437887191772190e-05
1.898720759112818728e-04
3.379637286776587834e-04
7.041735308510916496e-05
1.815231580312560194e-05
4.922715011908083277e-03
2.124624576698355000e-02
2.336092579121492457e-02
8.131779132246160641e-03
2.487471152325065969e-03
3.478142679954061844e-03
2.070800301169051748e-03
1.464656258926910672e-03
5.465089565231686611e-05
1.525746417694351408e-04
1.859449610418202961e-04
1.266718924451036511e-04
7.021238609236113719e-05
2.311048965875794163e-05
4.861741041650577210e-05
1.520952237706606029e-03
5.759353378192097472e-03
1.971926332331028296e-03
1.552101300687206049e-04
2.227088829287055265e-04
3.118821877200587261e-03
5.637220784920413466e-03
4.407141484370847954e-03
3.674095179758915270e-03
8.137276059105282011e-03
1.315621097071641155e-02
4.781017173715189188e-03
5.672810029010383424e-04
1.708594005124098499e-05
6.458416682522312728e-06
5.402517359272963313e-05
2.144454287833908032e-04
1.467495710671353447e-03
6.868329988855894144e-03
4.015700022379557060e-03
4.024117982306448112e-04
4.207816253714009944e-04
4.695547275802715954e-04
1.961241976744463591e-04
1.308493518910440478e-05
1.931123334128840243e-06
7.706598765185089604e-05
3.011946126717288293e-03
4.565312911053093399e-03
3.529930114746093837e-03
2.841778839526533460e-03
1.406883220283352588e-03
8.069020550267226198e-04
1.224078775263157028e-03
2.573070882939967885e-03
3.614466855315124055e-03
7.333194966218909046e-03
1.284739176432291713e-02
1.162901249061636458e-02
1.185390965468218621e-02
1.620668424230043564e-02
1.184270430584343121e-02
