3.866691000000000000e+06
4.257096000000000000e+06
1.781961000000000000e+06
2.282330000000000000e+06
4.020115000000000000e+06
7.354668000000000000e+06
3.129184000000000000e+06
2.752193000000000000e+06
2.883961000000000000e+06
2.888258000000000000e+06
2.229588000000000000e+06
3.002662000000000000e+06
3.851619000000000000e+06
3.891936000000000000e+06
3.732704000000000000e+06
2.308602000000000000e+06
2.101723000000000000e+06
7.339640000000000000e+06
3.303255000000000000e+06
2.115946000000000000e+06
3.022164000000000000e+06
2.659526000000000000e+06
3.213654000000000000e+06
5.771069000000000000e+06
4.370250000000000000e+06
4.612918000000000000e+06
4.955575000000000000e+06
5.099231000000000000e+06
4.505285000000000000e+06
8.342951000000000000e+06
5.937245000000000000e+06
5.817776000000000000e+06
4.704272000000000000e+06
4.154547000000000000e+06
4.672142000000000000e+06
5.025194000000000000e+06
2.849606000000000000e+06
2.179469000000000000e+06
2.915857000000000000e+06
3.124767000000000000e+06
1.129244000000000000e+06
6.971638000000000000e+06
2.272621000000000000e+06
2.156693000000000000e+06
3.475681000000000000e+06
4.268265000000000000e+06
2.090321000000000000e+06
3.369594000000000000e+06
2.616489000000000000e+06
3.479443000000000000e+06
1.565332000000000000e+06
2.417825000000000000e+06
3.083942000000000000e+06
7.700824000000000000e+06
3.083941000000000000e+06
3.193876000000000000e+06
2.575936000000000000e+06
3.069750000000000000e+06
1.826950000000000000e+06
3.162248000000000000e+06
1.477510000000000000e+06
5.500020000000000000e+05
2.125070000000000000e+05
4.158270000000000000e+05
1.064375000000000000e+06
6.530956000000000000e+06
7.931528300000000000e+07
1.600152500000000000e+07
1.010232100000000000e+07
7.494196000000000000e+06
1.231648200000000000e+07
8.208512000000000000e+06
1.136048200000000000e+07
9.894606000000000000e+06
6.603297000000000000e+06
6.019650000000000000e+06
9.665671000000000000e+06
1.230462200000000000e+07
1.557933000000000000e+07
1.475166600000000000e+07
1.238091500000000000e+07
8.781266000000000000e+06
7.358425000000000000e+06
7.582901000000000000e+06
7.895905000000000000e+06
8.605911000000000000e+06
6.929311000000000000e+06
9.901155000000000000e+06
8.550052000000000000e+06
1.088526500000000000e+07
1.879714500000000000e+07
1.949145300000000000e+07
1.703976200000000000e+07
1.193788800000000000e+07
1.588856300000000000e+07
1.715286900000000000e+07
1.811397400000000000e+07
1.568376800000000000e+07
1.268814100000000000e+07
7.213504000000000000e+06
6.279711000000000000e+06
7.175712000000000000e+06
1.213839300000000000e+07
1.455984500000000000e+07
2.078486200000000000e+07
2.364535300000000000e+07
2.267730600000000000e+07
2.063943400000000000e+07
2.366415900000000000e+07
2.418496200000000000e+07
2.348901900000000000e+07
2.331847300000000000e+07
2.116295700000000000e+07
1.988949100000000000e+07
2.022871700000000000e+07
2.166937500000000000e+07
2.256691800000000000e+07
2.257507900000000000e+07
2.196425000000000000e+07
1.858796400000000000e+07
1.799863700000000000e+07
1.758904200000000000e+07
1.793389200000000000e+07
1.830080400000000000e+07
1.338511300000000000e+07
1.134134300000000000e+07
1.492437000000000000e+07
7.682055000000000000e+06
7.283562000000000000e+06
1.258089900000000000e+07
1.268162500000000000e+07
1.833412900000000000e+07
2.033720000000000000e+07
2.048826000000000000e+07
2.251073500000000000e+07
2.374359200000000000e+07
2.183588300000000000e+07
2.139622600000000000e+07
2.163396000000000000e+07
1.705967300000000000e+07
1.667852700000000000e+07
1.730404000000000000e+07
1.589566100000000000e+07
1.321897100000000000e+07
1.055702100000000000e+07
1.311034300000000000e+07
1.418916000000000000e+07
1.540241100000000000e+07
1.385196400000000000e+07
