1.530226500000000000e+07
1.074350100000000000e+07
6.904452000000000000e+06
9.844235000000000000e+06
1.002581200000000000e+07
1.003318000000000000e+07
1.198391400000000000e+07
8.610710000000000000e+06
1.232668400000000000e+07
1.375760900000000000e+07
9.737594000000000000e+06
1.380106700000000000e+07
1.276787500000000000e+07
6.879112000000000000e+06
1.115406300000000000e+07
1.092033000000000000e+07
6.983789000000000000e+06
7.381939000000000000e+06
4.422633000000000000e+06
6.457096000000000000e+06
5.286549000000000000e+06
5.739676000000000000e+06
3.830054000000000000e+06
8.667715000000000000e+06
1.306946600000000000e+07
1.336905700000000000e+07
1.145741400000000000e+07
1.208315600000000000e+07
8.405916000000000000e+06
7.928716000000000000e+06
1.092754300000000000e+07
8.691132000000000000e+06
1.586112200000000000e+07
1.863916200000000000e+07
1.668224700000000000e+07
1.324147000000000000e+07
1.380750000000000000e+07
1.144854800000000000e+07
1.207910500000000000e+07
1.203800800000000000e+07
1.538293900000000000e+07
1.051598800000000000e+07
1.497562400000000000e+07
1.730782200000000000e+07
1.472292200000000000e+07
9.888138000000000000e+06
4.988281000000000000e+06
8.745737000000000000e+06
1.207152900000000000e+07
5.640682000000000000e+06
6.653364000000000000e+06
1.028393900000000000e+07
1.156290400000000000e+07
1.149430800000000000e+07
1.007653300000000000e+07
1.062164700000000000e+07
1.184632600000000000e+07
1.109327600000000000e+07
1.345913100000000000e+07
1.322136600000000000e+07
1.463951000000000000e+07
1.443839600000000000e+07
1.701527300000000000e+07
1.999661200000000000e+07
1.810645000000000000e+07
1.750891400000000000e+07
1.374381600000000000e+07
1.635779000000000000e+07
1.394004200000000000e+07
1.342572100000000000e+07
1.729188500000000000e+07
1.910954200000000000e+07
2.123578900000000000e+07
2.190647000000000000e+07
1.801018300000000000e+07
1.524322700000000000e+07
8.409493000000000000e+06
1.490611400000000000e+07
1.577426600000000000e+07
1.607840300000000000e+07
9.173383000000000000e+06
1.433955000000000000e+07
1.299592600000000000e+07
1.045355100000000000e+07
1.399106900000000000e+07
1.578383900000000000e+07
1.013050600000000000e+07
5.629139000000000000e+06
1.050990100000000000e+07
1.023509800000000000e+07
1.077016700000000000e+07
1.534383200000000000e+07
1.457086900000000000e+07
1.775614600000000000e+07
1.301909400000000000e+07
1.174533500000000000e+07
1.119447700000000000e+07
2.060543300000000000e+07
2.120004500000000000e+07
1.275794500000000000e+07
8.353758000000000000e+06
1.283750100000000000e+07
1.524180400000000000e+07
1.458264500000000000e+07
1.388387100000000000e+07
1.545849700000000000e+07
1.549217900000000000e+07
1.319796200000000000e+07
1.625553400000000000e+07
1.138636600000000000e+07
1.406199100000000000e+07
1.585579300000000000e+07
1.563850100000000000e+07
1.558369800000000000e+07
1.563012200000000000e+07
1.080983800000000000e+07
1.153720200000000000e+07
1.229359700000000000e+07
1.619271800000000000e+07
1.835851600000000000e+07
1.825708100000000000e+07
1.029767500000000000e+07
1.439115000000000000e+07
1.842610600000000000e+07
1.310135500000000000e+07
1.472872700000000000e+07
1.216095800000000000e+07
1.084599600000000000e+07
9.822580000000000000e+06
1.007652200000000000e+07
1.396697300000000000e+07
9.525221000000000000e+06
1.445530000000000000e+07
6.688621000000000000e+06
8.852846000000000000e+06
6.283428000000000000e+06
8.603177000000000000e+06
5.446104000000000000e+06
3.220745000000000000e+06
3.133316000000000000e+06
3.444511000000000000e+06
6.546064000000000000e+06
7.399059000000000000e+06
8.376499000000000000e+06
1.027848500000000000e+07
2.366012000000000000e+06
3.432366000000000000e+06
3.969016000000000000e+06
3.229909000000000000e+06
