5.851823000000000000e+06
3.736934000000000000e+06
4.557704000000000000e+06
4.592694000000000000e+06
5.871342000000000000e+06
6.715365000000000000e+06
9.951336000000000000e+06
7.999913000000000000e+06
1.097394000000000000e+07
1.111224000000000000e+07
1.022370100000000000e+07
7.343534000000000000e+06
6.367268000000000000e+06
8.932551000000000000e+06
8.220204000000000000e+06
7.762859000000000000e+06
6.782293000000000000e+06
7.018436000000000000e+06
1.179829100000000000e+07
5.504296000000000000e+06
2.720291000000000000e+06
3.581673000000000000e+06
7.824593000000000000e+06
6.275776000000000000e+06
3.693527000000000000e+06
2.051864000000000000e+06
2.510463000000000000e+06
2.557964000000000000e+06
2.283090000000000000e+06
2.771517000000000000e+06
9.493048000000000000e+06
3.559467000000000000e+06
6.098218000000000000e+06
8.363704000000000000e+06
3.936896000000000000e+06
3.613467000000000000e+06
4.577710000000000000e+06
5.289462000000000000e+06
2.550211000000000000e+06
2.114419000000000000e+06
6.387712000000000000e+06
5.204381000000000000e+06
9.440946000000000000e+06
3.598837000000000000e+06
2.720707000000000000e+06
2.308092000000000000e+06
3.643871000000000000e+06
5.300615000000000000e+06
3.115216000000000000e+06
2.549090000000000000e+06
3.428952000000000000e+06
2.803838000000000000e+06
4.611567000000000000e+06
3.187759000000000000e+06
1.032408200000000000e+07
7.034680000000000000e+06
4.991006000000000000e+06
4.840778000000000000e+06
7.985287000000000000e+06
5.767210000000000000e+06
5.045529000000000000e+06
2.856012000000000000e+06
4.224346000000000000e+06
3.107289000000000000e+06
1.903552000000000000e+06
1.590866000000000000e+06
8.452523000000000000e+06
4.035739000000000000e+06
4.750738000000000000e+06
3.463650000000000000e+06
3.276219000000000000e+06
5.636912000000000000e+06
4.156258000000000000e+06
4.053554000000000000e+06
3.486827000000000000e+06
4.571769000000000000e+06
4.219323000000000000e+06
5.707774000000000000e+06
9.355380000000000000e+06
5.679850000000000000e+06
5.383436000000000000e+06
7.361056000000000000e+06
4.503720000000000000e+06
4.469246000000000000e+06
3.573748000000000000e+06
1.386205000000000000e+06
2.918187000000000000e+06
3.123694000000000000e+06
4.102304000000000000e+06
3.232270000000000000e+06
9.924284000000000000e+06
4.062000000000000000e+06
5.631341000000000000e+06
2.220774000000000000e+06
2.462352000000000000e+06
4.610313000000000000e+06
3.248105000000000000e+06
3.459178000000000000e+06
4.284199000000000000e+06
2.897663000000000000e+06
3.183248000000000000e+06
3.020879000000000000e+06
1.096962400000000000e+07
5.559916000000000000e+06
2.494223000000000000e+06
3.305168000000000000e+06
3.975838000000000000e+06
6.827526000000000000e+06
3.524562000000000000e+06
3.992899000000000000e+06
4.007406000000000000e+06
2.897378000000000000e+06
3.666252000000000000e+06
4.527140000000000000e+06
1.099332300000000000e+07
2.341924000000000000e+06
4.112837000000000000e+06
2.357669000000000000e+06
1.811766000000000000e+06
3.602764000000000000e+06
2.996152000000000000e+06
3.458491000000000000e+06
2.839766000000000000e+06
1.915478000000000000e+06
2.222314000000000000e+06
2.932700000000000000e+06
1.060628000000000000e+07
5.035230000000000000e+06
8.027455000000000000e+06
1.018879500000000000e+07
5.742474000000000000e+06
5.453018000000000000e+06
6.153106000000000000e+06
7.002300000000000000e+06
5.634319000000000000e+06
7.062332000000000000e+06
5.649276000000000000e+06
6.206243000000000000e+06
1.164399900000000000e+07
4.264829000000000000e+06
5.730743000000000000e+06
5.419816000000000000e+06
3.572301000000000000e+06
4.809570000000000000e+06
4.259428000000000000e+06
3.667490000000000000e+06
2.728617000000000000e+06
4.016299000000000000e+06
7.276645000000000000e+06
