1.552794700000000000e+07
8.992153000000000000e+06
8.883165000000000000e+06
9.844712000000000000e+06
9.997652000000000000e+06
1.106968400000000000e+07
1.154130800000000000e+07
9.464740000000000000e+06
8.778026000000000000e+06
6.223689000000000000e+06
8.652436000000000000e+06
6.733002000000000000e+06
1.174161500000000000e+07
7.169447000000000000e+06
5.160772000000000000e+06
8.260842000000000000e+06
7.592802000000000000e+06
9.576559000000000000e+06
9.461110000000000000e+06
8.565596000000000000e+06
1.104677000000000000e+07
9.531515000000000000e+06
8.300527000000000000e+06
7.456228000000000000e+06
1.350363200000000000e+07
5.016646000000000000e+06
4.666187000000000000e+06
5.689045000000000000e+06
7.902084000000000000e+06
5.611126000000000000e+06
4.958332000000000000e+06
2.649357000000000000e+06
3.790703000000000000e+06
3.546758000000000000e+06
2.898212000000000000e+06
4.580619000000000000e+06
1.053648900000000000e+07
5.769716000000000000e+06
4.449367000000000000e+06
3.822007000000000000e+06
5.622767000000000000e+06
7.339739000000000000e+06
5.207909000000000000e+06
5.447439000000000000e+06
5.785310000000000000e+06
6.399078000000000000e+06
6.097085000000000000e+06
7.833893000000000000e+06
1.079510300000000000e+07
7.232614000000000000e+06
7.733119000000000000e+06
7.782378000000000000e+06
5.901997000000000000e+06
4.947877000000000000e+06
5.279152000000000000e+06
5.653840000000000000e+06
3.538070000000000000e+06
5.600238000000000000e+06
4.321955000000000000e+06
4.161995000000000000e+06
9.540133000000000000e+06
2.097812000000000000e+06
4.407433000000000000e+06
2.470275000000000000e+06
1.748991000000000000e+06
3.647939000000000000e+06
5.332670000000000000e+06
2.546989000000000000e+06
1.815153000000000000e+06
2.650084000000000000e+06
6.335574000000000000e+06
4.946381000000000000e+06
9.338302000000000000e+06
4.914640000000000000e+06
4.908373000000000000e+06
7.437182000000000000e+06
9.449696000000000000e+06
7.911700000000000000e+06
5.889321000000000000e+06
7.363544000000000000e+06
8.751327000000000000e+06
7.128127000000000000e+06
5.789096000000000000e+06
4.610192000000000000e+06
1.029198400000000000e+07
1.060240000000000000e+07
8.034727000000000000e+06
6.826908000000000000e+06
6.266985000000000000e+06
5.230118000000000000e+06
3.953005000000000000e+06
6.020375000000000000e+06
7.036336000000000000e+06
7.551288000000000000e+06
7.599517000000000000e+06
7.014442000000000000e+06
9.518872000000000000e+06
3.271057000000000000e+06
3.053773000000000000e+06
4.046614000000000000e+06
6.573752000000000000e+06
4.921533000000000000e+06
3.987738000000000000e+06
6.242529000000000000e+06
3.272065000000000000e+06
3.642561000000000000e+06
3.527864000000000000e+06
4.097108000000000000e+06
9.638421000000000000e+06
8.444709000000000000e+06
7.896862000000000000e+06
6.013825000000000000e+06
4.513151000000000000e+06
3.279358000000000000e+06
5.422829000000000000e+06
3.684249000000000000e+06
3.782453000000000000e+06
3.063890000000000000e+06
5.135080000000000000e+06
6.911863000000000000e+06
1.022441900000000000e+07
4.168680000000000000e+06
4.152693000000000000e+06
5.101245000000000000e+06
6.411034000000000000e+06
5.761740000000000000e+06
9.057598000000000000e+06
7.925807000000000000e+06
6.807660000000000000e+06
5.522642000000000000e+06
4.865771000000000000e+06
6.625720000000000000e+06
9.748996000000000000e+06
5.689668000000000000e+06
5.503358000000000000e+06
6.065954000000000000e+06
4.931821000000000000e+06
4.982264000000000000e+06
7.669616000000000000e+06
5.662425000000000000e+06
5.350863000000000000e+06
4.474764000000000000e+06
5.434389000000000000e+06
6.154486000000000000e+06
1.083870900000000000e+07
6.632949000000000000e+06
5.522962000000000000e+06
6.224935000000000000e+06
4.309419000000000000e+06
