4.172519200000000000e+07
4.227559100000000000e+07
4.043084400000000000e+07
3.916387100000000000e+07
3.925070300000000000e+07
4.066312800000000000e+07
3.511696200000000000e+07
2.860760500000000000e+07
4.273895000000000000e+07
4.380033700000000000e+07
3.227960900000000000e+07
4.134100400000000000e+07
4.981052700000000000e+07
4.815870900000000000e+07
5.004508200000000000e+07
4.843951600000000000e+07
4.895915400000000000e+07
4.191946600000000000e+07
2.846653700000000000e+07
4.024469500000000000e+07
3.422321700000000000e+07
3.743915300000000000e+07
3.008758400000000000e+07
3.454919900000000000e+07
3.865689900000000000e+07
4.154471400000000000e+07
4.179465200000000000e+07
4.451863000000000000e+07
4.322459300000000000e+07
4.223375900000000000e+07
4.291808600000000000e+07
3.995611800000000000e+07
3.959387800000000000e+07
3.835349000000000000e+07
4.719266400000000000e+07
2.594143300000000000e+07
4.337349300000000000e+07
3.209550100000000000e+07
3.157140900000000000e+07
3.799266000000000000e+07
3.167750200000000000e+07
3.838074000000000000e+07
3.981305100000000000e+07
2.980240400000000000e+07
4.259994300000000000e+07
4.748752300000000000e+07
3.962101900000000000e+07
4.299956200000000000e+07
4.261299000000000000e+07
3.364961800000000000e+07
3.038518300000000000e+07
2.807504700000000000e+07
2.948335400000000000e+07
3.351040800000000000e+07
3.059290800000000000e+07
3.253110600000000000e+07
1.780055300000000000e+07
2.611655900000000000e+07
2.014826400000000000e+07
2.711192800000000000e+07
3.174856700000000000e+07
2.450623800000000000e+07
1.865859000000000000e+07
2.123406600000000000e+07
1.509923500000000000e+07
2.053100000000000000e+07
2.096811900000000000e+07
2.426395600000000000e+07
2.182334500000000000e+07
2.083236600000000000e+07
2.076326800000000000e+07
3.415854200000000000e+07
3.231450000000000000e+07
1.985714800000000000e+07
2.341328300000000000e+07
3.049706400000000000e+07
3.823368600000000000e+07
2.741185000000000000e+07
2.141020800000000000e+07
3.361448000000000000e+07
1.941778200000000000e+07
2.024203600000000000e+07
2.264540400000000000e+07
1.955082700000000000e+07
1.322738900000000000e+07
2.236578100000000000e+07
2.275869400000000000e+07
2.047356000000000000e+07
2.097596300000000000e+07
2.466556800000000000e+07
2.414205100000000000e+07
1.986489700000000000e+07
1.825988600000000000e+07
2.069620100000000000e+07
2.312008900000000000e+07
1.920162900000000000e+07
1.633761600000000000e+07
1.868340600000000000e+07
2.278155100000000000e+07
2.156062300000000000e+07
2.211444300000000000e+07
2.095999500000000000e+07
1.960701200000000000e+07
2.118921600000000000e+07
1.614668300000000000e+07
1.022801000000000000e+07
8.862962000000000000e+06
1.028888000000000000e+07
1.176397300000000000e+07
1.299629200000000000e+07
1.084243800000000000e+07
9.565349000000000000e+06
9.309892000000000000e+06
7.891503000000000000e+06
8.616032000000000000e+06
5.346542000000000000e+06
1.512960500000000000e+07
1.005802300000000000e+07
1.362503500000000000e+07
1.093867000000000000e+07
1.019584000000000000e+07
1.678315700000000000e+07
1.561379100000000000e+07
2.160442800000000000e+07
1.851711400000000000e+07
1.842295300000000000e+07
1.736257600000000000e+07
3.147157600000000000e+07
3.020913800000000000e+07
3.105424800000000000e+07
4.670550600000000000e+07
4.878510800000000000e+07
3.550589300000000000e+07
2.808106300000000000e+07
1.560333200000000000e+07
1.512391400000000000e+07
1.280775000000000000e+07
2.049646600000000000e+07
2.818690800000000000e+07
2.551505600000000000e+07
3.327827900000000000e+07
3.886317800000000000e+07
2.438306600000000000e+07
3.242895500000000000e+07
3.254954500000000000e+07
3.090060100000000000e+07
2.072087300000000000e+07
7.550210000000000000e+06
2.254647900000000000e+07
