5.020006000000000000e+06
2.370287000000000000e+06
3.272608000000000000e+06
4.270165000000000000e+06
3.934416000000000000e+06
1.867368000000000000e+06
8.697755000000000000e+06
4.299759000000000000e+06
1.949060000000000000e+06
2.499208000000000000e+06
2.152634000000000000e+06
3.484264000000000000e+06
2.676545000000000000e+06
3.274574000000000000e+06
3.664295000000000000e+06
3.404425000000000000e+06
2.733338000000000000e+06
2.704542000000000000e+06
8.733090000000000000e+06
4.263474000000000000e+06
5.025947000000000000e+06
4.242100000000000000e+06
5.891682000000000000e+06
5.237561000000000000e+06
4.564727000000000000e+06
4.906373000000000000e+06
4.486016000000000000e+06
6.957827000000000000e+06
6.899391000000000000e+06
7.680644000000000000e+06
1.100260100000000000e+07
8.021792000000000000e+06
7.753720000000000000e+06
7.214625000000000000e+06
7.921308000000000000e+06
1.280091700000000000e+07
1.209160800000000000e+07
9.096943000000000000e+06
6.975622000000000000e+06
8.352989000000000000e+06
7.105226000000000000e+06
7.239374000000000000e+06
1.010463300000000000e+07
4.730728000000000000e+06
4.773624000000000000e+06
7.564307000000000000e+06
7.342203000000000000e+06
8.151060000000000000e+06
7.922389000000000000e+06
6.324970000000000000e+06
9.150535000000000000e+06
8.810317000000000000e+06
7.179385000000000000e+06
7.783391000000000000e+06
1.123704200000000000e+07
4.974420000000000000e+06
5.039296000000000000e+06
5.553204000000000000e+06
4.360495000000000000e+06
4.070260000000000000e+06
2.499414000000000000e+06
2.416142000000000000e+06
4.979472000000000000e+06
3.621045000000000000e+06
3.124918000000000000e+06
2.799670000000000000e+06
8.832859000000000000e+06
3.415477000000000000e+06
5.224329000000000000e+06
3.387433000000000000e+06
5.624360000000000000e+06
7.202014000000000000e+06
9.276713000000000000e+06
1.008886800000000000e+07
9.849266000000000000e+06
8.887648000000000000e+06
1.371383200000000000e+07
1.168143300000000000e+07
1.525200700000000000e+07
1.558011500000000000e+07
1.348568300000000000e+07
1.290935600000000000e+07
1.046674500000000000e+07
1.259189700000000000e+07
1.091883800000000000e+07
9.907533000000000000e+06
6.923104000000000000e+06
6.927441000000000000e+06
3.041435000000000000e+06
5.171334000000000000e+06
1.011397300000000000e+07
5.143151000000000000e+06
5.185784000000000000e+06
5.678173000000000000e+06
4.947714000000000000e+06
5.059186000000000000e+06
3.003875000000000000e+06
4.798024000000000000e+06
4.953303000000000000e+06
6.122406000000000000e+06
7.977799000000000000e+06
1.028157200000000000e+07
1.182379500000000000e+07
9.217447000000000000e+06
9.808693000000000000e+06
9.487079000000000000e+06
7.221240000000000000e+06
7.508991000000000000e+06
5.845050000000000000e+06
6.239880000000000000e+06
8.567082000000000000e+06
1.005829300000000000e+07
1.003276400000000000e+07
8.407638000000000000e+06
1.094079400000000000e+07
8.065554000000000000e+06
6.366033000000000000e+06
5.645556000000000000e+06
4.227082000000000000e+06
5.293697000000000000e+06
7.346954000000000000e+06
3.650090000000000000e+06
5.775315000000000000e+06
5.551741000000000000e+06
3.827717000000000000e+06
2.805166000000000000e+06
9.268780000000000000e+06
4.309285000000000000e+06
6.661362000000000000e+06
4.069621000000000000e+06
4.309514000000000000e+06
4.842295000000000000e+06
6.247416000000000000e+06
6.580315000000000000e+06
5.965878000000000000e+06
6.048752000000000000e+06
5.041876000000000000e+06
8.391112000000000000e+06
1.157095200000000000e+07
8.449994000000000000e+06
9.226629000000000000e+06
8.703068000000000000e+06
6.812038000000000000e+06
8.830945000000000000e+06
5.592833000000000000e+06
5.882025000000000000e+06
6.043917000000000000e+06
4.306315000000000000e+06
5.413605000000000000e+06
