8.782991000000000000e+06
7.498244000000000000e+06
8.096046000000000000e+06
7.199351000000000000e+06
7.876210000000000000e+06
7.753863000000000000e+06
1.221072200000000000e+07
1.158728800000000000e+07
1.010915400000000000e+07
7.040889000000000000e+06
1.134645500000000000e+07
1.289615600000000000e+07
1.086197100000000000e+07
1.274811000000000000e+07
1.149616900000000000e+07
9.259807000000000000e+06
1.015826700000000000e+07
1.018915200000000000e+07
1.521239800000000000e+07
1.240400500000000000e+07
8.522045000000000000e+06
8.071880000000000000e+06
9.143975000000000000e+06
8.133569000000000000e+06
5.560767000000000000e+06
3.988878000000000000e+06
4.618690000000000000e+06
4.443033000000000000e+06
4.572342000000000000e+06
2.881925000000000000e+06
8.854954000000000000e+06
2.063054000000000000e+06
4.268698000000000000e+06
5.224133000000000000e+06
2.788734000000000000e+06
5.086983000000000000e+06
6.979964000000000000e+06
8.358824000000000000e+06
7.868070000000000000e+06
7.435665000000000000e+06
1.138173800000000000e+07
1.560747400000000000e+07
1.766035500000000000e+07
1.335105300000000000e+07
1.449877600000000000e+07
1.166312100000000000e+07
1.146716300000000000e+07
1.146576800000000000e+07
1.017405900000000000e+07
6.021843000000000000e+06
1.070803100000000000e+07
4.053468000000000000e+06
4.060572000000000000e+06
6.033340000000000000e+06
1.014022600000000000e+07
6.964712000000000000e+06
7.489755000000000000e+06
7.628414000000000000e+06
7.393652000000000000e+06
9.600661000000000000e+06
9.334089000000000000e+06
8.233353000000000000e+06
6.362359000000000000e+06
7.220773000000000000e+06
5.776963000000000000e+06
3.388626000000000000e+06
1.039980200000000000e+07
4.687519000000000000e+06
4.383624000000000000e+06
5.491403000000000000e+06
3.346605000000000000e+06
3.779509000000000000e+06
2.307165000000000000e+06
2.026594000000000000e+06
3.171776000000000000e+06
2.755881000000000000e+06
7.167780000000000000e+06
7.938689000000000000e+06
1.402376000000000000e+07
1.347657500000000000e+07
1.568280300000000000e+07
1.556607400000000000e+07
1.411541200000000000e+07
1.221746600000000000e+07
1.097554200000000000e+07
1.268414000000000000e+07
1.151916600000000000e+07
1.019676900000000000e+07
8.993059000000000000e+06
7.948455000000000000e+06
1.087185200000000000e+07
6.867559000000000000e+06
7.017733000000000000e+06
5.501776000000000000e+06
6.930403000000000000e+06
7.943229000000000000e+06
7.144311000000000000e+06
6.546757000000000000e+06
7.108377000000000000e+06
7.424436000000000000e+06
8.344614000000000000e+06
9.151539000000000000e+06
1.327604600000000000e+07
1.385624700000000000e+07
1.803083800000000000e+07
2.036508500000000000e+07
1.746359200000000000e+07
1.652766300000000000e+07
1.891130500000000000e+07
1.881851400000000000e+07
1.887558200000000000e+07
2.338725600000000000e+07
2.593802500000000000e+07
3.127722600000000000e+07
3.757343900000000000e+07
4.089811600000000000e+07
3.906266600000000000e+07
3.675605200000000000e+07
3.194908300000000000e+07
3.364713200000000000e+07
3.172558700000000000e+07
2.946818400000000000e+07
2.154758300000000000e+07
2.147110300000000000e+07
2.384425900000000000e+07
2.402273600000000000e+07
1.949969800000000000e+07
1.363093700000000000e+07
1.181233400000000000e+07
1.576829700000000000e+07
7.022743000000000000e+06
8.221527000000000000e+06
4.775121000000000000e+06
9.297657000000000000e+06
4.180433000000000000e+06
5.531463000000000000e+06
3.859035000000000000e+06
1.755791000000000000e+06
7.734955000000000000e+06
5.703958000000000000e+06
7.445287000000000000e+06
3.735291000000000000e+06
6.790793000000000000e+06
7.690667000000000000e+06
5.938039000000000000e+06
4.342479000000000000e+06
3.168639000000000000e+06
5.396023000000000000e+06
7.790150000000000000e+06
