8.218276000000000000e+06
4.544301000000000000e+06
4.571196000000000000e+06
5.484411000000000000e+06
6.146983000000000000e+06
7.492733000000000000e+06
9.697541000000000000e+06
1.347360200000000000e+07
2.367827500000000000e+07
3.020735800000000000e+07
3.595971000000000000e+07
3.826577000000000000e+07
4.240904500000000000e+07
4.969469400000000000e+07
4.309064800000000000e+07
4.875659400000000000e+07
5.334951200000000000e+07
3.427058800000000000e+07
3.883606500000000000e+07
3.410215700000000000e+07
3.021474400000000000e+07
3.220849100000000000e+07
3.547288700000000000e+07
2.670501800000000000e+07
1.927165600000000000e+07
1.589492000000000000e+07
2.791333400000000000e+07
2.544027900000000000e+07
2.724550900000000000e+07
2.506201400000000000e+07
2.342604700000000000e+07
2.632532500000000000e+07
2.609792100000000000e+07
2.527538000000000000e+07
2.364868200000000000e+07
2.303662400000000000e+07
2.323318900000000000e+07
1.996427800000000000e+07
1.912132000000000000e+07
2.060506000000000000e+07
1.716519400000000000e+07
1.511650700000000000e+07
1.308767600000000000e+07
1.431793800000000000e+07
1.474677100000000000e+07
1.695751000000000000e+07
1.398943300000000000e+07
1.075201100000000000e+07
1.190833600000000000e+07
8.765785000000000000e+06
4.049959000000000000e+06
3.887430000000000000e+06
4.070415000000000000e+06
6.010771000000000000e+06
8.419804000000000000e+06
9.157526000000000000e+06
9.007171000000000000e+06
7.648452000000000000e+06
8.251967000000000000e+06
8.412433000000000000e+06
1.329816100000000000e+07
8.837491000000000000e+06
1.001105100000000000e+07
3.184885000000000000e+06
4.771986000000000000e+06
6.779838000000000000e+06
6.215263000000000000e+06
5.617624000000000000e+06
4.106924000000000000e+06
3.568807000000000000e+06
2.000688000000000000e+06
2.900102000000000000e+06
1.027562500000000000e+07
1.940168000000000000e+06
8.529890000000000000e+06
1.115586500000000000e+07
9.902678000000000000e+06
8.762619000000000000e+06
1.121747600000000000e+07
1.061798700000000000e+07
1.200946700000000000e+07
1.177470300000000000e+07
6.779750000000000000e+06
4.910971000000000000e+06
1.144443300000000000e+07
5.680027000000000000e+06
2.935153000000000000e+06
2.878381000000000000e+06
3.688687000000000000e+06
2.595843000000000000e+06
6.874531000000000000e+06
6.899454000000000000e+06
3.076989000000000000e+06
3.776785000000000000e+06
3.036095000000000000e+06
3.474193000000000000e+06
1.198318200000000000e+07
1.314809900000000000e+07
8.245824000000000000e+06
7.105188000000000000e+06
1.320740200000000000e+07
1.664319700000000000e+07
1.969978500000000000e+07
1.934715200000000000e+07
1.770014100000000000e+07
1.511549700000000000e+07
8.973851000000000000e+06
5.770316000000000000e+06
1.170490500000000000e+07
1.052642700000000000e+07
1.071676600000000000e+07
1.059613200000000000e+07
3.816023000000000000e+06
9.624807000000000000e+06
1.154081600000000000e+07
1.346690800000000000e+07
1.297358600000000000e+07
1.672494500000000000e+07
1.658869900000000000e+07
1.248520600000000000e+07
1.582092000000000000e+07
1.563392300000000000e+07
1.630821500000000000e+07
1.746649800000000000e+07
1.892019600000000000e+07
1.902219900000000000e+07
1.564774400000000000e+07
1.169071800000000000e+07
9.545633000000000000e+06
9.648805000000000000e+06
5.638596000000000000e+06
6.681893000000000000e+06
1.317282000000000000e+07
9.914297000000000000e+06
4.698963000000000000e+06
6.712335000000000000e+06
5.711398000000000000e+06
4.520826000000000000e+06
5.332930000000000000e+06
3.931350000000000000e+06
5.735928000000000000e+06
4.766024000000000000e+06
4.281701000000000000e+06
5.737856000000000000e+06
1.246883200000000000e+07
9.464683000000000000e+06
6.733480000000000000e+06
7.539525000000000000e+06
6.233539000000000000e+06
