1.291184100000000000e+07
6.730780000000000000e+06
2.859944000000000000e+06
7.309362000000000000e+06
6.765876000000000000e+06
3.211985000000000000e+06
3.118366000000000000e+06
2.490113000000000000e+06
4.457904000000000000e+06
5.826882000000000000e+06
3.365253000000000000e+06
5.004259000000000000e+06
1.154992800000000000e+07
2.516855000000000000e+06
3.503280000000000000e+06
4.863712000000000000e+06
1.760864000000000000e+06
3.945448000000000000e+06
2.947612000000000000e+06
1.648769000000000000e+06
1.901931000000000000e+06
3.454550000000000000e+06
3.652429000000000000e+06
6.385234000000000000e+06
1.312440000000000000e+07
6.882650000000000000e+06
1.016125800000000000e+07
8.497355000000000000e+06
1.008142600000000000e+07
8.592450000000000000e+06
1.028661500000000000e+07
9.573647000000000000e+06
5.841596000000000000e+06
5.349135000000000000e+06
6.231266000000000000e+06
7.265424000000000000e+06
1.287229800000000000e+07
8.967499000000000000e+06
8.468611000000000000e+06
1.137609700000000000e+07
1.188660800000000000e+07
9.933412000000000000e+06
1.413490900000000000e+07
1.243766500000000000e+07
1.327006900000000000e+07
1.182717700000000000e+07
8.347109000000000000e+06
1.183476500000000000e+07
1.448909100000000000e+07
8.947883000000000000e+06
7.953986000000000000e+06
5.803604000000000000e+06
5.135430000000000000e+06
3.237693000000000000e+06
3.221382000000000000e+06
3.772504000000000000e+06
9.606311000000000000e+06
7.485009000000000000e+06
5.184801000000000000e+06
3.969181000000000000e+06
1.085595800000000000e+07
6.092028000000000000e+06
4.413074000000000000e+06
3.876610000000000000e+06
2.791003000000000000e+06
3.097122000000000000e+06
6.542372000000000000e+06
4.903453000000000000e+06
5.000686000000000000e+06
4.859314000000000000e+06
3.409658000000000000e+06
3.844170000000000000e+06
1.036453700000000000e+07
6.019254000000000000e+06
4.347708000000000000e+06
3.768240000000000000e+06
2.046615000000000000e+06
6.289194000000000000e+06
3.665733000000000000e+06
3.601974000000000000e+06
3.950056000000000000e+06
5.991135000000000000e+06
8.209242000000000000e+06
9.485532000000000000e+06
1.492972400000000000e+07
1.150473300000000000e+07
1.481927900000000000e+07
1.561177200000000000e+07
1.505212300000000000e+07
9.696745000000000000e+06
1.576382500000000000e+07
1.127150600000000000e+07
7.521485000000000000e+06
8.474375000000000000e+06
6.037219000000000000e+06
1.124427000000000000e+07
1.306005600000000000e+07
7.646470000000000000e+06
5.405360000000000000e+06
5.506317000000000000e+06
6.462133000000000000e+06
4.172870000000000000e+05
7.641597000000000000e+06
8.827719000000000000e+06
1.257939800000000000e+07
1.034618200000000000e+07
1.201401800000000000e+07
1.312175900000000000e+07
1.381654400000000000e+07
8.633667000000000000e+06
7.588335000000000000e+06
6.865087000000000000e+06
4.041595000000000000e+06
5.785347000000000000e+06
2.777010000000000000e+06
3.810256000000000000e+06
8.652060000000000000e+06
6.064271000000000000e+06
4.372773000000000000e+06
6.554626000000000000e+06
1.280861700000000000e+07
9.926097000000000000e+06
7.246894000000000000e+06
5.862829000000000000e+06
7.726463000000000000e+06
3.700149000000000000e+06
3.928301000000000000e+06
8.780812000000000000e+06
3.941535000000000000e+06
4.464854000000000000e+06
3.805946000000000000e+06
8.242441000000000000e+06
1.300267700000000000e+07
7.638418000000000000e+06
7.753014000000000000e+06
7.411071000000000000e+06
1.245294700000000000e+07
1.464879200000000000e+07
1.554578500000000000e+07
1.547888800000000000e+07
1.355118000000000000e+07
1.157550800000000000e+07
7.824286000000000000e+06
7.298795000000000000e+06
1.277658000000000000e+07
6.993864000000000000e+06
4.505706000000000000e+06
8.302780000000000000e+06
2.824200000000000000e+06
