7.908771000000000000e+06
8.391337000000000000e+06
7.418559000000000000e+06
7.480417000000000000e+06
6.374656000000000000e+06
1.026094200000000000e+07
1.473480400000000000e+07
9.392654000000000000e+06
7.172335000000000000e+06
6.656159000000000000e+06
2.891396000000000000e+06
3.562331000000000000e+06
2.057280000000000000e+06
5.384573000000000000e+06
2.824163000000000000e+06
2.124211000000000000e+06
3.355442000000000000e+06
3.403519000000000000e+06
1.135070800000000000e+07
3.286146000000000000e+06
3.814434000000000000e+06
6.561085000000000000e+06
4.725142000000000000e+06
3.394057000000000000e+06
2.330494000000000000e+06
5.412869000000000000e+06
2.548999000000000000e+06
2.003491000000000000e+06
2.233072000000000000e+06
5.028364000000000000e+06
1.159890000000000000e+07
3.953884000000000000e+06
7.710522000000000000e+06
5.107344000000000000e+06
5.470692000000000000e+06
5.744585000000000000e+06
4.510913000000000000e+06
3.884446000000000000e+06
3.704973000000000000e+06
2.901591000000000000e+06
2.915372000000000000e+06
2.244206000000000000e+06
1.119604000000000000e+07
4.035206000000000000e+06
3.997825000000000000e+06
4.188292000000000000e+06
5.861586000000000000e+06
7.716415000000000000e+06
4.100264000000000000e+06
3.560479000000000000e+06
1.638355000000000000e+06
6.079264000000000000e+06
3.519096000000000000e+06
2.880202000000000000e+06
1.144086500000000000e+07
4.871990000000000000e+06
4.221584000000000000e+06
6.941855000000000000e+06
8.598467000000000000e+06
5.661441000000000000e+06
8.240027000000000000e+06
6.215354000000000000e+06
3.816626000000000000e+06
1.472536000000000000e+06
4.950806000000000000e+06
3.018589000000000000e+06
1.104315800000000000e+07
4.987249000000000000e+06
5.190922000000000000e+06
2.274836000000000000e+06
1.743144000000000000e+06
6.738205000000000000e+06
5.227080000000000000e+06
3.510168000000000000e+06
3.554264000000000000e+06
5.968834000000000000e+06
4.698774000000000000e+06
4.762209000000000000e+06
1.092599900000000000e+07
3.319128000000000000e+06
2.815439000000000000e+06
4.080770000000000000e+06
3.234702000000000000e+06
3.798065000000000000e+06
5.007651000000000000e+06
2.617011000000000000e+06
2.597214000000000000e+06
3.240045000000000000e+06
5.230731000000000000e+06
4.287922000000000000e+06
1.146730100000000000e+07
3.977861000000000000e+06
5.644620000000000000e+06
4.446338000000000000e+06
3.524577000000000000e+06
4.368090000000000000e+06
6.047817000000000000e+06
3.281324000000000000e+06
3.309395000000000000e+06
2.161069000000000000e+06
2.560691000000000000e+06
2.270176000000000000e+06
1.079575500000000000e+07
3.599580000000000000e+06
1.879711000000000000e+06
6.184508000000000000e+06
2.621179000000000000e+06
4.655036000000000000e+06
2.170290000000000000e+06
1.853569000000000000e+06
1.154189000000000000e+06
2.355863000000000000e+06
1.448997000000000000e+06
2.707962000000000000e+06
1.166332300000000000e+07
4.725381000000000000e+06
6.197811000000000000e+06
5.866631000000000000e+06
2.879291000000000000e+06
5.593671000000000000e+06
4.049916000000000000e+06
6.140869000000000000e+06
3.877489000000000000e+06
3.870140000000000000e+06
3.923303000000000000e+06
4.243760000000000000e+06
1.075616800000000000e+07
3.707791000000000000e+06
2.041462000000000000e+06
4.831331000000000000e+06
2.605873000000000000e+06
3.166342000000000000e+06
3.794675000000000000e+06
2.349553000000000000e+06
2.344342000000000000e+06
4.956533000000000000e+06
1.971838000000000000e+06
3.170487000000000000e+06
1.018793000000000000e+07
3.806164000000000000e+06
1.818958000000000000e+06
4.042071000000000000e+06
2.789738000000000000e+06
3.700882000000000000e+06
2.426150000000000000e+06
3.501910000000000000e+06
3.446235000000000000e+06
4.129788000000000000e+06
2.007652000000000000e+06
