4.244290000000000000e+05
4.327600000000000000e+04
5.583000000000000000e+03
1.440000000000000000e+03
0.000000000000000000e+00
0.000000000000000000e+00
6.015100000000000000e+04
6.036300000000000000e+04
2.006900000000000000e+04
0.000000000000000000e+00
0.000000000000000000e+00
5.049160000000000000e+05
6.290000000000000000e+02
0.000000000000000000e+00
0.000000000000000000e+00
0.000000000000000000e+00
0.000000000000000000e+00
0.000000000000000000e+00
5.760200000000000000e+04
5.955700000000000000e+04
1.994100000000000000e+04
0.000000000000000000e+00
0.000000000000000000e+00
2.921200000000000000e+04
6.290000000000000000e+02
0.000000000000000000e+00
0.000000000000000000e+00
0.000000000000000000e+00
0.000000000000000000e+00
0.000000000000000000e+00
5.632400000000000000e+04
5.216200000000000000e+04
1.484200000000000000e+04
0.000000000000000000e+00
0.000000000000000000e+00
3.018700000000000000e+04
6.290000000000000000e+02
0.000000000000000000e+00
0.000000000000000000e+00
0.000000000000000000e+00
0.000000000000000000e+00
0.000000000000000000e+00
4.535780000000000000e+05
6.812300000000000000e+04
1.290400000000000000e+04
0.000000000000000000e+00
0.000000000000000000e+00
2.549800000000000000e+05
6.220000000000000000e+02
0.000000000000000000e+00
0.000000000000000000e+00
0.000000000000000000e+00
0.000000000000000000e+00
0.000000000000000000e+00
6.206400000000000000e+04
6.202700000000000000e+04
1.249800000000000000e+04
0.000000000000000000e+00
0.000000000000000000e+00
3.057100000000000000e+04
6.220000000000000000e+02
0.000000000000000000e+00
0.000000000000000000e+00
0.000000000000000000e+00
0.000000000000000000e+00
0.000000000000000000e+00
6.206400000000000000e+04
6.202700000000000000e+04
1.249800000000000000e+04
0.000000000000000000e+00
0.000000000000000000e+00
3.057100000000000000e+04
6.220000000000000000e+02
0.000000000000000000e+00
0.000000000000000000e+00
0.000000000000000000e+00
0.000000000000000000e+00
0.000000000000000000e+00
6.206400000000000000e+04
6.202700000000000000e+04
1.249800000000000000e+04
0.000000000000000000e+00
0.000000000000000000e+00
3.057100000000000000e+04
6.220000000000000000e+02
0.000000000000000000e+00
0.000000000000000000e+00
0.000000000000000000e+00
0.000000000000000000e+00
0.000000000000000000e+00
6.206400000000000000e+04
6.122100000000000000e+04
1.249800000000000000e+04
0.000000000000000000e+00
0.000000000000000000e+00
3.281200000000000000e+04
6.220000000000000000e+02
0.000000000000000000e+00
0.000000000000000000e+00
0.000000000000000000e+00
0.000000000000000000e+00
0.000000000000000000e+00
2.639810000000000000e+05
5.648900000000000000e+04
7.256000000000000000e+03
0.000000000000000000e+00
0.000000000000000000e+00
1.512660000000000000e+05
1.262000000000000000e+03
0.000000000000000000e+00
0.000000000000000000e+00
0.000000000000000000e+00
0.000000000000000000e+00
0.000000000000000000e+00
5.612800000000000000e+04
5.353200000000000000e+04
6.844000000000000000e+03
0.000000000000000000e+00
0.000000000000000000e+00
2.827800000000000000e+04
1.262000000000000000e+03
0.000000000000000000e+00
0.000000000000000000e+00
0.000000000000000000e+00
0.000000000000000000e+00
0.000000000000000000e+00
5.612800000000000000e+04
5.353200000000000000e+04
6.844000000000000000e+03
0.000000000000000000e+00
0.000000000000000000e+00
2.827800000000000000e+04
1.262000000000000000e+03
0.000000000000000000e+00
0.000000000000000000e+00
0.000000000000000000e+00
0.000000000000000000e+00
0.000000000000000000e+00
5.612800000000000000e+04
5.353200000000000000e+04
6.844000000000000000e+03
0.000000000000000000e+00
0.000000000000000000e+00
2.827800000000000000e+04
1.262000000000000000e+03
0.000000000000000000e+00
0.000000000000000000e+00
0.000000000000000000e+00
0.000000000000000000e+00
