1.194702500000000000e+07
1.354760300000000000e+07
1.291102700000000000e+07
9.801054000000000000e+06
5.977627000000000000e+06
9.622634000000000000e+06
2.675275000000000000e+06
3.108922000000000000e+06
5.279395000000000000e+06
4.613625000000000000e+06
3.686576000000000000e+06
1.104687100000000000e+07
7.237224000000000000e+06
7.769710000000000000e+06
7.808418000000000000e+06
8.410340000000000000e+06
1.048706100000000000e+07
7.635286000000000000e+06
9.560179000000000000e+06
9.725793000000000000e+06
7.537363000000000000e+06
1.026242300000000000e+07
7.547853000000000000e+06
1.338899300000000000e+07
1.315596400000000000e+07
1.294538400000000000e+07
1.215055600000000000e+07
1.188154900000000000e+07
1.132475700000000000e+07
9.096806000000000000e+06
7.731331000000000000e+06
9.972385000000000000e+06
6.575233000000000000e+06
4.783459000000000000e+06
3.906898000000000000e+06
1.147221900000000000e+07
6.932327000000000000e+06
7.988616000000000000e+06
5.266903000000000000e+06
7.706109000000000000e+06
6.729787000000000000e+06
2.244439000000000000e+06
3.754081000000000000e+06
4.572746000000000000e+06
8.435630000000000000e+05
2.512035000000000000e+06
5.237235000000000000e+06
1.119217600000000000e+07
2.439626000000000000e+06
4.144162000000000000e+06
1.047680000000000000e+06
3.013191000000000000e+06
3.715166000000000000e+06
2.209983000000000000e+06
3.581624000000000000e+06
5.060085000000000000e+06
3.621800000000000000e+06
7.090487000000000000e+06
6.226122000000000000e+06
1.252978000000000000e+07
1.138868800000000000e+07
1.102398200000000000e+07
6.038400000000000000e+06
8.238879000000000000e+06
5.343667000000000000e+06
6.510162000000000000e+06
5.245550000000000000e+06
7.268547000000000000e+06
3.965349000000000000e+06
3.409119000000000000e+06
5.514877000000000000e+06
1.138876500000000000e+07
4.648306000000000000e+06
2.848336000000000000e+06
7.096558000000000000e+06
3.883819000000000000e+06
4.118959000000000000e+06
2.602597000000000000e+06
3.584003000000000000e+06
3.495453000000000000e+06
3.290101000000000000e+06
2.367898000000000000e+06
1.425241000000000000e+06
1.170488900000000000e+07
4.571057000000000000e+06
2.515035000000000000e+06
4.531670000000000000e+06
4.254034000000000000e+06
2.143359000000000000e+06
3.293703000000000000e+06
3.738276000000000000e+06
9.845350000000000000e+05
3.749021000000000000e+06
3.711434000000000000e+06
1.403129000000000000e+06
1.142224000000000000e+07
5.546299000000000000e+06
4.393697000000000000e+06
3.934759000000000000e+06
2.726074000000000000e+06
3.352862000000000000e+06
3.724123000000000000e+06
3.768698000000000000e+06
3.683005000000000000e+06
3.862412000000000000e+06
5.827853000000000000e+06
3.303006000000000000e+06
1.209350700000000000e+07
7.325737000000000000e+06
3.105026000000000000e+06
6.261825000000000000e+06
4.952368000000000000e+06
4.688094000000000000e+06
6.516997000000000000e+06
5.891175000000000000e+06
6.139413000000000000e+06
6.890096000000000000e+06
6.050299000000000000e+06
3.475467000000000000e+06
1.242931900000000000e+07
7.088017000000000000e+06
3.913302000000000000e+06
5.158733000000000000e+06
6.831130000000000000e+06
5.567225000000000000e+06
5.244600000000000000e+06
5.116492000000000000e+06
5.945608000000000000e+06
6.094497000000000000e+06
8.476179000000000000e+06
1.110555800000000000e+07
1.903969600000000000e+07
1.898897700000000000e+07
1.644533900000000000e+07
1.653252500000000000e+07
1.458227900000000000e+07
3.338161400000000000e+07
3.659480300000000000e+07
3.219206500000000000e+07
2.304114800000000000e+07
1.331112500000000000e+07
1.961977700000000000e+07
2.131275700000000000e+07
2.116868100000000000e+07
2.988606100000000000e+07
2.133303800000000000e+07
2.278841700000000000e+07
2.216456100000000000e+07
3.169961000000000000e+07
3.720728400000000000e+07
4.174302000000000000e+07
4.241587200000000000e+07
4.055157900000000000e+07
3.929250500000000000e+07
3.943935700000000000e+07
4.083498200000000000e+07
3.531594900000000000e+07
2.880945800000000000e+07
4.292361400000000000e+07
4.394924700000000000e+07
3.248477500000000000e+07
4.148957300000000000e+07
4.996977900000000000e+07
4.842783500000000000e+07
5.029674600000000000e+07
4.863744300000000000e+07
4.902904500000000000e+07
4.197563400000000000e+07
2.861992400000000000e+07
4.035960100000000000e+07
3.441469800000000000e+07
3.760950700000000000e+07
3.026055800000000000e+07
3.468492100000000000e+07
3.877400000000000000e+07
4.174876400000000000e+07
4.201327900000000000e+07
4.476916700000000000e+07
4.347893200000000000e+07
4.248672300000000000e+07
4.321534300000000000e+07
4.021774300000000000e+07
3.988017600000000000e+07
3.862020100000000000e+07
4.745930900000000000e+07
2.594677400000000000e+07
4.352771600000000000e+07
3.224330500000000000e+07
3.164151100000000000e+07
3.817333800000000000e+07
3.181198600000000000e+07
3.854685100000000000e+07
3.999799100000000000e+07
2.995234300000000000e+07
4.278450100000000000e+07
4.767471100000000000e+07
3.982487600000000000e+07
4.312931500000000000e+07
4.276632500000000000e+07
3.381477100000000000e+07
3.043631000000000000e+07
2.812550500000000000e+07
2.959412300000000000e+07
3.364908600000000000e+07
3.074348300000000000e+07
3.270054500000000000e+07
1.788028600000000000e+07
2.625742800000000000e+07
2.024463500000000000e+07
2.713038400000000000e+07
3.184080500000000000e+07
2.467880000000000000e+07
1.864000800000000000e+07
2.126621800000000000e+07
1.509746000000000000e+07
2.059116900000000000e+07
2.103805200000000000e+07
2.438715300000000000e+07
2.194352900000000000e+07
2.095024100000000000e+07
2.087928400000000000e+07
3.425589800000000000e+07
3.238957100000000000e+07
2.003315100000000000e+07
2.345753200000000000e+07
3.058567400000000000e+07
3.838333800000000000e+07
2.751407000000000000e+07
2.146521000000000000e+07
3.375575800000000000e+07
1.945305400000000000e+07
2.031240600000000000e+07
2.274515800000000000e+07
1.935975900000000000e+07
1.321724400000000000e+07
2.253700200000000000e+07
2.275631200000000000e+07
2.049146600000000000e+07
2.101544000000000000e+07
2.475590500000000000e+07
2.424375100000000000e+07
1.993883200000000000e+07
1.834082600000000000e+07
2.080374600000000000e+07
2.324155300000000000e+07
1.913004300000000000e+07
1.634166700000000000e+07
1.887133200000000000e+07
2.281220200000000000e+07
2.159632900000000000e+07
2.217261900000000000e+07
2.100713600000000000e+07
1.964775700000000000e+07
2.127166400000000000e+07
1.620246200000000000e+07
1.020815700000000000e+07
8.856909000000000000e+06
9.844199000000000000e+06
1.172256200000000000e+07
1.330770500000000000e+07
1.072628200000000000e+07
9.527473000000000000e+06
9.276606000000000000e+06
7.851751000000000000e+06
8.604074000000000000e+06
5.317752000000000000e+06
1.518305600000000000e+07
1.006575300000000000e+07
1.366455000000000000e+07
1.055909500000000000e+07
1.013721200000000000e+07
1.695725200000000000e+07
1.558884900000000000e+07
2.163580800000000000e+07
1.854436300000000000e+07
1.846840800000000000e+07
1.739297000000000000e+07
3.159586800000000000e+07
3.032778300000000000e+07
3.119336000000000000e+07
4.687366500000000000e+07
4.894439500000000000e+07
3.562652800000000000e+07
2.826604700000000000e+07
1.549883100000000000e+07
1.508742500000000000e+07
1.277110600000000000e+07
2.056113700000000000e+07
2.830780600000000000e+07
2.563584200000000000e+07
3.344694500000000000e+07
3.904445900000000000e+07
2.451433300000000000e+07
3.252415200000000000e+07
3.268149700000000000e+07
3.109076200000000000e+07
2.074197300000000000e+07
7.500239000000000000e+06
2.263404200000000000e+07
1.936713900000000000e+07
1.979684300000000000e+07
2.674422100000000000e+07
2.247422200000000000e+07
2.539542400000000000e+07
2.783767500000000000e+07
2.880369800000000000e+07
2.986923700000000000e+07
3.046305400000000000e+07
2.469681800000000000e+07
1.897052000000000000e+07
1.642286200000000000e+07
1.430904500000000000e+07
1.459082600000000000e+07
2.150868800000000000e+07
2.243938100000000000e+07
1.378116300000000000e+07
8.931537000000000000e+06
1.400547200000000000e+07
1.319396400000000000e+07
1.581235000000000000e+07
1.368965800000000000e+07
1.169578400000000000e+07
1.103699800000000000e+07
9.561015000000000000e+06
1.159305000000000000e+07
1.624783000000000000e+07
1.293208200000000000e+07
1.461608800000000000e+07
1.542146400000000000e+07
1.595356300000000000e+07
1.651725100000000000e+07
2.104070100000000000e+07
1.962611200000000000e+07
2.003575800000000000e+07
1.902388500000000000e+07
1.932957600000000000e+07
2.123294800000000000e+07
2.052568700000000000e+07
2.145911700000000000e+07
2.038212100000000000e+07
1.873356500000000000e+07
1.388425200000000000e+07
1.529868400000000000e+07
1.720758800000000000e+07
1.230356000000000000e+07
1.158487900000000000e+07
1.250438400000000000e+07
7.493118000000000000e+06
7.989705000000000000e+06
7.789082000000000000e+06
4.767355000000000000e+06
5.030215000000000000e+06
9.062087000000000000e+06
7.019446000000000000e+06
8.936777000000000000e+06
1.328047700000000000e+07
8.623869000000000000e+06
7.316196000000000000e+06
4.766034000000000000e+06
4.546139000000000000e+06
2.956287000000000000e+06
2.116708000000000000e+06
5.359978000000000000e+06
4.342627000000000000e+06
6.479061000000000000e+06
3.247256000000000000e+06
3.120938000000000000e+06
1.166475400000000000e+07
8.196320000000000000e+06
5.596557000000000000e+06
4.890694000000000000e+06
5.723772000000000000e+06
8.802441000000000000e+06
8.302052000000000000e+06
6.514610000000000000e+06
9.116520000000000000e+06
1.064130900000000000e+07
1.041437500000000000e+07
9.439840000000000000e+06
1.202588700000000000e+07
3.129811000000000000e+06
5.409704000000000000e+06
6.420505000000000000e+06
7.126572000000000000e+06
4.993647000000000000e+06
5.450403000000000000e+06
6.559963000000000000e+06
7.762183000000000000e+06
7.280583000000000000e+06
1.068634400000000000e+07
1.003064600000000000e+07
1.256796700000000000e+07
6.738427000000000000e+06
4.797008000000000000e+06
5.341603000000000000e+06
4.461968000000000000e+06
7.657510000000000000e+06
4.486877000000000000e+06
4.506375000000000000e+06
5.457214000000000000e+06
6.474528000000000000e+06
3.633193000000000000e+06
4.738697000000000000e+06
1.148489400000000000e+07
3.462163000000000000e+06
2.808496000000000000e+06
7.515833000000000000e+06
7.991240000000000000e+06
7.767808000000000000e+06
8.412101000000000000e+06
1.106098100000000000e+07
1.071717400000000000e+07
9.182815000000000000e+06
1.203724500000000000e+07
9.525791000000000000e+06
1.387687100000000000e+07
1.059309400000000000e+07
9.748502000000000000e+06
8.304160000000000000e+06
7.762714000000000000e+06
9.044119000000000000e+06
8.986865000000000000e+06
8.765068000000000000e+06
9.083664000000000000e+06
7.223933000000000000e+06
6.142099000000000000e+06
6.113167000000000000e+06
1.156661800000000000e+07
6.624499000000000000e+06
4.734747000000000000e+06
6.086645000000000000e+06
7.939929600000000000e+07
5.355275000000000000e+06
4.238810000000000000e+06
4.960146000000000000e+06
3.569758000000000000e+06
3.916041000000000000e+06
2.877857000000000000e+06
2.648450000000000000e+06
2.872095000000000000e+06
1.897630000000000000e+06
1.904411000000000000e+06
1.582403000000000000e+06
7.675968000000000000e+06
3.821111000000000000e+06
2.420149000000000000e+06
1.790784000000000000e+06
2.785497000000000000e+06
1.244732000000000000e+06
2.395118000000000000e+06
3.147350000000000000e+06
4.178900000000000000e+06
1.726703000000000000e+06
2.234894000000000000e+06
3.988540000000000000e+06
7.607142000000000000e+06
2.988468000000000000e+06
2.689691000000000000e+06
2.823125000000000000e+06
2.824572000000000000e+06
2.175196000000000000e+06
2.073030000000000000e+06
3.752130000000000000e+06
3.829547000000000000e+06
3.668995000000000000e+06
2.261830000000000000e+06
2.067524000000000000e+06
7.602161000000000000e+06
3.170362000000000000e+06
2.049909000000000000e+06
2.968132000000000000e+06
2.613600000000000000e+06
3.163592000000000000e+06
5.299033000000000000e+06
4.261943000000000000e+06
4.525727000000000000e+06
4.907307000000000000e+06
5.058291000000000000e+06
4.470144000000000000e+06
8.578810000000000000e+06
5.825331000000000000e+06
5.740344000000000000e+06
4.646264000000000000e+06
4.077762000000000000e+06
4.615658000000000000e+06
4.397339000000000000e+06
2.744799000000000000e+06
2.106663000000000000e+06
2.841940000000000000e+06
3.068716000000000000e+06
1.096789000000000000e+06
7.221056000000000000e+06
2.143377000000000000e+06
2.114269000000000000e+06
3.446393000000000000e+06
4.228078000000000000e+06
2.039889000000000000e+06
2.448364000000000000e+06
2.545435000000000000e+06
3.410566000000000000e+06
1.531148000000000000e+06
2.378409000000000000e+06
3.038192000000000000e+06
7.948478000000000000e+06
2.952285000000000000e+06
3.133718000000000000e+06
2.534083000000000000e+06
3.022026000000000000e+06
1.776938000000000000e+06
2.208824000000000000e+06
1.427223000000000000e+06
5.317100000000000000e+05
2.038510000000000000e+05
3.967460000000000000e+05
1.034416000000000000e+06
6.772958000000000000e+06
7.947136700000000000e+07
1.606527700000000000e+07
1.013094500000000000e+07
7.516499000000000000e+06
1.237282400000000000e+07
7.538930000000000000e+06
1.131555900000000000e+07
9.859381000000000000e+06
6.571914000000000000e+06
6.002360000000000000e+06
9.669589000000000000e+06
1.233408900000000000e+07
1.584722700000000000e+07
1.477078600000000000e+07
1.239553600000000000e+07
8.755857000000000000e+06
7.316980000000000000e+06
6.709862000000000000e+06
7.825270000000000000e+06
8.568709000000000000e+06
6.903862000000000000e+06
9.896461000000000000e+06
8.535137000000000000e+06
1.088693000000000000e+07
1.903539300000000000e+07
1.954787200000000000e+07
1.710447200000000000e+07
1.196595200000000000e+07
1.595230900000000000e+07
1.691410900000000000e+07
1.811208300000000000e+07
1.567105700000000000e+07
1.268428400000000000e+07
7.190237000000000000e+06
6.289852000000000000e+06
7.173727000000000000e+06
1.256722700000000000e+07
1.458863400000000000e+07
2.086413800000000000e+07
2.374636400000000000e+07
2.277474100000000000e+07
2.051785900000000000e+07
2.367190700000000000e+07
2.422090100000000000e+07
2.353382400000000000e+07
2.338041200000000000e+07
2.122960800000000000e+07
1.995196800000000000e+07
2.046321000000000000e+07
2.173584300000000000e+07
2.263513200000000000e+07
2.265916000000000000e+07
2.203568700000000000e+07
1.841001600000000000e+07
1.796389100000000000e+07
1.756468400000000000e+07
1.794278600000000000e+07
1.832782500000000000e+07
1.337996500000000000e+07
1.136162700000000000e+07
1.523750200000000000e+07
7.565415000000000000e+06
7.230350000000000000e+06
1.259315400000000000e+07
1.271152700000000000e+07
1.819540800000000000e+07
2.035339600000000000e+07
2.053462300000000000e+07
2.257087100000000000e+07
2.383136400000000000e+07
2.191157900000000000e+07
2.149491600000000000e+07
2.184744400000000000e+07
1.705629100000000000e+07
1.671490400000000000e+07
1.734828500000000000e+07
1.593449400000000000e+07
1.274613900000000000e+07
1.053971100000000000e+07
1.312883700000000000e+07
1.421877200000000000e+07
1.542812800000000000e+07
1.387094400000000000e+07
1.679869500000000000e+07
1.577893500000000000e+07
1.074663600000000000e+07
6.889343000000000000e+06
9.871754000000000000e+06
1.008743600000000000e+07
1.007333800000000000e+07
1.203933400000000000e+07
8.648045000000000000e+06
1.239029400000000000e+07
1.383040800000000000e+07
9.765976000000000000e+06
1.353231900000000000e+07
1.315070500000000000e+07
6.824158000000000000e+06
1.115935300000000000e+07
1.095157700000000000e+07
6.973469000000000000e+06
7.380582000000000000e+06
4.419068000000000000e+06
6.459504000000000000e+06
5.276546000000000000e+06
5.731277000000000000e+06
3.823312000000000000e+06
8.072036000000000000e+06
1.338036900000000000e+07
1.338093100000000000e+07
1.149286400000000000e+07
1.211426700000000000e+07
8.439761000000000000e+06
7.948221000000000000e+06
1.097933100000000000e+07
8.708040000000000000e+06
1.596029400000000000e+07
1.876699400000000000e+07
1.677792800000000000e+07
1.299229500000000000e+07
1.411524800000000000e+07
1.138315400000000000e+07
1.207771400000000000e+07
1.207111900000000000e+07
1.546166300000000000e+07
1.053317800000000000e+07
1.505569600000000000e+07
1.740328600000000000e+07
1.479225300000000000e+07
9.918166000000000000e+06
4.999044000000000000e+06
8.161784000000000000e+06
1.245982600000000000e+07
5.563354000000000000e+06
6.656000000000000000e+06
1.030339900000000000e+07
1.157604800000000000e+07
1.150474800000000000e+07
1.009672500000000000e+07
1.064510700000000000e+07
1.188512800000000000e+07
1.111474600000000000e+07
1.350790700000000000e+07
1.302746200000000000e+07
1.491016500000000000e+07
1.442484900000000000e+07
1.705349800000000000e+07
2.006379000000000000e+07
1.815969300000000000e+07
1.757393100000000000e+07
1.377206300000000000e+07
1.640538200000000000e+07
1.397825600000000000e+07
1.346094700000000000e+07
1.738024300000000000e+07
1.902342000000000000e+07
2.139490500000000000e+07
2.188605700000000000e+07
1.801836800000000000e+07
1.522386600000000000e+07
8.391301000000000000e+06
1.495574900000000000e+07
1.579838200000000000e+07
1.611020300000000000e+07
9.131278000000000000e+06
1.435283400000000000e+07
1.301394900000000000e+07
9.830422000000000000e+06
1.425518200000000000e+07
1.579553600000000000e+07
1.011818000000000000e+07
5.584808000000000000e+06
1.052797400000000000e+07
1.024244800000000000e+07
1.079304700000000000e+07
1.540631200000000000e+07
1.460765200000000000e+07
1.783242200000000000e+07
1.304875900000000000e+07
1.139726400000000000e+07
1.147883700000000000e+07
2.060327700000000000e+07
2.125133100000000000e+07
1.271457400000000000e+07
8.313400000000000000e+06
1.286139400000000000e+07
1.527205500000000000e+07
1.459358300000000000e+07
1.394779400000000000e+07
1.553773100000000000e+07
1.556028300000000000e+07
1.291931300000000000e+07
1.646744200000000000e+07
1.130646300000000000e+07
1.409975700000000000e+07
1.588785500000000000e+07
1.564019800000000000e+07
1.561282200000000000e+07
1.568467000000000000e+07
1.082319000000000000e+07
1.157100200000000000e+07
1.233507700000000000e+07
1.626341100000000000e+07
1.811841700000000000e+07
1.842445300000000000e+07
1.018895900000000000e+07
1.436836500000000000e+07
1.844244500000000000e+07
1.308529300000000000e+07
1.475348800000000000e+07
1.217616400000000000e+07
1.085750900000000000e+07
9.824689000000000000e+06
1.008955000000000000e+07
1.399875900000000000e+07
8.898387000000000000e+06
1.471721400000000000e+07
6.588829000000000000e+06
8.872829000000000000e+06
6.272450000000000000e+06
8.621912000000000000e+06
5.426961000000000000e+06
3.196718000000000000e+06
3.113147000000000000e+06
3.448538000000000000e+06
6.569179000000000000e+06
7.410856000000000000e+06
7.698447000000000000e+06
1.064090100000000000e+07
2.259365000000000000e+06
3.436252000000000000e+06
3.966745000000000000e+06
3.206419000000000000e+06
5.573242000000000000e+06
3.159061000000000000e+06
3.575274000000000000e+06
5.355009000000000000e+06
6.389107000000000000e+06
3.678668000000000000e+06
3.171879000000000000e+06
1.186674300000000000e+07
7.236937000000000000e+06
7.373731000000000000e+06
5.653500000000000000e+06
7.245885000000000000e+06
4.823152000000000000e+06
9.589906000000000000e+06
9.289790000000000000e+06
6.394243000000000000e+06
9.686123000000000000e+06
1.071776200000000000e+07
8.337109000000000000e+06
1.220280000000000000e+07
9.239097000000000000e+06
6.834272000000000000e+06
5.329590000000000000e+06
6.578279000000000000e+06
6.154282000000000000e+06
7.981590000000000000e+06
6.435260000000000000e+06
7.180082000000000000e+06
1.148415300000000000e+07
8.149351000000000000e+06
5.663172000000000000e+06
1.245784700000000000e+07
1.017194300000000000e+07
9.534714000000000000e+06
1.118782100000000000e+07
6.118685000000000000e+06
5.646716000000000000e+06
8.637648000000000000e+06
1.003683400000000000e+07
8.599160000000000000e+06
9.193085000000000000e+06
1.225568000000000000e+07
1.272891200000000000e+07
1.957553900000000000e+07
1.850331200000000000e+07
1.590770200000000000e+07
1.847085700000000000e+07
1.817395600000000000e+07
1.771760600000000000e+07
1.841738300000000000e+07
2.188555700000000000e+07
2.461338500000000000e+07
2.409616300000000000e+07
2.350903900000000000e+07
2.316034800000000000e+07
2.427048700000000000e+07
2.219679800000000000e+07
2.112896700000000000e+07
1.739029100000000000e+07
1.761373700000000000e+07
1.261223100000000000e+07
9.676438000000000000e+06
1.604373600000000000e+07
1.889249400000000000e+07
1.469116200000000000e+07
1.510495200000000000e+07
1.372281600000000000e+07
1.635410100000000000e+07
1.965424800000000000e+07
1.984792300000000000e+07
1.807370800000000000e+07
1.473217900000000000e+07
1.675085200000000000e+07
1.564867800000000000e+07
1.608637000000000000e+07
1.928603300000000000e+07
1.082141200000000000e+07
1.212060000000000000e+07
9.297313000000000000e+06
1.335731500000000000e+07
1.002743500000000000e+07
6.413432000000000000e+06
5.359773000000000000e+06
8.287851000000000000e+06
5.197469000000000000e+06
1.039280200000000000e+07
1.029488500000000000e+07
6.264841000000000000e+06
1.044350700000000000e+07
7.326476000000000000e+06
7.894457000000000000e+06
1.227270600000000000e+07
5.735280000000000000e+06
7.640163000000000000e+06
5.302507000000000000e+06
2.659447000000000000e+06
3.797989000000000000e+06
9.109326000000000000e+06
3.471605000000000000e+06
4.499146000000000000e+06
8.307526000000000000e+06
4.152202000000000000e+06
4.536860000000000000e+06
1.173013500000000000e+07
1.045649400000000000e+07
4.223384000000000000e+06
1.114645500000000000e+07
1.107803100000000000e+07
7.968506000000000000e+06
8.411790000000000000e+06
8.628282000000000000e+06
1.011402400000000000e+07
9.592642000000000000e+06
1.000812000000000000e+07
8.181483000000000000e+06
1.361943100000000000e+07
1.058078500000000000e+07
9.631651000000000000e+06
6.627629000000000000e+06
6.630953000000000000e+06
8.220716000000000000e+06
6.275603000000000000e+06
4.732315000000000000e+06
4.073541000000000000e+06
8.221095000000000000e+06
8.174985000000000000e+06
1.005502700000000000e+07
1.541508100000000000e+07
1.242406100000000000e+07
7.656948000000000000e+06
3.235187000000000000e+06
2.680063000000000000e+06
9.848263000000000000e+06
7.019752000000000000e+06
3.586098000000000000e+06
2.426220000000000000e+06
5.243959000000000000e+06
4.261905000000000000e+06
5.564689000000000000e+06
1.181511700000000000e+07
5.194574000000000000e+06
4.525814000000000000e+06
2.467929000000000000e+06
2.418695000000000000e+06
2.740270000000000000e+06
4.244198000000000000e+06
1.590364000000000000e+06
3.996279000000000000e+06
2.354565000000000000e+06
3.411594000000000000e+06
2.664807000000000000e+06
1.085291000000000000e+07
7.862072000000000000e+06
3.518754000000000000e+06
2.848154000000000000e+06
2.139292000000000000e+06
4.766763000000000000e+06
3.158240000000000000e+06
4.473441000000000000e+06
3.506273000000000000e+06
4.078485000000000000e+06
3.819104000000000000e+06
3.310130000000000000e+06
1.131821700000000000e+07
4.677714000000000000e+06
4.220373000000000000e+06
4.198859000000000000e+06
2.783809000000000000e+06
2.087280000000000000e+06
2.773250000000000000e+06
3.588356000000000000e+06
2.937714000000000000e+06
3.425856000000000000e+06
4.529393000000000000e+06
7.162974000000000000e+06
1.107969900000000000e+07
3.219919000000000000e+06
5.259418000000000000e+06
5.202964000000000000e+06
6.292366000000000000e+06
1.612221000000000000e+06
2.027084000000000000e+06
3.674829000000000000e+06
5.768639000000000000e+06
5.127922000000000000e+06
7.565995000000000000e+06
5.963178000000000000e+06
1.218624700000000000e+07
7.451881000000000000e+06
3.663691000000000000e+06
1.717140000000000000e+06
2.232917000000000000e+06
2.935355000000000000e+06
5.481664000000000000e+06
4.390188000000000000e+06
4.492797000000000000e+06
6.113244000000000000e+06
5.377106000000000000e+06
5.852180000000000000e+06
1.098917900000000000e+07
9.445108000000000000e+06
5.497130000000000000e+06
5.816134000000000000e+06
3.525404000000000000e+06
3.383191000000000000e+06
4.560567000000000000e+06
5.873469000000000000e+06
7.271643000000000000e+06
8.667003000000000000e+06
9.131862000000000000e+06
6.190929000000000000e+06
1.263105600000000000e+07
7.581231000000000000e+06
6.059381000000000000e+06
6.905998000000000000e+06
4.175010000000000000e+06
6.834489000000000000e+06
5.786378000000000000e+06
4.275659000000000000e+06
8.016621000000000000e+06
6.768183000000000000e+06
7.049991000000000000e+06
6.599035000000000000e+06
1.159338200000000000e+07
4.652804000000000000e+06
7.361924000000000000e+06
6.429840000000000000e+06
3.933847000000000000e+06
2.298427000000000000e+06
2.284986000000000000e+06
4.819837000000000000e+06
4.093926000000000000e+06
2.264950000000000000e+06
2.321257000000000000e+06
3.212920000000000000e+06
1.161228300000000000e+07
4.735516000000000000e+06
4.263413000000000000e+06
3.854551000000000000e+06
3.819068000000000000e+06
2.472075000000000000e+06
2.572573000000000000e+06
2.543098000000000000e+06
2.443788000000000000e+06
2.543352000000000000e+06
2.570105000000000000e+06
2.974449000000000000e+06
1.013756200000000000e+07
2.150895000000000000e+06
3.441247000000000000e+06
8.358798000000000000e+06
4.408811000000000000e+06
4.540972000000000000e+06
8.959963000000000000e+06
8.349702000000000000e+06
1.246583600000000000e+07
1.174955300000000000e+07
7.834912000000000000e+06
1.062344400000000000e+07
1.486806200000000000e+07
7.458859000000000000e+06
7.942978000000000000e+06
7.207849000000000000e+06
9.123203000000000000e+06
8.910752000000000000e+06
7.919713000000000000e+06
1.531023200000000000e+07
1.739973500000000000e+07
1.474806900000000000e+07
1.231067100000000000e+07
1.170832300000000000e+07
1.747278600000000000e+07
1.230215000000000000e+07
5.699559000000000000e+06
8.891192000000000000e+06
8.891656000000000000e+06
1.008616100000000000e+07
1.453886100000000000e+07
1.374562900000000000e+07
1.163383400000000000e+07
1.048708200000000000e+07
7.976153000000000000e+06
9.465389000000000000e+06
1.314631300000000000e+07
1.281684200000000000e+07
8.707729000000000000e+06
6.588121000000000000e+06
1.222311800000000000e+07
1.089196400000000000e+07
7.127368000000000000e+06
4.884166000000000000e+06
5.748226000000000000e+06
4.486541000000000000e+06
3.681080000000000000e+06
5.121599000000000000e+06
1.556183200000000000e+07
8.260404000000000000e+06
6.081478000000000000e+06
6.242256000000000000e+06
5.876454000000000000e+06
4.123960000000000000e+06
5.013060000000000000e+06
3.616264000000000000e+06
4.494260000000000000e+06
4.562402000000000000e+06
5.852000000000000000e+06
6.697038000000000000e+06
1.027455800000000000e+07
7.903713000000000000e+06
1.097815800000000000e+07
1.114776800000000000e+07
1.025839000000000000e+07
6.534009000000000000e+06
6.314020000000000000e+06
8.923110000000000000e+06
8.213128000000000000e+06
7.761512000000000000e+06
6.777833000000000000e+06
7.027192000000000000e+06
1.206841300000000000e+07
5.421889000000000000e+06
2.679152000000000000e+06
3.541650000000000000e+06
7.813304000000000000e+06
5.614262000000000000e+06
3.629049000000000000e+06
2.020350000000000000e+06
2.469096000000000000e+06
2.522363000000000000e+06
2.264240000000000000e+06
2.770519000000000000e+06
9.876753000000000000e+06
3.466937000000000000e+06
6.094328000000000000e+06
8.392883000000000000e+06
3.945625000000000000e+06
2.254244000000000000e+06
4.536377000000000000e+06
5.288525000000000000e+06
2.525371000000000000e+06
2.098549000000000000e+06
6.389835000000000000e+06
5.214482000000000000e+06
9.787071000000000000e+06
3.525656000000000000e+06
2.685864000000000000e+06
2.295601000000000000e+06
3.639200000000000000e+06
4.449369000000000000e+06
3.069681000000000000e+06
2.525990000000000000e+06
3.391014000000000000e+06
2.799242000000000000e+06
4.595827000000000000e+06
3.167478000000000000e+06
1.060327000000000000e+07
7.016535000000000000e+06
4.973627000000000000e+06
4.841491000000000000e+06
7.994555000000000000e+06
5.030824000000000000e+06
4.999042000000000000e+06
2.817251000000000000e+06
4.186139000000000000e+06
3.084339000000000000e+06
1.885572000000000000e+06
1.570834000000000000e+06
8.826821000000000000e+06
3.966283000000000000e+06
4.738105000000000000e+06
3.443450000000000000e+06
3.279906000000000000e+06
4.785709000000000000e+06
4.106018000000000000e+06
4.014496000000000000e+06
3.454799000000000000e+06
4.554597000000000000e+06
4.192384000000000000e+06
5.704419000000000000e+06
9.678966000000000000e+06
5.599868000000000000e+06
5.365355000000000000e+06
7.355807000000000000e+06
4.499257000000000000e+06
3.311343000000000000e+06
3.527433000000000000e+06
1.369152000000000000e+06
2.900077000000000000e+06
3.104561000000000000e+06
4.091460000000000000e+06
3.283353000000000000e+06
1.031442900000000000e+07
3.968066000000000000e+06
5.608850000000000000e+06
2.189901000000000000e+06
2.445407000000000000e+06
3.371685000000000000e+06
3.214732000000000000e+06
3.422181000000000000e+06
4.270501000000000000e+06
2.870378000000000000e+06
3.167949000000000000e+06
3.002037000000000000e+06
1.133952000000000000e+07
5.479148000000000000e+06
2.465889000000000000e+06
3.260301000000000000e+06
3.928693000000000000e+06
5.996013000000000000e+06
3.490668000000000000e+06
3.967566000000000000e+06
3.996505000000000000e+06
2.883576000000000000e+06
3.650129000000000000e+06
4.543748000000000000e+06
1.138776200000000000e+07
2.210811000000000000e+06
4.114927000000000000e+06
2.340867000000000000e+06
1.801742000000000000e+06
1.949607000000000000e+06
2.957360000000000000e+06
3.432372000000000000e+06
2.822447000000000000e+06
1.902404000000000000e+06
2.213563000000000000e+06
2.922605000000000000e+06
1.101938300000000000e+07
4.913952000000000000e+06
8.039369000000000000e+06
1.023299700000000000e+07
5.740662000000000000e+06
4.163412000000000000e+06
6.121477000000000000e+06
6.985832000000000000e+06
5.637107000000000000e+06
7.068877000000000000e+06
5.651468000000000000e+06
6.218352000000000000e+06
1.208446000000000000e+07
4.124245000000000000e+06
5.723651000000000000e+06
5.405438000000000000e+06
3.542787000000000000e+06
3.351493000000000000e+06
4.224246000000000000e+06
3.628231000000000000e+06
2.704234000000000000e+06
3.998922000000000000e+06
7.275146000000000000e+06
7.308830000000000000e+06
1.596170700000000000e+07
8.970968000000000000e+06
8.900525000000000000e+06
9.876582000000000000e+06
1.003153900000000000e+07
1.115755500000000000e+07
1.162052700000000000e+07
9.516529000000000000e+06
8.837605000000000000e+06
6.253169000000000000e+06
8.709114000000000000e+06
5.725324000000000000e+06
1.212658100000000000e+07
7.119631000000000000e+06
5.125264000000000000e+06
8.269075000000000000e+06
7.589415000000000000e+06
9.616410000000000000e+06
9.479551000000000000e+06
8.609150000000000000e+06
1.109433700000000000e+07
9.585912000000000000e+06
8.331482000000000000e+06
6.694291000000000000e+06
1.393625400000000000e+07
4.846021000000000000e+06
4.609671000000000000e+06
5.727038000000000000e+06
7.959494000000000000e+06
5.634246000000000000e+06
4.829336000000000000e+06
2.569841000000000000e+06
3.759112000000000000e+06
3.521857000000000000e+06
2.889914000000000000e+06
3.025027000000000000e+06
1.101249300000000000e+07
5.581261000000000000e+06
4.361831000000000000e+06
3.770765000000000000e+06
5.603442000000000000e+06
7.328840000000000000e+06
5.192972000000000000e+06
5.436867000000000000e+06
5.808081000000000000e+06
6.431797000000000000e+06
6.119687000000000000e+06
7.070963000000000000e+06
1.106862300000000000e+07
7.208506000000000000e+06
7.754953000000000000e+06
7.810848000000000000e+06
5.884113000000000000e+06
4.940143000000000000e+06
5.285114000000000000e+06
5.662370000000000000e+06
3.545807000000000000e+06
5.624497000000000000e+06
4.339340000000000000e+06
3.185468000000000000e+06
9.923566000000000000e+06
1.984060000000000000e+06
4.397584000000000000e+06
2.445096000000000000e+06
1.747156000000000000e+06
3.645260000000000000e+06
5.372829000000000000e+06
2.554075000000000000e+06
1.809339000000000000e+06
2.648296000000000000e+06
6.374340000000000000e+06
3.926261000000000000e+06
9.580401000000000000e+06
4.865792000000000000e+06
4.906991000000000000e+06
7.463105000000000000e+06
9.483343000000000000e+06
7.945967000000000000e+06
5.911878000000000000e+06
7.382989000000000000e+06
8.799212000000000000e+06
7.154087000000000000e+06
5.812331000000000000e+06
3.689293000000000000e+06
1.056721400000000000e+07
1.060812400000000000e+07
8.048043000000000000e+06
6.830299000000000000e+06
6.275054000000000000e+06
5.251954000000000000e+06
3.937907000000000000e+06
6.034505000000000000e+06
7.066773000000000000e+06
7.593877000000000000e+06
7.625580000000000000e+06
6.411071000000000000e+06
9.784175000000000000e+06
3.155059000000000000e+06
3.049287000000000000e+06
4.030819000000000000e+06
6.575495000000000000e+06
4.914885000000000000e+06
3.973788000000000000e+06
6.260678000000000000e+06
3.274815000000000000e+06
3.636564000000000000e+06
3.520594000000000000e+06
3.102663000000000000e+06
9.877657000000000000e+06
8.454420000000000000e+06
7.920718000000000000e+06
6.015528000000000000e+06
4.498078000000000000e+06
3.269460000000000000e+06
5.433686000000000000e+06
3.680821000000000000e+06
3.779922000000000000e+06
3.047235000000000000e+06
5.150285000000000000e+06
6.436233000000000000e+06
1.058969800000000000e+07
4.083170000000000000e+06
4.125522000000000000e+06
5.081053000000000000e+06
6.410297000000000000e+06
5.761065000000000000e+06
9.088312000000000000e+06
7.939365000000000000e+06
6.809003000000000000e+06
5.531662000000000000e+06
4.880246000000000000e+06
5.773067000000000000e+06
9.985727000000000000e+06
5.625449000000000000e+06
5.462246000000000000e+06
6.035716000000000000e+06
4.910603000000000000e+06
4.956198000000000000e+06
7.696222000000000000e+06
5.667197000000000000e+06
5.357776000000000000e+06
4.491866000000000000e+06
5.465031000000000000e+06
5.321028000000000000e+06
1.107940300000000000e+07
6.596794000000000000e+06
5.466738000000000000e+06
6.163985000000000000e+06
4.258583000000000000e+06
3.890542000000000000e+06
4.290320000000000000e+06
4.404778000000000000e+06
2.466617000000000000e+06
2.734997000000000000e+06
2.858393000000000000e+06
2.357297000000000000e+06
9.375115000000000000e+06
4.652268000000000000e+06
1.795574000000000000e+06
1.660257000000000000e+06
2.117754000000000000e+06
3.805996000000000000e+06
1.865738000000000000e+06
2.513744000000000000e+06
1.219591000000000000e+06
7.249910000000000000e+05
1.395315000000000000e+06
2.413536000000000000e+06
8.455332000000000000e+06
2.601294000000000000e+06
2.922999000000000000e+06
1.907721000000000000e+06
4.479849000000000000e+06
4.411604000000000000e+06
2.679391000000000000e+06
2.817812000000000000e+06
5.473026000000000000e+06
4.758713000000000000e+06
4.331551000000000000e+06
3.580456000000000000e+06
9.917354000000000000e+06
5.008848000000000000e+06
4.800321000000000000e+06
4.754671000000000000e+06
5.010279000000000000e+06
6.608259000000000000e+06
5.395583000000000000e+06
5.915903000000000000e+06
6.589073000000000000e+06
5.069690000000000000e+06
4.129282000000000000e+06
4.727160000000000000e+06
1.033256100000000000e+07
7.126441000000000000e+06
3.592720000000000000e+06
2.359268000000000000e+06
3.717850000000000000e+06
4.647879000000000000e+06
3.692592000000000000e+06
2.166446000000000000e+06
3.581648000000000000e+06
4.015314000000000000e+06
2.826400000000000000e+06
3.558646000000000000e+06
8.722977000000000000e+06
2.821088000000000000e+06
4.214198000000000000e+06
4.830674000000000000e+06
3.915256000000000000e+06
2.645877000000000000e+06
3.407015000000000000e+06
3.768280000000000000e+06
3.035678000000000000e+06
1.012349000000000000e+06
6.824620000000000000e+05
1.603154000000000000e+06
8.993390000000000000e+06
1.831304000000000000e+06
4.987239000000000000e+06
5.837630000000000000e+06
4.744434000000000000e+06
6.081189000000000000e+06
7.402588000000000000e+06
7.789716000000000000e+06
6.260825000000000000e+06
6.070891000000000000e+06
7.334760000000000000e+06
6.782588000000000000e+06
9.931829000000000000e+06
3.899095000000000000e+06
4.305663000000000000e+06
3.501114000000000000e+06
5.880577000000000000e+06
4.625187000000000000e+06
5.041506000000000000e+06
5.272045000000000000e+06
5.430370000000000000e+06
5.071481000000000000e+06
6.627676000000000000e+06
6.792836000000000000e+06
1.285497600000000000e+07
6.415530000000000000e+06
5.245330000000000000e+06
4.450543000000000000e+06
4.792163000000000000e+06
5.726921000000000000e+06
6.878621000000000000e+06
7.162684000000000000e+06
8.297578000000000000e+06
7.067894000000000000e+06
5.883060000000000000e+06
6.682294000000000000e+06
1.367764000000000000e+07
3.665087000000000000e+06
4.398863000000000000e+06
6.632965000000000000e+06
6.314244000000000000e+06
7.656547000000000000e+06
7.486938000000000000e+06
8.145148000000000000e+06
6.831257000000000000e+06
7.567924000000000000e+06
4.757223000000000000e+06
4.677581000000000000e+06
1.316060400000000000e+07
6.371842000000000000e+06
6.320786000000000000e+06
4.886642000000000000e+06
5.989278000000000000e+06
4.958571000000000000e+06
7.074349000000000000e+06
7.948565000000000000e+06
9.252006000000000000e+06
9.946977000000000000e+06
9.595636000000000000e+06
9.956959000000000000e+06
1.428547800000000000e+07
8.724876000000000000e+06
8.731857000000000000e+06
7.126730000000000000e+06
8.620144000000000000e+06
7.238208000000000000e+06
6.545178000000000000e+06
5.358302000000000000e+06
4.447930000000000000e+06
4.927674000000000000e+06
3.322730000000000000e+06
4.244385000000000000e+06
9.709376000000000000e+06
5.798091000000000000e+06
4.532606000000000000e+06
4.649472000000000000e+06
4.843896000000000000e+06
3.947239000000000000e+06
2.788210000000000000e+06
4.265448000000000000e+06
5.835247000000000000e+06
6.449215000000000000e+06
9.733213000000000000e+06
1.193552800000000000e+07
7.677588000000000000e+06
1.351179500000000000e+07
1.198060200000000000e+07
1.042014200000000000e+07
7.851791000000000000e+06
5.998566000000000000e+06
5.707727000000000000e+06
5.934177000000000000e+06
6.517273000000000000e+06
7.384690000000000000e+06
7.242270000000000000e+06
8.355319000000000000e+06
1.190674300000000000e+07
9.784889000000000000e+06
9.292903000000000000e+06
9.062146000000000000e+06
7.800475000000000000e+06
8.407091000000000000e+06
8.542087000000000000e+06
8.172274000000000000e+06
8.604193000000000000e+06
7.745991000000000000e+06
6.127977000000000000e+06
5.073129000000000000e+06
9.935509000000000000e+06
7.334161000000000000e+06
6.567381000000000000e+06
5.829021000000000000e+06
5.502003000000000000e+06
5.600377000000000000e+06
3.696978000000000000e+06
3.508605000000000000e+06
3.536208000000000000e+06
3.009149000000000000e+06
3.897154000000000000e+06
5.339289000000000000e+06
8.801736000000000000e+06
3.190681000000000000e+06
2.698548000000000000e+06
2.041851000000000000e+06
2.786308000000000000e+06
2.191397000000000000e+06
3.113462000000000000e+06
3.973130000000000000e+06
2.856716000000000000e+06
4.595850000000000000e+06
5.935148000000000000e+06
8.311740000000000000e+06
1.410020700000000000e+07
1.332152000000000000e+07
7.526439000000000000e+06
8.870088000000000000e+06
6.403073000000000000e+06
5.817490000000000000e+06
4.833936000000000000e+06
5.292113000000000000e+06
4.598649000000000000e+06
4.523595000000000000e+06
4.602872000000000000e+06
4.682540000000000000e+06
8.958702000000000000e+06
4.116572000000000000e+06
5.663438000000000000e+06
5.489620000000000000e+06
8.283259000000000000e+06
8.121093000000000000e+06
8.538215000000000000e+06
1.028794800000000000e+07
9.611469000000000000e+06
8.106688000000000000e+06
6.547871000000000000e+06
3.655141000000000000e+06
9.265775000000000000e+06
8.181998000000000000e+06
5.873596000000000000e+06
4.882438000000000000e+06
3.970246000000000000e+06
3.643302000000000000e+06
4.953885000000000000e+06
5.708413000000000000e+06
5.804541000000000000e+06
4.215046000000000000e+06
2.143970000000000000e+06
2.240737000000000000e+06
8.676857000000000000e+06
4.264260000000000000e+06
3.982079000000000000e+06
5.293933000000000000e+06
4.189391000000000000e+06
3.970825000000000000e+06
4.636345000000000000e+06
4.102224000000000000e+06
2.698907000000000000e+06
3.955105000000000000e+06
4.276384000000000000e+06
2.693672000000000000e+06
8.338621000000000000e+06
3.920548000000000000e+06
5.089439000000000000e+06
3.255833000000000000e+06
2.798861000000000000e+06
3.947204000000000000e+06
3.829912000000000000e+06
4.876638000000000000e+06
3.441930000000000000e+06
4.054906000000000000e+06
5.928450000000000000e+06
7.447660000000000000e+06
1.223566900000000000e+07
7.876161000000000000e+06
7.335161000000000000e+06
7.870415000000000000e+06
8.027227000000000000e+06
8.347404000000000000e+06
8.543835000000000000e+06
8.217949000000000000e+06
8.546033000000000000e+06
8.663158000000000000e+06
1.158043200000000000e+07
1.070615400000000000e+07
1.298035100000000000e+07
1.010332900000000000e+07
8.347647000000000000e+06
7.373224000000000000e+06
7.742743000000000000e+06
5.803098000000000000e+06
3.922303000000000000e+06
5.311917000000000000e+06
4.778613000000000000e+06
4.792300000000000000e+06
4.364676000000000000e+06
6.862695000000000000e+06
1.093965500000000000e+07
7.787062000000000000e+06
7.689550000000000000e+06
5.662788000000000000e+06
7.968358000000000000e+06
7.967422000000000000e+06
8.622827000000000000e+06
1.015491400000000000e+07
8.327981000000000000e+06
4.765737000000000000e+06
4.316796000000000000e+06
3.893579000000000000e+06
9.190521000000000000e+06
3.408121000000000000e+06
4.041082000000000000e+06
2.041439000000000000e+06
4.223601000000000000e+06
3.778456000000000000e+06
4.322380000000000000e+06
2.273328000000000000e+06
3.230771000000000000e+06
4.231007000000000000e+06
3.925363000000000000e+06
1.857414000000000000e+06
9.055274000000000000e+06
4.237924000000000000e+06
1.919394000000000000e+06
2.469812000000000000e+06
2.124893000000000000e+06
2.275930000000000000e+06
2.632139000000000000e+06
3.256574000000000000e+06
3.647610000000000000e+06
3.392326000000000000e+06
2.722219000000000000e+06
2.702272000000000000e+06
9.005068000000000000e+06
4.208546000000000000e+06
5.011360000000000000e+06
4.222038000000000000e+06
5.877036000000000000e+06
4.586002000000000000e+06
4.517892000000000000e+06
4.854187000000000000e+06
4.473266000000000000e+06
6.967205000000000000e+06
6.910359000000000000e+06
7.682958000000000000e+06
1.128039500000000000e+07
7.971063000000000000e+06
7.766226000000000000e+06
7.200672000000000000e+06
7.920453000000000000e+06
1.258356500000000000e+07
1.209390600000000000e+07
9.094008000000000000e+06
6.978169000000000000e+06
8.361708000000000000e+06
7.123079000000000000e+06
7.250536000000000000e+06
1.038730900000000000e+07
4.622700000000000000e+06
4.756194000000000000e+06
7.576003000000000000e+06
7.323695000000000000e+06
7.549020000000000000e+06
7.887914000000000000e+06
6.312936000000000000e+06
9.149562000000000000e+06
8.811159000000000000e+06
7.190129000000000000e+06
7.799774000000000000e+06
1.145718700000000000e+07
4.835311000000000000e+06
4.993710000000000000e+06
5.516973000000000000e+06
4.336061000000000000e+06
3.143974000000000000e+06
2.438889000000000000e+06
2.378741000000000000e+06
4.955604000000000000e+06
3.603604000000000000e+06
3.104129000000000000e+06
2.778758000000000000e+06
9.169364000000000000e+06
3.293327000000000000e+06
5.203616000000000000e+06
3.355236000000000000e+06
5.603075000000000000e+06
6.563359000000000000e+06
9.236755000000000000e+06
1.007029200000000000e+07
9.872479000000000000e+06
8.901016000000000000e+06
1.376782000000000000e+07
1.170260700000000000e+07
1.542769000000000000e+07
1.558350100000000000e+07
1.350911000000000000e+07
1.293758500000000000e+07
1.046555800000000000e+07
1.230948700000000000e+07
1.088756200000000000e+07
9.894863000000000000e+06
6.921029000000000000e+06
6.928906000000000000e+06
3.026421000000000000e+06
5.166323000000000000e+06
1.037663700000000000e+07
5.072148000000000000e+06
5.163920000000000000e+06
5.669529000000000000e+06
4.918012000000000000e+06
4.279025000000000000e+06
2.951230000000000000e+06
4.775181000000000000e+06
4.956907000000000000e+06
6.115133000000000000e+06
8.010000000000000000e+06
1.032133600000000000e+07
1.205835000000000000e+07
9.173663000000000000e+06
9.810466000000000000e+06
9.505622000000000000e+06
7.216684000000000000e+06
6.955006000000000000e+06
5.816710000000000000e+06
6.222232000000000000e+06
8.587610000000000000e+06
1.008024300000000000e+07
1.005742900000000000e+07
8.427561000000000000e+06
1.121043700000000000e+07
8.007641000000000000e+06
6.343902000000000000e+06
5.630188000000000000e+06
4.215513000000000000e+06
4.535403000000000000e+06
7.296315000000000000e+06
3.633117000000000000e+06
5.767979000000000000e+06
5.543841000000000000e+06
3.806753000000000000e+06
2.797600000000000000e+06
9.621439000000000000e+06
4.225016000000000000e+06
6.652523000000000000e+06
4.048392000000000000e+06
4.273021000000000000e+06
3.850625000000000000e+06
6.190198000000000000e+06
6.548613000000000000e+06
5.959856000000000000e+06
6.041734000000000000e+06
5.038617000000000000e+06
8.404960000000000000e+06
1.183113600000000000e+07
8.394766000000000000e+06
9.224308000000000000e+06
8.717160000000000000e+06
6.793938000000000000e+06
8.445364000000000000e+06
5.544988000000000000e+06
5.852014000000000000e+06
6.029126000000000000e+06
4.312687000000000000e+06
5.413221000000000000e+06
4.772862000000000000e+06
1.198752500000000000e+07
8.273641000000000000e+06
6.042986000000000000e+06
7.953314000000000000e+06
7.727926000000000000e+06
6.368139000000000000e+06
5.295421000000000000e+06
5.738710000000000000e+06
6.134438000000000000e+06
5.048220000000000000e+06
3.841818000000000000e+06
4.817137000000000000e+06
9.458975000000000000e+06
5.090088000000000000e+06
5.096402000000000000e+06
3.332151000000000000e+06
3.499959000000000000e+06
5.397186000000000000e+06
3.600842000000000000e+06
3.535292000000000000e+06
5.801116000000000000e+06
4.524355000000000000e+06
3.091084000000000000e+06
2.138383000000000000e+06
7.918656000000000000e+06
1.383292000000000000e+06
3.894821000000000000e+06
3.571218000000000000e+06
4.195809000000000000e+06
4.083280000000000000e+06
5.020225000000000000e+06
6.418630000000000000e+06
4.751178000000000000e+06
4.069673000000000000e+06
3.488330000000000000e+06
2.405877000000000000e+06
8.302551000000000000e+06
1.939700000000000000e+06
2.995997000000000000e+06
2.961539000000000000e+06
2.014021000000000000e+06
2.209327000000000000e+06
2.757767000000000000e+06
3.107091000000000000e+06
3.580169000000000000e+06
8.396170000000000000e+05
1.151582000000000000e+06
2.027347000000000000e+06
7.648173000000000000e+06
1.686268000000000000e+06
2.417998000000000000e+06
2.067822000000000000e+06
2.561348000000000000e+06
2.254857000000000000e+06
1.475379000000000000e+06
2.349338000000000000e+06
1.833547000000000000e+06
2.149970000000000000e+06
3.173544000000000000e+06
3.060730000000000000e+06
1.014190800000000000e+07
6.140607000000000000e+06
9.183802000000000000e+06
9.623134000000000000e+06
8.048968000000000000e+06
7.542685000000000000e+06
7.127924000000000000e+06
8.688915000000000000e+06
8.713081000000000000e+06
9.998425000000000000e+06
1.080197700000000000e+07
9.110534000000000000e+06
1.409510900000000000e+07
1.260248900000000000e+07
1.050348100000000000e+07
1.033012900000000000e+07
8.359659000000000000e+06
7.700472000000000000e+06
5.328319000000000000e+06
5.120515000000000000e+06
3.794629000000000000e+06
5.767638000000000000e+06
3.814446000000000000e+06
5.946983000000000000e+06
1.284392300000000000e+07
9.804657000000000000e+06
5.520925000000000000e+06
4.668300000000000000e+06
5.797062000000000000e+06
5.115392000000000000e+06
4.376178000000000000e+06
3.908213000000000000e+06
4.147943000000000000e+06
5.500858000000000000e+06
6.861214000000000000e+06
8.937078000000000000e+06
1.342868000000000000e+07
1.156368700000000000e+07
8.841893000000000000e+06
7.816142000000000000e+06
5.626299000000000000e+06
9.402672000000000000e+06
1.201979300000000000e+07
8.617549000000000000e+06
8.711271000000000000e+06
6.726103000000000000e+06
8.123086000000000000e+06
6.421219000000000000e+06
1.073322100000000000e+07
6.143497000000000000e+06
9.550882000000000000e+06
5.984324000000000000e+06
5.001804000000000000e+06
2.989733000000000000e+06
4.739043000000000000e+06
3.462724000000000000e+06
2.599610000000000000e+06
3.766370000000000000e+06
6.059000000000000000e+06
4.397204000000000000e+06
9.890918000000000000e+06
5.643650000000000000e+06
6.692103000000000000e+06
4.824771000000000000e+06
3.985562000000000000e+06
7.613748000000000000e+06
6.115672000000000000e+06
3.902812000000000000e+06
6.377376000000000000e+06
6.711722000000000000e+06
5.387510000000000000e+06
5.195948000000000000e+06
1.235296200000000000e+07
8.848712000000000000e+06
5.474291000000000000e+06
5.961170000000000000e+06
4.673130000000000000e+06
4.666044000000000000e+06
5.495097000000000000e+06
5.789401000000000000e+06
4.839837000000000000e+06
2.550681000000000000e+06
3.972727000000000000e+06
5.105471000000000000e+06
1.090368900000000000e+07
8.597479000000000000e+06
9.047790000000000000e+06
1.024613400000000000e+07
1.152614700000000000e+07
1.082496100000000000e+07
8.400778000000000000e+06
7.472430000000000000e+06
8.095853000000000000e+06
7.200461000000000000e+06
7.880244000000000000e+06
7.767950000000000000e+06
1.245533000000000000e+07
1.153750900000000000e+07
1.010803100000000000e+07
7.037815000000000000e+06
1.136028600000000000e+07
1.241636600000000000e+07
1.083847600000000000e+07
1.275821400000000000e+07
1.152022500000000000e+07
9.270546000000000000e+06
1.019110300000000000e+07
1.022661600000000000e+07
1.539173300000000000e+07
1.234679800000000000e+07
8.481439000000000000e+06
8.076882000000000000e+06
9.150051000000000000e+06
7.668140000000000000e+06
5.486153000000000000e+06
3.959996000000000000e+06
4.591805000000000000e+06
4.434901000000000000e+06
4.568790000000000000e+06
2.872988000000000000e+06
9.257553000000000000e+06
1.940480000000000000e+06
4.248808000000000000e+06
5.211336000000000000e+06
2.781704000000000000e+06
4.268479000000000000e+06
6.950482000000000000e+06
8.346528000000000000e+06
7.881044000000000000e+06
7.442248000000000000e+06
1.141770000000000000e+07
1.567869500000000000e+07
1.783174500000000000e+07
1.334032700000000000e+07
1.451366300000000000e+07
1.168580800000000000e+07
1.149255600000000000e+07
1.119187500000000000e+07
1.013378900000000000e+07
5.997672000000000000e+06
1.070848400000000000e+07
4.055980000000000000e+06
4.055145000000000000e+06
6.047399000000000000e+06
1.036393400000000000e+07
6.865870000000000000e+06
7.422910000000000000e+06
7.582658000000000000e+06
7.371891000000000000e+06
9.274882000000000000e+06
9.311601000000000000e+06
8.246323000000000000e+06
6.368715000000000000e+06
7.235160000000000000e+06
5.776367000000000000e+06
3.395323000000000000e+06
1.066067100000000000e+07
4.560303000000000000e+06
4.323852000000000000e+06
5.465537000000000000e+06
3.303505000000000000e+06
2.803237000000000000e+06
2.252605000000000000e+06
1.985805000000000000e+06
3.147026000000000000e+06
2.736806000000000000e+06
7.152783000000000000e+06
7.946261000000000000e+06
1.424238500000000000e+07
1.349438000000000000e+07
1.575775200000000000e+07
1.561280200000000000e+07
1.417549500000000000e+07
1.199862500000000000e+07
1.095361400000000000e+07
1.269833100000000000e+07
1.153593600000000000e+07
1.021345800000000000e+07
9.015384000000000000e+06
7.949719000000000000e+06
1.113098000000000000e+07
6.764803000000000000e+06
6.996557000000000000e+06
5.474654000000000000e+06
6.929449000000000000e+06
7.382386000000000000e+06
7.114785000000000000e+06
6.536110000000000000e+06
7.111385000000000000e+06
7.453681000000000000e+06
8.370652000000000000e+06
9.181643000000000000e+06
1.348728200000000000e+07
1.385951800000000000e+07
1.808132900000000000e+07
2.047918400000000000e+07
1.752115100000000000e+07
1.623511400000000000e+07
1.892800000000000000e+07
1.887715800000000000e+07
1.892003200000000000e+07
2.348632500000000000e+07
2.603918800000000000e+07
3.140286300000000000e+07
3.771953500000000000e+07
4.097151700000000000e+07
3.912934300000000000e+07
3.680126700000000000e+07
3.196781800000000000e+07
3.353212600000000000e+07
3.173289400000000000e+07
2.948921900000000000e+07
2.155679700000000000e+07
2.147158500000000000e+07
2.382848900000000000e+07
2.400897500000000000e+07
1.951188900000000000e+07
1.348722600000000000e+07
1.166140200000000000e+07
1.567414900000000000e+07
6.961104000000000000e+06
7.616591000000000000e+06
4.676852000000000000e+06
9.234114000000000000e+06
4.132611000000000000e+06
5.498865000000000000e+06
3.829032000000000000e+06
1.735814000000000000e+06
7.869296000000000000e+06
5.587227000000000000e+06
7.374932000000000000e+06
3.641851000000000000e+06
6.727581000000000000e+06
7.123802000000000000e+06
5.826779000000000000e+06
4.266271000000000000e+06
3.105031000000000000e+06
5.339219000000000000e+06
7.760274000000000000e+06
5.200025000000000000e+06
8.357925000000000000e+06
4.455972000000000000e+06
4.496459000000000000e+06
5.420913000000000000e+06
6.087817000000000000e+06
7.457226000000000000e+06
9.679189000000000000e+06
1.348395100000000000e+07
2.373781600000000000e+07
3.025206400000000000e+07
3.600187800000000000e+07
3.827435500000000000e+07
4.251246900000000000e+07
4.977981300000000000e+07
4.312786900000000000e+07
4.884785800000000000e+07
5.343346700000000000e+07
3.437437200000000000e+07
3.898905500000000000e+07
3.427548000000000000e+07
3.039996400000000000e+07
3.241036200000000000e+07
3.566729300000000000e+07
2.671168500000000000e+07
1.956993700000000000e+07
1.585696600000000000e+07
2.804892900000000000e+07
2.556179500000000000e+07
2.738956100000000000e+07
2.518459300000000000e+07
2.351868300000000000e+07
2.647517200000000000e+07
2.623597800000000000e+07
2.542438600000000000e+07
2.377624100000000000e+07
2.304722900000000000e+07
2.340929700000000000e+07
2.002141200000000000e+07
1.915633400000000000e+07
2.068106600000000000e+07
1.719678700000000000e+07
1.513775000000000000e+07
1.311765300000000000e+07
1.436862900000000000e+07
1.479741700000000000e+07
1.705600400000000000e+07
1.405350800000000000e+07
1.024575700000000000e+07
1.228910900000000000e+07
8.764636000000000000e+06
3.996937000000000000e+06
3.836309000000000000e+06
4.028186000000000000e+06
6.023749000000000000e+06
8.451549000000000000e+06
9.215122000000000000e+06
9.067945000000000000e+06
7.674570000000000000e+06
8.314648000000000000e+06
7.883751000000000000e+06
1.367850100000000000e+07
8.844392000000000000e+06
1.003747000000000000e+07
3.142210000000000000e+06
4.778812000000000000e+06
6.808602000000000000e+06
6.251209000000000000e+06
5.645663000000000000e+06
4.117463000000000000e+06
3.577768000000000000e+06
2.008174000000000000e+06
1.050633000000000000e+06
1.066080500000000000e+07
1.840272000000000000e+06
8.602294000000000000e+06
1.125792200000000000e+07
9.994579000000000000e+06
8.820219000000000000e+06
1.132006500000000000e+07
1.069922600000000000e+07
1.212692100000000000e+07
1.187268500000000000e+07
6.843918000000000000e+06
3.621768000000000000e+06
1.186866600000000000e+07
5.645992000000000000e+06
2.931976000000000000e+06
2.868446000000000000e+06
3.691841000000000000e+06
2.571027000000000000e+06
6.919542000000000000e+06
6.950043000000000000e+06
3.072870000000000000e+06
3.798560000000000000e+06
3.051713000000000000e+06
1.945780000000000000e+06
1.229902700000000000e+07
1.325104800000000000e+07
8.259338000000000000e+06
7.109502000000000000e+06
1.329108100000000000e+07
1.675922700000000000e+07
1.985095200000000000e+07
1.949560000000000000e+07
1.783006700000000000e+07
1.522038500000000000e+07
9.012985000000000000e+06
4.205758000000000000e+06
1.213927200000000000e+07
1.053252400000000000e+07
1.073890600000000000e+07
1.062835800000000000e+07
3.785426000000000000e+06
9.671707000000000000e+06
1.159612800000000000e+07
1.353326900000000000e+07
1.305272700000000000e+07
1.683164400000000000e+07
1.669018100000000000e+07
1.216775600000000000e+07
1.612826000000000000e+07
1.568199800000000000e+07
1.637798100000000000e+07
1.756997500000000000e+07
1.903226100000000000e+07
1.913932900000000000e+07
1.573001400000000000e+07
1.177242000000000000e+07
9.610796000000000000e+06
9.690515000000000000e+06
5.660467000000000000e+06
5.724806000000000000e+06
1.351289800000000000e+07
9.927673000000000000e+06
4.664186000000000000e+06
6.705279000000000000e+06
5.689860000000000000e+06
4.494683000000000000e+06
5.329177000000000000e+06
3.907522000000000000e+06
5.744314000000000000e+06
4.767099000000000000e+06
4.294421000000000000e+06
4.819510000000000000e+06
1.279850300000000000e+07
9.515281000000000000e+06
6.768690000000000000e+06
7.563195000000000000e+06
6.253361000000000000e+06
3.331997000000000000e+06
3.076573000000000000e+06
5.918693000000000000e+06
1.793246000000000000e+06
4.486690000000000000e+06
3.191025000000000000e+06
2.271773000000000000e+06
1.078075100000000000e+07
3.258155000000000000e+06
3.631677000000000000e+06
3.277807000000000000e+06
4.927853000000000000e+06
2.116337000000000000e+06
3.140477000000000000e+06
4.475210000000000000e+06
3.445297000000000000e+06
5.029946000000000000e+06
4.377114000000000000e+06
5.688233000000000000e+06
1.275499600000000000e+07
7.844915000000000000e+06
1.278434400000000000e+07
1.584649700000000000e+07
1.157619300000000000e+07
1.672406200000000000e+07
8.665788000000000000e+06
1.400811400000000000e+07
7.147187000000000000e+06
9.869077000000000000e+06
7.835434000000000000e+06
1.172614800000000000e+07
1.512178700000000000e+07
1.396317500000000000e+07
9.094549000000000000e+06
1.235717100000000000e+07
1.390755700000000000e+07
1.519392200000000000e+07
1.787401900000000000e+07
1.969516500000000000e+07
1.713607900000000000e+07
1.558829100000000000e+07
1.529410100000000000e+07
7.004952000000000000e+06
1.319955400000000000e+07
1.771162000000000000e+07
1.619666700000000000e+07
8.847684000000000000e+06
8.643171000000000000e+06
6.729018000000000000e+06
1.021659300000000000e+07
8.779448000000000000e+06
8.441807000000000000e+06
7.116527000000000000e+06
5.559578000000000000e+06
7.301078000000000000e+06
1.226206300000000000e+07
6.620841000000000000e+06
6.443284000000000000e+06
6.436498000000000000e+06
8.246070000000000000e+06
1.012336800000000000e+07
1.207815200000000000e+07
1.012287200000000000e+07
1.573198800000000000e+07
1.939967700000000000e+07
1.984762000000000000e+07
1.514035500000000000e+07
1.638592600000000000e+07
1.153005100000000000e+07
1.347968400000000000e+07
1.073181600000000000e+07
1.151934200000000000e+07
1.021293200000000000e+07
8.238767000000000000e+06
5.179033000000000000e+06
4.713104000000000000e+06
4.758699000000000000e+06
6.597535000000000000e+06
5.877413000000000000e+06
1.226927200000000000e+07
7.604270000000000000e+06
6.637869000000000000e+06
5.143706000000000000e+06
7.675652000000000000e+06
4.808594000000000000e+06
4.170826000000000000e+06
6.587847000000000000e+06
8.087782000000000000e+06
7.017309000000000000e+06
6.540204000000000000e+06
4.591801000000000000e+06
1.423468100000000000e+07
1.106059900000000000e+07
4.416737000000000000e+06
7.630954000000000000e+06
1.113734500000000000e+07
7.684172000000000000e+06
7.587099000000000000e+06
6.631879000000000000e+06
7.593912000000000000e+06
7.270087000000000000e+06
1.148562900000000000e+07
9.441319000000000000e+06
1.459743300000000000e+07
8.051076000000000000e+06
7.752788000000000000e+06
1.237575900000000000e+07
1.012155900000000000e+07
8.324013000000000000e+06
8.259216000000000000e+06
5.542064000000000000e+06
6.161254000000000000e+06
6.182137000000000000e+06
5.611044000000000000e+06
8.541711000000000000e+06
1.247124500000000000e+07
5.313994000000000000e+06
9.284194000000000000e+06
6.276036000000000000e+06
5.021846000000000000e+06
5.743557000000000000e+06
7.354536000000000000e+06
8.658728000000000000e+06
8.724614000000000000e+06
4.951243000000000000e+06
3.852502000000000000e+06
6.467827000000000000e+06
1.211561400000000000e+07
7.678493000000000000e+06
4.349236000000000000e+06
3.264784000000000000e+06
5.623889000000000000e+06
5.678619000000000000e+06
5.153391000000000000e+06
6.661877000000000000e+06
5.902349000000000000e+06
6.419127000000000000e+06
5.005259000000000000e+06
7.464388000000000000e+06
1.456447700000000000e+07
8.405392000000000000e+06
1.062038900000000000e+07
1.236846300000000000e+07
1.099445100000000000e+07
7.198094000000000000e+06
9.271655000000000000e+06
7.802071000000000000e+06
6.691805000000000000e+06
3.378626000000000000e+06
9.777556000000000000e+06
7.141607000000000000e+06
1.336119300000000000e+07
6.706933000000000000e+06
2.830503000000000000e+06
7.310867000000000000e+06
6.782111000000000000e+06
3.226656000000000000e+06
3.128429000000000000e+06
2.482132000000000000e+06
4.461434000000000000e+06
5.850086000000000000e+06
3.363180000000000000e+06
3.907709000000000000e+06
1.190542800000000000e+07
2.393745000000000000e+06
3.506540000000000000e+06
4.888905000000000000e+06
1.753192000000000000e+06
3.951533000000000000e+06
2.938820000000000000e+06
1.619313000000000000e+06
1.888359000000000000e+06
3.448401000000000000e+06
3.663507000000000000e+06
5.425609000000000000e+06
1.341935300000000000e+07
6.837493000000000000e+06
1.019984800000000000e+07
8.502447000000000000e+06
1.012157500000000000e+07
8.622182000000000000e+06
1.031984700000000000e+07
9.616479000000000000e+06
5.856554000000000000e+06
5.342418000000000000e+06
6.240520000000000000e+06
6.233499000000000000e+06
1.313512900000000000e+07
8.914371000000000000e+06
8.420254000000000000e+06
1.134785200000000000e+07
1.190215100000000000e+07
9.944552000000000000e+06
1.419656500000000000e+07
1.248100100000000000e+07
1.331898800000000000e+07
1.187963100000000000e+07
8.358950000000000000e+06
1.139580700000000000e+07
1.477345100000000000e+07
8.852960000000000000e+06
7.941937000000000000e+06
5.792581000000000000e+06
5.137344000000000000e+06
3.219721000000000000e+06
3.207485000000000000e+06
3.754239000000000000e+06
9.649332000000000000e+06
7.505952000000000000e+06
5.188769000000000000e+06
2.505045000000000000e+06
1.122843600000000000e+07
6.081457000000000000e+06
4.394694000000000000e+06
3.880043000000000000e+06
2.769964000000000000e+06
3.086188000000000000e+06
6.596385000000000000e+06
4.923149000000000000e+06
5.046715000000000000e+06
4.893441000000000000e+06
3.424485000000000000e+06
2.404189000000000000e+06
1.074684100000000000e+07
6.014474000000000000e+06
4.358427000000000000e+06
3.793816000000000000e+06
2.042154000000000000e+06
6.318428000000000000e+06
3.661108000000000000e+06
3.586936000000000000e+06
3.946172000000000000e+06
6.002223000000000000e+06
8.245764000000000000e+06
8.950577000000000000e+06
1.516486700000000000e+07
1.146789500000000000e+07
1.486545300000000000e+07
1.568325200000000000e+07
1.511296600000000000e+07
9.715404000000000000e+06
1.583887200000000000e+07
1.131940700000000000e+07
7.544922000000000000e+06
8.514954000000000000e+06
6.058672000000000000e+06
1.088120000000000000e+07
1.337748000000000000e+07
7.628295000000000000e+06
5.390447000000000000e+06
5.497574000000000000e+06
6.457087000000000000e+06
3.990810000000000000e+05
7.659422000000000000e+06
8.846969000000000000e+06
1.264248600000000000e+07
1.036966600000000000e+07
1.204941700000000000e+07
1.286032100000000000e+07
1.413944200000000000e+07
8.600859000000000000e+06
7.578246000000000000e+06
6.828440000000000000e+06
4.022392000000000000e+06
5.764038000000000000e+06
2.754619000000000000e+06
3.792718000000000000e+06
8.680697000000000000e+06
6.096312000000000000e+06
4.378999000000000000e+06
5.721795000000000000e+06
1.315359700000000000e+07
9.946058000000000000e+06
7.294955000000000000e+06
5.865854000000000000e+06
7.742208000000000000e+06
3.661089000000000000e+06
3.917465000000000000e+06
8.830608000000000000e+06
3.951677000000000000e+06
4.459046000000000000e+06
3.821116000000000000e+06
7.455323000000000000e+06
1.332211200000000000e+07
7.585848000000000000e+06
7.774403000000000000e+06
7.411749000000000000e+06
1.250611300000000000e+07
1.472296700000000000e+07
1.562178100000000000e+07
1.555878800000000000e+07
1.364583400000000000e+07
1.163185900000000000e+07
7.865164000000000000e+06
5.888361000000000000e+06
1.316065900000000000e+07
6.978439000000000000e+06
4.482416000000000000e+06
8.335454000000000000e+06
2.834514000000000000e+06
2.817698000000000000e+06
7.582530000000000000e+06
8.393724000000000000e+06
7.434630000000000000e+06
7.506062000000000000e+06
6.405843000000000000e+06
1.033468300000000000e+07
1.506022900000000000e+07
9.404374000000000000e+06
7.167994000000000000e+06
6.644460000000000000e+06
2.850431000000000000e+06
1.862624000000000000e+06
2.009548000000000000e+06
5.347763000000000000e+06
2.795127000000000000e+06
2.110809000000000000e+06
3.350514000000000000e+06
3.395740000000000000e+06
1.175135400000000000e+07
3.180244000000000000e+06
3.785078000000000000e+06
6.577028000000000000e+06
4.717626000000000000e+06
1.626955000000000000e+06
2.288706000000000000e+06
5.384961000000000000e+06
2.529330000000000000e+06
1.976269000000000000e+06
2.216166000000000000e+06
5.011301000000000000e+06
1.201112000000000000e+07
3.821368000000000000e+06
7.722361000000000000e+06
5.082523000000000000e+06
5.483586000000000000e+06
4.723634000000000000e+06
4.456033000000000000e+06
3.852177000000000000e+06
3.677957000000000000e+06
2.885052000000000000e+06
2.913821000000000000e+06
2.233762000000000000e+06
1.156940300000000000e+07
3.916537000000000000e+06
3.954448000000000000e+06
4.157398000000000000e+06
5.846737000000000000e+06
6.927509000000000000e+06
4.063073000000000000e+06
3.538343000000000000e+06
1.614334000000000000e+06
6.082288000000000000e+06
3.506292000000000000e+06
2.871599000000000000e+06
1.183279500000000000e+07
4.788331000000000000e+06
4.200393000000000000e+06
6.916505000000000000e+06
8.610534000000000000e+06
4.254594000000000000e+06
8.158003000000000000e+06
6.164765000000000000e+06
3.779051000000000000e+06
1.464218000000000000e+06
4.938899000000000000e+06
3.010465000000000000e+06
1.147215500000000000e+07
4.909022000000000000e+06
5.188299000000000000e+06
2.232769000000000000e+06
1.727588000000000000e+06
5.942765000000000000e+06
5.183271000000000000e+06
3.474494000000000000e+06
3.532718000000000000e+06
5.971544000000000000e+06
4.685473000000000000e+06
4.783960000000000000e+06
1.137047600000000000e+07
3.228221000000000000e+06
2.825672000000000000e+06
4.069038000000000000e+06
3.223169000000000000e+06
2.233708000000000000e+06
4.953482000000000000e+06
2.609611000000000000e+06
2.581310000000000000e+06
3.218809000000000000e+06
5.225164000000000000e+06
4.280985000000000000e+06
1.190773500000000000e+07
3.912249000000000000e+06
5.670617000000000000e+06
4.429415000000000000e+06
3.487389000000000000e+06
2.890323000000000000e+06
5.978789000000000000e+06
3.222200000000000000e+06
3.254531000000000000e+06
2.125175000000000000e+06
2.523561000000000000e+06
2.253949000000000000e+06
1.123787300000000000e+07
3.484143000000000000e+06
1.839104000000000000e+06
6.206939000000000000e+06
2.600992000000000000e+06
3.177354000000000000e+06
2.127302000000000000e+06
1.810521000000000000e+06
1.120916000000000000e+06
2.334176000000000000e+06
1.435941000000000000e+06
2.677725000000000000e+06
1.201227100000000000e+07
4.634030000000000000e+06
6.223551000000000000e+06
5.845930000000000000e+06
2.853140000000000000e+06
4.606257000000000000e+06
3.989000000000000000e+06
6.087783000000000000e+06
3.851124000000000000e+06
3.833052000000000000e+06
3.902653000000000000e+06
4.232039000000000000e+06
1.116904500000000000e+07
3.550247000000000000e+06
1.994268000000000000e+06
4.823122000000000000e+06
2.578202000000000000e+06
1.280320000000000000e+06
3.749284000000000000e+06
2.313718000000000000e+06
2.319140000000000000e+06
4.949627000000000000e+06
1.947791000000000000e+06
3.149764000000000000e+06
1.054944800000000000e+07
3.722001000000000000e+06
1.794217000000000000e+06
4.049906000000000000e+06
2.784830000000000000e+06
2.027515000000000000e+06
2.379645000000000000e+06
3.479462000000000000e+06
3.430002000000000000e+06
4.113900000000000000e+06
1.997400000000000000e+06
3.757003000000000000e+06
1.120353600000000000e+07
3.147286000000000000e+06
1.434349000000000000e+06
2.499267000000000000e+06
3.052869000000000000e+06
1.608461000000000000e+06
2.161712000000000000e+06
2.692739000000000000e+06
1.822360000000000000e+06
2.365117000000000000e+06
2.688806000000000000e+06
2.259610000000000000e+06
1.082531500000000000e+07
5.954529000000000000e+06
4.204635000000000000e+06
2.692847000000000000e+06
4.417508000000000000e+06
1.693099000000000000e+06
3.334737000000000000e+06
3.215382000000000000e+06
4.432766000000000000e+06
3.963134000000000000e+06
3.838730000000000000e+06
2.408158000000000000e+06
1.148187200000000000e+07
3.899755000000000000e+06
3.915276000000000000e+06
3.026137000000000000e+06
3.817009000000000000e+06
1.972136000000000000e+06
2.234753000000000000e+06
1.843726000000000000e+06
2.634583000000000000e+06
2.254846000000000000e+06
1.880877000000000000e+06
2.906959000000000000e+06
1.057143000000000000e+07
5.295032000000000000e+06
2.697874000000000000e+06
1.383147000000000000e+06
1.618895000000000000e+06
3.507432000000000000e+06
2.234193000000000000e+06
1.982596000000000000e+06
3.290474000000000000e+06
2.253033000000000000e+06
1.430481000000000000e+06
1.051401000000000000e+06
1.115739200000000000e+07
2.332919000000000000e+06
1.453773000000000000e+06
2.675771000000000000e+06
1.207862300000000000e+07
1.286824300000000000e+07
1.101750400000000000e+07
1.215839800000000000e+07
1.100774700000000000e+07
8.641073000000000000e+06
4.801321000000000000e+06
7.174860000000000000e+05
4.211729000000000000e+06
4.315100000000000000e+04
6.357000000000000000e+03
0.000000000000000000e+00
0.000000000000000000e+00
0.000000000000000000e+00
0.000000000000000000e+00
0.000000000000000000e+00
0.000000000000000000e+00
0.000000000000000000e+00
0.000000000000000000e+00
0.000000000000000000e+00
7.647620000000000000e+05
4.883100000000000000e+04
1.707300000000000000e+04
0.000000000000000000e+00
0.000000000000000000e+00
0.000000000000000000e+00
0.000000000000000000e+00
0.000000000000000000e+00
0.000000000000000000e+00
0.000000000000000000e+00
0.000000000000000000e+00
0.000000000000000000e+00
5.679600000000000000e+04
4.883100000000000000e+04
1.707300000000000000e+04
0.000000000000000000e+00
0.000000000000000000e+00
0.000000000000000000e+00
0.000000000000000000e+00
0.000000000000000000e+00
0.000000000000000000e+00
0.000000000000000000e+00
0.000000000000000000e+00
0.000000000000000000e+00
5.343200000000000000e+04
4.883100000000000000e+04
1.707300000000000000e+04
0.000000000000000000e+00
0.000000000000000000e+00
0.000000000000000000e+00
0.000000000000000000e+00
0.000000000000000000e+00
0.000000000000000000e+00
0.000000000000000000e+00
0.000000000000000000e+00
0.000000000000000000e+00
4.930000000000000000e+04
4.883100000000000000e+04
1.707300000000000000e+04
0.000000000000000000e+00
0.000000000000000000e+00
0.000000000000000000e+00
0.000000000000000000e+00
0.000000000000000000e+00
0.000000000000000000e+00
0.000000000000000000e+00
0.000000000000000000e+00
0.000000000000000000e+00
5.441000000000000000e+04
5.705200000000000000e+04
2.588600000000000000e+04
0.000000000000000000e+00
0.000000000000000000e+00
0.000000000000000000e+00
0.000000000000000000e+00
0.000000000000000000e+00
0.000000000000000000e+00
0.000000000000000000e+00
0.000000000000000000e+00
0.000000000000000000e+00
5.845600000000000000e+05
5.691000000000000000e+04
2.007100000000000000e+04
0.000000000000000000e+00
0.000000000000000000e+00
0.000000000000000000e+00
0.000000000000000000e+00
0.000000000000000000e+00
0.000000000000000000e+00
0.000000000000000000e+00
0.000000000000000000e+00
0.000000000000000000e+00
5.136100000000000000e+04
5.691000000000000000e+04
2.007100000000000000e+04
0.000000000000000000e+00
0.000000000000000000e+00
0.000000000000000000e+00
0.000000000000000000e+00
0.000000000000000000e+00
0.000000000000000000e+00
0.000000000000000000e+00
0.000000000000000000e+00
0.000000000000000000e+00
5.074800000000000000e+04
5.691000000000000000e+04
2.007100000000000000e+04
0.000000000000000000e+00
0.000000000000000000e+00
0.000000000000000000e+00
0.000000000000000000e+00
0.000000000000000000e+00
0.000000000000000000e+00
0.000000000000000000e+00
0.000000000000000000e+00
0.000000000000000000e+00
5.078500000000000000e+04
5.691000000000000000e+04
2.007100000000000000e+04
0.000000000000000000e+00
0.000000000000000000e+00
0.000000000000000000e+00
0.000000000000000000e+00
0.000000000000000000e+00
0.000000000000000000e+00
0.000000000000000000e+00
0.000000000000000000e+00
0.000000000000000000e+00
4.910900000000000000e+04
4.915400000000000000e+04
1.429500000000000000e+04
0.000000000000000000e+00
0.000000000000000000e+00
0.000000000000000000e+00
0.000000000000000000e+00
0.000000000000000000e+00
0.000000000000000000e+00
0.000000000000000000e+00
0.000000000000000000e+00
0.000000000000000000e+00
4.844570000000000000e+05
5.979500000000000000e+04
1.274700000000000000e+04
0.000000000000000000e+00
0.000000000000000000e+00
0.000000000000000000e+00
0.000000000000000000e+00
0.000000000000000000e+00
0.000000000000000000e+00
0.000000000000000000e+00
0.000000000000000000e+00
0.000000000000000000e+00
5.467000000000000000e+04
5.979500000000000000e+04
1.274700000000000000e+04
0.000000000000000000e+00
0.000000000000000000e+00
0.000000000000000000e+00
0.000000000000000000e+00
0.000000000000000000e+00
0.000000000000000000e+00
0.000000000000000000e+00
0.000000000000000000e+00
0.000000000000000000e+00
5.467000000000000000e+04
5.979500000000000000e+04
1.274700000000000000e+04
0.000000000000000000e+00
0.000000000000000000e+00
0.000000000000000000e+00
0.000000000000000000e+00
0.000000000000000000e+00
0.000000000000000000e+00
0.000000000000000000e+00
0.000000000000000000e+00
0.000000000000000000e+00
5.467000000000000000e+04
5.979500000000000000e+04
1.274700000000000000e+04
0.000000000000000000e+00
0.000000000000000000e+00
0.000000000000000000e+00
0.000000000000000000e+00
0.000000000000000000e+00
0.000000000000000000e+00
0.000000000000000000e+00
0.000000000000000000e+00
0.000000000000000000e+00
5.467000000000000000e+04
5.767000000000000000e+04
1.274700000000000000e+04
0.000000000000000000e+00
0.000000000000000000e+00
0.000000000000000000e+00
0.000000000000000000e+00
0.000000000000000000e+00
0.000000000000000000e+00
0.000000000000000000e+00
0.000000000000000000e+00
0.000000000000000000e+00
2.718610000000000000e+05
5.022800000000000000e+04
6.971000000000000000e+03
0.000000000000000000e+00
0.000000000000000000e+00
0.000000000000000000e+00
0.000000000000000000e+00
0.000000000000000000e+00
0.000000000000000000e+00
0.000000000000000000e+00
0.000000000000000000e+00
0.000000000000000000e+00
4.783500000000000000e+04
5.022800000000000000e+04
6.971000000000000000e+03
0.000000000000000000e+00
0.000000000000000000e+00
0.000000000000000000e+00
0.000000000000000000e+00
0.000000000000000000e+00
0.000000000000000000e+00
0.000000000000000000e+00
0.000000000000000000e+00
0.000000000000000000e+00
4.783500000000000000e+04
5.022800000000000000e+04
6.971000000000000000e+03
0.000000000000000000e+00
0.000000000000000000e+00
0.000000000000000000e+00
0.000000000000000000e+00
0.000000000000000000e+00
0.000000000000000000e+00
0.000000000000000000e+00
0.000000000000000000e+00
0.000000000000000000e+00
4.783500000000000000e+04
5.022800000000000000e+04
6.971000000000000000e+03
0.000000000000000000e+00
0.000000000000000000e+00
0.000000000000000000e+00
0.000000000000000000e+00
0.000000000000000000e+00
0.000000000000000000e+00
0.000000000000000000e+00
0.000000000000000000e+00
0.000000000000000000e+00
4.783500000000000000e+04
4.908500000000000000e+04
6.971000000000000000e+03
0.000000000000000000e+00
0.000000000000000000e+00
0.000000000000000000e+00
0.000000000000000000e+00
0.000000000000000000e+00
0.000000000000000000e+00
0.000000000000000000e+00
0.000000000000000000e+00
0.000000000000000000e+00
1.845030000000000000e+05
4.451600000000000000e+04
6.951000000000000000e+03
0.000000000000000000e+00
0.000000000000000000e+00
0.000000000000000000e+00
0.000000000000000000e+00
0.000000000000000000e+00
0.000000000000000000e+00
0.000000000000000000e+00
0.000000000000000000e+00
0.000000000000000000e+00
4.210300000000000000e+04
4.451600000000000000e+04
6.951000000000000000e+03
0.000000000000000000e+00
0.000000000000000000e+00
0.000000000000000000e+00
0.000000000000000000e+00
0.000000000000000000e+00
0.000000000000000000e+00
0.000000000000000000e+00
0.000000000000000000e+00
0.000000000000000000e+00
4.210300000000000000e+04
4.451600000000000000e+04
6.951000000000000000e+03
0.000000000000000000e+00
0.000000000000000000e+00
0.000000000000000000e+00
0.000000000000000000e+00
0.000000000000000000e+00
0.000000000000000000e+00
0.000000000000000000e+00
0.000000000000000000e+00
0.000000000000000000e+00
4.210300000000000000e+04
4.451600000000000000e+04
6.951000000000000000e+03
0.000000000000000000e+00
0.000000000000000000e+00
0.000000000000000000e+00
0.000000000000000000e+00
0.000000000000000000e+00
0.000000000000000000e+00
0.000000000000000000e+00
0.000000000000000000e+00
0.000000000000000000e+00
4.210300000000000000e+04
5.648500000000000000e+04
1.810600000000000000e+04
3.050000000000000000e+03
0.000000000000000000e+00
0.000000000000000000e+00
0.000000000000000000e+00
0.000000000000000000e+00
0.000000000000000000e+00
0.000000000000000000e+00
0.000000000000000000e+00
0.000000000000000000e+00
6.276340000000000000e+05
6.599800000000000000e+04
2.000800000000000000e+04
0.000000000000000000e+00
