9.618250009964923741e-02
5.291706007354113339e-02
2.526826144886665584e-02
2.138034664854711331e-02
4.233787173316592295e-02
4.693396328257865568e-01
1.787364310958758640e-01
8.687974579480230164e-02
8.266601562500000555e-02
8.953088254344707120e-02
9.802711123511904934e-02
1.256861576417676318e-01
7.433546416613520669e-02
3.651166228210033782e-01
2.631622937260841844e-01
1.014044521617240707e-01
6.563665688443345858e-02
8.848243765279549533e-02
8.659544964225925068e-02
8.865078257865646738e-02
7.396457179063031795e-02
5.856585859441432868e-02
5.988142571481717968e-02
5.696712156542304423e-02
5.897443083678784170e-02
5.371907552083333287e-02
5.870015669842155309e-02
6.218780206174266689e-02
6.018034227851296741e-02
6.283878663770195439e-02
5.114005782977253389e-01
1.511232025769292109e-01
7.626584111427774093e-02
7.057936791660023024e-02
8.865777878534225609e-02
7.917975600884885612e-02
9.322152689200680076e-02
8.837754645315157309e-02
1.920107471699617485e-01
1.332570809085353025e-01
1.126937762409651322e-01
1.001385020560958822e-01
8.457934321189412852e-02
6.507309894172512432e-02
8.027642697704082120e-02
7.986800005646789435e-02
6.308341512874680868e-02
6.143255947398490457e-02
6.601887398025615972e-02
5.774179575394611241e-02
5.717901632088382563e-02
6.421309490593112013e-02
6.422953702965561451e-02
7.485204683680111992e-02
6.306184522148702842e-02
7.430114746093749445e-02
7.262327233139349858e-02
6.372869582403273281e-02
7.333002414833120208e-02
5.985297378228635057e-02
6.541929699125743902e-02
6.531789870489211614e-02
5.327516932065794880e-02
5.894905142232674533e-02
5.405441595583546088e-02
5.556901685234640759e-02
5.260293662142591364e-02
5.170514372741284032e-02
5.279304348692601817e-02
5.436561740174585683e-02
5.251877972868834732e-02
5.635423725154124069e-02
6.670462679700786546e-02
5.779947812865380424e-02
6.359901168719440945e-02
6.207020558467527677e-02
5.935577600180697022e-02
7.256194653154229846e-02
6.022658575148809312e-02
7.065480031123777538e-02
7.097514665045705218e-02
6.464806381536990221e-02
7.117673393820418692e-02
5.642069083492771975e-02
6.932484114251169505e-02
6.476654260336947577e-02
5.177034131523703536e-02
5.928549215096194647e-02
5.436338567409385730e-02
5.303833111613786427e-02
5.263578453842474719e-02
5.294394979671555868e-02
5.024264588647959356e-02
5.149196702606823745e-02
5.123852061576583683e-02
5.545495480907206703e-02
6.135426216384991249e-02
5.849464053199404656e-02
6.964174646909544741e-02
6.596676054454984894e-02
6.184787879995748416e-02
7.024618654834981213e-02
5.921053205217633592e-02
7.168679788810054798e-02
6.357514258144664199e-02
4.498626501381802756e-01
1.781136648995535754e-01
8.313110247761214266e-02
7.892293605674691181e-02
8.153800704852252890e-02
8.305661986474277558e-02
9.156464038252019877e-02
5.864800693226509404e-02
4.269539190798389561e-02
5.313689562739157962e-02
5.163767808148649746e-02
5.360960668447066479e-02
1.874560090149340885e-01
9.794545076331313826e-02
1.415704532545440097e-01
7.844345196574722956e-02
8.918834867931547949e-02
6.941834534106611221e-02
9.358781049040709732e-02
6.603375389462425027e-02
9.355501966411564063e-02
6.552513278260523044e-02
7.965540464232567786e-02
7.397086733863467156e-02
6.135744886333439896e-02
5.039429956552933243e-01
1.524363407472363874e-01
7.580176632420546068e-02
7.452769376793685896e-02
8.502062842959449973e-02
7.448331871811224303e-02
6.753929293885523044e-02
4.671717014442496041e-02
1.375041728117027962e-01
2.051332642431972775e-01
1.234709343942655135e-01
5.461308485796662754e-02
9.844134064758716662e-02
1.099732898530505903e-01
6.422079696136266669e-02
9.782098264110331010e-02
8.053196498325893016e-02
7.944746990593112845e-02
8.812324368223851956e-02
6.426874277543048741e-02
