5.312817631935586732e-02
5.990782757194675068e-02
5.826872741284013640e-02
5.645439511253719927e-02
5.888726370675223531e-02
6.310589848732461871e-02
7.153861117200786823e-02
6.115966589272427839e-02
6.494464485012754751e-02
5.772860780054209218e-02
6.655558372030452585e-02
6.302286783854166297e-02
7.453108806999361735e-02
7.239351337458811708e-02
6.487794214365433243e-02
7.414015685619951279e-02
6.608091600898172158e-02
5.998060784372342968e-02
7.136785805630846413e-02
5.515812465122767877e-02
6.819195390558567549e-02
6.738959072398491290e-02
6.106906813018175839e-02
5.792726270195578536e-02
5.122506277901785893e-02
5.115634113752923207e-02
5.480137001089498139e-02
7.698222050050489151e-02
6.427413006218112013e-02
6.568569780207005049e-02
5.559356066645407962e-02
5.719473702566964246e-02
6.780778534558354331e-02
6.173771449497767599e-02
7.003956489822490972e-02
7.104444957914807235e-02
6.219493840016475372e-02
6.368912677375637710e-02
4.124946023331207412e-01
1.805914015997023836e-01
1.002728520607461676e-01
6.224764350320206169e-02
8.307424532312925047e-02
7.964320799120429284e-02
1.103886506995376271e-01
7.694489874807344809e-02
6.033341803518282170e-02
6.787333066771630841e-02
6.227480310972045158e-02
5.977349313748937104e-02
1.662823943053783893e-01
1.435568569468803068e-01
1.033466468862935805e-01
1.148447257320897169e-01
8.678321059869260889e-02
7.616964327234800047e-02
9.088109853316327091e-02
9.626248937074829981e-02
9.767514183407738360e-02
6.886916906655239645e-02
7.088119610637223789e-02
6.261884209250105637e-02
7.907661386087638800e-02
4.197560005447491527e-01
1.509633070757600004e-01
1.860114895567601956e-01
9.366185194781037615e-02
9.832210411019876029e-02
1.000716851682079134e-01
8.024533330177774371e-02
6.737391672977785517e-02
2.333567509034863985e-01
2.524266664673682214e-01
1.966580553119685326e-01
1.073793164726828259e-01
1.147227177003613957e-01
1.289679598646099046e-01
9.453982398623511640e-02
1.485935756138392905e-01
1.221752556002869833e-01
7.879207377531090295e-02
5.985144790338010196e-02
7.018439364271099323e-02
6.339412870861235727e-02
6.284105988586841107e-02
7.490164309131855380e-02
6.549737631869154142e-02
6.470680496319621000e-02
7.298734496239901726e-02
6.734819477107249763e-02
6.395714169456845344e-02
5.977974197491496555e-02
6.646412959715136681e-02
6.404347322425063549e-02
6.162681320086628445e-02
5.887220733019770530e-02
6.478190519371811174e-02
7.472953536883503167e-02
6.355754826344600650e-02
7.940134580443505841e-02
5.963914313283907170e-02
9.859637824856505584e-02
7.062467717800011147e-02
8.090372928956739151e-02
8.181646437872024114e-02
6.813102255062181145e-02
8.948346611593856192e-02
6.404731906190209989e-02
8.465505587000425602e-02
6.209673200334821230e-02
7.565127002949617596e-02
5.947327905771683521e-02
6.917979960538903073e-02
5.862918256902370506e-02
7.172037760416666297e-02
6.624986817236659664e-02
6.031571991589604331e-02
6.797733436636373139e-02
4.964490099018122743e-02
6.586013067336309035e-02
4.723107993197278587e-02
5.807697529695472066e-02
5.247486140452274628e-02
5.067776530778327071e-02
4.974455541493941202e-02
4.980271527556334732e-02
5.261920747302827051e-02
5.006357309769610825e-02
5.295436106571534823e-02
5.071063398503932590e-02
5.060571164500956426e-02
5.959602407857673978e-02
5.050978368642378841e-02
6.426600242147639808e-02
5.251867592740221136e-02
6.684281744924532032e-02
6.167183181866496555e-02
6.003861200241815410e-02
1.305344665942548832e-01
1.756531384526466844e-01
1.312865276725924679e-01
1.048287320299213371e-01
5.335034740214444904e-02
8.368734761971194369e-02
6.387736002604166297e-02
8.516845703125000555e-02
9.836470415803040546e-02
7.213114524374203418e-02
7.390562823029601935e-02
7.763610113234746535e-02
