0.000000000000000000e+00
0.000000000000000000e+00
0.000000000000000000e+00
0.000000000000000000e+00
0.000000000000000000e+00
0.000000000000000000e+00
0.000000000000000000e+00
1.185191000000000000e+06
1.666583000000000000e+06
1.948107000000000000e+06
1.569493000000000000e+06
1.789943000000000000e+06
1.497300000000000000e+04
1.606925000000000000e+06
1.859480000000000000e+06
1.670184000000000000e+06
1.375863000000000000e+06
1.750337000000000000e+06
1.291410000000000000e+05
1.536693000000000000e+06
1.685115000000000000e+06
1.819834000000000000e+06
1.349670000000000000e+06
2.352731000000000000e+06
2.726000000000000000e+04
1.068748000000000000e+06
1.725694000000000000e+06
1.781694000000000000e+06
1.057681000000000000e+06
1.893186000000000000e+06
2.857780000000000000e+05
1.630289000000000000e+06
1.507670000000000000e+06
2.111056000000000000e+06
1.227450000000000000e+05
2.731542000000000000e+06
1.785909000000000000e+06
1.104473000000000000e+06
7.485970000000000000e+05
6.911940000000000000e+05
7.537590000000000000e+05
7.103570000000000000e+05
7.238650000000000000e+05
7.709060000000000000e+05
7.584220000000000000e+05
6.433850000000000000e+05
1.978162000000000000e+06
4.264944000000000000e+06
4.438400000000000000e+04
2.992430000000000000e+06
2.926394000000000000e+06
6.417593000000000000e+06
7.126145000000000000e+06
9.355420000000000000e+06
1.028250000000000000e+05
1.063377500000000000e+07
5.267947000000000000e+06
5.406133000000000000e+06
5.913868000000000000e+06
9.095967000000000000e+06
3.861870000000000000e+05
7.837693000000000000e+06
1.194200000000000000e+05
1.029049400000000000e+07
9.103279000000000000e+06
7.056815000000000000e+06
9.037600000000000000e+04
6.337726000000000000e+06
6.173731000000000000e+06
9.463500000000000000e+04
1.395707900000000000e+07
1.428765100000000000e+07
5.537410000000000000e+05
1.224790200000000000e+07
1.194417900000000000e+07
1.169884800000000000e+07
1.079105200000000000e+07
1.077650000000000000e+07
2.497240000000000000e+05
1.043414800000000000e+07
7.590721000000000000e+06
6.271415000000000000e+06
4.502200000000000000e+06
8.501906000000000000e+06
3.168680000000000000e+05
3.497142000000000000e+06
2.951567000000000000e+06
1.236810000000000000e+06
1.110157000000000000e+06
9.841430000000000000e+05
3.425900000000000000e+04
1.426227000000000000e+06
1.483433000000000000e+06
1.387509000000000000e+06
1.653085000000000000e+06
3.890210000000000000e+06
3.810210000000000000e+05
1.341740000000000000e+06
1.303759000000000000e+06
1.055886000000000000e+06
1.462204000000000000e+06
1.817967000000000000e+06
4.369200000000000000e+04
1.968930000000000000e+06
1.676870000000000000e+06
1.180399000000000000e+06
1.339297000000000000e+06
3.813419000000000000e+06
3.518020000000000000e+05
1.667101000000000000e+06
1.577048000000000000e+06
1.293434000000000000e+06
1.440958000000000000e+06
1.434163000000000000e+06
2.151900000000000000e+04
1.434800000000000000e+06
1.315573000000000000e+06
1.488660000000000000e+05
2.556770000000000000e+05
4.574791000000000000e+06
4.291730000000000000e+05
4.033980000000000000e+05
8.503530000000000000e+05
7.254790000000000000e+05
1.898240000000000000e+05
7.447830000000000000e+05
3.316700000000000000e+04
4.619827300000000000e+07
2.818985000000000000e+06
3.934534000000000000e+06
4.104143000000000000e+06
7.198506000000000000e+06
4.073410000000000000e+05
2.581667000000000000e+06
2.076575000000000000e+06
2.449474000000000000e+06
2.368839000000000000e+06
2.492135000000000000e+06
7.641800000000000000e+04
6.016200000000000000e+04
2.592174000000000000e+06
4.045083000000000000e+06
1.998766000000000000e+06
4.003476000000000000e+06
5.067110000000000000e+05
1.798226000000000000e+06
1.881071000000000000e+06
2.099623000000000000e+06
2.369231000000000000e+06
