1.160706000000000000e+06
1.252436000000000000e+06
1.075023000000000000e+06
5.689060000000000000e+05
7.443300000000000000e+04
1.367365000000000000e+06
1.078723000000000000e+06
9.284090000000000000e+05
6.570920000000000000e+05
9.474940000000000000e+05
6.350900000000000000e+04
3.515100000000000000e+06
1.301674400000000000e+07
8.968850000000000000e+05
1.591316000000000000e+06
1.632458000000000000e+06
1.515340000000000000e+05
1.748781000000000000e+06
2.041334000000000000e+06
2.323564000000000000e+06
2.333377000000000000e+06
1.660693000000000000e+06
1.151856000000000000e+06
4.428950000000000000e+06
5.396330000000000000e+05
1.722852000000000000e+06
1.486823000000000000e+06
1.916127000000000000e+06
2.013829000000000000e+06
1.471082000000000000e+06
9.916600000000000000e+04
1.784495000000000000e+06
2.280548000000000000e+06
1.372955000000000000e+06
1.164240000000000000e+05
3.452165000000000000e+06
1.777976000000000000e+06
1.409974000000000000e+06
6.878220000000000000e+05
9.178240000000000000e+05
7.454600000000000000e+04
1.482062000000000000e+06
1.297491000000000000e+06
7.262660000000000000e+05
2.039050000000000000e+06
2.345000000000000000e+06
1.273210000000000000e+05
3.489737000000000000e+06
1.576795000000000000e+06
1.839067000000000000e+06
1.809484000000000000e+06
7.054840000000000000e+05
6.502500000000000000e+04
8.095260000000000000e+05
1.355303000000000000e+06
9.737990000000000000e+05
7.238970000000000000e+05
1.137685000000000000e+06
1.302269000000000000e+06
4.567068000000000000e+06
5.350410000000000000e+05
2.792423600000000000e+07
2.974840000000000000e+05
6.692940000000000000e+05
2.160800000000000000e+04
6.187257000000000000e+06
1.972280200000000000e+07
1.931314000000000000e+07
1.683376000000000000e+07
1.924147800000000000e+07
3.757370000000000000e+05
2.258545200000000000e+07
1.728172300000000000e+07
1.363380700000000000e+07
1.447580300000000000e+07
1.280816900000000000e+07
4.258810000000000000e+05
1.134154400000000000e+07
1.298231500000000000e+07
1.414355400000000000e+07
1.055405700000000000e+07
1.024363000000000000e+07
4.669350000000000000e+05
1.284566100000000000e+07
1.719138100000000000e+07
1.550168000000000000e+07
1.584602700000000000e+07
1.778237000000000000e+07
3.979159100000000000e+07
1.240703600000000000e+07
5.597330000000000000e+05
1.188715100000000000e+07
1.173317600000000000e+07
1.157151900000000000e+07
4.676690000000000000e+05
1.510751100000000000e+07
1.349336700000000000e+07
1.498955800000000000e+07
1.536937100000000000e+07
1.486323900000000000e+07
5.885220000000000000e+05
1.552962500000000000e+07
1.579789500000000000e+07
1.549201400000000000e+07
1.611220300000000000e+07
1.628145500000000000e+07
8.134380000000000000e+05
1.756068800000000000e+07
1.537507000000000000e+07
1.494739500000000000e+07
1.461974700000000000e+07
1.486633100000000000e+07
5.522470000000000000e+05
3.871018700000000000e+07
2.945983000000000000e+06
3.027364000000000000e+06
3.123474000000000000e+06
3.118358000000000000e+06
2.989917000000000000e+06
6.335555000000000000e+06
5.082340000000000000e+05
2.084543000000000000e+06
2.153258000000000000e+06
2.183645000000000000e+06
1.062870000000000000e+05
1.972794000000000000e+06
2.027227000000000000e+06
2.008414000000000000e+06
2.068075000000000000e+06
1.782208000000000000e+06
1.078100000000000000e+05
4.202517000000000000e+06
2.185824000000000000e+06
2.580863000000000000e+06
3.076375000000000000e+06
2.389051000000000000e+06
1.840660000000000000e+05
2.381550000000000000e+06
2.150047000000000000e+06
1.783722000000000000e+06
1.602269500000000000e+07
6.735334000000000000e+06
2.055120000000000000e+05
1.027232300000000000e+07
9.405146000000000000e+06
1.099602400000000000e+07
1.203666700000000000e+07
1.293050200000000000e+07
1.418452900000000000e+07
