1.538760000000000000e+06
1.658238600000000000e+07
1.662062600000000000e+07
1.706936000000000000e+07
3.750700000000000000e+05
1.770202300000000000e+07
1.521199700000000000e+07
1.882522700000000000e+07
1.898957600000000000e+07
1.487965900000000000e+07
3.252700000000000000e+05
1.341309200000000000e+07
1.258108400000000000e+07
1.059926800000000000e+07
5.306625100000000000e+07
4.450750000000000000e+05
4.496730000000000000e+05
4.449341000000000000e+06
9.629260000000000000e+05
3.603240000000000000e+05
3.291580000000000000e+05
3.752910000000000000e+05
3.745000000000000000e+04
1.200389000000000000e+06
2.782080000000000000e+05
2.775150000000000000e+05
2.974880000000000000e+05
3.506550000000000000e+05
2.773790000000000000e+05
2.667197000000000000e+06
6.049580000000000000e+05
3.844250000000000000e+05
5.186930000000000000e+05
4.899120000000000000e+05
7.187900000000000000e+04
9.812520000000000000e+05
4.495130000000000000e+05
2.316070000000000000e+05
3.133810000000000000e+05
2.967630000000000000e+05
3.840730000000000000e+05
2.417816000000000000e+06
5.812710000000000000e+05
2.980180000000000000e+05
2.601240000000000000e+05
1.830980000000000000e+05
1.305200000000000000e+04
7.432620000000000000e+05
2.774510000000000000e+05
2.961610000000000000e+05
2.781200000000000000e+04
4.804460000000000000e+05
6.372900000000000000e+04
2.314426000000000000e+06
6.015640000000000000e+05
3.259500000000000000e+04
3.982850000000000000e+05
4.131200000000000000e+04
3.891660000000000000e+05
6.864950000000000000e+05
2.478900000000000000e+04
1.531230000000000000e+05
1.117690000000000000e+05
1.855100000000000000e+05
1.153400000000000000e+04
1.898713000000000000e+06
7.544240000000000000e+05
1.387860000000000000e+05
2.396830000000000000e+05
2.827470000000000000e+05
2.657230000000000000e+05
7.325230000000000000e+05
5.185100000000000000e+04
2.514580000000000000e+05
5.679880000000000000e+05
4.805210000000000000e+05
3.184500000000000000e+04
3.251529000000000000e+06
1.128917000000000000e+06
5.764310000000000000e+05
7.192300000000000000e+04
5.720640000000000000e+05
5.249600000000000000e+04
8.944150000000000000e+05
2.939900000000000000e+04
3.686000000000000000e+03
1.751530000000000000e+05
1.449600000000000000e+04
2.869000000000000000e+03
2.459233000000000000e+06
6.176580000000000000e+05
5.792400000000000000e+04
1.137150000000000000e+05
1.350330000000000000e+05
1.143100000000000000e+04
6.656110000000000000e+05
5.910500000000000000e+04
6.361700000000000000e+04
1.058810000000000000e+05
1.085560000000000000e+05
1.542800000000000000e+04
1.732578000000000000e+06
6.465070000000000000e+05
1.653940000000000000e+05
2.419450000000000000e+05
6.566000000000000000e+04
1.235300000000000000e+04
6.293100000000000000e+05
8.646300000000000000e+04
1.323100000000000000e+05
2.677300000000000000e+04
4.350860000000000000e+05
2.465800000000000000e+04
1.852720000000000000e+06
8.496610000000000000e+05
6.040700000000000000e+04
5.936610000000000000e+05
6.748500000000000000e+04
1.003600000000000000e+04
8.492380000000000000e+05
2.504200000000000000e+05
1.759910000000000000e+05
1.092610000000000000e+05
2.601190000000000000e+05
3.091800000000000000e+04
2.048060000000000000e+06
7.417830000000000000e+05
2.062540000000000000e+05
1.403570000000000000e+05
9.237800000000000000e+04
8.578000000000000000e+03
6.657900000000000000e+05
9.906300000000000000e+04
4.138300000000000000e+04
2.553760000000000000e+05
4.440200000000000000e+04
1.258120000000000000e+05
3.008558000000000000e+06
6.333260000000000000e+05
1.311590000000000000e+05
1.949200000000000000e+04
4.429370000000000000e+05
2.508500000000000000e+04
7.373480000000000000e+05
4.990910000000000000e+05
4.848000000000000000e+04
2.624040000000000000e+05
1.094000000000000000e+04
1.792000000000000000e+03
