1.192944000000000000e+06
1.068410000000000000e+05
1.025930000000000000e+05
8.800700000000000000e+04
5.503000000000000000e+03
1.135690000000000000e+05
1.430000000000000000e+05
7.267200000000000000e+04
8.724200000000000000e+04
7.898000000000000000e+04
9.609000000000000000e+03
1.950729000000000000e+06
6.649280000000000000e+05
1.409920000000000000e+05
1.517380000000000000e+05
3.284100000000000000e+04
6.127000000000000000e+03
1.158140000000000000e+05
4.355500000000000000e+04
1.258070000000000000e+05
1.973040000000000000e+05
2.696190000000000000e+05
4.817500000000000000e+04
2.015203000000000000e+06
9.665560000000000000e+05
4.566600000000000000e+05
4.933770000000000000e+05
6.009220000000000000e+05
7.980800000000000000e+04
6.883920000000000000e+05
8.534700000000000000e+05
1.449744000000000000e+06
1.777010000000000000e+06
1.903149000000000000e+06
2.303690000000000000e+05
3.980570000000000000e+06
1.410429000000000000e+06
1.215310000000000000e+06
1.333740000000000000e+06
1.267869000000000000e+06
1.291700000000000000e+05
9.359350000000000000e+05
8.415540000000000000e+05
6.000140000000000000e+05
1.186449000000000000e+06
1.059393000000000000e+06
7.077500000000000000e+04
4.935293000000000000e+06
2.019965000000000000e+06
1.693426000000000000e+06
1.564948000000000000e+06
9.288020000000000000e+05
1.256320000000000000e+05
8.051070000000000000e+05
1.262490000000000000e+06
1.650107000000000000e+06
2.078253000000000000e+06
2.323898000000000000e+06
1.986190000000000000e+05
4.584467000000000000e+06
2.315911000000000000e+06
1.629585000000000000e+06
1.439606000000000000e+06
1.183897000000000000e+06
1.218970000000000000e+05
9.857730000000000000e+05
8.604540000000000000e+05
7.959920000000000000e+05
7.967290000000000000e+05
5.345280000000000000e+05
6.494500000000000000e+04
3.458319000000000000e+06
7.808990000000000000e+05
3.525200000000000000e+05
3.594460000000000000e+05
2.427090000000000000e+05
1.817000000000000000e+04
3.415660000000000000e+05
3.463630000000000000e+05
2.354610000000000000e+05
1.568630000000000000e+05
1.635830000000000000e+05
1.724600000000000000e+04
2.541457000000000000e+06
7.180370000000000000e+05
2.302750000000000000e+05
2.547490000000000000e+05
1.529810000000000000e+05
2.432400000000000000e+04
2.416610000000000000e+05
2.094040000000000000e+05
2.274250000000000000e+05
1.670210000000000000e+05
1.980650000000000000e+05
3.336100000000000000e+04
2.203194000000000000e+06
6.526430000000000000e+05
1.764600000000000000e+05
9.713600000000000000e+04
8.291000000000000000e+04
2.200000000000000000e+02
1.831300000000000000e+05
2.413870000000000000e+05
5.009700000000000000e+04
3.008390000000000000e+05
2.227570000000000000e+05
1.591000000000000000e+04
2.939714000000000000e+06
6.373880000000000000e+05
1.967770000000000000e+05
3.980890000000000000e+05
3.416240000000000000e+05
3.751200000000000000e+04
2.034730000000000000e+05
1.754270000000000000e+05
2.581540000000000000e+05
4.038490000000000000e+05
6.406910000000000000e+05
8.177100000000000000e+04
3.438089000000000000e+06
1.123261000000000000e+06
3.532710000000000000e+05
3.528880000000000000e+05
5.391420000000000000e+05
4.639800000000000000e+04
9.389870000000000000e+05
1.038438000000000000e+06
1.332838000000000000e+06
1.719333000000000000e+06
1.399843000000000000e+06
1.071960000000000000e+05
3.074437000000000000e+06
8.090230000000000000e+05
5.272960000000000000e+05
7.255900000000000000e+05
7.695280000000000000e+05
8.413100000000000000e+04
8.951790000000000000e+05
9.458210000000000000e+05
8.878600000000000000e+05
8.756160000000000000e+05
8.320010000000000000e+05
7.881300000000000000e+04
2.924477000000000000e+06
9.004830000000000000e+05
7.608750000000000000e+05
7.805490000000000000e+05
6.958550000000000000e+05
6.018200000000000000e+04
