1.501663000000000000e+06
4.217700000000000000e+05
2.971750000000000000e+05
3.341650000000000000e+05
4.191400000000000000e+04
2.532360000000000000e+06
5.208896400000000000e+07
2.375259000000000000e+06
2.882633000000000000e+06
3.387900000000000000e+06
1.783820000000000000e+05
3.920824000000000000e+06
3.271909000000000000e+06
3.128725000000000000e+06
3.112072000000000000e+06
3.133475000000000000e+06
9.783000000000000000e+04
6.564881000000000000e+06
3.016952000000000000e+06
2.226011000000000000e+06
2.092029000000000000e+06
1.869899000000000000e+06
6.084500000000000000e+04
2.853255000000000000e+06
2.099545000000000000e+06
2.110498000000000000e+06
2.427304000000000000e+06
2.905125000000000000e+06
1.041580000000000000e+05
5.594776000000000000e+06
3.488529000000000000e+06
3.059128000000000000e+06
2.656500000000000000e+06
1.932956000000000000e+06
8.800600000000000000e+04
2.766348000000000000e+06
2.678251000000000000e+06
2.897418000000000000e+06
1.692362000000000000e+06
1.489945000000000000e+06
1.153560000000000000e+05
4.367614000000000000e+06
2.657762000000000000e+06
2.310256000000000000e+06
1.903553000000000000e+06
1.646213000000000000e+06
1.457800000000000000e+05
2.164736000000000000e+06
1.563102000000000000e+06
1.461281000000000000e+06
1.875737000000000000e+06
2.002305000000000000e+06
1.192680000000000000e+05
4.195276000000000000e+06
2.065315000000000000e+06
1.651964000000000000e+06
1.771899000000000000e+06
1.596123000000000000e+06
1.100510000000000000e+05
2.244231000000000000e+06
2.081679000000000000e+06
2.502408000000000000e+06
2.552826000000000000e+06
2.685989000000000000e+06
1.868470000000000000e+05
4.483020000000000000e+06
2.796948000000000000e+06
2.268065000000000000e+06
2.090272000000000000e+06
1.984938000000000000e+06
1.580970000000000000e+05
2.412816000000000000e+06
1.808467000000000000e+06
1.308690000000000000e+06
1.185210000000000000e+06
1.206036000000000000e+06
9.356500000000000000e+04
4.459979000000000000e+06
1.796253000000000000e+06
1.611027000000000000e+06
2.126666000000000000e+06
2.645770000000000000e+06
1.915430000000000000e+05
3.610701000000000000e+06
3.578946000000000000e+06
3.878710000000000000e+06
4.248525000000000000e+06
4.950857000000000000e+06
2.440260000000000000e+05
6.594731000000000000e+06
4.802488000000000000e+06
4.260642000000000000e+06
3.955515000000000000e+06
3.614512000000000000e+06
1.009660000000000000e+05
4.037362000000000000e+06
3.190782000000000000e+06
2.260814000000000000e+06
2.243750000000000000e+06
2.337162000000000000e+06
6.030400000000000000e+04
5.501297000000000000e+06
2.857786000000000000e+06
2.857873000000000000e+06
3.039416000000000000e+06
3.044801000000000000e+06
9.876700000000000000e+04
3.997665000000000000e+06
3.452740000000000000e+06
3.201085000000000000e+06
3.324966000000000000e+06
3.398955000000000000e+06
2.326240000000000000e+05
5.546598000000000000e+06
2.002426700000000000e+07
2.572192000000000000e+06
1.653030000000000000e+06
1.241608000000000000e+06
1.171788000000000000e+06
1.867792000000000000e+06
1.206530000000000000e+05
1.079046000000000000e+06
1.152959000000000000e+06
9.471930000000000000e+05
9.980800000000000000e+04
4.466323000000000000e+06
1.225522000000000000e+06
8.147900000000000000e+05
1.348501000000000000e+06
1.815794000000000000e+06
1.554320000000000000e+05
2.586103000000000000e+06
2.114929000000000000e+06
2.424166000000000000e+06
2.781362000000000000e+06
3.160453000000000000e+06
2.824710000000000000e+05
6.224040000000000000e+06
3.479339000000000000e+06
3.038243000000000000e+06
2.633529000000000000e+06
2.520625000000000000e+06
2.044720000000000000e+05
2.976737000000000000e+06
1.979994000000000000e+06
1.982355000000000000e+06
1.970787000000000000e+06
1.528558000000000000e+06
1.435887000000000000e+06
