1.926242000000000000e+06
8.535090000000000000e+05
9.433130000000000000e+05
1.140299000000000000e+06
9.538500000000000000e+04
1.396885000000000000e+06
1.727044000000000000e+06
2.103587000000000000e+06
2.245651000000000000e+06
2.726879000000000000e+06
1.768760000000000000e+05
5.812820000000000000e+06
5.318510000000000000e+05
6.913419000000000000e+06
3.402901000000000000e+06
2.507737000000000000e+06
1.894670000000000000e+05
3.407700000000000000e+04
3.290041000000000000e+06
1.568274000000000000e+06
1.930677000000000000e+06
1.061790000000000000e+05
1.052400000000000000e+04
5.833426000000000000e+06
2.369774000000000000e+06
2.301989000000000000e+06
1.419130000000000000e+05
4.707909000000000000e+06
1.874540000000000000e+05
2.158994000000000000e+06
1.884577000000000000e+06
2.027216000000000000e+06
1.218517000000000000e+06
1.375518000000000000e+06
1.539780000000000000e+05
4.417218000000000000e+06
2.247286000000000000e+06
1.538704000000000000e+06
1.672721000000000000e+06
1.848205000000000000e+06
1.294880000000000000e+05
1.406257000000000000e+06
3.282490500000000000e+07
1.435792000000000000e+06
1.691890000000000000e+06
2.072607000000000000e+06
1.639640000000000000e+05
5.337610000000000000e+06
1.641765000000000000e+06
1.655493000000000000e+06
2.399611000000000000e+06
1.026191000000000000e+06
1.571580000000000000e+05
1.075826000000000000e+06
1.156871000000000000e+06
1.556167000000000000e+06
1.952884000000000000e+06
1.946228000000000000e+06
1.077710000000000000e+05
4.435619000000000000e+06
2.310873000000000000e+06
1.850410000000000000e+06
1.894716000000000000e+06
1.664726000000000000e+06
1.102610000000000000e+05
1.545836000000000000e+06
1.590971000000000000e+06
1.714851000000000000e+06
1.851829000000000000e+06
2.391651000000000000e+06
1.257950000000000000e+05
4.863252000000000000e+06
6.622698500000000000e+07
5.170730000000000000e+05
8.623810000000000000e+05
9.671120000000000000e+05
7.006700000000000000e+04
1.002250000000000000e+06
1.100007000000000000e+06
1.129945000000000000e+06
1.473738000000000000e+06
1.949078000000000000e+06
6.750500000000000000e+04
6.084104000000000000e+06
2.269313000000000000e+06
1.770898000000000000e+06
1.819219000000000000e+06
1.982358000000000000e+06
5.108900000000000000e+04
1.941266000000000000e+06
1.586765000000000000e+06
1.584180000000000000e+06
1.244352000000000000e+06
1.289653000000000000e+06
4.848000000000000000e+04
5.110859000000000000e+06
2.377316000000000000e+06
2.394946000000000000e+06
2.401257000000000000e+06
2.190869000000000000e+06
9.612800000000000000e+04
1.726797000000000000e+06
1.488333000000000000e+06
1.427209000000000000e+06
8.432960000000000000e+05
9.985400000000000000e+05
8.621700000000000000e+04
4.050188000000000000e+06
1.252168000000000000e+06
6.845980000000000000e+05
5.656280000000000000e+05
5.245360000000000000e+05
4.275100000000000000e+04
5.939260000000000000e+05
8.398520000000000000e+05
6.836830000000000000e+05
8.288570000000000000e+05
6.017470000000000000e+05
5.283000000000000000e+04
2.579785000000000000e+06
7.152180000000000000e+05
4.107110000000000000e+05
5.431900000000000000e+05
7.281500000000000000e+05
3.310300000000000000e+04
5.795750000000000000e+05
7.830100000000000000e+05
5.433760000000000000e+05
7.173210000000000000e+05
6.526950000000000000e+05
5.294700000000000000e+04
2.390692000000000000e+06
9.551280000000000000e+05
6.686200000000000000e+05
6.140500000000000000e+05
4.742430000000000000e+05
5.860300000000000000e+04
7.820000000000000000e+04
2.434620000000000000e+05
3.601620000000000000e+05
4.387690000000000000e+05
1.760590000000000000e+05
2.178600000000000000e+04
2.311611000000000000e+06
9.358730000000000000e+05
6.078460000000000000e+05
5.210340000000000000e+05
3.962140000000000000e+05
3.273400000000000000e+04
