1.218306000000000000e+06
2.133001000000000000e+06
2.447305000000000000e+06
2.214485000000000000e+06
1.981801000000000000e+06
4.271582000000000000e+06
5.792870000000000000e+05
1.990581000000000000e+06
1.048146000000000000e+06
1.088112000000000000e+06
1.077272000000000000e+06
1.902482000000000000e+06
1.021480000000000000e+05
3.325360000000000000e+05
8.451250000000000000e+05
1.013266000000000000e+06
1.852726100000000000e+07
4.479416000000000000e+06
3.628560000000000000e+05
2.284578000000000000e+06
1.438443000000000000e+06
9.067940000000000000e+05
1.430722000000000000e+06
1.546743000000000000e+06
9.689000000000000000e+04
1.160882000000000000e+06
1.336816000000000000e+06
1.573715000000000000e+06
1.657477000000000000e+06
4.154403000000000000e+06
5.453790000000000000e+05
1.262188000000000000e+06
9.985370000000000000e+05
6.331380000000000000e+05
5.915330000000000000e+05
1.518811000000000000e+06
8.413600000000000000e+04
1.271165000000000000e+06
1.569597000000000000e+06
1.793501000000000000e+06
1.804960000000000000e+06
3.175639000000000000e+06
5.671800000000000000e+05
1.034626000000000000e+06
1.145018000000000000e+06
1.211888000000000000e+06
1.446916000000000000e+06
1.617287000000000000e+06
1.014430000000000000e+05
1.252123000000000000e+06
9.548670000000000000e+05
1.122743000000000000e+06
1.508853000000000000e+06
3.135886000000000000e+06
5.484380000000000000e+05
1.316550000000000000e+06
9.695280000000000000e+05
1.255822000000000000e+06
2.076942700000000000e+07
2.514287000000000000e+06
2.307170000000000000e+05
1.103043000000000000e+06
1.070404000000000000e+06
9.296920000000000000e+05
7.870930000000000000e+05
3.816086000000000000e+06
6.078260000000000000e+05
6.035760000000000000e+05
7.191590000000000000e+05
1.292489000000000000e+06
1.287518000000000000e+06
1.797752000000000000e+06
1.359130000000000000e+05
1.219172000000000000e+06
1.293169000000000000e+06
1.205582000000000000e+06
1.057132000000000000e+06
3.498457000000000000e+06
6.317220000000000000e+05
8.610750000000000000e+05
1.077992000000000000e+06
1.169732000000000000e+06
1.258845000000000000e+06
1.760345000000000000e+06
9.348900000000000000e+04
9.039220000000000000e+05
8.694660000000000000e+05
9.036410000000000000e+05
1.018253000000000000e+06
4.361525000000000000e+06
6.093670000000000000e+05
1.286109000000000000e+06
1.339348000000000000e+06
1.442256000000000000e+06
1.274840000000000000e+05
1.806650000000000000e+06
7.904590000000000000e+05
9.650660000000000000e+05
1.377043000000000000e+06
1.784290000000000000e+05
2.742000000000000000e+04
3.126054000000000000e+06
1.529382000000000000e+06
1.131433000000000000e+06
1.890641000000000000e+06
1.064250000000000000e+06
1.122380000000000000e+05
1.668926000000000000e+06
1.507136300000000000e+07
2.107394000000000000e+06
1.935503000000000000e+06
2.018115000000000000e+06
2.456601000000000000e+06
5.158176000000000000e+06
6.472750000000000000e+05
2.579503000000000000e+06
2.899514000000000000e+06
2.822865000000000000e+06
2.937617000000000000e+06
3.953181000000000000e+06
2.743080000000000000e+05
1.950650000000000000e+06
2.073446000000000000e+06
2.573986000000000000e+06
1.678760000000000000e+05
5.028253000000000000e+06
2.781213000000000000e+06
2.258216000000000000e+06
2.228797000000000000e+06
1.994920000000000000e+05
1.695400000000000000e+04
3.188377000000000000e+06
2.567687000000000000e+06
1.431510000000000000e+06
3.695920000000000000e+06
1.237982000000000000e+06
1.412530000000000000e+05
5.409812000000000000e+06
3.433760000000000000e+06
2.534951000000000000e+06
2.591818000000000000e+06
2.582717000000000000e+06
2.211223000000000000e+06
3.324941000000000000e+06
2.499660000000000000e+05
2.296084000000000000e+06
1.603793000000000000e+06
1.842443000000000000e+06
2.067161000000000000e+06
