0.000000000000000000e+00
0.000000000000000000e+00
0.000000000000000000e+00
0.000000000000000000e+00
0.000000000000000000e+00
0.000000000000000000e+00
0.000000000000000000e+00
1.427521000000000000e+06
1.549461000000000000e+06
1.863831000000000000e+06
1.613173000000000000e+06
1.715638000000000000e+06
2.442000000000000000e+04
1.551765000000000000e+06
1.834828000000000000e+06
1.633598000000000000e+06
1.412120000000000000e+06
1.648030000000000000e+06
1.327680000000000000e+05
1.519837000000000000e+06
1.642524000000000000e+06
1.792217000000000000e+06
1.360533000000000000e+06
2.792134000000000000e+06
2.435700000000000000e+04
1.076576000000000000e+06
1.726429000000000000e+06
1.752548000000000000e+06
1.056494000000000000e+06
1.842585000000000000e+06
2.710720000000000000e+05
1.589830000000000000e+06
1.496073000000000000e+06
2.071082000000000000e+06
1.057970000000000000e+05
2.650360000000000000e+06
2.361288000000000000e+06
9.155000000000000000e+05
7.196850000000000000e+05
6.619480000000000000e+05
7.293330000000000000e+05
6.830540000000000000e+05
5.648540000000000000e+05
7.264930000000000000e+05
7.429280000000000000e+05
6.248120000000000000e+05
2.029217000000000000e+06
4.239502000000000000e+06
4.248000000000000000e+04
3.001668000000000000e+06
2.942997000000000000e+06
6.471878000000000000e+06
7.179584000000000000e+06
9.392241000000000000e+06
1.006850000000000000e+05
1.069061400000000000e+07
5.268835000000000000e+06
5.411543000000000000e+06
5.932195000000000000e+06
9.528880000000000000e+06
4.537550000000000000e+05
7.838818000000000000e+06
1.036180000000000000e+05
1.031369800000000000e+07
9.102570000000000000e+06
7.063515000000000000e+06
8.401300000000000000e+04
6.339568000000000000e+06
6.169957000000000000e+06
8.850800000000000000e+04
1.397369000000000000e+07
1.440447800000000000e+07
6.497650000000000000e+05
1.223683700000000000e+07
1.193974000000000000e+07
1.169468400000000000e+07
1.078423300000000000e+07
1.077405000000000000e+07
2.274580000000000000e+05
1.044100800000000000e+07
7.576758000000000000e+06
6.261472000000000000e+06
4.512518000000000000e+06
8.423686000000000000e+06
2.717930000000000000e+05
3.499267000000000000e+06
2.957837000000000000e+06
1.244068000000000000e+06
1.113710000000000000e+06
9.887380000000000000e+05
3.382600000000000000e+04
1.426338000000000000e+06
1.482832000000000000e+06
1.386936000000000000e+06
1.655125000000000000e+06
3.801154000000000000e+06
3.608510000000000000e+05
1.344255000000000000e+06
1.307618000000000000e+06
1.058864000000000000e+06
1.464767000000000000e+06
1.820186000000000000e+06
4.165600000000000000e+04
1.975240000000000000e+06
1.676944000000000000e+06
1.184941000000000000e+06
1.347811000000000000e+06
3.758381000000000000e+06
3.335060000000000000e+05
1.674055000000000000e+06
1.583902000000000000e+06
1.300931000000000000e+06
1.451948000000000000e+06
1.442937000000000000e+06
2.120000000000000000e+04
1.442627000000000000e+06
1.325756000000000000e+06
1.482150000000000000e+05
2.551050000000000000e+05
4.467738000000000000e+06
4.036150000000000000e+05
4.047600000000000000e+05
8.488150000000000000e+05
7.202940000000000000e+05
1.835490000000000000e+05
7.496390000000000000e+05
3.386600000000000000e+04
4.607147700000000000e+07
2.806443000000000000e+06
3.937020000000000000e+06
4.114384000000000000e+06
7.217794000000000000e+06
3.758020000000000000e+05
2.583002000000000000e+06
2.077501000000000000e+06
2.443007000000000000e+06
2.361679000000000000e+06
2.488034000000000000e+06
7.551800000000000000e+04
6.017100000000000000e+04
2.585326000000000000e+06
4.046478000000000000e+06
2.001925000000000000e+06
3.958926000000000000e+06
4.937270000000000000e+05
1.802329000000000000e+06
1.888009000000000000e+06
2.103002000000000000e+06
2.379824000000000000e+06
1.935131000000000000e+06
7.157300000000000000e+04
2.075123000000000000e+06
2.435917000000000000e+06
2.211979000000000000e+06
1.962828000000000000e+06
4.342932000000000000e+06
4.890050000000000000e+05
1.963623000000000000e+06
1.020257000000000000e+06
1.055149000000000000e+06
1.053308000000000000e+06
1.126354000000000000e+06
8.776700000000000000e+04
3.294460000000000000e+05
8.253540000000000000e+05
9.930760000000000000e+05
1.851719900000000000e+07
4.478512000000000000e+06
2.834310000000000000e+05
2.254258000000000000e+06
1.417194000000000000e+06
8.958380000000000000e+05
1.419616000000000000e+06
9.695330000000000000e+05
7.969200000000000000e+04
1.146714000000000000e+06
1.320966000000000000e+06
1.562332000000000000e+06
1.649263000000000000e+06
4.213974000000000000e+06
4.660950000000000000e+05
1.227353000000000000e+06
9.733260000000000000e+05
6.207950000000000000e+05
5.836020000000000000e+05
9.254930000000000000e+05
7.337500000000000000e+04
1.250054000000000000e+06
1.551654000000000000e+06
1.782216000000000000e+06
1.799215000000000000e+06
3.213192000000000000e+06
5.036980000000000000e+05
9.987090000000000000e+05
1.126490000000000000e+06
1.194795000000000000e+06
1.428540000000000000e+06
1.217494000000000000e+06
8.040700000000000000e+04
1.226747000000000000e+06
9.354410000000000000e+05
1.111527000000000000e+06
1.496057000000000000e+06
3.170174000000000000e+06
4.808210000000000000e+05
1.282314000000000000e+06
9.540110000000000000e+05
1.234292000000000000e+06
2.071751000000000000e+07
2.151246000000000000e+06
2.125830000000000000e+05
1.070633000000000000e+06
1.050523000000000000e+06
9.129370000000000000e+05
7.754810000000000000e+05
3.884130000000000000e+06
5.088820000000000000e+05
5.678410000000000000e+05
6.849630000000000000e+05
1.249280000000000000e+06
1.241881000000000000e+06
1.187180000000000000e+06
1.021600000000000000e+05
1.183880000000000000e+06
1.265120000000000000e+06
1.194793000000000000e+06
1.051169000000000000e+06
3.551013000000000000e+06
5.464180000000000000e+05
8.071770000000000000e+05
1.028951000000000000e+06
1.119129000000000000e+06
1.224725000000000000e+06
1.154467000000000000e+06
7.235500000000000000e+04
8.768340000000000000e+05
8.483200000000000000e+05
8.897390000000000000e+05
1.009250000000000000e+06
4.433888000000000000e+06
5.207870000000000000e+05
1.246576000000000000e+06
1.304312000000000000e+06
1.414757000000000000e+06
1.181440000000000000e+05
1.103453000000000000e+06
7.545830000000000000e+05
9.460640000000000000e+05
1.367723000000000000e+06
1.716200000000000000e+05
2.548100000000000000e+04
3.170572000000000000e+06
1.422050000000000000e+06
1.090474000000000000e+06
1.870184000000000000e+06
1.052417000000000000e+06
1.029430000000000000e+05
1.197865000000000000e+06
1.504815000000000000e+07
2.091694000000000000e+06
1.929017000000000000e+06
2.007978000000000000e+06
2.455820000000000000e+06
5.274629000000000000e+06
5.545460000000000000e+05
2.501677000000000000e+06
2.841710000000000000e+06
2.770110000000000000e+06
2.899631000000000000e+06
3.468404000000000000e+06
2.517130000000000000e+05
1.929817000000000000e+06
2.056163000000000000e+06
2.560347000000000000e+06
1.605780000000000000e+05
5.091851000000000000e+06
2.702568000000000000e+06
2.188724000000000000e+06
2.182147000000000000e+06
1.898850000000000000e+05
1.638600000000000000e+04
2.685637000000000000e+06
2.516438000000000000e+06
1.414031000000000000e+06
3.694979000000000000e+06
1.224414000000000000e+06
1.373560000000000000e+05
5.490678000000000000e+06
3.331931000000000000e+06
2.486386000000000000e+06
2.560074000000000000e+06
2.551211000000000000e+06
2.181370000000000000e+06
2.796832000000000000e+06
2.216000000000000000e+05
2.262697000000000000e+06
1.589117000000000000e+06
1.823096000000000000e+06
2.055074000000000000e+06
5.585617000000000000e+06
5.483940000000000000e+05
1.233906000000000000e+06
1.070106000000000000e+06
5.630070000000000000e+05
7.369600000000000000e+04
1.360461000000000000e+06
1.070731000000000000e+06
9.231530000000000000e+05
6.501700000000000000e+05
9.416920000000000000e+05
6.161000000000000000e+04
3.248291000000000000e+06
1.302237000000000000e+07
8.877900000000000000e+05
1.585184000000000000e+06
1.630932000000000000e+06
1.500570000000000000e+05
1.750709000000000000e+06
2.039470000000000000e+06
2.323243000000000000e+06
2.339894000000000000e+06
1.663224000000000000e+06
1.151637000000000000e+06
4.392528000000000000e+06
5.349030000000000000e+05
1.727779000000000000e+06
1.485843000000000000e+06
1.920263000000000000e+06
2.022921000000000000e+06
1.471701000000000000e+06
9.930700000000000000e+04
1.793196000000000000e+06
2.284360000000000000e+06
1.375296000000000000e+06
1.144040000000000000e+05
3.424709000000000000e+06
1.778911000000000000e+06
1.409260000000000000e+06
6.907210000000000000e+05
9.192090000000000000e+05
7.463100000000000000e+04
1.488591000000000000e+06
1.298904000000000000e+06
7.251910000000000000e+05
2.042121000000000000e+06
2.344183000000000000e+06
1.276800000000000000e+05
3.465182000000000000e+06
1.578478000000000000e+06
1.842615000000000000e+06
1.813459000000000000e+06
7.052450000000000000e+05
6.580800000000000000e+04
8.120630000000000000e+05
1.356409000000000000e+06
9.738010000000000000e+05
7.237520000000000000e+05
1.135730000000000000e+06
1.305436000000000000e+06
4.558643000000000000e+06
5.240840000000000000e+05
2.790751400000000000e+07
2.759900000000000000e+05
6.404700000000000000e+05
2.050300000000000000e+04
6.139039000000000000e+06
1.958142900000000000e+07
1.920453100000000000e+07
1.679025100000000000e+07
1.919498700000000000e+07
3.348850000000000000e+05
2.248801400000000000e+07
1.725379500000000000e+07
1.363210400000000000e+07
1.448410100000000000e+07
1.281779700000000000e+07
4.090700000000000000e+05
1.135219200000000000e+07
1.300159100000000000e+07
1.415981100000000000e+07
1.057214800000000000e+07
1.025835400000000000e+07
4.454950000000000000e+05
1.274705800000000000e+07
1.717020200000000000e+07
1.552322300000000000e+07
1.587111200000000000e+07
1.780815500000000000e+07
3.984219600000000000e+07
1.245051100000000000e+07
5.427460000000000000e+05
1.194852800000000000e+07
1.178650500000000000e+07
1.162355100000000000e+07
4.574920000000000000e+05
1.512356500000000000e+07
1.348767900000000000e+07
1.501598600000000000e+07
1.540578500000000000e+07
1.489402500000000000e+07
5.763940000000000000e+05
1.556381700000000000e+07
1.583479600000000000e+07
1.552183400000000000e+07
1.615259600000000000e+07
1.633162900000000000e+07
8.008910000000000000e+05
1.753018700000000000e+07
1.537229900000000000e+07
1.497859000000000000e+07
1.465469700000000000e+07
1.490467600000000000e+07
5.421910000000000000e+05
3.868613000000000000e+07
2.918626000000000000e+06
3.008976000000000000e+06
3.105123000000000000e+06
3.108230000000000000e+06
2.986961000000000000e+06
6.308340000000000000e+06
4.899500000000000000e+05
2.087940000000000000e+06
2.157461000000000000e+06
2.189320000000000000e+06
1.064480000000000000e+05
1.976006000000000000e+06
2.031500000000000000e+06
2.015066000000000000e+06
2.074791000000000000e+06
1.782694000000000000e+06
1.071840000000000000e+05
4.142903000000000000e+06
2.157357000000000000e+06
2.582475000000000000e+06
3.068026000000000000e+06
2.382793000000000000e+06
1.844610000000000000e+05
2.380668000000000000e+06
2.146409000000000000e+06
1.778818000000000000e+06
1.595480800000000000e+07
6.708507000000000000e+06
1.940880000000000000e+05
1.017575700000000000e+07
9.372215000000000000e+06
1.097528900000000000e+07
1.201280500000000000e+07
1.288602100000000000e+07
1.414552900000000000e+07
1.498513900000000000e+07
3.906830000000000000e+05
1.651044500000000000e+07
1.655594600000000000e+07
1.699199800000000000e+07
3.332370000000000000e+05
1.767841800000000000e+07
1.507025000000000000e+07
1.876183300000000000e+07
1.892134200000000000e+07
1.482733800000000000e+07
2.913080000000000000e+05
1.292581000000000000e+07
1.252631000000000000e+07
1.056968900000000000e+07
5.288859900000000000e+07
3.825940000000000000e+05
4.245480000000000000e+05
4.624827000000000000e+06
8.196330000000000000e+05
3.186090000000000000e+05
3.054640000000000000e+05
3.473600000000000000e+05
3.121700000000000000e+04
3.014900000000000000e+05
2.561400000000000000e+05
2.695530000000000000e+05
2.914160000000000000e+05
3.443640000000000000e+05
2.740510000000000000e+05
2.693233000000000000e+06
5.250550000000000000e+05
3.709270000000000000e+05
5.040220000000000000e+05
4.800590000000000000e+05
6.753600000000000000e+04
4.708690000000000000e+05
4.230950000000000000e+05
2.257530000000000000e+05
3.058370000000000000e+05
2.873480000000000000e+05
3.741520000000000000e+05
2.448762000000000000e+06
4.983560000000000000e+05
2.850980000000000000e+05
2.499940000000000000e+05
1.804690000000000000e+05
1.290600000000000000e+04
2.033370000000000000e+05
2.573640000000000000e+05
2.888850000000000000e+05
2.669100000000000000e+04
4.741680000000000000e+05
6.206000000000000000e+04
2.310107000000000000e+06
5.225760000000000000e+05
3.155400000000000000e+04
3.803030000000000000e+05
3.856700000000000000e+04
3.793900000000000000e+05
1.533850000000000000e+05
9.355000000000000000e+03
1.467280000000000000e+05
1.073430000000000000e+05
1.844110000000000000e+05
1.095300000000000000e+04
1.889802000000000000e+06
6.893760000000000000e+05
1.321240000000000000e+05
2.345050000000000000e+05
2.778360000000000000e+05
2.616310000000000000e+05
2.709370000000000000e+05
3.685600000000000000e+04
2.478400000000000000e+05
5.559340000000000000e+05
4.795770000000000000e+05
3.012000000000000000e+04
3.286709000000000000e+06
1.043716000000000000e+06
5.510150000000000000e+05
6.876600000000000000e+04
5.487600000000000000e+05
4.808500000000000000e+04
1.781170000000000000e+05
1.626100000000000000e+04
1.654000000000000000e+03
1.711290000000000000e+05
1.266300000000000000e+04
2.626000000000000000e+03
2.473334000000000000e+06
5.467080000000000000e+05
5.041300000000000000e+04
1.108020000000000000e+05
1.302790000000000000e+05
1.097700000000000000e+04
1.270190000000000000e+05
4.505700000000000000e+04
6.407100000000000000e+04
1.033650000000000000e+05
1.079340000000000000e+05
1.517700000000000000e+04
1.728446000000000000e+06
5.956000000000000000e+05
1.617620000000000000e+05
2.341570000000000000e+05
6.526500000000000000e+04
1.171900000000000000e+04
1.691870000000000000e+05
7.417200000000000000e+04
1.268140000000000000e+05
2.664900000000000000e+04
4.266940000000000000e+05
2.473000000000000000e+04
1.861893000000000000e+06
7.855660000000000000e+05
5.807000000000000000e+04
5.815140000000000000e+05
6.427700000000000000e+04
1.020700000000000000e+04
3.847720000000000000e+05
2.290370000000000000e+05
1.723140000000000000e+05
1.052110000000000000e+05
2.550330000000000000e+05
3.058500000000000000e+04
2.056838000000000000e+06
6.767540000000000000e+05
1.960890000000000000e+05
1.378870000000000000e+05
8.732700000000000000e+04
5.829000000000000000e+03
1.407020000000000000e+05
8.478900000000000000e+04
4.113900000000000000e+04
2.462950000000000000e+05
4.356800000000000000e+04
1.261350000000000000e+05
3.050344000000000000e+06
5.696280000000000000e+05
1.271210000000000000e+05
1.932200000000000000e+04
4.379370000000000000e+05
2.353800000000000000e+04
4.115000000000000000e+03
4.884200000000000000e+05
4.696000000000000000e+04
2.595840000000000000e+05
1.028100000000000000e+04
1.792000000000000000e+03
2.359178000000000000e+06
5.782820000000000000e+05
9.228200000000000000e+04
1.030610000000000000e+05
8.698700000000000000e+04
5.064000000000000000e+03
1.136260000000000000e+05
1.416810000000000000e+05
7.241700000000000000e+04
8.840800000000000000e+04
7.950000000000000000e+04
8.425000000000000000e+03
1.655549000000000000e+06
6.604320000000000000e+05
1.401750000000000000e+05
1.527860000000000000e+05
3.279800000000000000e+04
6.775000000000000000e+03
1.168110000000000000e+05
4.366000000000000000e+04
1.274880000000000000e+05
1.983000000000000000e+05
2.738440000000000000e+05
5.068900000000000000e+04
2.012254000000000000e+06
9.634240000000000000e+05
4.565350000000000000e+05
4.969380000000000000e+05
6.059580000000000000e+05
8.034400000000000000e+04
6.943620000000000000e+05
8.568200000000000000e+05
1.454341000000000000e+06
1.784587000000000000e+06
1.912236000000000000e+06
2.276530000000000000e+05
3.967091000000000000e+06
1.410617000000000000e+06
1.218677000000000000e+06
1.339219000000000000e+06
1.274505000000000000e+06
1.299560000000000000e+05
9.365690000000000000e+05
8.440480000000000000e+05
6.002020000000000000e+05
1.187725000000000000e+06
1.065367000000000000e+06
6.840000000000000000e+04
4.956726000000000000e+06
2.034739000000000000e+06
1.693341000000000000e+06
1.571671000000000000e+06
9.324650000000000000e+05
1.229100000000000000e+05
8.072890000000000000e+05
1.269704000000000000e+06
1.658464000000000000e+06
2.088817000000000000e+06
2.331639000000000000e+06
1.974900000000000000e+05
4.566635000000000000e+06
2.323111000000000000e+06
1.634295000000000000e+06
1.442696000000000000e+06
1.189275000000000000e+06
1.214800000000000000e+05
9.849660000000000000e+05
8.568130000000000000e+05
7.977620000000000000e+05
7.986760000000000000e+05
5.307280000000000000e+05
6.401900000000000000e+04
3.440392000000000000e+06
7.828790000000000000e+05
3.529720000000000000e+05
3.581000000000000000e+05
2.441730000000000000e+05
1.674600000000000000e+04
3.447760000000000000e+05
3.470870000000000000e+05
2.364410000000000000e+05
1.561850000000000000e+05
1.645480000000000000e+05
1.629900000000000000e+04
2.532152000000000000e+06
7.241090000000000000e+05
2.278650000000000000e+05
2.552550000000000000e+05
1.520440000000000000e+05
2.440300000000000000e+04
2.419110000000000000e+05
2.101850000000000000e+05
2.288300000000000000e+05
1.667780000000000000e+05
2.005290000000000000e+05
3.412300000000000000e+04
2.200438000000000000e+06
6.576690000000000000e+05
1.755830000000000000e+05
9.789000000000000000e+04
8.088200000000000000e+04
0.000000000000000000e+00
1.817290000000000000e+05
2.422860000000000000e+05
5.039300000000000000e+04
3.012230000000000000e+05
2.220740000000000000e+05
1.604100000000000000e+04
2.904289000000000000e+06
6.552680000000000000e+05
1.976250000000000000e+05
4.008900000000000000e+05
3.445420000000000000e+05
3.747400000000000000e+04
2.026580000000000000e+05
1.763500000000000000e+05
2.564630000000000000e+05
4.049310000000000000e+05
6.415800000000000000e+05
8.060600000000000000e+04
3.419395000000000000e+06
1.124063000000000000e+06
3.552730000000000000e+05
3.547900000000000000e+05
5.419860000000000000e+05
4.476800000000000000e+04
9.415550000000000000e+05
1.036665000000000000e+06
1.340059000000000000e+06
1.724610000000000000e+06
1.408052000000000000e+06
1.078330000000000000e+05
3.056267000000000000e+06
8.026810000000000000e+05
5.279790000000000000e+05
7.270390000000000000e+05
7.741390000000000000e+05
8.335200000000000000e+04
8.971760000000000000e+05
9.485570000000000000e+05
8.879090000000000000e+05
8.772160000000000000e+05
8.364600000000000000e+05
7.613800000000000000e+04
2.903576000000000000e+06
8.939700000000000000e+05
7.638990000000000000e+05
7.833010000000000000e+05
6.937290000000000000e+05
6.012700000000000000e+04
5.725480000000000000e+05
5.264420000000000000e+05
3.494290000000000000e+05
2.805540000000000000e+05
3.140680000000000000e+05
3.860500000000000000e+04
2.591312000000000000e+06
5.204724900000000000e+07
2.338162000000000000e+06
2.861140000000000000e+06
3.371378000000000000e+06
1.772710000000000000e+05
3.370154000000000000e+06
3.221801000000000000e+06
3.091810000000000000e+06
3.087146000000000000e+06
3.113730000000000000e+06
9.225500000000000000e+04
6.668722000000000000e+06
2.843547000000000000e+06
2.166685000000000000e+06
2.037102000000000000e+06
1.826348000000000000e+06
5.169300000000000000e+04
1.967881000000000000e+06
2.044980000000000000e+06
2.072016000000000000e+06
2.407806000000000000e+06
2.883537000000000000e+06
9.502100000000000000e+04
5.639781000000000000e+06
3.347298000000000000e+06
2.985485000000000000e+06
2.608828000000000000e+06
1.916079000000000000e+06
8.023100000000000000e+04
2.113404000000000000e+06
2.622023000000000000e+06
2.864694000000000000e+06
1.667645000000000000e+06
1.482619000000000000e+06
1.098200000000000000e+05
4.385540000000000000e+06
2.511680000000000000e+06
2.230364000000000000e+06
1.842756000000000000e+06
1.600392000000000000e+06
1.346830000000000000e+05
1.523353000000000000e+06
1.517620000000000000e+06
1.433014000000000000e+06
1.866320000000000000e+06
1.979463000000000000e+06
1.130250000000000000e+05
4.215673000000000000e+06
1.920951000000000000e+06
1.602493000000000000e+06
1.709089000000000000e+06
1.547161000000000000e+06
1.004510000000000000e+05
1.726056000000000000e+06
2.015330000000000000e+06
2.463189000000000000e+06
2.515842000000000000e+06
2.658229000000000000e+06
1.805230000000000000e+05
4.511480000000000000e+06
2.659645000000000000e+06
2.193826000000000000e+06
2.020043000000000000e+06
1.917158000000000000e+06
1.494150000000000000e+05
1.812455000000000000e+06
1.732270000000000000e+06
1.273329000000000000e+06
1.147109000000000000e+06
1.180757000000000000e+06
8.985300000000000000e+04
4.537839000000000000e+06
1.642594000000000000e+06
1.538286000000000000e+06
2.047914000000000000e+06
2.588049000000000000e+06
1.812710000000000000e+05
2.962961000000000000e+06
3.527634000000000000e+06
3.851282000000000000e+06
4.228445000000000000e+06
4.944040000000000000e+06
2.386100000000000000e+05
6.607154000000000000e+06
4.649346000000000000e+06
4.165472000000000000e+06
3.868635000000000000e+06
3.550588000000000000e+06
8.969200000000000000e+04
3.477339000000000000e+06
3.113116000000000000e+06
2.230928000000000000e+06
2.223557000000000000e+06
2.328914000000000000e+06
5.160100000000000000e+04
5.587772000000000000e+06
2.693287000000000000e+06
2.794456000000000000e+06
2.988136000000000000e+06
2.995956000000000000e+06
8.971800000000000000e+04
3.309651000000000000e+06
3.412523000000000000e+06
3.176640000000000000e+06
3.317744000000000000e+06
3.399880000000000000e+06
2.279380000000000000e+05
5.578014000000000000e+06
1.993208100000000000e+07
2.503689000000000000e+06
1.589960000000000000e+06
1.209415000000000000e+06
1.126494000000000000e+06
1.129892000000000000e+06
9.452400000000000000e+04
1.057410000000000000e+06
1.126270000000000000e+06
9.186960000000000000e+05
9.342200000000000000e+04
4.530306000000000000e+06
1.063243000000000000e+06
7.471200000000000000e+05
1.300088000000000000e+06
1.781299000000000000e+06
1.446790000000000000e+05
1.799726000000000000e+06
2.069524000000000000e+06
2.392603000000000000e+06
2.756595000000000000e+06
3.134212000000000000e+06
2.750780000000000000e+05
6.260695000000000000e+06
3.300524000000000000e+06
2.935226000000000000e+06
2.553417000000000000e+06
2.447945000000000000e+06
1.888900000000000000e+05
2.138500000000000000e+06
1.916644000000000000e+06
1.941859000000000000e+06
1.942693000000000000e+06
1.503071000000000000e+06
1.404443000000000000e+06
3.873762000000000000e+06
6.034910000000000000e+05
6.394710000000000000e+05
1.800623000000000000e+07
1.006122000000000000e+06
7.499000000000000000e+04
1.225389000000000000e+06
1.582497000000000000e+06
2.019547000000000000e+06
2.405355000000000000e+06
2.507309000000000000e+06
1.896380000000000000e+05
4.573225000000000000e+06
2.001818000000000000e+06
1.317393000000000000e+06
1.259562000000000000e+06
1.243306000000000000e+06
7.221200000000000000e+04
1.518244000000000000e+06
1.826738000000000000e+06
2.513263000000000000e+06
2.954288000000000000e+06
2.467286000000000000e+06
1.822160000000000000e+05
3.956587000000000000e+06
2.054577000000000000e+06
1.688569000000000000e+06
2.059019000000000000e+06
2.381003000000000000e+06
2.408428000000000000e+06
2.340970000000000000e+06
2.178140000000000000e+05
1.703784000000000000e+06
1.851430000000000000e+06
1.453545000000000000e+06
1.248330000000000000e+05
4.468348000000000000e+06
1.461210000000000000e+06
1.659883000000000000e+06
1.896381000000000000e+06
1.677338000000000000e+06
1.520380000000000000e+05
1.222043000000000000e+06
9.002390000000000000e+05
1.202045000000000000e+06
1.585805000000000000e+06
1.591318000000000000e+06
1.374640000000000000e+05
4.000398000000000000e+06
1.655633000000000000e+06
1.617811000000000000e+06
1.610166000000000000e+06
1.574263000000000000e+06
1.287220000000000000e+05
1.429754000000000000e+06
1.514861000000000000e+06
1.248819000000000000e+06
1.187133000000000000e+06
1.882616000000000000e+06
1.759073000000000000e+06
4.967195000000000000e+06
4.838610000000000000e+05
4.107750000000000000e+06
4.388882000000000000e+06
4.594489000000000000e+06
2.608140000000000000e+05
4.161889000000000000e+06
4.082492000000000000e+06
3.499421000000000000e+06
1.285277900000000000e+07
2.743407000000000000e+06
2.622410000000000000e+05
5.345134000000000000e+06
5.016140000000000000e+05
3.477147000000000000e+06
1.884037000000000000e+06
1.368759000000000000e+06
1.480210000000000000e+05
6.283700000000000000e+04
1.993383000000000000e+06
1.389993000000000000e+06
1.341922000000000000e+06
1.092750000000000000e+05
2.220400000000000000e+04
3.870928000000000000e+06
7.937160000000000000e+05
4.216840000000000000e+05
7.265700000000000000e+04
1.292955000000000000e+06
4.165810000000000000e+05
7.052510000000000000e+05
6.844000000000000000e+04
5.991710000000000000e+05
5.902430000000000000e+05
6.795140000000000000e+05
5.938700000000000000e+04
3.995958000000000000e+06
1.242163000000000000e+06
1.253440000000000000e+06
1.658981000000000000e+06
1.910367000000000000e+06
1.106880000000000000e+05
2.242093000000000000e+06
1.465890000000000000e+05
5.446579000000000000e+06
3.663327000000000000e+06
4.668050000000000000e+06
1.430950000000000000e+05
3.111256000000000000e+06
9.020850000000000000e+06
5.815271000000000000e+06
6.248675000000000000e+06
1.880430000000000000e+05
1.468570000000000000e+05
9.179169000000000000e+06
5.948453000000000000e+06
5.880972000000000000e+06
1.604720000000000000e+05
9.732655000000000000e+06
6.116161000000000000e+06
8.373793000000000000e+06
3.738950000000000000e+05
5.716677000000000000e+06
5.155732000000000000e+06
3.624807000000000000e+06
6.404700000000000000e+04
3.800647000000000000e+06
3.894325000000000000e+06
2.775432000000000000e+06
2.338576000000000000e+06
2.249680000000000000e+06
1.764250000000000000e+05
4.174610000000000000e+06
5.389480000000000000e+05
1.914260000000000000e+06
3.403550000000000000e+05
7.516680000000000000e+05
3.870600000000000000e+04
1.140900000000000000e+04
1.718568000000000000e+06
5.564230000000000000e+05
7.438400000000000000e+05
4.677000000000000000e+04
0.000000000000000000e+00
3.030439000000000000e+06
1.122133000000000000e+06
9.333170000000000000e+05
6.674600000000000000e+04
1.557088000000000000e+06
7.848500000000000000e+05
9.920520000000000000e+05
6.810800000000000000e+04
1.001638000000000000e+06
1.076903000000000000e+06
1.160024000000000000e+06
6.998700000000000000e+04
4.184497000000000000e+06
1.819047000000000000e+06
1.551051000000000000e+06
5.048911400000000000e+07
2.870509000000000000e+06
5.210360000000000000e+05
3.363489000000000000e+06
6.037966000000000000e+06
3.544920000000000000e+05
4.056437000000000000e+06
4.680984000000000000e+06
2.090870000000000000e+05
5.349134000000000000e+06
9.199757000000000000e+06
4.413071000000000000e+06
4.343750000000000000e+06
1.685760000000000000e+05
8.442793000000000000e+06
5.271047000000000000e+06
2.444030000000000000e+05
5.481303000000000000e+06
1.653840000000000000e+05
9.748173000000000000e+06
7.394106000000000000e+06
1.011151500000000000e+07
3.617490000000000000e+05
5.680698000000000000e+06
5.833374000000000000e+06
6.335208000000000000e+06
3.214610000000000000e+05
7.513413000000000000e+06
6.774341000000000000e+06
5.622915000000000000e+06
4.789037000000000000e+06
4.471936000000000000e+06
2.419480000000000000e+05
6.943503000000000000e+06
5.395980000000000000e+05
4.167261000000000000e+06
1.797277000000000000e+06
2.545629000000000000e+06
1.647420000000000000e+05
2.062800000000000000e+04
7.409637000000000000e+06
2.078333000000000000e+06
2.772651000000000000e+06
1.615390000000000000e+05
3.659400000000000000e+04
9.241041000000000000e+06
5.873236000000000000e+06
6.498284000000000000e+06
3.008930000000000000e+05
1.116253900000000000e+07
1.012524400000000000e+07
1.023172800000000000e+07
2.668850000000000000e+05
9.336335000000000000e+06
9.586177000000000000e+06
1.222017600000000000e+07
3.172890000000000000e+05
1.567749800000000000e+07
1.375496800000000000e+07
1.264493600000000000e+07
1.037493800000000000e+07
1.022851500000000000e+07
3.226150000000000000e+05
9.880847000000000000e+06
4.523190000000000000e+05
1.131027500000000000e+07
4.409524000000000000e+06
4.371514000000000000e+06
3.770520000000000000e+05
4.765983000000000000e+06
4.997565000000000000e+06
1.316275000000000000e+06
2.748681100000000000e+07
2.239110000000000000e+05
2.545660000000000000e+05
6.663253000000000000e+06
4.945685000000000000e+06
3.496482000000000000e+06
2.456300000000000000e+05
5.452571000000000000e+06
2.223300000000000000e+05
6.540616000000000000e+06
2.754733000000000000e+06
2.213650000000000000e+06
2.531963000000000000e+06
2.749467000000000000e+06
1.352010000000000000e+05
2.385566000000000000e+06
2.528724000000000000e+06
2.203568000000000000e+06
2.133952000000000000e+06
3.232129000000000000e+06
7.893400000000000000e+04
6.000335000000000000e+06
5.789780000000000000e+05
6.827685000000000000e+06
5.728674000000000000e+06
5.704864000000000000e+06
2.486630000000000000e+05
4.071800000000000000e+04
9.362486000000000000e+06
4.884035000000000000e+06
3.722929000000000000e+06
1.779130000000000000e+05
4.729100000000000000e+04
7.517411000000000000e+06
1.607313000000000000e+06
2.082248000000000000e+06
1.596400000000000000e+05
3.836895000000000000e+06
2.198640000000000000e+05
2.132071000000000000e+06
2.329670000000000000e+06
2.346608000000000000e+06
2.932323000000000000e+06
3.129456000000000000e+06
1.391150000000000000e+05
5.943433000000000000e+06
2.379776000000000000e+06
2.629652000000000000e+06
2.606440000000000000e+06
2.623592000000000000e+06
1.874600000000000000e+05
3.039038000000000000e+06
1.952840000000000000e+05
7.123669000000000000e+06
2.263994900000000000e+07
2.733738000000000000e+06
1.112180000000000000e+05
3.684493000000000000e+06
5.249451000000000000e+06
2.675349000000000000e+06
1.656324000000000000e+06
1.487220000000000000e+05
1.726200000000000000e+04
2.093112000000000000e+06
1.691313000000000000e+06
1.970570000000000000e+06
1.258830000000000000e+05
3.242679000000000000e+06
1.856940000000000000e+05
3.563622000000000000e+06
1.433059000000000000e+06
8.199770000000000000e+05
9.325070000000000000e+05
1.131557000000000000e+06
9.379200000000000000e+04
1.386722000000000000e+06
1.721143000000000000e+06
2.100686000000000000e+06
2.243923000000000000e+06
2.714785000000000000e+06
1.755650000000000000e+05
5.553361000000000000e+06
5.065350000000000000e+05
6.898371000000000000e+06
3.371551000000000000e+06
2.479703000000000000e+06
1.793490000000000000e+05
3.129700000000000000e+04
3.259036000000000000e+06
1.538052000000000000e+06
1.909448000000000000e+06
1.042980000000000000e+05
8.968000000000000000e+03
5.758378000000000000e+06
2.328576000000000000e+06
2.293677000000000000e+06
1.398540000000000000e+05
4.692703000000000000e+06
1.727770000000000000e+05
2.136272000000000000e+06
1.874638000000000000e+06
2.014634000000000000e+06
1.213461000000000000e+06
1.361148000000000000e+06
1.517530000000000000e+05
4.328743000000000000e+06
2.199884000000000000e+06
1.530651000000000000e+06
1.665361000000000000e+06
1.844455000000000000e+06
1.285770000000000000e+05
1.402141000000000000e+06
3.274314200000000000e+07
1.411710000000000000e+06
1.690627000000000000e+06
2.061337000000000000e+06
1.603460000000000000e+05
5.225039000000000000e+06
1.608786000000000000e+06
1.659806000000000000e+06
2.407791000000000000e+06
1.027259000000000000e+06
1.580440000000000000e+05
1.075733000000000000e+06
1.159953000000000000e+06
1.553528000000000000e+06
1.954554000000000000e+06
1.949165000000000000e+06
1.063120000000000000e+05
4.349338000000000000e+06
2.279534000000000000e+06
1.854031000000000000e+06
1.887536000000000000e+06
1.663296000000000000e+06
1.082420000000000000e+05
1.541899000000000000e+06
1.582081000000000000e+06
1.712618000000000000e+06
1.844115000000000000e+06
2.385928000000000000e+06
1.209230000000000000e+05
4.771648000000000000e+06
6.622318700000000000e+07
4.898100000000000000e+05
8.467100000000000000e+05
9.655560000000000000e+05
6.478200000000000000e+04
1.005447000000000000e+06
1.100349000000000000e+06
1.132625000000000000e+06
1.475703000000000000e+06
1.948775000000000000e+06
6.590800000000000000e+04
5.957341000000000000e+06
2.232696000000000000e+06
1.772269000000000000e+06
1.821709000000000000e+06
1.982520000000000000e+06
4.926500000000000000e+04
1.938934000000000000e+06
1.588954000000000000e+06
1.589042000000000000e+06
1.246296000000000000e+06
1.289997000000000000e+06
4.817800000000000000e+04
4.962636000000000000e+06
2.338001000000000000e+06
2.409125000000000000e+06
2.408766000000000000e+06
2.193240000000000000e+06
9.572500000000000000e+04
1.730459000000000000e+06
1.495951000000000000e+06
1.434123000000000000e+06
8.401600000000000000e+05
9.944080000000000000e+05
8.359400000000000000e+04
3.955656000000000000e+06
1.209561000000000000e+06
6.848790000000000000e+05
5.665240000000000000e+05
5.244760000000000000e+05
4.209800000000000000e+04
5.936080000000000000e+05
8.378180000000000000e+05
6.818640000000000000e+05
8.274590000000000000e+05
5.998240000000000000e+05
5.131400000000000000e+04
2.490322000000000000e+06
6.749270000000000000e+05
4.088930000000000000e+05
5.404710000000000000e+05
7.284180000000000000e+05
3.179100000000000000e+04
5.790680000000000000e+05
7.780630000000000000e+05
5.434780000000000000e+05
7.140900000000000000e+05
6.489890000000000000e+05
4.987600000000000000e+04
2.319890000000000000e+06
9.138400000000000000e+05
6.684270000000000000e+05
6.150620000000000000e+05
4.739090000000000000e+05
5.776300000000000000e+04
7.782800000000000000e+04
2.411840000000000000e+05
3.583780000000000000e+05
4.411970000000000000e+05
1.753250000000000000e+05
2.170200000000000000e+04
2.228073000000000000e+06
8.934560000000000000e+05
6.084670000000000000e+05
5.190290000000000000e+05
3.931770000000000000e+05
3.197100000000000000e+04
1.962390000000000000e+05
2.148300000000000000e+05
3.783790000000000000e+05
3.768470000000000000e+05
1.934700000000000000e+05
2.698200000000000000e+04
3.429075000000000000e+06
7.825030000000000000e+05
4.190300000000000000e+05
3.057360000000000000e+05
6.436040000000000000e+05
4.053100000000000000e+04
3.044280000000000000e+05
4.996900000000000000e+05
5.450480000000000000e+05
4.975810000000000000e+05
4.818920000000000000e+05
1.002980000000000000e+05
2.793924000000000000e+06
7.367080000000000000e+05
1.085460000000000000e+05
5.982600000000000000e+04
3.426100000000000000e+04
5.798000000000000000e+03
5.996300000000000000e+04
2.987700000000000000e+04
8.679700000000000000e+04
3.915300000000000000e+04
4.153200000000000000e+04
4.251000000000000000e+03
4.511840000000000000e+06
4.672079000000000000e+06
3.229794000000000000e+06
3.191381000000000000e+06
3.416119000000000000e+06
5.793200000000000000e+04
3.335166000000000000e+06
3.258361000000000000e+06
6.896376000000000000e+06
1.046805500000000000e+07
1.305870600000000000e+07
3.109600000000000000e+04
1.480001000000000000e+07
1.309269500000000000e+07
1.243446000000000000e+07
1.265231600000000000e+07
1.275837100000000000e+07
1.016160000000000000e+05
1.000517400000000000e+07
9.405447000000000000e+06
1.271716000000000000e+07
1.390336100000000000e+07
9.672103000000000000e+06
1.167600000000000000e+04
6.743848000000000000e+06
5.634220000000000000e+06
2.478649000000000000e+06
2.375617000000000000e+06
3.402914000000000000e+06
1.146000000000000000e+03
4.365530000000000000e+06
4.321761000000000000e+06
4.390534000000000000e+06
2.200316000000000000e+06
0.000000000000000000e+00
0.000000000000000000e+00
8.554170000000000000e+05
5.784550000000000000e+05
1.243440000000000000e+06
1.199671000000000000e+06
1.250168000000000000e+06
1.337600000000000000e+04
1.829626000000000000e+06
1.386935000000000000e+06
1.891624000000000000e+06
2.044261000000000000e+06
1.739593000000000000e+06
9.090100000000000000e+04
2.892668000000000000e+06
9.422660000000000000e+05
2.084583000000000000e+06
1.522896000000000000e+06
2.087987000000000000e+06
8.896800000000000000e+04
1.425479000000000000e+06
2.093148000000000000e+06
2.123337000000000000e+06
2.060499000000000000e+06
1.783968000000000000e+06
3.166230000000000000e+05
2.872772000000000000e+06
1.434736000000000000e+06
2.019945000000000000e+06
2.065242000000000000e+06
2.424791000000000000e+06
4.128000000000000000e+03
3.477600000000000000e+05
0.000000000000000000e+00
0.000000000000000000e+00
5.424300000000000000e+04
0.000000000000000000e+00
0.000000000000000000e+00
6.654280000000000000e+05
8.866470000000000000e+05
8.690620000000000000e+05
9.258340000000000000e+05
6.481190000000000000e+05
4.227200000000000000e+04
