3.289758000000000000e+06
5.999930000000000000e+06
6.824956000000000000e+06
5.881480000000000000e+06
6.257374000000000000e+06
5.748850000000000000e+06
6.012808000000000000e+06
7.006746000000000000e+06
3.347530000000000000e+05
5.715746000000000000e+06
6.381569000000000000e+06
5.684064000000000000e+06
6.207516000000000000e+06
7.080046000000000000e+06
6.549300000000000000e+05
5.416635000000000000e+06
7.277716000000000000e+06
6.284427000000000000e+06
6.350137000000000000e+06
9.114542000000000000e+06
4.438920000000000000e+05
4.762786000000000000e+06
6.692854000000000000e+06
6.434590000000000000e+06
6.663797000000000000e+06
7.116827000000000000e+06
8.517200000000000000e+05
6.769446000000000000e+06
6.739027000000000000e+06
1.067467000000000000e+06
9.571560000000000000e+05
5.944283000000000000e+06
4.276250000000000000e+05
3.323090000000000000e+05
9.685440000000000000e+05
7.791530000000000000e+05
8.763720000000000000e+05
8.026810000000000000e+05
8.978830000000000000e+05
9.840820000000000000e+05
1.135654000000000000e+06
3.391600000000000000e+05
4.295990000000000000e+05
3.587942000000000000e+06
3.525810000000000000e+05
3.092440000000000000e+05
9.586770000000000000e+05
6.611480000000000000e+05
6.793660000000000000e+05
5.344040000000000000e+05
6.966520000000000000e+05
7.269010000000000000e+05
1.370138000000000000e+06
3.820160000000000000e+05
6.497170000000000000e+05
4.542074000000000000e+06
2.671250000000000000e+05
7.662520000000000000e+05
1.409342000000000000e+06
6.692940000000000000e+05
8.202830000000000000e+05
7.912160000000000000e+05
8.512340000000000000e+05
7.824770000000000000e+05
1.177385000000000000e+06
7.342970000000000000e+05
5.333200000000000000e+05
3.426592000000000000e+06
2.873630000000000000e+05
6.553300000000000000e+05
1.030986000000000000e+06
5.228750000000000000e+05
6.205690000000000000e+05
6.012280000000000000e+05
7.086350000000000000e+05
5.016390000000000000e+05
1.149516000000000000e+06
4.130450000000000000e+05
5.304320000000000000e+05
4.399894000000000000e+06
3.159700000000000000e+05
4.618500000000000000e+05
9.768560000000000000e+05
5.067810000000000000e+05
5.987560000000000000e+05
4.934610000000000000e+05
8.405540000000000000e+05
6.849550000000000000e+05
1.157123000000000000e+06
3.840130000000000000e+05
5.279820000000000000e+05
3.820189000000000000e+06
2.388810000000000000e+05
4.554690000000000000e+05
1.218119000000000000e+06
4.434760000000000000e+05
4.932010000000000000e+05
8.510400000000000000e+05
8.173650000000000000e+05
4.348980000000000000e+05
1.274949000000000000e+06
4.045120000000000000e+05
6.230010000000000000e+05
3.912756000000000000e+06
2.765730000000000000e+05
4.724040000000000000e+05
1.262357000000000000e+06
5.899870000000000000e+05
5.033540000000000000e+05
6.374730000000000000e+05
8.526600000000000000e+05
7.521340000000000000e+05
1.247208000000000000e+06
4.432190000000000000e+05
6.343530000000000000e+05
2.842568000000000000e+06
2.613380000000000000e+05
5.584440000000000000e+05
1.251215000000000000e+06
6.547150000000000000e+05
7.825670000000000000e+05
6.210410000000000000e+05
6.555210000000000000e+05
7.519460000000000000e+05
1.261811000000000000e+06
5.628760000000000000e+05
8.013170000000000000e+05
4.110389000000000000e+06
2.639670000000000000e+05
6.626550000000000000e+05
1.120123000000000000e+06
5.459510000000000000e+05
4.880390900000000000e+07
1.097892300000000000e+07
1.547582000000000000e+06
1.103665800000000000e+07
1.095825600000000000e+07
1.072790300000000000e+07
1.072873900000000000e+07
1.089635400000000000e+07
5.335660000000000000e+05
1.062702200000000000e+07
1.073124500000000000e+07
1.070421300000000000e+07
1.199477000000000000e+07
1.038654700000000000e+07
1.699061000000000000e+06
9.860115000000000000e+06
9.626407000000000000e+06
