8.151650000000000000e+05
2.027608000000000000e+06
4.623320000000000000e+05
3.266370000000000000e+05
3.308840000000000000e+05
3.207960000000000000e+05
4.211920000000000000e+05
4.349220000000000000e+05
3.459600000000000000e+04
4.125900000000000000e+05
4.942880000000000000e+05
1.129545000000000000e+06
7.403810000000000000e+05
2.437931000000000000e+06
4.876670000000000000e+05
4.347080000000000000e+05
4.681950000000000000e+05
8.400090000000000000e+05
4.113210000000000000e+05
3.769500000000000000e+05
3.073300000000000000e+04
5.414890000000000000e+05
4.092700000000000000e+05
8.479270000000000000e+05
2.177360000000000000e+05
2.544221000000000000e+06
5.065650000000000000e+05
7.333400000000000000e+04
4.064400000000000000e+04
1.148550000000000000e+05
1.136910000000000000e+05
8.698700000000000000e+04
0.000000000000000000e+00
5.780727600000000000e+07
5.339500000000000000e+06
5.292451000000000000e+06
4.133401000000000000e+06
3.728892000000000000e+06
3.147600000000000000e+05
3.382370000000000000e+06
4.150059000000000000e+06
4.614961000000000000e+06
4.190676000000000000e+06
3.970973000000000000e+06
2.289800000000000000e+05
6.666227000000000000e+06
4.386234000000000000e+06
5.060896000000000000e+06
4.685167000000000000e+06
4.462476000000000000e+06
2.522620000000000000e+05
4.351913000000000000e+06
3.956686000000000000e+06
4.083173000000000000e+06
4.020929000000000000e+06
3.784935000000000000e+06
2.041390000000000000e+05
6.502682000000000000e+06
4.665211000000000000e+06
5.440630000000000000e+06
4.910619000000000000e+06
4.004182000000000000e+06
2.264090000000000000e+05
3.860645000000000000e+06
5.177171200000000000e+07
1.932959000000000000e+06
1.747154000000000000e+06
1.540154000000000000e+06
1.335240000000000000e+05
1.405693000000000000e+06
2.091653000000000000e+06
6.147368000000000000e+06
8.162420000000000000e+06
7.154376000000000000e+06
3.899590000000000000e+05
4.755033000000000000e+06
7.417109000000000000e+06
4.628567000000000000e+06
4.831257000000000000e+06
4.018907000000000000e+06
3.325370000000000000e+05
3.230059000000000000e+06
3.183113000000000000e+06
3.907149000000000000e+06
3.176189000000000000e+06
2.856277000000000000e+06
2.099230000000000000e+05
3.106588000000000000e+06
7.130194000000000000e+06
5.630114500000000000e+07
6.509659000000000000e+06
5.016792000000000000e+06
3.399730000000000000e+05
5.477135000000000000e+06
7.712960000000000000e+06
8.833588000000000000e+06
7.435064000000000000e+06
6.131537300000000000e+07
4.157330000000000000e+05
8.121150000000000000e+05
1.181058000000000000e+06
1.441085000000000000e+06
1.684861000000000000e+06
1.815594000000000000e+06
1.012190000000000000e+05
2.081779000000000000e+06
2.411668000000000000e+06
2.849171000000000000e+06
2.677715000000000000e+06
5.374016000000000000e+06
5.134490000000000000e+05
2.696137000000000000e+06
3.871454000000000000e+06
4.225960000000000000e+06
4.312599000000000000e+06
3.767893000000000000e+06
2.795010000000000000e+05
3.560149000000000000e+06
5.093855000000000000e+06
5.504476000000000000e+06
4.887150000000000000e+06
7.267963000000000000e+06
5.870860000000000000e+05
7.280527100000000000e+07
6.757500000000000000e+05
4.448800000000000000e+05
5.113170000000000000e+05
8.406250000000000000e+05
5.057000000000000000e+04
6.138770000000000000e+05
5.704240000000000000e+05
1.146695000000000000e+06
4.617020000000000000e+05
4.786560000000000000e+05
2.323800000000000000e+04
3.037069000000000000e+06
9.576020000000000000e+05
5.402330000000000000e+05
3.866630000000000000e+05
4.788690000000000000e+05
3.584100000000000000e+04
5.483510000000000000e+05
4.920680000000000000e+05
1.122839000000000000e+06
6.564220000000000000e+05
5.097460000000000000e+05
2.637800000000000000e+04
2.679170000000000000e+06
6.497290000000000000e+05
