1.920938000000000000e+06
6.121830000000000000e+05
4.707600000000000000e+04
2.744730000000000000e+05
3.234470000000000000e+05
4.497550000000000000e+05
3.670810000000000000e+05
4.450410000000000000e+05
3.479900000000000000e+04
4.877940000000000000e+05
4.157070000000000000e+05
8.891210000000000000e+05
2.179037000000000000e+06
7.497140000000000000e+05
6.344600000000000000e+04
2.942120000000000000e+05
3.107260000000000000e+05
2.887090000000000000e+05
2.863350000000000000e+05
2.992060000000000000e+05
9.155000000000000000e+03
3.066540000000000000e+05
4.249690000000000000e+05
9.000090000000000000e+05
1.899387000000000000e+06
5.695160000000000000e+05
3.714200000000000000e+04
1.893490000000000000e+05
3.333830000000000000e+05
2.939850000000000000e+05
3.329870000000000000e+05
2.687909200000000000e+07
3.868380000000000000e+05
2.735614000000000000e+06
2.972524000000000000e+06
3.195239000000000000e+06
5.870726000000000000e+06
3.424589000000000000e+06
2.157800000000000000e+05
2.777240000000000000e+06
3.088601000000000000e+06
3.487074000000000000e+06
4.030324000000000000e+06
4.300137000000000000e+06
2.457310000000000000e+05
4.436034000000000000e+06
3.157898000000000000e+06
2.808920000000000000e+06
4.952936000000000000e+06
2.667875000000000000e+06
1.671450000000000000e+05
2.124116000000000000e+06
2.130042000000000000e+06
4.010702000000000000e+06
6.201509000000000000e+06
3.561367000000000000e+07
1.942690000000000000e+05
4.740719000000000000e+06
4.324355000000000000e+06
4.129468000000000000e+06
4.037696000000000000e+06
3.276905000000000000e+06
1.034250000000000000e+05
3.549392000000000000e+06
2.918988000000000000e+06
2.957356000000000000e+06
2.889234000000000000e+06
4.492645000000000000e+06
5.141100000000000000e+05
2.459136000000000000e+06
2.292121000000000000e+06
2.911697000000000000e+06
4.222353800000000000e+07
2.125242000000000000e+06
1.603800000000000000e+05
1.878151000000000000e+06
1.918819000000000000e+06
2.084864000000000000e+06
2.281331000000000000e+06
2.174276000000000000e+06
2.001260000000000000e+05
2.033799000000000000e+06
2.268385000000000000e+06
2.952078000000000000e+06
5.348555000000000000e+06
3.189677000000000000e+06
2.517870000000000000e+05
2.850810000000000000e+06
2.958463000000000000e+06
2.330765400000000000e+07
1.846978000000000000e+06
1.645730000000000000e+06
1.788690000000000000e+05
1.824281000000000000e+06
2.253387000000000000e+06
3.450707000000000000e+06
6.922195000000000000e+06
4.738413700000000000e+07
6.430220000000000000e+05
1.891230000000000000e+05
2.742080000000000000e+05
3.108350000000000000e+05
2.178920000000000000e+05
2.745080000000000000e+05
2.168100000000000000e+04
1.687750000000000000e+05
4.079580000000000000e+05
1.540136000000000000e+06
9.436980000000000000e+05
3.463869000000000000e+06
6.547840000000000000e+05
1.006586000000000000e+06
7.910030000000000000e+05
9.759460000000000000e+05
1.206716000000000000e+06
1.648274000000000000e+06
1.037690000000000000e+05
1.512882000000000000e+06
1.315957000000000000e+06
1.615523000000000000e+06
1.110186000000000000e+06
4.172764000000000000e+06
7.208970000000000000e+05
9.557980000000000000e+05
8.200970000000000000e+05
5.326080000000000000e+05
8.595370000000000000e+05
8.452160000000000000e+05
4.520400000000000000e+04
1.039952000000000000e+06
1.649398000000000000e+06
7.516553500000000000e+07
2.034220000000000000e+06
1.545962000000000000e+06
7.024200000000000000e+04
1.693594000000000000e+06
1.666885000000000000e+06
1.699404000000000000e+06
1.735256000000000000e+06
1.763050000000000000e+06
8.031300000000000000e+04
1.772554000000000000e+06
1.893179000000000000e+06
6.305747000000000000e+06
2.220440000000000000e+06
1.806623000000000000e+06
1.228540000000000000e+05
1.884941000000000000e+06
1.658263000000000000e+06
