2.303411000000000000e+06
1.890878000000000000e+06
1.068790000000000000e+05
1.831605000000000000e+06
1.947532000000000000e+06
5.840674000000000000e+06
2.391794000000000000e+06
1.813172000000000000e+06
1.367000000000000000e+05
1.863756000000000000e+06
1.852798000000000000e+06
2.553269000000000000e+06
1.931523000000000000e+06
1.700861000000000000e+06
9.563000000000000000e+04
1.440935000000000000e+06
1.646220000000000000e+06
5.639435000000000000e+06
1.900995000000000000e+06
1.334727000000000000e+06
9.040900000000000000e+04
1.433408000000000000e+06
1.494487000000000000e+06
2.262243000000000000e+06
1.392388000000000000e+06
1.261263000000000000e+06
7.947300000000000000e+04
1.162839000000000000e+06
1.229183000000000000e+06
5.375131000000000000e+06
1.666967000000000000e+06
9.478700000000000000e+05
5.731700000000000000e+04
1.143596000000000000e+06
1.126633000000000000e+06
2.073875000000000000e+06
1.126349000000000000e+06
1.226846000000000000e+06
5.819400000000000000e+04
1.140355000000000000e+06
1.275691000000000000e+06
5.078725000000000000e+06
1.540050000000000000e+06
9.156570000000000000e+05
5.084900000000000000e+04
1.001787000000000000e+06
1.015537000000000000e+06
1.918720000000000000e+06
7.054744000000000000e+07
1.101982000000000000e+06
5.403800000000000000e+04
7.155960000000000000e+05
2.577770000000000000e+05
7.379800000000000000e+04
4.262800000000000000e+04
1.635820000000000000e+05
5.207000000000000000e+03
2.465620000000000000e+05
3.142500000000000000e+05
1.151258000000000000e+06
3.442500000000000000e+06
7.766670000000000000e+05
6.313100000000000000e+04
4.461400000000000000e+04
3.741720000000000000e+05
8.907540000000000000e+05
5.697250000000000000e+05
4.789850000000000000e+05
1.772700000000000000e+04
9.709890000000000000e+05
1.273990000000000000e+06
2.051335000000000000e+06
4.915225000000000000e+06
1.020072000000000000e+06
5.518500000000000000e+04
4.252300000000000000e+05
3.825620000000000000e+05
7.988970000000000000e+05
4.464530000000000000e+05
1.946650000000000000e+05
0.000000000000000000e+00
3.799610000000000000e+05
8.102350000000000000e+05
2.085657000000000000e+06
4.610898000000000000e+06
1.009026000000000000e+06
7.553800000000000000e+04
7.534670000000000000e+05
1.824908000000000000e+06
1.355331000000000000e+06
8.120040000000000000e+05
9.809470000000000000e+05
5.562400000000000000e+04
1.099108000000000000e+06
7.891630000000000000e+05
2.011397000000000000e+06
5.530635000000000000e+06
1.374942000000000000e+06
7.479800000000000000e+04
1.009730000000000000e+06
8.572850000000000000e+05
8.708440000000000000e+05
1.100974000000000000e+06
1.372048000000000000e+06
8.556500000000000000e+04
1.380295000000000000e+06
1.326493000000000000e+06
2.116641000000000000e+06
5.075084000000000000e+06
1.451170000000000000e+06
9.064100000000000000e+04
1.312064000000000000e+06
1.742196000000000000e+06
1.540613000000000000e+06
7.468160000000000000e+05
2.765673000000000000e+06
4.898500000000000000e+04
2.752793000000000000e+06
1.842966000000000000e+06
2.718082000000000000e+06
6.149276000000000000e+06
1.499600000000000000e+06
8.917000000000000000e+04
9.313910000000000000e+05
7.883480000000000000e+05
9.258650000000000000e+05
1.306707000000000000e+06
1.214570000000000000e+06
6.475000000000000000e+04
1.458939000000000000e+06
8.234020000000000000e+05
1.772201000000000000e+06
4.456872000000000000e+06
1.209824000000000000e+06
5.370300000000000000e+04
5.641760000000000000e+05
7.357550000000000000e+05
8.240250000000000000e+05
4.901960000000000000e+05
1.007026000000000000e+06
4.207900000000000000e+04
9.091830000000000000e+05
6.084020000000000000e+05
1.687762000000000000e+06
4.670776000000000000e+06
1.310569000000000000e+06
9.825700000000000000e+04
5.240470000000000000e+05
5.410454500000000000e+07
