3.256889000000000000e+06
3.210403000000000000e+06
1.449450000000000000e+05
3.267377000000000000e+06
3.326648000000000000e+06
3.383079000000000000e+06
3.487913000000000000e+06
3.424450000000000000e+06
1.865710000000000000e+05
3.484186000000000000e+06
6.246237000000000000e+06
3.889937000000000000e+06
3.591622000000000000e+06
3.681963000000000000e+06
1.971280000000000000e+05
3.714350000000000000e+06
3.894814000000000000e+06
3.969194000000000000e+06
4.168063000000000000e+06
4.163165000000000000e+06
2.101010000000000000e+05
4.368518000000000000e+06
7.016814000000000000e+06
4.957677000000000000e+06
4.677074000000000000e+06
4.867958000000000000e+06
2.672890000000000000e+05
4.893419000000000000e+06
4.940840000000000000e+06
5.185945000000000000e+06
5.272906000000000000e+06
5.328022000000000000e+06
2.552110000000000000e+05
5.220118000000000000e+06
7.819414000000000000e+06
5.711633000000000000e+06
5.451733000000000000e+06
5.529974000000000000e+06
3.656170000000000000e+05
5.568028000000000000e+06
5.747075000000000000e+06
5.741814000000000000e+06
5.681842000000000000e+06
5.628473000000000000e+06
2.362510000000000000e+05
5.476050000000000000e+06
8.059393000000000000e+06
5.993403000000000000e+06
5.687899000000000000e+06
5.780522000000000000e+06
3.678290000000000000e+05
5.660429000000000000e+06
5.715834000000000000e+06
5.562598000000000000e+06
5.551615000000000000e+06
5.761060000000000000e+06
2.294510000000000000e+05
5.497798000000000000e+06
7.970850000000000000e+06
5.903986000000000000e+06
5.517797000000000000e+06
5.694425000000000000e+06
3.251470000000000000e+05
5.514311000000000000e+06
5.531981000000000000e+06
7.462924500000000000e+07
8.162320000000000000e+05
4.361610000000000000e+05
2.597800000000000000e+04
5.739600000000000000e+05
5.511310000000000000e+05
1.051730000000000000e+06
5.986430000000000000e+05
6.181690000000000000e+05
2.712200000000000000e+04
5.409200000000000000e+05
6.537980000000000000e+05
3.221434000000000000e+06
8.142880000000000000e+05
4.967680000000000000e+05
4.863900000000000000e+04
5.987310000000000000e+05
5.432870000000000000e+05
1.149801000000000000e+06
6.912280000000000000e+05
5.793530000000000000e+05
1.556000000000000000e+04
5.310470000000000000e+05
7.089690000000000000e+05
3.109265000000000000e+06
8.489800000000000000e+05
4.910370000000000000e+05
3.715200000000000000e+04
5.725640000000000000e+05
5.861950000000000000e+05
1.146382000000000000e+06
6.141830000000000000e+05
6.968707300000000000e+07
4.726270000000000000e+05
3.020000000000000000e+05
3.402690000000000000e+05
3.245920000000000000e+05
3.330580000000000000e+05
3.343310000000000000e+05
4.558600000000000000e+04
3.041120000000000000e+05
2.990650000000000000e+05
8.332890000000000000e+05
2.963050000000000000e+05
4.706039000000000000e+06
4.655260000000000000e+05
3.510810000000000000e+05
3.733410000000000000e+05
3.631150000000000000e+05
3.747780000000000000e+05
3.950390000000000000e+05
3.744000000000000000e+04
3.483620000000000000e+05
3.534180000000000000e+05
7.051650000000000000e+05
2.998620000000000000e+05
1.610343000000000000e+06
4.751110000000000000e+05
3.562531000000000000e+06
8.057290000000000000e+05
8.313940000000000000e+05
7.898840000000000000e+05
8.683600000000000000e+05
8.123000000000000000e+04
9.384420000000000000e+05
9.035890000000000000e+05
1.200298000000000000e+06
7.728139900000000000e+07
5.467030000000000000e+05
3.525200000000000000e+04
3.379000000000000000e+04
7.074200000000000000e+04
7.220600000000000000e+04
6.400800000000000000e+04
1.426100000000000000e+05
5.854000000000000000e+03
1.667590000000000000e+05
2.508090000000000000e+05
8.610870000000000000e+05
3.046172000000000000e+06
6.008120000000000000e+05
2.775400000000000000e+04
7.647300000000000000e+04
1.179310000000000000e+05
