7.928350000000000000e+05
1.343610000000000000e+05
9.283000000000000000e+03
9.817400000000000000e+04
2.977730000000000000e+05
2.440470000000000000e+05
2.970768000000000000e+06
5.816310000000000000e+05
3.228000000000000000e+04
4.346500000000000000e+04
4.279400000000000000e+04
9.025390000000000000e+05
1.095830000000000000e+05
1.429390000000000000e+05
0.000000000000000000e+00
1.158610000000000000e+05
1.189590000000000000e+05
1.574950000000000000e+05
2.728154000000000000e+06
5.997670000000000000e+05
3.132900000000000000e+04
6.113100000000000000e+04
7.654200000000000000e+04
8.113820000000000000e+05
1.108640000000000000e+05
9.177400000000000000e+04
0.000000000000000000e+00
7.694300000000000000e+04
1.545830000000000000e+05
6.496100000000000000e+04
2.616638000000000000e+06
5.896120000000000000e+05
4.608600000000000000e+04
5.795500000000000000e+04
4.160300000000000000e+04
7.663960000000000000e+05
1.112960000000000000e+05
2.370140000000000000e+05
5.608000000000000000e+03
1.012160000000000000e+05
1.083240000000000000e+05
1.690620000000000000e+05
2.757961000000000000e+06
6.490700000000000000e+05
2.643400000000000000e+04
6.288300000000000000e+04
1.498530000000000000e+05
8.598380000000000000e+05
6.343309500000000000e+07
1.407165000000000000e+06
9.104600000000000000e+04
1.000659000000000000e+06
1.106721000000000000e+06
1.186076000000000000e+06
9.930810000000000000e+05
9.711380000000000000e+05
8.367300000000000000e+04
9.264490000000000000e+05
1.026303000000000000e+06
1.909341000000000000e+06
5.257424000000000000e+06
1.286428000000000000e+06
6.181100000000000000e+04
9.175120000000000000e+05
1.265069000000000000e+06
1.043394000000000000e+06
9.830430000000000000e+05
8.837800000000000000e+05
3.116300000000000000e+04
9.546410000000000000e+05
9.324580000000000000e+05
1.977208000000000000e+06
5.191039000000000000e+06
1.258058000000000000e+06
6.517800000000000000e+04
8.243290000000000000e+05
1.117108000000000000e+06
1.001150000000000000e+06
1.052996000000000000e+06
9.070800000000000000e+05
8.224200000000000000e+04
9.245220000000000000e+05
6.823097200000000000e+07
1.645103000000000000e+06
1.029599000000000000e+06
6.088190000000000000e+05
4.117800000000000000e+04
5.546700000000000000e+05
7.756610000000000000e+05
6.647920000000000000e+05
1.357270000000000000e+06
6.320400000000000000e+05
3.644400000000000000e+04
1.023406000000000000e+06
3.799089000000000000e+06
1.647768000000000000e+06
2.018346000000000000e+06
2.554657000000000000e+06
1.234890000000000000e+05
1.561963000000000000e+06
1.989318000000000000e+06
1.683350000000000000e+06
1.153258000000000000e+06
2.896527000000000000e+06
5.904700000000000000e+04
4.203774000000000000e+06
5.812674000000000000e+06
4.644201000000000000e+06
4.951795000000000000e+06
5.512191000000000000e+06
3.064870000000000000e+05
6.117791000000000000e+06
5.636392000000000000e+06
6.517416000000000000e+06
6.623234000000000000e+06
6.926433000000000000e+06
3.089680000000000000e+05
5.138588400000000000e+07
7.904710000000000000e+05
1.010319000000000000e+06
8.060960000000000000e+05
9.084420000000000000e+05
5.277200000000000000e+04
7.226130000000000000e+05
7.665120000000000000e+05
7.114710000000000000e+05
7.496280000000000000e+05
7.504030000000000000e+05
5.523900000000000000e+04
2.897873000000000000e+06
9.924100000000000000e+05
1.326791000000000000e+06
7.101910000000000000e+05
7.936600000000000000e+05
4.213600000000000000e+04
7.811750000000000000e+05
7.964350000000000000e+05
7.687250000000000000e+05
6.832300000000000000e+05
6.187435100000000000e+07
6.153590000000000000e+05
3.009620000000000000e+06
2.475105000000000000e+06
3.303868000000000000e+06
3.364112000000000000e+06
3.845886000000000000e+06
2.648290000000000000e+05
3.957088000000000000e+06
4.824157000000000000e+06
