5.658917000000000000e+06
8.065835000000000000e+06
6.467010000000000000e+05
5.968013000000000000e+06
6.735527000000000000e+06
6.244779000000000000e+06
6.145172000000000000e+06
4.713900000000000000e+06
3.332880000000000000e+05
3.381360000000000000e+06
3.198254000000000000e+06
4.278681000000000000e+06
3.872879000000000000e+06
6.672467000000000000e+06
6.863430000000000000e+05
5.443765000000000000e+06
6.534935000000000000e+06
6.749392000000000000e+06
8.107281000000000000e+06
8.882227000000000000e+06
5.031140000000000000e+05
8.872691000000000000e+06
9.352692000000000000e+06
9.128543000000000000e+06
9.285644000000000000e+06
1.025568900000000000e+07
6.850140000000000000e+05
8.462115000000000000e+06
7.090170000000000000e+06
5.781087000000000000e+06
5.164577000000000000e+06
8.222495700000000000e+07
5.524970000000000000e+05
9.697000000000000000e+04
1.865790000000000000e+05
8.495260000000000000e+05
3.059380000000000000e+05
1.623630000000000000e+05
2.000500000000000000e+04
1.237500000000000000e+05
1.830730000000000000e+05
1.363130000000000000e+05
3.007170000000000000e+05
2.098121000000000000e+06
5.555030000000000000e+05
1.428980000000000000e+05
1.452680000000000000e+05
7.084130000000000000e+05
2.619220000000000000e+05
1.322450000000000000e+05
1.213200000000000000e+04
1.537280000000000000e+05
1.137080000000000000e+05
1.080090000000000000e+05
1.643670000000000000e+05
1.879543000000000000e+06
5.901170000000000000e+05
7.723400000000000000e+04
8.321900000000000000e+04
6.902740000000000000e+05
1.498800000000000000e+05
6.628500000000000000e+04
2.374000000000000000e+03
9.546600000000000000e+04
5.707000000000000000e+04
1.015870000000000000e+05
1.506680000000000000e+05
1.677937000000000000e+06
5.618810000000000000e+05
4.498200000000000000e+04
7.097600000000000000e+04
6.093150000000000000e+05
1.068660000000000000e+05
4.927600000000000000e+04
5.029000000000000000e+03
4.325400000000000000e+04
5.577800000000000000e+04
4.129400000000000000e+04
7.317200000000000000e+04
1.333508000000000000e+06
5.679010000000000000e+05
5.205700000000000000e+04
5.326300000000000000e+04
5.089920000000000000e+05
1.015070000000000000e+05
4.731300000000000000e+04
7.040000000000000000e+02
4.557200000000000000e+04
4.167600000000000000e+04
2.497600000000000000e+04
9.767600000000000000e+04
1.194237000000000000e+06
5.529710000000000000e+05
7.594600000000000000e+04
2.413800000000000000e+04
4.681100000000000000e+05
6.133100000000000000e+04
7.290944800000000000e+07
4.371790000000000000e+05
1.019435000000000000e+06
1.645387000000000000e+06
1.355321000000000000e+06
1.152891000000000000e+06
6.615820000000000000e+05
9.909700000000000000e+04
5.488620000000000000e+05
9.621860000000000000e+05
1.773854000000000000e+06
1.158610000000000000e+06
3.803162000000000000e+06
3.481950000000000000e+05
5.543555300000000000e+07
2.431173000000000000e+06
1.822179000000000000e+06
1.552470000000000000e+06
1.622454000000000000e+06
1.163490000000000000e+05
1.425159000000000000e+06
1.722542000000000000e+06
2.377305000000000000e+06
1.653624900000000000e+07
1.329371000000000000e+06
2.884850000000000000e+05
5.375819000000000000e+06
8.229380000000000000e+05
2.241000000000000000e+05
2.476830000000000000e+05
1.850330000000000000e+05
5.419000000000000000e+03
1.562690000000000000e+05
1.339470000000000000e+05
1.387254000000000000e+06
5.995475000000000000e+07
9.747330000000000000e+05
7.655200000000000000e+04
3.389780000000000000e+05
3.887560000000000000e+05
4.248660000000000000e+05
3.357500000000000000e+05
3.867300000000000000e+05
5.093200000000000000e+04
3.357880000000000000e+05
3.043350000000000000e+05
1.106538000000000000e+06
2.358422000000000000e+06
9.707780000000000000e+05
4.801500000000000000e+04
3.060110000000000000e+05
5.258690000000000000e+05
