8.954332000000000000e+06
1.150577000000000000e+07
8.246580000000000000e+05
9.956324000000000000e+06
1.018783100000000000e+07
1.058282600000000000e+07
1.105993500000000000e+07
1.077000200000000000e+07
7.603310000000000000e+05
1.107577300000000000e+07
1.109912300000000000e+07
1.179545800000000000e+07
1.200611900000000000e+07
1.428790500000000000e+07
7.309390000000000000e+05
1.295808100000000000e+07
1.343778600000000000e+07
1.385918200000000000e+07
1.381419800000000000e+07
1.371401000000000000e+07
9.026300000000000000e+05
1.351253500000000000e+07
1.376028400000000000e+07
1.362951600000000000e+07
1.407007300000000000e+07
1.593914600000000000e+07
6.734260000000000000e+05
1.333708800000000000e+07
1.338308200000000000e+07
1.310163900000000000e+07
1.364868000000000000e+07
1.285683200000000000e+07
8.606180000000000000e+05
1.262496400000000000e+07
1.263131000000000000e+07
1.203874300000000000e+07
1.080639400000000000e+07
1.413337500000000000e+07
6.953070000000000000e+05
1.113070100000000000e+07
1.153146500000000000e+07
1.167141500000000000e+07
1.070043200000000000e+07
1.105912400000000000e+07
7.755240000000000000e+05
9.808549000000000000e+06
9.744945000000000000e+06
1.025809600000000000e+07
1.015239500000000000e+07
1.196392800000000000e+07
7.236890000000000000e+05
9.087180000000000000e+06
8.959110000000000000e+06
8.442609000000000000e+06
7.917933000000000000e+06
7.353685000000000000e+06
5.054460000000000000e+05
7.485175000000000000e+06
6.823894000000000000e+06
6.543364000000000000e+06
5.718171000000000000e+06
9.365278000000000000e+06
6.949640000000000000e+05
5.789449000000000000e+06
5.084472000000000000e+06
7.849806000000000000e+07
4.852632000000000000e+06
4.732730000000000000e+06
3.701510000000000000e+05
4.973295000000000000e+06
4.495036000000000000e+06
5.059456000000000000e+06
4.710116000000000000e+06
4.493912000000000000e+06
3.566180000000000000e+05
4.963884000000000000e+06
5.076137000000000000e+06
7.986492000000000000e+06
6.377686000000000000e+06
6.552197000000000000e+06
5.077510000000000000e+05
6.080367000000000000e+06
6.418500000000000000e+06
6.852672000000000000e+06
6.219041000000000000e+06
6.244912000000000000e+06
5.312590000000000000e+05
5.911881000000000000e+06
6.046469000000000000e+06
8.455497000000000000e+06
5.864898000000000000e+06
6.094384000000000000e+06
4.776600000000000000e+05
5.839682000000000000e+06
5.899993000000000000e+06
6.444180000000000000e+06
6.217488000000000000e+06
6.392056000000000000e+06
4.141980000000000000e+05
6.223102000000000000e+06
6.434079000000000000e+06
8.980202000000000000e+06
6.694843000000000000e+06
7.104834000000000000e+06
4.464390000000000000e+05
7.027395000000000000e+06
7.133295000000000000e+06
7.280615000000000000e+06
6.728878000000000000e+06
6.299754000000000000e+06
4.159890000000000000e+05
6.254483000000000000e+06
6.952197000000000000e+06
9.432936000000000000e+06
6.906312000000000000e+06
7.186361000000000000e+06
4.852080000000000000e+05
7.240898000000000000e+06
6.831040000000000000e+06
7.624467000000000000e+06
7.078556000000000000e+06
7.452455000000000000e+06
5.805260000000000000e+05
6.754104000000000000e+06
7.091979000000000000e+06
9.491111000000000000e+06
7.072593000000000000e+06
6.846211000000000000e+06
5.520340000000000000e+05
6.452644000000000000e+06
6.738221000000000000e+06
7.404335200000000000e+07
1.218531000000000000e+06
7.918710000000000000e+05
4.411600000000000000e+04
1.504798000000000000e+06
1.725764000000000000e+06
1.945145000000000000e+06
3.257924000000000000e+06
3.783521000000000000e+06
8.246500000000000000e+04
5.065015000000000000e+06
6.375993000000000000e+06
8.800232000000000000e+06
7.857915000000000000e+06
5.745254000000000000e+06
1.848020000000000000e+05
3.450801000000000000e+06
2.064353000000000000e+06
