3.335921000000000000e+06
4.516880000000000000e+06
1.355900000000000000e+05
3.116674000000000000e+06
4.404530000000000000e+06
6.101080000000000000e+06
4.192579000000000000e+06
4.196912000000000000e+06
1.729920000000000000e+05
3.148982000000000000e+06
2.408226000000000000e+06
4.355187000000000000e+06
3.341168000000000000e+06
2.432331000000000000e+06
8.795700000000000000e+04
2.953109000000000000e+06
2.227767000000000000e+06
4.589481000000000000e+06
7.342146200000000000e+07
1.214667800000000000e+07
3.958290000000000000e+05
8.208093000000000000e+06
3.909208000000000000e+06
5.112841000000000000e+06
5.586744000000000000e+06
6.342693000000000000e+06
2.472500000000000000e+05
6.647987000000000000e+06
4.389169000000000000e+06
2.575106000000000000e+06
5.658664000000000000e+06
5.385234000000000000e+06
1.047560000000000000e+05
5.384100000000000000e+06
5.839551000000000000e+06
5.639963000000000000e+06
5.891639000000000000e+06
4.783451000000000000e+06
1.264620000000000000e+05
2.346411000000000000e+06
2.195015000000000000e+06
3.947475000000000000e+06
6.674623000000000000e+06
7.262690000000000000e+06
2.765010000000000000e+05
7.711974000000000000e+06
4.991337000000000000e+06
8.035428000000000000e+06
5.690642900000000000e+07
1.052993500000000000e+07
7.659710000000000000e+05
1.114232700000000000e+07
1.089976600000000000e+07
1.628088700000000000e+07
1.997274500000000000e+07
2.078646700000000000e+07
7.426510000000000000e+05
2.340666800000000000e+07
2.197602000000000000e+07
1.905063600000000000e+07
1.743876800000000000e+07
1.755487600000000000e+07
4.098650000000000000e+05
1.847467700000000000e+07
1.841219400000000000e+07
1.768012000000000000e+07
1.430900400000000000e+07
1.112216500000000000e+07
6.453600000000000000e+05
7.161740000000000000e+06
5.781282400000000000e+07
7.459869000000000000e+06
7.677428000000000000e+06
7.748274000000000000e+06
4.575040000000000000e+05
7.358196000000000000e+06
7.322293000000000000e+06
7.347390000000000000e+06
7.961750000000000000e+06
8.090751000000000000e+06
3.402610000000000000e+05
8.276691000000000000e+06
1.046459300000000000e+07
8.923013000000000000e+06
8.411691000000000000e+06
8.383910000000000000e+06
5.752900000000000000e+05
7.972224000000000000e+06
7.773905000000000000e+06
7.657858000000000000e+06
7.624657000000000000e+06
7.458797000000000000e+06
4.484780000000000000e+05
7.232175000000000000e+06
9.670763000000000000e+06
8.113879000000000000e+06
7.774252000000000000e+06
7.551770000000000000e+06
4.376970000000000000e+05
7.395424000000000000e+06
7.261588000000000000e+06
6.540395000000000000e+06
6.200368000000000000e+06
6.214351000000000000e+06
3.333490000000000000e+05
6.035952000000000000e+06
8.041725000000000000e+06
6.246032000000000000e+06
5.824738000000000000e+06
5.944131000000000000e+06
3.348820000000000000e+05
5.637009000000000000e+06
4.360517000000000000e+06
3.968980000000000000e+06
3.705910000000000000e+06
4.952833900000000000e+07
6.082750000000000000e+05
5.697316000000000000e+06
5.807103000000000000e+06
6.093390000000000000e+06
5.743480000000000000e+06
5.685634000000000000e+06
3.609290000000000000e+05
5.495625000000000000e+06
5.598552000000000000e+06
5.747102000000000000e+06
5.793681000000000000e+06
9.392286000000000000e+06
7.639280000000000000e+05
5.782791000000000000e+06
6.196513000000000000e+06
6.574880000000000000e+06
6.322221000000000000e+06
6.121486000000000000e+06
4.583790000000000000e+05
5.966249000000000000e+06
6.700557000000000000e+06
6.217662000000000000e+06
6.032005000000000000e+06
9.608859000000000000e+06
6.976500000000000000e+05
6.162537000000000000e+06
6.399190000000000000e+06
6.793585000000000000e+06
6.355967000000000000e+06
6.160923000000000000e+06
4.612810000000000000e+05
6.052387000000000000e+06
6.108916000000000000e+06
