5.661777000000000000e+06
6.211067000000000000e+06
4.358930000000000000e+05
5.524428000000000000e+06
5.197752000000000000e+06
6.332514000000000000e+06
5.004155000000000000e+06
5.710808000000000000e+06
4.204190000000000000e+05
9.139051000000000000e+06
4.090212000000000000e+06
5.163928000000000000e+06
3.978957000000000000e+06
3.812955000000000000e+06
2.841570000000000000e+05
3.974626000000000000e+06
7.221043200000000000e+07
9.766317000000000000e+06
1.052336100000000000e+07
1.198655600000000000e+07
9.242530000000000000e+05
1.232631000000000000e+07
1.193419200000000000e+07
9.774769000000000000e+06
8.699478000000000000e+06
7.515313000000000000e+06
2.862660000000000000e+05
6.325306000000000000e+06
1.058847100000000000e+07
7.501926000000000000e+06
7.701581000000000000e+06
9.194147000000000000e+06
6.362730000000000000e+05
9.992820000000000000e+06
1.117028500000000000e+07
1.431224900000000000e+07
1.527026000000000000e+07
1.462605900000000000e+07
1.002033000000000000e+06
1.523441500000000000e+07
1.474187500000000000e+07
1.281008200000000000e+07
1.055082100000000000e+07
9.722693000000000000e+06
7.754800000000000000e+05
9.493756000000000000e+06
8.566988000000000000e+06
9.349591000000000000e+06
8.672290000000000000e+06
6.958488600000000000e+07
6.599260000000000000e+05
1.636742000000000000e+06
2.201544000000000000e+06
2.462990000000000000e+06
2.337974000000000000e+06
2.402726000000000000e+06
2.189900000000000000e+05
2.397077000000000000e+06
2.486988000000000000e+06
2.951895000000000000e+06
2.581251000000000000e+06
5.393761000000000000e+06
6.603320000000000000e+05
2.099845000000000000e+06
2.177709000000000000e+06
2.115719000000000000e+06
2.006801000000000000e+06
1.943634000000000000e+06
1.327460000000000000e+05
1.869050000000000000e+06
2.028753000000000000e+06
2.553708000000000000e+06
2.103594000000000000e+06
4.836255000000000000e+06
6.750040000000000000e+05
1.649116000000000000e+06
1.929626000000000000e+06
1.619005000000000000e+06
1.843606000000000000e+06
1.788306000000000000e+06
1.052740000000000000e+05
1.520320000000000000e+06
1.767807000000000000e+06
2.273467000000000000e+06
1.724058000000000000e+06
7.182230600000000000e+07
5.095000000000000000e+05
7.158864000000000000e+06
7.576167000000000000e+06
7.682477000000000000e+06
7.583878000000000000e+06
7.716628000000000000e+06
5.322710000000000000e+05
7.449456000000000000e+06
8.189304000000000000e+06
8.694020000000000000e+06
8.292296000000000000e+06
1.169477700000000000e+07
6.063840000000000000e+05
8.521538000000000000e+06
8.975911000000000000e+06
8.883162000000000000e+06
8.650233000000000000e+06
8.790957000000000000e+06
6.560080000000000000e+05
8.334742000000000000e+06
8.571530000000000000e+06
8.841462000000000000e+06
8.367141000000000000e+06
1.157252900000000000e+07
7.446910000000000000e+05
7.955925000000000000e+06
8.434764000000000000e+06
8.872895000000000000e+06
6.647877500000000000e+07
2.594738000000000000e+06
5.781500000000000000e+04
2.251261000000000000e+06
2.199407000000000000e+06
2.738170000000000000e+06
2.406061000000000000e+06
2.414719000000000000e+06
8.259800000000000000e+04
2.468580000000000000e+06
2.531603000000000000e+06
2.549893000000000000e+06
4.416384000000000000e+06
2.855920000000000000e+06
1.189940000000000000e+05
2.558167000000000000e+06
2.686598000000000000e+06
3.112995000000000000e+06
2.682584000000000000e+06
2.729684000000000000e+06
1.301790000000000000e+05
2.638264000000000000e+06
2.813198000000000000e+06
2.851395000000000000e+06
5.154495000000000000e+06
3.268458000000000000e+06
9.241100000000000000e+04
2.920783000000000000e+06
2.929007000000000000e+06
3.524469000000000000e+06
3.091686000000000000e+06
2.987071000000000000e+06
1.096700000000000000e+05
2.928022000000000000e+06
2.912552000000000000e+06
