5.044449000000000000e+06
2.902544000000000000e+06
7.830600000000000000e+04
5.225807500000000000e+07
5.097777000000000000e+06
5.241335000000000000e+06
5.190417000000000000e+06
5.428228000000000000e+06
3.920190000000000000e+05
4.999208000000000000e+06
5.378368000000000000e+06
5.992813000000000000e+06
5.543338000000000000e+06
5.705746000000000000e+06
4.097360000000000000e+05
8.574660000000000000e+06
5.863658000000000000e+06
5.916338000000000000e+06
6.212389000000000000e+06
6.238114000000000000e+06
4.155230000000000000e+05
6.376594000000000000e+06
6.753794000000000000e+06
7.116866000000000000e+06
6.999884000000000000e+06
6.776282000000000000e+06
5.026250000000000000e+05
9.638248000000000000e+06
6.657626000000000000e+06
6.935243000000000000e+06
6.832360000000000000e+06
6.696967000000000000e+06
4.665920000000000000e+05
6.449022000000000000e+06
6.170002000000000000e+06
6.366121000000000000e+06
5.577018000000000000e+06
5.389737000000000000e+06
3.890620000000000000e+05
7.992348000000000000e+06
5.110007000000000000e+06
4.945518000000000000e+06
4.829609000000000000e+06
5.201698000000000000e+06
3.414850000000000000e+05
5.012943000000000000e+06
5.163427000000000000e+06
6.011337000000000000e+06
5.623018000000000000e+06
5.787729000000000000e+06
4.086280000000000000e+05
8.516673000000000000e+06
5.973509000000000000e+06
5.845697000000000000e+06
5.937259000000000000e+06
6.122681000000000000e+06
4.816310000000000000e+05
5.831707000000000000e+06
6.172486000000000000e+06
6.663437000000000000e+06
6.311936000000000000e+06
2.004206700000000000e+07
5.459510000000000000e+05
2.086060400000000000e+07
1.948455800000000000e+07
1.845314600000000000e+07
1.644388600000000000e+07
8.474512000000000000e+06
0.000000000000000000e+00
0.000000000000000000e+00
0.000000000000000000e+00
0.000000000000000000e+00
0.000000000000000000e+00
0.000000000000000000e+00
0.000000000000000000e+00
0.000000000000000000e+00
0.000000000000000000e+00
0.000000000000000000e+00
0.000000000000000000e+00
0.000000000000000000e+00
0.000000000000000000e+00
0.000000000000000000e+00
9.792000000000000000e+03
1.085520000000000000e+05
1.246870000000000000e+05
1.639580000000000000e+05
2.077900000000000000e+04
1.849480000000000000e+05
2.314650000000000000e+05
2.809350000000000000e+05
5.466380000000000000e+05
2.536490000000000000e+05
1.556200000000000000e+04
2.254000000000000000e+03
0.000000000000000000e+00
0.000000000000000000e+00
0.000000000000000000e+00
0.000000000000000000e+00
0.000000000000000000e+00
0.000000000000000000e+00
0.000000000000000000e+00
0.000000000000000000e+00
4.451600000000000000e+04
1.286000000000000000e+04
9.650000000000000000e+03
1.751000000000000000e+03
0.000000000000000000e+00
0.000000000000000000e+00
0.000000000000000000e+00
0.000000000000000000e+00
0.000000000000000000e+00
0.000000000000000000e+00
0.000000000000000000e+00
0.000000000000000000e+00
4.767000000000000000e+03
1.033000000000000000e+04
9.650000000000000000e+03
1.751000000000000000e+03
0.000000000000000000e+00
0.000000000000000000e+00
0.000000000000000000e+00
0.000000000000000000e+00
0.000000000000000000e+00
0.000000000000000000e+00
0.000000000000000000e+00
0.000000000000000000e+00
3.417000000000000000e+03
1.033000000000000000e+04
9.650000000000000000e+03
1.751000000000000000e+03
0.000000000000000000e+00
0.000000000000000000e+00
0.000000000000000000e+00
0.000000000000000000e+00
0.000000000000000000e+00
0.000000000000000000e+00
0.000000000000000000e+00
0.000000000000000000e+00
3.417000000000000000e+03
6.183700000000000000e+04
1.004700000000000000e+04
5.280000000000000000e+02
0.000000000000000000e+00
0.000000000000000000e+00
0.000000000000000000e+00
0.000000000000000000e+00
0.000000000000000000e+00
0.000000000000000000e+00
0.000000000000000000e+00
