5.535906000000000000e+06
5.793920000000000000e+06
6.680275000000000000e+06
5.839300000000000000e+06
6.152180000000000000e+06
5.772544000000000000e+06
6.112460000000000000e+06
6.975997000000000000e+06
2.619770000000000000e+05
5.673772000000000000e+06
6.117095000000000000e+06
5.847585000000000000e+06
6.136381000000000000e+06
6.902353000000000000e+06
1.222310000000000000e+05
5.362549000000000000e+06
7.257081000000000000e+06
6.349793000000000000e+06
6.369722000000000000e+06
9.031368000000000000e+06
3.871010000000000000e+05
4.817844000000000000e+06
6.696319000000000000e+06
6.404415000000000000e+06
6.558486000000000000e+06
7.044281000000000000e+06
3.439400000000000000e+04
6.719704000000000000e+06
6.681216000000000000e+06
1.057649000000000000e+06
9.523290000000000000e+05
5.972481000000000000e+06
3.682120000000000000e+05
3.267160000000000000e+05
9.609640000000000000e+05
7.757610000000000000e+05
8.736630000000000000e+05
8.055830000000000000e+05
1.304700000000000000e+04
9.799580000000000000e+05
1.119813000000000000e+06
3.372060000000000000e+05
4.288070000000000000e+05
3.680300000000000000e+06
3.063490000000000000e+05
3.086430000000000000e+05
9.525320000000000000e+05
6.578040000000000000e+05
6.768130000000000000e+05
5.326700000000000000e+05
4.276500000000000000e+04
7.234910000000000000e+05
1.359640000000000000e+06
3.808850000000000000e+05
6.519240000000000000e+05
4.613657000000000000e+06
2.140420000000000000e+05
7.603150000000000000e+05
1.396615000000000000e+06
6.632440000000000000e+05
8.184390000000000000e+05
7.889000000000000000e+05
2.125800000000000000e+04
7.754660000000000000e+05
1.167557000000000000e+06
7.314080000000000000e+05
5.315390000000000000e+05
3.532395000000000000e+06
2.461200000000000000e+05
6.533900000000000000e+05
1.025579000000000000e+06
5.207590000000000000e+05
6.130530000000000000e+05
6.006140000000000000e+05
2.140800000000000000e+04
5.050520000000000000e+05
1.146894000000000000e+06
4.162230000000000000e+05
5.324690000000000000e+05
4.425185000000000000e+06
2.690460000000000000e+05
4.613130000000000000e+05
9.744300000000000000e+05
5.043950000000000000e+05
5.948320000000000000e+05
4.944450000000000000e+05
6.965500000000000000e+04
6.807480000000000000e+05
1.151577000000000000e+06
3.877630000000000000e+05
5.278740000000000000e+05
3.909261000000000000e+06
1.915960000000000000e+05
4.537600000000000000e+05
1.221705000000000000e+06
4.431800000000000000e+05
4.935270000000000000e+05
8.557570000000000000e+05
1.462800000000000000e+04
4.315450000000000000e+05
1.274088000000000000e+06
4.051140000000000000e+05
6.210700000000000000e+05
3.918405000000000000e+06
2.279130000000000000e+05
4.701330000000000000e+05
1.264047000000000000e+06
5.899060000000000000e+05
5.007060000000000000e+05
6.396530000000000000e+05
2.100500000000000000e+04
7.528250000000000000e+05
1.244486000000000000e+06
4.425310000000000000e+05
6.334730000000000000e+05
2.957987000000000000e+06
2.276450000000000000e+05
5.577710000000000000e+05
1.248424000000000000e+06
6.573000000000000000e+05
7.852060000000000000e+05
6.210400000000000000e+05
1.591200000000000000e+04
7.511900000000000000e+05
1.258450000000000000e+06
5.611140000000000000e+05
8.008830000000000000e+05
4.122954000000000000e+06
2.111000000000000000e+05
6.570200000000000000e+05
1.117888000000000000e+06
5.446710000000000000e+05
4.892913600000000000e+07
1.103111500000000000e+07
4.860060000000000000e+05
1.092384600000000000e+07
1.087631600000000000e+07
1.066080800000000000e+07
1.067020100000000000e+07
1.084447400000000000e+07
5.045880000000000000e+05
1.059145200000000000e+07
1.069818500000000000e+07
1.065531200000000000e+07
1.194439000000000000e+07
1.020014100000000000e+07
3.605980000000000000e+05
9.749820000000000000e+06
9.517054000000000000e+06
9.612519000000000000e+06
9.518987000000000000e+06
9.237124000000000000e+06
5.101510000000000000e+05
8.589079000000000000e+06
7.965930000000000000e+06
7.392339000000000000e+06
9.673594000000000000e+06
7.775555000000000000e+06
3.392790000000000000e+05
6.761609000000000000e+06
6.379174000000000000e+06
6.236099000000000000e+06
6.052125000000000000e+06
5.720948000000000000e+06
3.799820000000000000e+05
5.698683000000000000e+06
5.793781000000000000e+06
5.647404000000000000e+06
8.320344000000000000e+06
6.086573000000000000e+06
2.862260000000000000e+05
5.432997000000000000e+06
5.348075000000000000e+06
5.303091000000000000e+06
5.317998000000000000e+06
5.000088000000000000e+06
3.612770000000000000e+05
4.637732000000000000e+06
4.449596000000000000e+06
4.270100000000000000e+06
7.034291000000000000e+06
4.629045000000000000e+06
1.713970000000000000e+05
4.299948000000000000e+06
3.364541000000000000e+06
3.022300000000000000e+06
3.005425000000000000e+06
2.990256000000000000e+06
1.643490000000000000e+05
2.136555000000000000e+06
2.248782000000000000e+06
2.055592000000000000e+06
6.039970000000000000e+06
3.322468000000000000e+06
7.812600000000000000e+04
2.776862000000000000e+06
5.871775000000000000e+07
3.354140000000000000e+06
2.929512000000000000e+06
3.673720000000000000e+06
1.326290000000000000e+05
3.478738000000000000e+06
6.615476000000000000e+06
2.952029000000000000e+06
3.499742000000000000e+06
3.350102000000000000e+06
1.630990000000000000e+05
3.082048000000000000e+06
9.757062000000000000e+06
3.829953000000000000e+06
2.982098000000000000e+06
3.096528000000000000e+06
1.223080000000000000e+05
3.476960000000000000e+06
6.129068000000000000e+06
3.121110000000000000e+06
3.532059000000000000e+06
3.563343000000000000e+06
1.291260000000000000e+05
3.135411000000000000e+06
9.700856000000000000e+06
3.522228000000000000e+06
3.353986000000000000e+06
3.196515000000000000e+06
8.624000000000000000e+04
3.175888000000000000e+06
6.844103000000000000e+06
3.167458000000000000e+06
3.808678000000000000e+06
3.804014000000000000e+06
1.657170000000000000e+05
3.832471000000000000e+06
5.697711600000000000e+07
7.028922000000000000e+06
7.135777000000000000e+06
7.486839000000000000e+06
2.103000000000000000e+05
7.741857000000000000e+06
7.826676000000000000e+06
7.762267000000000000e+06
7.749308000000000000e+06
7.955447000000000000e+06
2.267100000000000000e+05
8.302177000000000000e+06
1.191122600000000000e+07
8.430767000000000000e+06
7.845971000000000000e+06
8.127942000000000000e+06
1.712820000000000000e+05
8.189412000000000000e+06
7.970013000000000000e+06
8.533882000000000000e+06
8.787388000000000000e+06
6.673461000000000000e+06
1.860700000000000000e+05
5.084666000000000000e+06
8.205988000000000000e+06
4.537399000000000000e+06
4.079592000000000000e+06
5.166230000000000000e+06
1.257550000000000000e+05
5.654504000000000000e+06
5.168494000000000000e+06
5.076670000000000000e+06
5.432132000000000000e+06
6.783073400000000000e+07
2.980780000000000000e+05
1.333124000000000000e+06
1.027368000000000000e+06
1.021882000000000000e+06
9.213210000000000000e+05
1.071080000000000000e+06
6.578500000000000000e+04
7.675540000000000000e+05
9.143620000000000000e+05
8.320620000000000000e+05
5.820120000000000000e+05
3.063807000000000000e+06
3.766080000000000000e+05
5.509720000000000000e+05
4.725710000000000000e+05
4.345530000000000000e+05
6.731220000000000000e+05
5.515100000000000000e+05
3.146400000000000000e+04
4.100270000000000000e+05
4.877770000000000000e+05
5.579090000000000000e+05
4.008400000000000000e+05
2.506842000000000000e+06
4.480040000000000000e+05
3.453420000000000000e+05
3.343510000000000000e+05
2.736250000000000000e+05
2.944600000000000000e+05
2.797550000000000000e+05
1.239800000000000000e+04
3.620110000000000000e+05
2.419700000000000000e+05
2.958760000000000000e+05
3.771390000000000000e+05
1.996777000000000000e+06
4.163690000000000000e+05
3.116120000000000000e+05
3.244610000000000000e+05
3.156930000000000000e+05
4.158300000000000000e+05
4.287650000000000000e+05
3.157800000000000000e+04
4.076880000000000000e+05
4.929560000000000000e+05
6.323000000000000000e+05
7.239160000000000000e+05
2.415982000000000000e+06
4.303560000000000000e+05
4.195330000000000000e+05
4.549550000000000000e+05
8.200520000000000000e+05
3.991270000000000000e+05
3.726760000000000000e+05
2.776700000000000000e+04
5.329610000000000000e+05
3.991430000000000000e+05
2.230500000000000000e+05
1.994580000000000000e+05
2.530017000000000000e+06
4.440300000000000000e+05
6.525700000000000000e+04
3.729500000000000000e+04
1.091750000000000000e+05
1.096000000000000000e+05
8.480900000000000000e+04
0.000000000000000000e+00
5.767459700000000000e+07
5.246827000000000000e+06
4.934487000000000000e+06
3.915455000000000000e+06
3.585742000000000000e+06
2.842710000000000000e+05
3.281987000000000000e+06
4.036806000000000000e+06
4.516696000000000000e+06
4.095797000000000000e+06
3.879300000000000000e+06
2.122590000000000000e+05
6.660290000000000000e+06
4.096320000000000000e+06
4.436497000000000000e+06
4.488929000000000000e+06
4.300891000000000000e+06
2.326720000000000000e+05
4.221862000000000000e+06
3.852636000000000000e+06
3.977631000000000000e+06
3.913973000000000000e+06
3.693048000000000000e+06
1.948560000000000000e+05
6.473494000000000000e+06
4.407384000000000000e+06
4.886165000000000000e+06
4.707977000000000000e+06
3.846206000000000000e+06
2.050530000000000000e+05
3.719637000000000000e+06
5.170181300000000000e+07
1.891621000000000000e+06
1.721230000000000000e+06
1.520053000000000000e+06
1.277350000000000000e+05
1.395071000000000000e+06
2.078418000000000000e+06
5.831443000000000000e+06
8.021529000000000000e+06
7.039380000000000000e+06
3.723160000000000000e+05
4.659853000000000000e+06
7.536725000000000000e+06
4.426335000000000000e+06
4.660287000000000000e+06
3.870150000000000000e+06
3.010220000000000000e+05
3.130219000000000000e+06
3.069930000000000000e+06
3.049089000000000000e+06
3.011398000000000000e+06
2.755260000000000000e+06
1.906630000000000000e+05
3.023826000000000000e+06
7.270128000000000000e+06
5.642574100000000000e+07
6.394657000000000000e+06
4.924898000000000000e+06
3.223620000000000000e+05
5.391407000000000000e+06
7.634071000000000000e+06
8.379919000000000000e+06
7.219288000000000000e+06
6.130354200000000000e+07
3.733130000000000000e+05
7.714620000000000000e+05
1.140089000000000000e+06
1.404952000000000000e+06
1.645025000000000000e+06
1.791269000000000000e+06
9.685800000000000000e+04
2.050995000000000000e+06
2.374147000000000000e+06
2.387267000000000000e+06
2.536965000000000000e+06
5.359675000000000000e+06
3.866720000000000000e+05
2.569130000000000000e+06
3.727117000000000000e+06
4.102095000000000000e+06
4.212247000000000000e+06
3.681064000000000000e+06
2.683090000000000000e+05
3.486944000000000000e+06
5.009098000000000000e+06
5.032108000000000000e+06
4.798367000000000000e+06
7.231328000000000000e+06
4.631540000000000000e+05
7.279069500000000000e+07
6.253210000000000000e+05
4.179900000000000000e+05
4.800600000000000000e+05
8.024020000000000000e+05
3.760900000000000000e+04
5.880210000000000000e+05
5.460500000000000000e+05
5.564280000000000000e+05
4.098910000000000000e+05
4.541300000000000000e+05
1.764100000000000000e+04
3.086010000000000000e+06
8.961930000000000000e+05
5.215570000000000000e+05
3.750130000000000000e+05
4.677420000000000000e+05
3.012200000000000000e+04
5.352620000000000000e+05
4.767150000000000000e+05
4.431730000000000000e+05
6.144900000000000000e+05
4.940390000000000000e+05
2.260300000000000000e+04
2.705915000000000000e+06
5.981090000000000000e+05
2.397610000000000000e+05
2.847610000000000000e+05
3.015410000000000000e+05
1.674000000000000000e+04
5.234280000000000000e+05
5.353550000000000000e+05
5.572030000000000000e+05
1.231066000000000000e+06
1.659559000000000000e+06
6.657600000000000000e+04
3.829861000000000000e+06
1.506126000000000000e+06
9.988770000000000000e+05
1.198131000000000000e+06
1.170297000000000000e+06
5.455800000000000000e+04
1.271859000000000000e+06
6.696727700000000000e+07
1.015382000000000000e+06
7.474750000000000000e+05
9.344650000000000000e+05
4.440600000000000000e+04
6.971980000000000000e+05
6.543210000000000000e+05
1.016553000000000000e+06
8.085650000000000000e+05
7.795810000000000000e+05
4.012100000000000000e+04
8.107900000000000000e+05
5.633198000000000000e+06
1.096638000000000000e+06
7.548580000000000000e+05
1.021590000000000000e+06
8.074400000000000000e+04
8.524920000000000000e+05
8.064910000000000000e+05
7.034760000000000000e+05
7.136330000000000000e+05
7.717310000000000000e+05
3.836300000000000000e+04
7.675440000000000000e+05
5.701068000000000000e+06
1.040587000000000000e+06
8.298430000000000000e+05
8.623940000000000000e+05
4.305900000000000000e+04
8.538190000000000000e+05
6.720910000000000000e+05
7.896100000000000000e+05
6.914000000000000000e+05
8.291380000000000000e+05
3.341000000000000000e+04
6.701150000000000000e+05
5.720344000000000000e+06
9.796100000000000000e+05
7.993460000000000000e+05
8.462070000000000000e+05
3.742000000000000000e+04
8.254180000000000000e+05
7.987840000000000000e+05
8.197880000000000000e+05
7.294540000000000000e+05
7.042380000000000000e+05
3.895900000000000000e+04
7.185360000000000000e+05
5.784728000000000000e+06
1.016522000000000000e+06
8.456630000000000000e+05
8.448010000000000000e+05
2.623400000000000000e+04
8.948050000000000000e+05
7.234750000000000000e+05
7.649360000000000000e+05
7.856320000000000000e+05
8.931680000000000000e+05
5.182700000000000000e+04
7.115260000000000000e+05
5.957207000000000000e+06
1.038001000000000000e+06
9.238720000000000000e+05
1.045640000000000000e+06
6.086100000000000000e+04
7.977750000000000000e+05
7.772720000000000000e+05
9.467730000000000000e+05
9.194950000000000000e+05
1.013875000000000000e+06
5.155100000000000000e+04
8.226360000000000000e+05
6.105453000000000000e+06
1.087102000000000000e+06
1.030274000000000000e+06
1.104824000000000000e+06
6.556300000000000000e+04
8.469790000000000000e+05
6.987890000000000000e+05
9.138730000000000000e+05
8.433710000000000000e+05
9.117900000000000000e+05
4.329300000000000000e+04
8.835670000000000000e+05
6.074778000000000000e+06
1.067897000000000000e+06
7.917810000000000000e+05
1.154473000000000000e+06
5.320800000000000000e+04
7.967170000000000000e+05
7.730650000000000000e+05
7.258550000000000000e+05
7.930880000000000000e+05
8.347220000000000000e+05
2.866800000000000000e+04
6.719100000000000000e+05
5.897975000000000000e+06
1.114464000000000000e+06
6.117866400000000000e+07
1.223117000000000000e+06
8.235700000000000000e+04
1.163577000000000000e+06
1.672575000000000000e+06
1.183590000000000000e+06
1.274394000000000000e+06
9.557760000000000000e+05
4.988400000000000000e+04
8.432370000000000000e+05
6.080800000000000000e+05
9.867510000000000000e+05
2.310511000000000000e+06
5.168870000000000000e+05
5.868700000000000000e+04
2.826070000000000000e+05
2.007070000000000000e+05
1.308690000000000000e+05
2.062440000000000000e+05
2.172470000000000000e+05
8.598000000000000000e+03
3.420970000000000000e+05
3.947940000000000000e+05
4.804310000000000000e+05
2.124741000000000000e+06
8.162980000000000000e+05
6.208100000000000000e+04
4.668170000000000000e+05
4.741630000000000000e+05
3.211860000000000000e+05
2.759250000000000000e+05
2.023620000000000000e+05
8.438000000000000000e+03
2.053080000000000000e+05
2.215060000000000000e+05
2.598840000000000000e+05
1.923330000000000000e+06
5.751290000000000000e+05
3.911100000000000000e+04
2.692930000000000000e+05
3.160050000000000000e+05
4.355990000000000000e+05
3.573070000000000000e+05
4.347450000000000000e+05
3.368600000000000000e+04
4.803170000000000000e+05
4.080160000000000000e+05
3.400550000000000000e+05
2.141205000000000000e+06
6.845040000000000000e+05
5.537600000000000000e+04
2.815240000000000000e+05
3.021020000000000000e+05
2.762750000000000000e+05
2.789540000000000000e+05
2.862410000000000000e+05
7.673000000000000000e+03
3.007630000000000000e+05
4.146550000000000000e+05
3.772190000000000000e+05
1.854058000000000000e+06
4.998560000000000000e+05
3.155000000000000000e+04
1.775400000000000000e+05
3.161890000000000000e+05
2.748570000000000000e+05
3.183620000000000000e+05
2.681286200000000000e+07
3.647060000000000000e+05
2.736598000000000000e+06
2.982491000000000000e+06
2.640879000000000000e+06
5.919217000000000000e+06
3.297811000000000000e+06
1.831250000000000000e+05
2.727797000000000000e+06
3.040112000000000000e+06
3.441060000000000000e+06
4.019267000000000000e+06
4.297782000000000000e+06
2.283320000000000000e+05
4.440909000000000000e+06
3.163404000000000000e+06
2.053502000000000000e+06
5.000181000000000000e+06
2.568394000000000000e+06
1.482410000000000000e+05
2.087803000000000000e+06
2.080038000000000000e+06
3.999256000000000000e+06
6.175841000000000000e+06
3.560025300000000000e+07
1.721770000000000000e+05
4.729903000000000000e+06
4.325183000000000000e+06
3.781043000000000000e+06
3.984177000000000000e+06
3.240006000000000000e+06
9.439200000000000000e+04
3.523765000000000000e+06
2.898900000000000000e+06
2.938322000000000000e+06
2.872610000000000000e+06
4.465084000000000000e+06
4.294080000000000000e+05
2.435934000000000000e+06
2.276702000000000000e+06
2.442995000000000000e+06
4.222406900000000000e+07
2.060239000000000000e+06
1.489750000000000000e+05
1.855596000000000000e+06
1.912469000000000000e+06
2.075944000000000000e+06
2.271224000000000000e+06
2.162208000000000000e+06
1.937960000000000000e+05
2.023476000000000000e+06
2.260348000000000000e+06
2.208669000000000000e+06
5.346673000000000000e+06
3.075851000000000000e+06
2.264310000000000000e+05
2.806560000000000000e+06
2.922109000000000000e+06
2.330181900000000000e+07
1.812152000000000000e+06
1.625480000000000000e+06
1.707200000000000000e+05
1.812649000000000000e+06
2.256423000000000000e+06
2.577811000000000000e+06
6.987720000000000000e+06
4.741161900000000000e+07
6.054580000000000000e+05
1.753410000000000000e+05
2.690560000000000000e+05
3.071040000000000000e+05
2.139780000000000000e+05
2.697930000000000000e+05
1.931300000000000000e+04
1.628050000000000000e+05
4.035910000000000000e+05
8.819130000000000000e+05
9.118010000000000000e+05
3.474516000000000000e+06
5.968040000000000000e+05
9.923660000000000000e+05
7.680560000000000000e+05
9.640460000000000000e+05
1.191581000000000000e+06
1.646571000000000000e+06
9.660200000000000000e+04
1.505088000000000000e+06
1.308949000000000000e+06
8.475630000000000000e+05
1.064616000000000000e+06
4.212496000000000000e+06
6.369740000000000000e+05
9.278300000000000000e+05
7.991170000000000000e+05
5.062420000000000000e+05
8.337050000000000000e+05
8.233890000000000000e+05
4.421600000000000000e+04
1.019723000000000000e+06
1.633542000000000000e+06
7.534976800000000000e+07
2.048648000000000000e+06
1.550167000000000000e+06
6.516800000000000000e+04
1.698441000000000000e+06
1.666544000000000000e+06
1.705036000000000000e+06
1.736290000000000000e+06
1.764454000000000000e+06
7.574600000000000000e+04
1.774907000000000000e+06
1.894368000000000000e+06
6.280700000000000000e+06
2.229457000000000000e+06
1.805064000000000000e+06
1.160920000000000000e+05
1.877540000000000000e+06
1.657454000000000000e+06
1.651199000000000000e+06
1.789107000000000000e+06
1.799962000000000000e+06
8.568500000000000000e+04
1.766912000000000000e+06
1.890807000000000000e+06
5.974292000000000000e+06
2.276646000000000000e+06
1.747988000000000000e+06
1.189310000000000000e+05
1.802329000000000000e+06
1.794177000000000000e+06
1.699312000000000000e+06
1.841353000000000000e+06
1.639277000000000000e+06
8.614400000000000000e+04
1.399353000000000000e+06
1.600284000000000000e+06
5.777179000000000000e+06
1.780701000000000000e+06
1.284445000000000000e+06
8.138800000000000000e+04
1.377460000000000000e+06
1.443357000000000000e+06
1.324669000000000000e+06
1.325386000000000000e+06
1.221466000000000000e+06
6.795800000000000000e+04
1.132609000000000000e+06
1.197304000000000000e+06
5.492558000000000000e+06
1.574260000000000000e+06
9.033500000000000000e+05
4.619900000000000000e+04
1.111197000000000000e+06
1.084067000000000000e+06
1.149829000000000000e+06
1.064713000000000000e+06
1.182346000000000000e+06
4.997500000000000000e+04
1.108529000000000000e+06
1.247206000000000000e+06
5.208610000000000000e+06
1.431226000000000000e+06
8.726300000000000000e+05
4.589300000000000000e+04
9.666330000000000000e+05
9.807380000000000000e+05
9.661090000000000000e+05
7.073933500000000000e+07
1.057806000000000000e+06
5.126100000000000000e+04
7.039220000000000000e+05
2.459340000000000000e+05
7.025400000000000000e+04
3.960400000000000000e+04
1.574900000000000000e+05
4.865000000000000000e+03
2.413300000000000000e+05
3.110770000000000000e+05
1.934750000000000000e+05
3.484097000000000000e+06
7.387480000000000000e+05
6.360500000000000000e+04
4.380500000000000000e+04
3.726210000000000000e+05
8.970350000000000000e+05
5.649940000000000000e+05
4.752420000000000000e+05
1.648300000000000000e+04
9.728760000000000000e+05
1.273310000000000000e+06
1.348774000000000000e+06
5.032745000000000000e+06
9.507190000000000000e+05
4.995900000000000000e+04
4.217100000000000000e+05
3.761560000000000000e+05
7.949600000000000000e+05
4.420760000000000000e+05
1.912510000000000000e+05
0.000000000000000000e+00
3.771430000000000000e+05
8.085470000000000000e+05
1.242069000000000000e+06
4.711053000000000000e+06
9.488160000000000000e+05
7.266300000000000000e+04
7.488100000000000000e+05
1.813822000000000000e+06
1.354045000000000000e+06
8.062210000000000000e+05
9.746460000000000000e+05
5.272600000000000000e+04
1.102921000000000000e+06
7.795490000000000000e+05
1.131399000000000000e+06
5.683281000000000000e+06
1.299736000000000000e+06
7.070400000000000000e+04
1.003951000000000000e+06
8.487830000000000000e+05
8.645740000000000000e+05
1.083029000000000000e+06
1.349221000000000000e+06
8.214900000000000000e+04
1.368971000000000000e+06
1.320950000000000000e+06
1.064382000000000000e+06
5.198072000000000000e+06
1.378291000000000000e+06
8.773900000000000000e+04
1.306179000000000000e+06
1.727618000000000000e+06
1.533423000000000000e+06
7.391560000000000000e+05
2.764450000000000000e+06
4.654800000000000000e+04
2.736353000000000000e+06
1.833250000000000000e+06
1.940336000000000000e+06
6.309157000000000000e+06
1.406060000000000000e+06
8.689300000000000000e+04
9.211750000000000000e+05
7.858420000000000000e+05
9.172640000000000000e+05
1.301853000000000000e+06
1.202435000000000000e+06
6.399800000000000000e+04
1.450890000000000000e+06
8.120980000000000000e+05
6.384390000000000000e+05
4.537469000000000000e+06
1.152640000000000000e+06
4.951500000000000000e+04
5.572920000000000000e+05
7.302440000000000000e+05
8.211560000000000000e+05
4.871140000000000000e+05
9.936360000000000000e+05
4.094600000000000000e+04
8.893440000000000000e+05
6.021060000000000000e+05
7.176840000000000000e+05
4.760740000000000000e+06
1.244320000000000000e+06
9.526400000000000000e+04
5.189240000000000000e+05
5.420254300000000000e+07
3.013549000000000000e+06
3.222939000000000000e+06
3.188228000000000000e+06
1.314340000000000000e+05
3.249701000000000000e+06
3.318793000000000000e+06
3.374090000000000000e+06
3.473108000000000000e+06
3.411751000000000000e+06
1.729390000000000000e+05
3.470643000000000000e+06
6.234278000000000000e+06
3.469853000000000000e+06
3.501614000000000000e+06
3.627724000000000000e+06
1.788470000000000000e+05
3.670763000000000000e+06
3.868594000000000000e+06
3.935323000000000000e+06
4.137861000000000000e+06
4.129535000000000000e+06
1.971150000000000000e+05
4.324239000000000000e+06
7.010504000000000000e+06
4.546727000000000000e+06
4.583102000000000000e+06
4.794084000000000000e+06
2.435370000000000000e+05
4.834516000000000000e+06
4.895619000000000000e+06
5.126476000000000000e+06
5.218236000000000000e+06
5.272448000000000000e+06
2.355100000000000000e+05
5.162062000000000000e+06
7.800535000000000000e+06
5.286489000000000000e+06
5.339808000000000000e+06
5.438196000000000000e+06
3.250670000000000000e+05
5.492066000000000000e+06
5.691774000000000000e+06
5.672941000000000000e+06
5.622600000000000000e+06
5.565215000000000000e+06
2.209620000000000000e+05
5.423487000000000000e+06
8.059075000000000000e+06
5.548448000000000000e+06
5.565870000000000000e+06
5.679720000000000000e+06
3.294300000000000000e+05
5.591979000000000000e+06
5.656452000000000000e+06
5.497796000000000000e+06
5.499299000000000000e+06
5.706800000000000000e+06
2.096850000000000000e+05
5.432131000000000000e+06
7.965441000000000000e+06
5.427962000000000000e+06
5.378447000000000000e+06
5.581537000000000000e+06
2.878190000000000000e+05
5.414158000000000000e+06
5.440313000000000000e+06
7.486777800000000000e+07
7.890400000000000000e+05
4.165310000000000000e+05
2.408000000000000000e+04
5.562290000000000000e+05
5.387240000000000000e+05
6.272340000000000000e+05
5.616960000000000000e+05
5.826320000000000000e+05
2.056300000000000000e+04
5.118440000000000000e+05
6.344590000000000000e+05
3.301709000000000000e+06
7.519770000000000000e+05
4.677340000000000000e+05
4.045700000000000000e+04
5.691370000000000000e+05
5.152500000000000000e+05
5.625300000000000000e+05
6.514090000000000000e+05
5.449470000000000000e+05
1.052800000000000000e+04
5.079620000000000000e+05
6.879870000000000000e+05
3.180971000000000000e+06
7.862930000000000000e+05
4.663130000000000000e+05
3.195500000000000000e+04
5.453190000000000000e+05
5.578230000000000000e+05
5.659680000000000000e+05
5.704730000000000000e+05
7.001534000000000000e+07
4.273840000000000000e+05
2.905080000000000000e+05
3.384430000000000000e+05
3.240510000000000000e+05
3.323400000000000000e+05
3.357260000000000000e+05
4.534500000000000000e+04
3.063820000000000000e+05
3.002710000000000000e+05
3.494570000000000000e+05
2.876200000000000000e+05
4.562147000000000000e+06
4.357100000000000000e+05
3.472750000000000000e+05
3.710360000000000000e+05
3.604420000000000000e+05
3.734580000000000000e+05
3.926100000000000000e+05
3.601200000000000000e+04
3.472610000000000000e+05
3.514070000000000000e+05
3.341320000000000000e+05
2.867820000000000000e+05
1.563493000000000000e+06
4.485530000000000000e+05
3.557108000000000000e+06
8.004730000000000000e+05
8.308410000000000000e+05
7.918490000000000000e+05
8.706420000000000000e+05
8.144500000000000000e+04
9.366000000000000000e+05
9.057470000000000000e+05
8.834900000000000000e+05
7.753141700000000000e+07
5.198480000000000000e+05
3.389700000000000000e+04
3.399200000000000000e+04
7.013500000000000000e+04
7.207700000000000000e+04
6.387700000000000000e+04
1.419490000000000000e+05
5.879000000000000000e+03
1.655290000000000000e+05
2.458300000000000000e+05
1.791310000000000000e+05
3.061176000000000000e+06
5.596660000000000000e+05
2.715200000000000000e+04
7.656100000000000000e+04
1.161990000000000000e+05
7.832400000000000000e+04
1.413870000000000000e+05
1.132710000000000000e+05
9.101000000000000000e+03
9.716700000000000000e+04
2.937530000000000000e+05
2.420390000000000000e+05
3.021498000000000000e+06
5.355510000000000000e+05
3.110300000000000000e+04
4.196400000000000000e+04
4.204800000000000000e+04
6.201000000000000000e+04
9.714000000000000000e+04
1.423660000000000000e+05
0.000000000000000000e+00
1.150640000000000000e+05
1.191170000000000000e+05
1.565130000000000000e+05
2.749164000000000000e+06
5.528180000000000000e+05
2.944300000000000000e+04
6.026200000000000000e+04
7.693600000000000000e+04
9.794700000000000000e+04
9.878600000000000000e+04
8.962900000000000000e+04
0.000000000000000000e+00
7.524600000000000000e+04
1.543440000000000000e+05
6.472700000000000000e+04
2.637508000000000000e+06
5.480960000000000000e+05
4.458600000000000000e+04
5.383700000000000000e+04
3.938200000000000000e+04
1.003870000000000000e+05
9.936500000000000000e+04
2.370160000000000000e+05
5.632000000000000000e+03
1.012420000000000000e+05
1.069550000000000000e+05
1.682700000000000000e+05
2.806074000000000000e+06
5.974160000000000000e+05
2.535800000000000000e+04
6.257300000000000000e+04
1.461750000000000000e+05
1.519010000000000000e+05
6.381703500000000000e+07
1.365711000000000000e+06
8.033200000000000000e+04
9.878770000000000000e+05
1.096274000000000000e+06
1.169693000000000000e+06
9.829530000000000000e+05
9.632820000000000000e+05
8.049900000000000000e+04
9.200650000000000000e+05
1.024780000000000000e+06
9.701970000000000000e+05
5.502975000000000000e+06
1.227678000000000000e+06
5.787900000000000000e+04
9.046830000000000000e+05
1.253300000000000000e+06
1.034775000000000000e+06
9.684660000000000000e+05
8.639320000000000000e+05
2.347900000000000000e+04
9.454200000000000000e+05
9.230690000000000000e+05
9.526070000000000000e+05
5.422497000000000000e+06
1.186427000000000000e+06
5.792400000000000000e+04
8.199800000000000000e+05
1.102684000000000000e+06
9.856610000000000000e+05
1.043503000000000000e+06
8.891220000000000000e+05
7.478700000000000000e+04
9.106530000000000000e+05
6.888767100000000000e+07
1.489236000000000000e+06
9.923700000000000000e+05
5.996050000000000000e+05
3.719700000000000000e+04
5.539050000000000000e+05
7.644570000000000000e+05
6.500890000000000000e+05
1.356178000000000000e+06
6.210160000000000000e+05
3.326500000000000000e+04
1.016205000000000000e+06
3.960818000000000000e+06
1.210410000000000000e+06
1.990905000000000000e+06
2.560882000000000000e+06
1.210340000000000000e+05
1.551802000000000000e+06
1.979221000000000000e+06
1.670900000000000000e+06
1.134911000000000000e+06
2.912992000000000000e+06
5.509800000000000000e+04
4.248827000000000000e+06
5.939016000000000000e+06
4.460407000000000000e+06
4.933247000000000000e+06
5.545732000000000000e+06
2.803840000000000000e+05
6.190519000000000000e+06
5.703825000000000000e+06
6.614855000000000000e+06
6.709276000000000000e+06
7.039446000000000000e+06
3.032020000000000000e+05
5.218768100000000000e+07
7.850040000000000000e+05
6.012060000000000000e+05
7.740690000000000000e+05
8.926120000000000000e+05
4.895100000000000000e+04
7.167100000000000000e+05
7.565320000000000000e+05
7.057530000000000000e+05
7.388870000000000000e+05
7.433820000000000000e+05
5.358400000000000000e+04
3.034608000000000000e+06
9.413480000000000000e+05
6.974530000000000000e+05
6.768200000000000000e+05
7.743940000000000000e+05
3.898900000000000000e+04
7.704000000000000000e+05
7.823820000000000000e+05
7.566560000000000000e+05
6.709170000000000000e+05
6.281691300000000000e+07
5.626910000000000000e+05
2.952145000000000000e+06
2.438180000000000000e+06
2.897178000000000000e+06
3.227164000000000000e+06
3.762686000000000000e+06
2.492290000000000000e+05
3.898025000000000000e+06
4.782474000000000000e+06
4.777150000000000000e+06
5.329384000000000000e+06
8.088030000000000000e+06
5.068050000000000000e+05
5.823765000000000000e+06
6.619636000000000000e+06
6.131245000000000000e+06
6.062127000000000000e+06
4.635940000000000000e+06
3.183140000000000000e+05
3.329248000000000000e+06
3.148864000000000000e+06
3.618362000000000000e+06
3.787294000000000000e+06
6.758216000000000000e+06
5.612190000000000000e+05
5.257471000000000000e+06
6.376664000000000000e+06
6.614458000000000000e+06
8.007955000000000000e+06
8.806211000000000000e+06
4.677070000000000000e+05
8.806330000000000000e+06
9.303240000000000000e+06
8.900917000000000000e+06
9.208694000000000000e+06
1.028360400000000000e+07
5.311120000000000000e+05
8.289925000000000000e+06
6.939957000000000000e+06
5.641536000000000000e+06
5.040629000000000000e+06
8.258298100000000000e+07
5.049470000000000000e+05
8.846200000000000000e+04
1.850420000000000000e+05
1.367970000000000000e+05
2.994390000000000000e+05
1.607930000000000000e+05
2.012500000000000000e+04
1.247070000000000000e+05
1.833400000000000000e+05
1.361070000000000000e+05
3.056510000000000000e+05
2.108565000000000000e+06
5.179590000000000000e+05
1.426680000000000000e+05
1.450010000000000000e+05
1.317620000000000000e+05
2.529330000000000000e+05
1.330460000000000000e+05
1.167700000000000000e+04
1.543880000000000000e+05
1.158870000000000000e+05
1.086790000000000000e+05
1.673900000000000000e+05
1.880258000000000000e+06
5.522100000000000000e+05
7.874100000000000000e+04
8.281700000000000000e+04
1.187660000000000000e+05
1.347540000000000000e+05
6.444100000000000000e+04
2.275000000000000000e+03
9.797600000000000000e+04
5.765200000000000000e+04
1.041820000000000000e+05
1.533770000000000000e+05
1.659684000000000000e+06
5.199400000000000000e+05
4.359000000000000000e+04
7.116400000000000000e+04
4.662900000000000000e+04
1.004950000000000000e+05
4.985100000000000000e+04
4.853000000000000000e+03
4.471200000000000000e+04
5.751400000000000000e+04
4.271000000000000000e+04
7.448000000000000000e+04
1.294029000000000000e+06
5.357230000000000000e+05
5.159400000000000000e+04
5.223800000000000000e+04
3.400900000000000000e+04
9.247300000000000000e+04
4.796300000000000000e+04
0.000000000000000000e+00
4.545400000000000000e+04
4.206900000000000000e+04
2.420500000000000000e+04
9.907200000000000000e+04
1.154787000000000000e+06
5.180880000000000000e+05
7.501300000000000000e+04
2.391300000000000000e+04
2.198000000000000000e+04
5.185200000000000000e+04
7.314407100000000000e+07
3.777390000000000000e+05
9.735200000000000000e+05
1.608224000000000000e+06
1.329558000000000000e+06
1.126155000000000000e+06
6.376300000000000000e+05
9.696100000000000000e+04
5.269750000000000000e+05
9.402320000000000000e+05
1.183055000000000000e+06
1.089802000000000000e+06
3.821055000000000000e+06
2.539180000000000000e+05
5.544446500000000000e+07
2.356284000000000000e+06
1.801800000000000000e+06
1.545700000000000000e+06
1.613501000000000000e+06
1.120290000000000000e+05
1.418605000000000000e+06
1.712037000000000000e+06
1.486465000000000000e+06
1.648915000000000000e+07
1.303739000000000000e+06
2.795320000000000000e+05
5.511485000000000000e+06
6.760980000000000000e+05
1.885630000000000000e+05
2.315640000000000000e+05
1.743750000000000000e+05
2.754000000000000000e+03
1.451030000000000000e+05
1.250090000000000000e+05
1.082340000000000000e+05
6.001240700000000000e+07
9.387850000000000000e+05
6.680100000000000000e+04
3.394350000000000000e+05
3.857840000000000000e+05
4.228530000000000000e+05
3.343080000000000000e+05
3.850660000000000000e+05
5.012500000000000000e+04
3.325520000000000000e+05
3.049300000000000000e+05
3.324740000000000000e+05
2.345682000000000000e+06
9.296770000000000000e+05
4.527900000000000000e+04
3.027710000000000000e+05
5.208470000000000000e+05
3.478950000000000000e+05
4.372900000000000000e+05
4.196730000000000000e+05
3.925800000000000000e+04
3.510360000000000000e+05
4.050440000000000000e+05
4.669270000000000000e+05
3.267924000000000000e+06
8.567400000000000000e+05
6.126200000000000000e+04
3.067380000000000000e+05
3.076420000000000000e+05
3.609860000000000000e+05
3.599740000000000000e+05
3.925570000000000000e+05
2.296800000000000000e+04
3.266260000000000000e+05
4.059790000000000000e+05
3.802910000000000000e+05
3.161264000000000000e+06
8.744440000000000000e+05
5.292200000000000000e+04
2.579910000000000000e+05
3.119240000000000000e+05
3.199160000000000000e+05
3.932490000000000000e+05
3.610100000000000000e+05
2.848100000000000000e+04
3.871140000000000000e+05
4.483210000000000000e+05
3.966060000000000000e+05
3.204340000000000000e+06
8.946790000000000000e+05
5.751200000000000000e+04
1.951280000000000000e+05
3.112610000000000000e+05
2.657460000000000000e+05
2.650850000000000000e+05
3.131610000000000000e+05
1.762100000000000000e+04
3.126540000000000000e+05
4.039200000000000000e+05
3.115330000000000000e+05
3.275756000000000000e+06
8.871680000000000000e+05
3.358600000000000000e+04
1.458210000000000000e+05
1.679210000000000000e+05
7.332265300000000000e+07
1.565934000000000000e+06
1.125859000000000000e+06
8.600400000000000000e+04
1.374616000000000000e+06
1.509719000000000000e+06
1.096200000000000000e+06
1.384739000000000000e+06
1.352522000000000000e+06
9.621300000000000000e+04
1.483763000000000000e+06
1.412112000000000000e+06
5.090881000000000000e+06
1.662630000000000000e+06
1.075337000000000000e+06
5.189100000000000000e+04
8.628740000000000000e+05
9.549370000000000000e+05
8.617470000000000000e+05
8.878230000000000000e+05
8.413550000000000000e+05
5.687900000000000000e+04
9.190730000000000000e+05
9.964190000000000000e+05
4.641626000000000000e+06
1.207613000000000000e+06
1.024366000000000000e+06
5.603400000000000000e+04
1.144133000000000000e+06
1.607692000000000000e+06
1.748995000000000000e+06
1.975683000000000000e+06
1.868944000000000000e+06
1.080020000000000000e+05
8.580354800000000000e+07
2.757186000000000000e+06
2.554763000000000000e+06
2.910847000000000000e+06
3.123504000000000000e+06
2.165160000000000000e+05
2.931274000000000000e+06
2.571616000000000000e+06
2.749276000000000000e+06
2.852537000000000000e+06
2.586515000000000000e+06
2.484960000000000000e+05
4.835638000000000000e+06
2.714990000000000000e+06
2.709826000000000000e+06
2.572555000000000000e+06
2.930496000000000000e+06
2.266130000000000000e+05
2.808617000000000000e+06
2.658131000000000000e+06
2.639191000000000000e+06
2.677816000000000000e+06
2.870732000000000000e+06
1.908940000000000000e+05
5.640354000000000000e+06
8.244084500000000000e+07
4.345133000000000000e+06
4.112484000000000000e+06
3.975690000000000000e+06
1.179600000000000000e+05
4.145790000000000000e+06
4.403906000000000000e+06
4.751826000000000000e+06
4.840952200000000000e+07
8.760960000000000000e+05
2.173100000000000000e+04
4.643260000000000000e+05
2.264260000000000000e+05
4.411890000000000000e+05
5.623890000000000000e+05
5.671820000000000000e+05
1.737500000000000000e+04
4.777900000000000000e+05
5.531670000000000000e+05
1.102214000000000000e+06
2.756955000000000000e+06
1.053197000000000000e+06
2.760800000000000000e+04
8.235170000000000000e+05
3.329630000000000000e+05
3.302120000000000000e+05
2.269250000000000000e+05
5.412070000000000000e+05
2.346400000000000000e+04
1.566315000000000000e+06
1.895173000000000000e+06
3.052676000000000000e+06
3.309821000000000000e+06
4.818656400000000000e+07
6.547940000000000000e+05
4.930321000000000000e+06
5.684163000000000000e+06
6.358421000000000000e+06
6.862206000000000000e+06
7.534876000000000000e+06
5.298560000000000000e+05
7.234710000000000000e+06
8.305002000000000000e+06
8.039760000000000000e+06
8.759695000000000000e+06
1.162948300000000000e+07
6.448430000000000000e+05
9.831071000000000000e+06
1.009425600000000000e+07
1.051162200000000000e+07
1.101139000000000000e+07
1.075124700000000000e+07
7.227090000000000000e+05
1.107173700000000000e+07
1.110251100000000000e+07
1.149392500000000000e+07
1.197320900000000000e+07
1.441112100000000000e+07
5.249720000000000000e+05
1.289461900000000000e+07
1.339130000000000000e+07
1.382704700000000000e+07
1.378336800000000000e+07
1.368958400000000000e+07
8.589700000000000000e+05
1.351873000000000000e+07
1.377029900000000000e+07
1.335157700000000000e+07
1.402655200000000000e+07
1.608764700000000000e+07
4.472830000000000000e+05
1.325346400000000000e+07
1.332053000000000000e+07
1.305474400000000000e+07
1.361056700000000000e+07
1.284071000000000000e+07
8.321940000000000000e+05
1.261697200000000000e+07
1.264537700000000000e+07
1.168987000000000000e+07
1.073721900000000000e+07
1.429407500000000000e+07
4.928670000000000000e+05
1.106867600000000000e+07
1.144465600000000000e+07
1.161670900000000000e+07
1.064112800000000000e+07
1.103269600000000000e+07
7.379820000000000000e+05
9.792960000000000000e+06
9.734022000000000000e+06
9.813368000000000000e+06
1.006322200000000000e+07
1.214328100000000000e+07
5.107980000000000000e+05
9.003405000000000000e+06
8.869946000000000000e+06
8.344591000000000000e+06
7.835926000000000000e+06
7.292309000000000000e+06
4.823200000000000000e+05
7.420707000000000000e+06
6.771038000000000000e+06
5.804012000000000000e+06
5.587929000000000000e+06
9.559884000000000000e+06
5.144620000000000000e+05
5.697394000000000000e+06
4.985016000000000000e+06
7.860824300000000000e+07
4.771077000000000000e+06
4.682425000000000000e+06
3.543180000000000000e+05
4.926133000000000000e+06
4.455948000000000000e+06
4.579368000000000000e+06
4.543694000000000000e+06
4.375231000000000000e+06
3.271760000000000000e+05
4.866563000000000000e+06
4.993739000000000000e+06
8.030396000000000000e+06
6.132417000000000000e+06
6.346244000000000000e+06
4.605720000000000000e+05
5.923231000000000000e+06
6.284197000000000000e+06
6.344361000000000000e+06
6.057034000000000000e+06
6.126029000000000000e+06
5.033670000000000000e+05
5.817904000000000000e+06
5.968280000000000000e+06
8.511616000000000000e+06
5.635885000000000000e+06
5.911551000000000000e+06
4.311220000000000000e+05
5.699516000000000000e+06
5.785366000000000000e+06
5.873815000000000000e+06
6.070347000000000000e+06
6.288136000000000000e+06
3.888700000000000000e+05
6.146025000000000000e+06
6.371412000000000000e+06
9.033900000000000000e+06
6.466640000000000000e+06
6.918577000000000000e+06
4.062000000000000000e+05
6.889251000000000000e+06
7.006772000000000000e+06
6.840326000000000000e+06
6.565261000000000000e+06
6.178547000000000000e+06
3.927730000000000000e+05
6.164540000000000000e+06
6.870280000000000000e+06
9.439088000000000000e+06
6.688170000000000000e+06
7.021592000000000000e+06
4.425400000000000000e+05
7.104031000000000000e+06
6.726129000000000000e+06
7.138623000000000000e+06
6.960475000000000000e+06
7.344983000000000000e+06
5.549510000000000000e+05
6.687844000000000000e+06
7.032079000000000000e+06
9.523280000000000000e+06
6.870408000000000000e+06
6.669655000000000000e+06
5.111250000000000000e+05
6.330513000000000000e+06
6.607543000000000000e+06
7.387311500000000000e+07
1.231476000000000000e+06
7.852650000000000000e+05
4.271800000000000000e+04
1.501857000000000000e+06
1.720788000000000000e+06
1.944577000000000000e+06
3.252515000000000000e+06
3.780364000000000000e+06
8.002500000000000000e+04
5.054663000000000000e+06
6.368631000000000000e+06
8.753540000000000000e+06
7.854025000000000000e+06
5.735820000000000000e+06
1.861580000000000000e+05
3.437951000000000000e+06
2.055376000000000000e+06
2.201717000000000000e+06
3.216902000000000000e+06
4.450029000000000000e+06
1.119740000000000000e+05
3.048434000000000000e+06
4.350345000000000000e+06
6.054195000000000000e+06
3.988296000000000000e+06
4.018774000000000000e+06
1.455350000000000000e+05
3.008125000000000000e+06
2.302496000000000000e+06
3.909699000000000000e+06
3.172867000000000000e+06
2.334039000000000000e+06
6.924200000000000000e+04
2.856741000000000000e+06
2.139245000000000000e+06
4.547418000000000000e+06
7.328219600000000000e+07
1.208926100000000000e+07
3.593170000000000000e+05
8.140308000000000000e+06
3.853276000000000000e+06
4.635828000000000000e+06
5.432979000000000000e+06
6.206807000000000000e+06
2.172450000000000000e+05
6.532546000000000000e+06
4.297340000000000000e+06
2.495059000000000000e+06
5.788479000000000000e+06
5.263424000000000000e+06
6.212600000000000000e+04
5.247868000000000000e+06
5.705457000000000000e+06
5.121440000000000000e+06
5.733086000000000000e+06
4.638656000000000000e+06
1.046530000000000000e+05
2.266312000000000000e+06
2.128986000000000000e+06
3.850772000000000000e+06
6.758412000000000000e+06
7.147884000000000000e+06
2.289540000000000000e+05
7.590023000000000000e+06
4.862791000000000000e+06
7.726876000000000000e+06
5.707901500000000000e+07
1.051826900000000000e+07
7.409030000000000000e+05
1.115096400000000000e+07
1.091067100000000000e+07
1.632922900000000000e+07
2.001154500000000000e+07
2.083537600000000000e+07
7.085960000000000000e+05
2.345934800000000000e+07
2.199450000000000000e+07
1.886700000000000000e+07
1.738301700000000000e+07
1.738346900000000000e+07
3.505640000000000000e+05
1.838909600000000000e+07
1.834743500000000000e+07
1.761115700000000000e+07
1.421042900000000000e+07
1.100877900000000000e+07
6.032020000000000000e+05
7.082565000000000000e+06
5.786976100000000000e+07
7.265512000000000000e+06
7.572086000000000000e+06
7.655457000000000000e+06
4.339760000000000000e+05
7.282059000000000000e+06
7.242573000000000000e+06
7.277390000000000000e+06
7.898625000000000000e+06
8.034502000000000000e+06
3.269710000000000000e+05
8.242998000000000000e+06
1.042017800000000000e+07
8.577254000000000000e+06
8.304863000000000000e+06
8.302780000000000000e+06
5.296210000000000000e+05
7.899430000000000000e+06
7.703157000000000000e+06
7.593547000000000000e+06
7.556766000000000000e+06
7.395322000000000000e+06
4.342230000000000000e+05
7.177743000000000000e+06
9.606444000000000000e+06
7.718016000000000000e+06
7.628067000000000000e+06
7.453359000000000000e+06
4.000070000000000000e+05
7.295578000000000000e+06
7.169655000000000000e+06
6.446738000000000000e+06
6.102551000000000000e+06
6.127045000000000000e+06
3.194540000000000000e+05
5.948159000000000000e+06
8.010011000000000000e+06
5.756261000000000000e+06
5.668348000000000000e+06
5.827560000000000000e+06
3.133250000000000000e+05
5.542230000000000000e+06
4.266418000000000000e+06
3.881823000000000000e+06
3.629243000000000000e+06
4.962636000000000000e+07
5.832850000000000000e+05
5.707478000000000000e+06
5.815106000000000000e+06
5.732918000000000000e+06
5.636487000000000000e+06
5.606164000000000000e+06
3.431580000000000000e+05
5.447049000000000000e+06
5.552679000000000000e+06
5.720757000000000000e+06
5.756906000000000000e+06
9.517996000000000000e+06
6.261720000000000000e+05
5.729795000000000000e+06
6.148212000000000000e+06
5.934786000000000000e+06
6.216805000000000000e+06
6.056271000000000000e+06
4.406150000000000000e+05
5.925613000000000000e+06
6.663367000000000000e+06
6.198305000000000000e+06
6.011643000000000000e+06
9.734551000000000000e+06
5.741530000000000000e+05
6.088807000000000000e+06
6.317948000000000000e+06
6.178229000000000000e+06
6.223663000000000000e+06
6.055579000000000000e+06
4.392680000000000000e+05
5.981160000000000000e+06
6.057845000000000000e+06
5.853715900000000000e+07
7.464091000000000000e+06
7.161502000000000000e+06
3.044610000000000000e+05
7.172797000000000000e+06
7.725913000000000000e+06
7.510858000000000000e+06
7.750742000000000000e+06
8.001758000000000000e+06
1.559120000000000000e+05
7.746983000000000000e+06
8.049771000000000000e+06
9.967075000000000000e+06
8.678378000000000000e+06
8.872751000000000000e+06
3.045870000000000000e+05
8.576267000000000000e+06
8.779172000000000000e+06
8.963867000000000000e+06
8.717822000000000000e+06
8.764074000000000000e+06
3.321270000000000000e+05
8.555750000000000000e+06
8.544578000000000000e+06
1.068299900000000000e+07
8.764587000000000000e+06
8.647963000000000000e+06
2.406940000000000000e+05
8.190227000000000000e+06
8.388784000000000000e+06
7.533377000000000000e+06
7.463766000000000000e+06
7.097833000000000000e+06
3.360250000000000000e+05
7.128212000000000000e+06
6.837593000000000000e+06
9.153076000000000000e+06
6.582925000000000000e+06
6.476289000000000000e+06
3.523860000000000000e+05
6.260004000000000000e+06
6.295351000000000000e+06
5.966179000000000000e+06
5.547701000000000000e+06
5.874644000000000000e+06
3.106040000000000000e+05
5.480288000000000000e+06
5.354803000000000000e+06
7.638124000000000000e+06
4.787240000000000000e+06
3.687886000000000000e+06
1.410230000000000000e+05
2.519056000000000000e+06
6.154405700000000000e+07
3.914635000000000000e+06
4.488204000000000000e+06
3.336130000000000000e+06
2.474880000000000000e+05
1.954153000000000000e+06
2.688968000000000000e+06
2.509920000000000000e+06
2.357431000000000000e+06
2.225777000000000000e+06
8.916100000000000000e+04
2.218917000000000000e+06
5.968384000000000000e+06
2.674814000000000000e+06
2.275185000000000000e+06
3.012733000000000000e+06
2.037030000000000000e+05
2.556403000000000000e+06
2.909550000000000000e+06
2.316566000000000000e+06
2.343363000000000000e+06
2.635902000000000000e+06
1.509080000000000000e+05
1.944420000000000000e+06
6.448972000000000000e+06
5.178616000000000000e+06
4.301083000000000000e+06
5.049216000000000000e+06
3.626990000000000000e+05
4.269523000000000000e+06
2.841965000000000000e+06
2.664068000000000000e+06
2.591795000000000000e+06
1.997208000000000000e+06
1.436190000000000000e+05
1.770784000000000000e+06
5.758602000000000000e+06
1.691661000000000000e+06
9.421650000000000000e+05
1.734587000000000000e+06
1.054170000000000000e+05
1.001374000000000000e+06
1.428487000000000000e+06
8.076530000000000000e+05
1.210414000000000000e+06
1.012650000000000000e+06
5.544000000000000000e+04
9.768365600000000000e+07
4.994854000000000000e+06
5.069905000000000000e+06
5.178929000000000000e+06
5.158916000000000000e+06
2.448090000000000000e+05
5.598679000000000000e+06
6.012683000000000000e+06
5.991123000000000000e+06
6.286912000000000000e+06
5.964836000000000000e+06
4.766330000000000000e+05
1.017025600000000000e+07
5.656302000000000000e+06
5.453483000000000000e+06
5.566553000000000000e+06
5.699996000000000000e+06
4.296830000000000000e+05
5.489604000000000000e+06
5.694088000000000000e+06
5.728739000000000000e+06
5.746633000000000000e+06
5.640192000000000000e+06
5.201390000000000000e+05
1.006935600000000000e+07
5.183316000000000000e+06
5.753432000000000000e+06
5.090027000000000000e+06
5.428747000000000000e+06
3.775520000000000000e+05
4.773190000000000000e+06
5.330411000000000000e+06
5.640244000000000000e+06
5.401959000000000000e+06
5.479050000000000000e+06
3.671140000000000000e+05
9.442517000000000000e+06
4.424311000000000000e+06
4.581017000000000000e+06
4.112177000000000000e+06
4.600521000000000000e+06
3.082560000000000000e+05
5.024499000000000000e+06
5.235528000000000000e+06
5.268558000000000000e+06
5.173088000000000000e+06
5.336930000000000000e+06
3.424790000000000000e+05
9.700798000000000000e+06
5.182100000000000000e+06
5.433415000000000000e+06
5.259681000000000000e+06
6.180211000000000000e+06
3.913090000000000000e+05
5.506528000000000000e+06
5.196494000000000000e+06
6.338802000000000000e+06
5.025394000000000000e+06
5.715513000000000000e+06
4.054720000000000000e+05
9.388472000000000000e+06
3.962045000000000000e+06
4.343407000000000000e+06
3.908329000000000000e+06
3.766732000000000000e+06
2.673220000000000000e+05
3.942704000000000000e+06
7.263600700000000000e+07
9.718411000000000000e+06
1.050426600000000000e+07
1.198719100000000000e+07
9.091230000000000000e+05
1.233711900000000000e+07
1.194220200000000000e+07
9.359742000000000000e+06
8.588403000000000000e+06
7.440815000000000000e+06
2.697090000000000000e+05
6.261179000000000000e+06
1.071204000000000000e+07
7.286839000000000000e+06
7.560541000000000000e+06
9.080007000000000000e+06
5.937490000000000000e+05
9.892785000000000000e+06
1.110538500000000000e+07
1.410628300000000000e+07
1.520959800000000000e+07
1.458954600000000000e+07
9.634330000000000000e+05
1.523007600000000000e+07
1.481040500000000000e+07
1.263157500000000000e+07
1.035745600000000000e+07
9.516818000000000000e+06
7.190580000000000000e+05
9.349268000000000000e+06
8.409500000000000000e+06
8.845428000000000000e+06
8.506813000000000000e+06
7.052849400000000000e+07
6.092920000000000000e+05
1.614745000000000000e+06
2.182245000000000000e+06
2.457812000000000000e+06
2.336638000000000000e+06
2.409919000000000000e+06
2.175240000000000000e+05
2.392158000000000000e+06
2.502669000000000000e+06
2.490713000000000000e+06
2.533662000000000000e+06
5.669119000000000000e+06
5.667160000000000000e+05
2.041009000000000000e+06
2.122550000000000000e+06
2.072134000000000000e+06
1.974157000000000000e+06
1.911470000000000000e+06
1.277140000000000000e+05
1.844823000000000000e+06
1.999746000000000000e+06
1.914596000000000000e+06
2.045246000000000000e+06
5.094043000000000000e+06
5.835170000000000000e+05
1.616809000000000000e+06
1.902655000000000000e+06
1.587179000000000000e+06
1.816989000000000000e+06
1.756687000000000000e+06
9.739600000000000000e+04
1.495121000000000000e+06
1.743560000000000000e+06
1.594704000000000000e+06
1.682235000000000000e+06
7.261665700000000000e+07
4.565350000000000000e+05
7.168807000000000000e+06
7.610926000000000000e+06
7.729458000000000000e+06
7.631826000000000000e+06
7.764541000000000000e+06
5.264150000000000000e+05
7.491006000000000000e+06
8.250785000000000000e+06
8.367576000000000000e+06
8.213267000000000000e+06
1.183841900000000000e+07
4.203690000000000000e+05
8.426538000000000000e+06
8.906877000000000000e+06
8.825547000000000000e+06
8.593949000000000000e+06
8.765335000000000000e+06
6.324220000000000000e+05
8.317600000000000000e+06
8.573703000000000000e+06
8.431112000000000000e+06
8.279706000000000000e+06
1.171936200000000000e+07
5.305180000000000000e+05
7.867868000000000000e+06
8.361633000000000000e+06
8.832280000000000000e+06
6.666401200000000000e+07
2.554564000000000000e+06
4.592400000000000000e+04
2.246441000000000000e+06
2.197089000000000000e+06
2.292200000000000000e+06
2.336685000000000000e+06
2.379177000000000000e+06
7.584700000000000000e+04
2.445010000000000000e+06
2.502649000000000000e+06
2.535714000000000000e+06
4.417650000000000000e+06
2.791852000000000000e+06
1.063910000000000000e+05
2.536040000000000000e+06
2.652616000000000000e+06
2.604836000000000000e+06
2.598634000000000000e+06
2.698901000000000000e+06
1.213650000000000000e+05
2.621831000000000000e+06
2.795487000000000000e+06
2.846295000000000000e+06
5.164638000000000000e+06
3.174488000000000000e+06
7.807000000000000000e+04
2.887341000000000000e+06
2.899018000000000000e+06
3.004945000000000000e+06
3.021052000000000000e+06
2.957612000000000000e+06
1.021820000000000000e+05
2.900649000000000000e+06
2.891008000000000000e+06
2.764344000000000000e+06
5.117113000000000000e+06
2.831729000000000000e+06
7.113000000000000000e+04
5.240362100000000000e+07
5.105646000000000000e+06
5.268136000000000000e+06
5.216209000000000000e+06
5.469270000000000000e+06
3.860290000000000000e+05
5.035952000000000000e+06
5.410335000000000000e+06
5.532732000000000000e+06
5.490457000000000000e+06
5.682141000000000000e+06
3.853000000000000000e+05
8.699976000000000000e+06
5.657516000000000000e+06
5.784306000000000000e+06
6.109008000000000000e+06
6.162057000000000000e+06
3.895250000000000000e+05
6.330067000000000000e+06
6.720811000000000000e+06
6.529912000000000000e+06
6.944049000000000000e+06
6.760368000000000000e+06
4.797150000000000000e+05
9.730690000000000000e+06
6.502919000000000000e+06
6.821069000000000000e+06
6.718562000000000000e+06
6.605766000000000000e+06
4.367790000000000000e+05
6.385337000000000000e+06
6.123117000000000000e+06
5.769194000000000000e+06
5.489804000000000000e+06
5.352406000000000000e+06
3.608970000000000000e+05
8.080601000000000000e+06
4.857157000000000000e+06
4.739312000000000000e+06
4.669709000000000000e+06
5.054791000000000000e+06
3.063720000000000000e+05
4.903814000000000000e+06
5.068736000000000000e+06
5.412970000000000000e+06
5.531050000000000000e+06
5.743386000000000000e+06
3.878400000000000000e+05
8.619852000000000000e+06
5.741319000000000000e+06
5.694247000000000000e+06
5.810600000000000000e+06
6.021004000000000000e+06
4.555850000000000000e+05
5.769711000000000000e+06
6.105588000000000000e+06
6.078267000000000000e+06
6.235628000000000000e+06
2.008041700000000000e+07
5.012250000000000000e+05
2.073294400000000000e+07
1.947096600000000000e+07
1.831552000000000000e+07
1.752538600000000000e+07
8.186736000000000000e+06
0.000000000000000000e+00
0.000000000000000000e+00
0.000000000000000000e+00
0.000000000000000000e+00
0.000000000000000000e+00
0.000000000000000000e+00
0.000000000000000000e+00
0.000000000000000000e+00
0.000000000000000000e+00
0.000000000000000000e+00
0.000000000000000000e+00
0.000000000000000000e+00
0.000000000000000000e+00
0.000000000000000000e+00
9.792000000000000000e+03
1.082160000000000000e+05
1.259700000000000000e+05
1.641360000000000000e+05
1.997100000000000000e+04
1.834000000000000000e+05
2.316180000000000000e+05
2.797810000000000000e+05
5.337000000000000000e+05
2.599930000000000000e+05
1.081300000000000000e+04
1.704000000000000000e+03
0.000000000000000000e+00
0.000000000000000000e+00
0.000000000000000000e+00
0.000000000000000000e+00
0.000000000000000000e+00
0.000000000000000000e+00
0.000000000000000000e+00
0.000000000000000000e+00
0.000000000000000000e+00
1.342000000000000000e+04
1.081300000000000000e+04
1.704000000000000000e+03
0.000000000000000000e+00
0.000000000000000000e+00
0.000000000000000000e+00
0.000000000000000000e+00
0.000000000000000000e+00
0.000000000000000000e+00
0.000000000000000000e+00
0.000000000000000000e+00
0.000000000000000000e+00
1.064500000000000000e+04
1.081300000000000000e+04
1.704000000000000000e+03
0.000000000000000000e+00
0.000000000000000000e+00
0.000000000000000000e+00
0.000000000000000000e+00
0.000000000000000000e+00
0.000000000000000000e+00
0.000000000000000000e+00
0.000000000000000000e+00
0.000000000000000000e+00
1.064500000000000000e+04
1.081300000000000000e+04
1.704000000000000000e+03
0.000000000000000000e+00
0.000000000000000000e+00
0.000000000000000000e+00
0.000000000000000000e+00
0.000000000000000000e+00
0.000000000000000000e+00
0.000000000000000000e+00
0.000000000000000000e+00
0.000000000000000000e+00
6.523500000000000000e+04
9.314000000000000000e+03
0.000000000000000000e+00
0.000000000000000000e+00
0.000000000000000000e+00
0.000000000000000000e+00
0.000000000000000000e+00
0.000000000000000000e+00
0.000000000000000000e+00
0.000000000000000000e+00
0.000000000000000000e+00
0.000000000000000000e+00
6.068900000000000000e+04
1.092800000000000000e+04
2.280000000000000000e+03
1.287000000000000000e+03
0.000000000000000000e+00
0.000000000000000000e+00
0.000000000000000000e+00
0.000000000000000000e+00
0.000000000000000000e+00
0.000000000000000000e+00
0.000000000000000000e+00
0.000000000000000000e+00
1.076300000000000000e+04
1.092800000000000000e+04
2.280000000000000000e+03
1.287000000000000000e+03
0.000000000000000000e+00
0.000000000000000000e+00
0.000000000000000000e+00
0.000000000000000000e+00
0.000000000000000000e+00
0.000000000000000000e+00
0.000000000000000000e+00
0.000000000000000000e+00
1.076300000000000000e+04
1.092800000000000000e+04
2.280000000000000000e+03
1.287000000000000000e+03
0.000000000000000000e+00
0.000000000000000000e+00
0.000000000000000000e+00
0.000000000000000000e+00
