8.958814095477668580e-04
8.397999466681967009e-05
9.126865101509354372e-02
7.919002065853197533e-03
2.303728035518101160e-04
5.583632357266484267e-05
2.931310952115221205e-02
5.123934064592634147e-02
6.865263958366550102e-03
1.541041192554292328e-03
2.248790247910687629e-02
6.573720919031675325e-02
8.830290294828868625e-02
6.032316246811224303e-02
7.355217447086256910e-02
7.385927576597045574e-02
2.615629442695046811e-02
1.082869873565881456e-02
4.022644977180325071e-02
9.706352389588647489e-02
2.125463161338754167e-02
6.315643933354591656e-03
1.939153087382413862e-02
1.642246959971732732e-03
6.439160732995896164e-04
8.175368008970403653e-05
4.702548591458067715e-04
2.595538509135343792e-03
2.325564793178013304e-02
8.964143091318559076e-02
1.009478095437393724e-01
1.004538607435161574e-01
4.283953361770734096e-03
2.059155094380281381e-03
3.990947697438350372e-02
3.142983313320445171e-02
3.765668285136319904e-02
4.296553994522613745e-02
2.728681239952035487e-02
1.309452316387980930e-02
6.507141736088967177e-02
7.308689558587107282e-02
9.391154723913490432e-03
1.979401322449145500e-03
6.696257948064479951e-03
1.444371152086322725e-02
1.506032489594959049e-02
4.740389350320205891e-02
4.144974533392458554e-02
3.603855055205675700e-02
6.424220078656462871e-03
2.444447465494376318e-03
3.083721472292530377e-03
2.745135949582469623e-03
1.903487095216504707e-02
3.101058752358365131e-02
3.109296681929607856e-02
5.578118927624760824e-03
4.190423537273796177e-03
4.927730560302734722e-03
1.659339982636120689e-02
2.964886516129889432e-02
3.460990750059789872e-02
2.835271666650058392e-02
2.695146158438961603e-02
1.358064145457987815e-02
2.220145504490858915e-02
2.930378816565688826e-02
1.053776124707695577e-02
9.349239115812340477e-04
1.810199062840468255e-03
7.998219314886598555e-03
2.656631080471739525e-03
2.577753091345027906e-04
1.431102168803312326e-03
2.590268193459024232e-02
5.991862809576956050e-02
5.729606784119897767e-02
2.669314429873511849e-02
1.227154374933567098e-03
1.935131371426744486e-03
8.417775030849742202e-04
2.608969260235221872e-03
1.040756215854566962e-03
1.115957287704052607e-04
4.404980410523965994e-05
8.181998265438340109e-06
3.481916829842288656e-05
1.028166133530285904e-04
1.675867304509999836e-04
1.557292480047057332e-04
1.111871328483633503e-04
5.844924218800603462e-05
3.401054715623660706e-05
1.343371866106176019e-05
9.637522403480243652e-06
1.056213573533661479e-02
3.458918357382015428e-04
1.280216457081489881e-03
2.353174637775031983e-02
1.780264977695179482e-02
1.473452769169191108e-03
3.157143690148178465e-03
2.315298331027128252e-05
3.445138217640571904e-02
1.159212488706420074e-01
9.037895981146364111e-02
3.440045726542570459e-02
2.070510111698488018e-02
1.938969099602731727e-02
1.899135875053146322e-02
1.209879245887808194e-02
1.005922823536152706e-02
6.832207141279363072e-03
2.000861913979459002e-03
4.523383820948957538e-05
6.307303702750173535e-05
3.622574465615408901e-04
2.406560417746200081e-02
5.082105779323448091e-02
8.419275608192495000e-03
5.037555078259941914e-04
7.065027749457327127e-04
7.990569484477140581e-04
5.810341867459875098e-04
2.052953454101977640e-04
7.751279314156292761e-06
1.550322512582856641e-05
2.364122948678983266e-04
7.819230864648105865e-04
1.383034449045350003e-04
1.093874476393874866e-04
5.773014924964126049e-02
3.980302875544749347e-02
2.525109271613918890e-02
2.686622191448600951e-03
4.149491284169307495e-04
8.558056184223719425e-05
1.764105696256468899e-04
6.942205688580363639e-04
7.113995195246067271e-03
2.891609620074836375e-03
4.820964774306939378e-04
8.069616393978092767e-05
1.086010008442158639e-04
7.067573111073500558e-05
2.536633793188601020e-05
1.285395451954432959e-05
9.416988385575157723e-06
1.259094902447291710e-05
