6.829990000000000000e+05
2.932810000000000000e+05
1.470203000000000000e+06
2.214400000000000000e+05
1.634920000000000000e+05
6.549000000000000000e+04
4.143820000000000000e+05
1.886824000000000000e+06
1.260985000000000000e+06
2.057801000000000000e+06
1.811422000000000000e+06
1.301854000000000000e+06
1.867867000000000000e+06
2.773186000000000000e+06
3.116463000000000000e+06
9.086520000000000000e+05
9.758500000000000000e+04
1.205986000000000000e+06
1.623023000000000000e+06
5.312830000000000000e+05
6.024580000000000000e+05
4.680000000000000000e+04
6.350400000000000000e+04
4.323340000000000000e+05
1.437500000000000000e+04
3.093400000000000000e+04
2.120458000000000000e+06
3.513240000000000000e+05
1.207110000000000000e+05
1.010030000000000000e+05
1.029080000000000000e+05
1.471560000000000000e+05
9.415300000000000000e+04
8.935900000000000000e+04
8.847200000000000000e+04
4.595520000000000000e+05
1.733920000000000000e+05
1.125450000000000000e+05
1.039704000000000000e+06
3.184940000000000000e+05
7.787900000000000000e+04
7.024200000000000000e+04
8.904700000000000000e+04
1.044580000000000000e+05
7.821600000000000000e+04
7.794600000000000000e+04
1.113190000000000000e+05
3.004660000000000000e+05
3.918000000000000000e+03
2.416000000000000000e+04
8.928940000000000000e+05
2.939356000000000000e+06
1.799953000000000000e+06
8.450050000000000000e+05
2.680920000000000000e+05
5.249500000000000000e+04
2.547400000000000000e+04
3.730300000000000000e+04
4.621400000000000000e+04
3.554420000000000000e+05
1.575400000000000000e+04
9.949000000000000000e+04
1.896233000000000000e+06
3.650760000000000000e+05
1.893680000000000000e+05
1.262760000000000000e+05
1.698586000000000000e+06
5.412439000000000000e+06
4.834129000000000000e+06
9.640000000000000000e+05
1.627977000000000000e+06
4.141754000000000000e+06
2.372205000000000000e+06
4.500011000000000000e+06
3.176637000000000000e+06
1.580552000000000000e+06
2.442052000000000000e+06
2.249210000000000000e+05
1.294010000000000000e+05
1.254270000000000000e+05
8.873400000000000000e+04
1.000240000000000000e+05
9.451000000000000000e+04
4.830400000000000000e+05
1.131880000000000000e+05
1.452014000000000000e+06
2.968579000000000000e+06
4.563591000000000000e+06
5.574192000000000000e+06
4.487188000000000000e+06
3.743229000000000000e+06
6.026900000000000000e+05
1.952693000000000000e+06
1.436244000000000000e+06
2.093950000000000000e+05
5.627440000000000000e+05
1.485210000000000000e+05
1.262100000000000000e+05
3.233935000000000000e+06
3.251700000000000000e+05
1.065620000000000000e+05
1.074070000000000000e+05
1.077370000000000000e+05
8.843200000000000000e+04
1.007960000000000000e+05
1.027180000000000000e+05
9.868900000000000000e+04
5.338870000000000000e+05
1.216460000000000000e+05
9.931700000000000000e+04
1.389594000000000000e+06
2.866560000000000000e+05
8.599300000000000000e+04
1.061780000000000000e+05
1.169200000000000000e+05
8.098900000000000000e+04
9.677500000000000000e+04
9.057800000000000000e+04
1.006540000000000000e+05
3.567670000000000000e+05
1.110790000000000000e+05
1.343200000000000000e+05
1.496173000000000000e+06
2.338370000000000000e+05
6.456800000000000000e+04
1.030780000000000000e+05
1.248740000000000000e+05
1.136330000000000000e+05
9.417200000000000000e+04
8.944700000000000000e+04
9.051500000000000000e+04
4.007520000000000000e+05
1.279730000000000000e+05
1.030430000000000000e+05
1.339975000000000000e+06
2.795670000000000000e+05
8.675700000000000000e+04
4.873300000000000000e+04
9.327500000000000000e+04
9.166200000000000000e+04
6.043600000000000000e+04
1.062180000000000000e+05
8.879800000000000000e+04
3.593760000000000000e+05
1.175390000000000000e+05
1.116040000000000000e+05
1.437966000000000000e+06
2.450080000000000000e+05
9.966300000000000000e+04
