1.403010000000000000e+05
9.026200000000000000e+04
9.730800000000000000e+04
9.539300000000000000e+04
1.045010000000000000e+05
1.068120000000000000e+05
9.080100000000000000e+04
1.106180000000000000e+05
1.467076000000000000e+06
2.918730000000000000e+05
6.022600000000000000e+04
3.694900000000000000e+05
1.426210000000000000e+05
1.033040000000000000e+05
7.880700000000000000e+04
9.766400000000000000e+04
6.012700000000000000e+04
8.918500000000000000e+04
6.172000000000000000e+04
6.423400000000000000e+04
1.348530000000000000e+06
2.450080000000000000e+05
4.762400000000000000e+04
3.602970000000000000e+05
8.219300000000000000e+04
7.400300000000000000e+04
8.741600000000000000e+04
6.879600000000000000e+04
8.077200000000000000e+04
8.402200000000000000e+04
1.053260000000000000e+05
9.602200000000000000e+04
1.506303000000000000e+06
2.510850000000000000e+05
5.206300000000000000e+04
3.502620000000000000e+05
1.177250000000000000e+05
5.762700000000000000e+04
8.025600000000000000e+04
5.929500000000000000e+04
9.649900000000000000e+04
8.942100000000000000e+04
1.271250000000000000e+05
1.143900000000000000e+05
1.353039000000000000e+06
2.694430000000000000e+05
8.398500000000000000e+04
3.156910000000000000e+05
1.092290000000000000e+05
7.730100000000000000e+04
6.252200000000000000e+04
8.802100000000000000e+04
9.457500000000000000e+04
9.365700000000000000e+04
8.483400000000000000e+04
1.097480000000000000e+05
1.380537000000000000e+06
2.832210000000000000e+05
6.909800000000000000e+04
3.562050000000000000e+05
7.647100000000000000e+04
1.086280000000000000e+05
5.799800000000000000e+04
9.138100000000000000e+04
1.373230000000000000e+05
1.227020000000000000e+05
8.177000000000000000e+04
6.372900000000000000e+04
1.412574000000000000e+06
2.412880000000000000e+05
1.270840000000000000e+05
3.828320000000000000e+05
1.107790000000000000e+05
2.651530000000000000e+05
8.595800000000000000e+04
2.222070000000000000e+05
1.044770000000000000e+05
1.171230000000000000e+05
8.698500000000000000e+04
9.338800000000000000e+04
1.460919000000000000e+06
2.414030000000000000e+05
4.301400000000000000e+04
3.301150000000000000e+05
1.040440000000000000e+05
8.063600000000000000e+04
7.953600000000000000e+04
7.827300000000000000e+04
8.323800000000000000e+04
8.408200000000000000e+04
4.627000000000000000e+04
1.246540000000000000e+05
1.570528000000000000e+06
2.618780000000000000e+05
6.933100000000000000e+04
3.742190000000000000e+05
8.720100000000000000e+04
9.148800000000000000e+04
3.834700000000000000e+04
7.313100000000000000e+04
3.551700000000000000e+04
5.221000000000000000e+04
5.300300000000000000e+04
8.399000000000000000e+04
1.397724000000000000e+06
2.209290000000000000e+05
6.158500000000000000e+04
3.474650000000000000e+05
1.718760000000000000e+05
9.123300000000000000e+04
2.243730000000000000e+05
1.123170000000000000e+05
1.733930000000000000e+05
1.930520000000000000e+05
1.630970000000000000e+05
1.527020000000000000e+05
1.484657000000000000e+06
2.467310000000000000e+05
6.745200000000000000e+04
3.635520000000000000e+05
9.811200000000000000e+04
1.089510000000000000e+05
5.653500000000000000e+04
8.651800000000000000e+04
8.320800000000000000e+04
1.314040000000000000e+05
1.345710000000000000e+05
1.606860000000000000e+05
1.458594000000000000e+06
2.631850000000000000e+05
1.031460000000000000e+05
4.352860000000000000e+05
1.584020000000000000e+05
1.638730000000000000e+05
1.397210000000000000e+05
1.261190000000000000e+05
1.081280000000000000e+05
1.005320000000000000e+05
1.072630000000000000e+05
1.109040000000000000e+05
1.423857000000000000e+06
2.333430000000000000e+05
5.097800000000000000e+04
3.289630000000000000e+05
7.245600000000000000e+04
1.158450000000000000e+05
1.120040000000000000e+05
9.621600000000000000e+04
9.421900000000000000e+04
