1.697530000000000000e+05
1.169780000000000000e+05
1.454682000000000000e+06
2.347810000000000000e+05
6.971600000000000000e+04
8.698300000000000000e+04
6.274500000000000000e+04
6.897200000000000000e+04
3.706100000000000000e+04
7.273700000000000000e+04
6.853800000000000000e+04
3.797470000000000000e+05
6.699500000000000000e+04
7.174200000000000000e+04
1.371612000000000000e+06
2.330280000000000000e+05
5.447900000000000000e+04
4.611800000000000000e+04
5.853200000000000000e+04
8.947200000000000000e+04
9.413400000000000000e+04
5.578600000000000000e+04
6.092300000000000000e+04
3.400960000000000000e+05
7.120500000000000000e+04
7.641300000000000000e+04
1.360460000000000000e+06
2.230280000000000000e+05
8.001200000000000000e+04
5.797100000000000000e+04
5.295800000000000000e+04
7.510800000000000000e+04
3.655000000000000000e+04
5.808200000000000000e+04
7.044900000000000000e+04
3.375870000000000000e+05
5.909900000000000000e+04
8.211500000000000000e+04
1.405932000000000000e+06
1.957880000000000000e+05
3.817700000000000000e+04
5.010700000000000000e+04
6.241400000000000000e+04
9.006800000000000000e+04
5.302400000000000000e+04
5.269700000000000000e+04
5.793200000000000000e+04
3.282250000000000000e+05
5.049600000000000000e+04
7.664000000000000000e+04
1.328953000000000000e+06
1.813080000000000000e+05
3.989600000000000000e+04
1.900000000000000000e+02
1.829200000000000000e+04
7.708900000000000000e+04
8.751100000000000000e+04
5.138600000000000000e+04
7.080500000000000000e+04
3.244250000000000000e+05
6.639300000000000000e+04
5.544900000000000000e+04
1.420166000000000000e+06
1.647980000000000000e+05
1.941400000000000000e+04
8.022700000000000000e+04
6.287200000000000000e+04
4.673700000000000000e+04
5.257800000000000000e+04
5.283300000000000000e+04
5.549100000000000000e+04
3.308640000000000000e+05
5.824200000000000000e+04
7.713900000000000000e+04
1.226550000000000000e+06
2.088440000000000000e+05
1.980900000000000000e+04
4.467300000000000000e+04
6.381700000000000000e+04
8.190200000000000000e+04
5.030600000000000000e+04
3.664900000000000000e+04
3.756000000000000000e+04
3.255860000000000000e+05
6.648400000000000000e+04
6.452300000000000000e+04
1.267854000000000000e+06
2.538860000000000000e+05
4.549400000000000000e+04
4.306700000000000000e+04
7.591400000000000000e+04
7.637300000000000000e+04
6.023300000000000000e+04
3.328000000000000000e+04
4.413301000000000000e+06
8.158551000000000000e+06
6.482908000000000000e+06
7.530625000000000000e+06
1.899704000000000000e+06
2.954120000000000000e+05
5.094500000000000000e+04
7.416950000000000000e+05
1.785309000000000000e+06
1.140162000000000000e+06
6.162600000000000000e+04
5.286600000000000000e+04
2.113800000000000000e+04
2.274980000000000000e+05
3.347600000000000000e+04
4.731900000000000000e+04
1.505581000000000000e+06
6.092860000000000000e+05
8.018570000000000000e+05
4.139570000000000000e+05
8.740100000000000000e+04
2.691900000000000000e+04
1.072753000000000000e+06
1.300600000000000000e+05
2.434000000000000000e+04
1.759010000000000000e+05
3.991300000000000000e+04
1.283260000000000000e+05
1.158507000000000000e+06
1.311140000000000000e+05
4.792600000000000000e+04
3.564900000000000000e+04
3.897300000000000000e+04
1.789800000000000000e+04
2.843700000000000000e+04
1.980800000000000000e+04
3.424500000000000000e+04
1.587200000000000000e+05
2.158200000000000000e+04
2.987200000000000000e+04
2.665370000000000000e+05
1.372722000000000000e+06
6.414550000000000000e+05
7.093900000000000000e+04
2.120100000000000000e+04
3.244600000000000000e+04
2.667300000000000000e+04
2.837500000000000000e+04
2.085300000000000000e+04
1.232930000000000000e+05
2.398800000000000000e+04
1.525100000000000000e+04
6.682790000000000000e+05
1.207630000000000000e+05
3.512300000000000000e+04
