7.472500000000000000e+04
2.308200000000000000e+04
2.928700000000000000e+04
2.150800000000000000e+04
1.971600000000000000e+04
1.281800000000000000e+04
2.418800000000000000e+04
5.288200000000000000e+04
7.027560000000000000e+05
4.435300000000000000e+05
2.907600000000000000e+04
1.768820000000000000e+05
2.303700000000000000e+04
2.777100000000000000e+04
2.586900000000000000e+04
2.586600000000000000e+04
3.122500000000000000e+04
3.109700000000000000e+04
8.488900000000000000e+04
2.476800000000000000e+04
5.768230000000000000e+05
3.967280000000000000e+05
2.601100000000000000e+04
1.325820000000000000e+05
2.631400000000000000e+04
5.284000000000000000e+03
2.666300000000000000e+04
1.744900000000000000e+04
2.610200000000000000e+04
2.062500000000000000e+04
2.368000000000000000e+04
7.825500000000000000e+04
5.385380000000000000e+05
1.130080000000000000e+05
2.737000000000000000e+03
1.216470000000000000e+05
8.382000000000000000e+03
5.079400000000000000e+04
4.538100000000000000e+04
2.617200000000000000e+04
5.309500000000000000e+04
2.377210000000000000e+05
1.876540000000000000e+05
4.871200000000000000e+04
5.612010000000000000e+05
1.092790000000000000e+05
2.293900000000000000e+04
1.277620000000000000e+05
3.884800000000000000e+04
4.688900000000000000e+04
2.886100000000000000e+04
1.643500000000000000e+04
2.535100000000000000e+04
5.833400000000000000e+04
2.165600000000000000e+04
1.477800000000000000e+04
5.327810000000000000e+05
1.140520000000000000e+05
1.096500000000000000e+04
1.204450000000000000e+05
1.480300000000000000e+04
1.769300000000000000e+04
2.336100000000000000e+04
2.275600000000000000e+04
1.433600000000000000e+04
5.911400000000000000e+04
3.744800000000000000e+04
3.927490000000000000e+05
8.097530000000000000e+05
4.330550000000000000e+05
3.484400000000000000e+04
1.775270000000000000e+05
2.071300000000000000e+04
1.788000000000000000e+04
1.007400000000000000e+04
1.798200000000000000e+04
1.312000000000000000e+04
2.499000000000000000e+04
6.898000000000000000e+03
1.848900000000000000e+04
5.558680000000000000e+05
1.655160000000000000e+05
2.315500000000000000e+04
1.678590000000000000e+05
1.510800000000000000e+04
1.021100000000000000e+04
2.075300000000000000e+04
1.778200000000000000e+04
1.931200000000000000e+04
2.036800000000000000e+04
1.721300000000000000e+04
2.443040000000000000e+05
6.480840000000000000e+05
1.362450000000000000e+05
2.506400000000000000e+04
1.449500000000000000e+05
1.606300000000000000e+04
5.237200000000000000e+04
9.753600000000000000e+04
1.484400000000000000e+04
2.154800000000000000e+04
9.535000000000000000e+03
1.553200000000000000e+04
1.458200000000000000e+04
4.526870000000000000e+05
1.129820000000000000e+05
1.227400000000000000e+04
1.153670000000000000e+05
5.346000000000000000e+03
3.257790000000000000e+05
1.668100000000000000e+04
2.124400000000000000e+04
3.203400000000000000e+04
1.202930000000000000e+05
4.352600000000000000e+04
1.847400000000000000e+04
8.377940000000000000e+05
1.399800000000000000e+05
3.067700000000000000e+04
1.493350000000000000e+05
2.187600000000000000e+04
1.397700000000000000e+04
2.769800000000000000e+04
1.852100000000000000e+04
1.080800000000000000e+04
1.120900000000000000e+04
2.149900000000000000e+04
2.895800000000000000e+04
6.699470000000000000e+05
1.382280000000000000e+05
6.535200000000000000e+04
1.584840000000000000e+05
2.216400000000000000e+04
1.046700000000000000e+04
2.617100000000000000e+04
9.671000000000000000e+03
3.481500000000000000e+04
6.781200000000000000e+04
2.713500000000000000e+04
3.741600000000000000e+04
7.853140000000000000e+05
1.224010000000000000e+05
2.837000000000000000e+04
1.248560000000000000e+05
1.762500000000000000e+04
1.724800000000000000e+04
1.269700000000000000e+04
1.456500000000000000e+04
4.957500000000000000e+04
