3.434100000000000000e+04
1.344500000000000000e+04
5.133190000000000000e+05
9.103600000000000000e+04
2.594200000000000000e+04
1.210900000000000000e+04
8.967000000000000000e+03
3.400500000000000000e+04
2.262500000000000000e+04
2.602700000000000000e+04
2.517900000000000000e+04
1.610890000000000000e+05
1.799100000000000000e+05
1.363540000000000000e+05
3.931840000000000000e+05
3.224170000000000000e+05
1.581610000000000000e+05
1.784500000000000000e+04
1.204114000000000000e+06
2.264177000000000000e+06
3.480900000000000000e+05
2.785130000000000000e+05
5.249700000000000000e+05
1.522410000000000000e+05
3.370700000000000000e+04
5.064500000000000000e+04
7.755930000000000000e+05
9.032670000000000000e+05
2.050529000000000000e+06
1.390984000000000000e+06
5.822510000000000000e+05
5.261300000000000000e+04
6.365300000000000000e+04
3.409700000000000000e+04
3.891700000000000000e+04
1.027790000000000000e+05
1.351900000000000000e+04
1.217400000000000000e+04
9.903000000000000000e+05
1.111300000000000000e+05
3.004619000000000000e+06
1.415311700000000000e+07
7.819961000000000000e+06
2.986111000000000000e+06
9.376390000000000000e+05
2.687150000000000000e+05
1.063460000000000000e+05
5.804398000000000000e+06
7.373271000000000000e+06
4.159436000000000000e+06
1.696140000000000000e+05
1.449600000000000000e+05
2.494901000000000000e+06
8.356874000000000000e+06
5.447757000000000000e+06
4.740000000000000000e+06
1.882031000000000000e+06
4.602804000000000000e+06
1.411863400000000000e+07
9.498640000000000000e+05
3.862876000000000000e+06
4.613423000000000000e+06
1.540490000000000000e+05
1.447677000000000000e+06
1.850630000000000000e+05
2.086730000000000000e+06
1.512150000000000000e+05
2.188700000000000000e+04
1.957650000000000000e+05
4.192565000000000000e+06
3.305372000000000000e+06
3.995610000000000000e+05
9.661300000000000000e+04
1.459890000000000000e+05
2.054490000000000000e+05
4.853030000000000000e+05
2.760860000000000000e+05
1.251322000000000000e+06
2.091021000000000000e+06
3.622553000000000000e+06
1.601451000000000000e+06
6.142600000000000000e+04
5.990000000000000000e+04
1.776940000000000000e+05
3.094600000000000000e+04
4.695100000000000000e+04
4.718500000000000000e+04
9.749700000000000000e+04
9.091000000000000000e+04
1.008902000000000000e+06
2.029820000000000000e+05
1.061180000000000000e+05
1.787060000000000000e+05
1.610840000000000000e+05
7.510920000000000000e+05
1.807015000000000000e+06
1.397230000000000000e+06
4.041800000000000000e+05
5.317380000000000000e+05
5.259320000000000000e+05
5.852900000000000000e+05
1.634858000000000000e+06
5.787710000000000000e+05
5.120360000000000000e+05
6.154650000000000000e+05
6.306780000000000000e+05
6.932980000000000000e+05
9.774370000000000000e+05
8.709170000000000000e+05
9.922630000000000000e+05
7.807850000000000000e+05
8.515900000000000000e+05
7.631450000000000000e+05
2.239000000000000000e+06
7.863010000000000000e+05
8.164160000000000000e+05
9.663130000000000000e+05
1.257692000000000000e+06
1.910854000000000000e+06
1.780655000000000000e+06
1.801587000000000000e+06
2.585168000000000000e+06
2.859425000000000000e+06
1.958541000000000000e+06
5.203373000000000000e+06
3.797288000000000000e+06
1.601594000000000000e+06
1.560253000000000000e+06
1.624687000000000000e+06
1.907903000000000000e+06
5.131766000000000000e+06
1.989365000000000000e+06
1.511570000000000000e+06
1.698699000000000000e+06
1.622681000000000000e+06
1.788386000000000000e+06
1.890164000000000000e+06
3.445250000000000000e+06
1.610233000000000000e+06
1.855409000000000000e+06
2.540747000000000000e+06
7.631624000000000000e+06
8.877430000000000000e+06
1.932877000000000000e+06
1.542662000000000000e+06
1.558017000000000000e+06
1.813398000000000000e+06
3.565082000000000000e+06
5.656697000000000000e+06
