2.217748000000000000e+06
8.806940000000000000e+05
1.085003000000000000e+06
9.153630000000000000e+05
1.111890000000000000e+06
3.954195000000000000e+06
4.232090000000000000e+05
8.102280000000000000e+05
8.097960000000000000e+05
4.384320000000000000e+05
3.925224000000000000e+06
2.311567000000000000e+06
1.909560000000000000e+05
6.755940000000000000e+05
7.453650000000000000e+05
7.719530000000000000e+05
4.152374000000000000e+06
1.030840000000000000e+05
2.317149000000000000e+06
3.234356000000000000e+06
4.622560000000000000e+05
3.249280000000000000e+05
1.708180000000000000e+05
1.633803000000000000e+06
1.275190000000000000e+05
6.672600000000000000e+04
1.095571000000000000e+06
3.796959000000000000e+06
7.253925000000000000e+06
1.064170200000000000e+07
1.137916200000000000e+07
4.136990000000000000e+06
9.982600000000000000e+04
1.179180000000000000e+05
1.618342000000000000e+06
1.842531000000000000e+06
1.148080000000000000e+05
6.469700000000000000e+04
6.345900000000000000e+04
6.814400000000000000e+04
7.856800000000000000e+04
5.214200000000000000e+04
6.124500000000000000e+04
6.418000000000000000e+04
1.040550000000000000e+05
1.017190000000000000e+05
1.381780000000000000e+05
8.669100000000000000e+05
1.505180000000000000e+05
4.220800000000000000e+04
4.295600000000000000e+04
5.173800000000000000e+04
4.843800000000000000e+04
5.012300000000000000e+04
4.745800000000000000e+04
4.381000000000000000e+04
3.892500000000000000e+04
3.848600000000000000e+04
8.993000000000000000e+04
8.069360000000000000e+05
1.788050000000000000e+05
5.104100000000000000e+04
9.712200000000000000e+04
5.041200000000000000e+04
9.004900000000000000e+04
9.103880000000000000e+05
8.062857000000000000e+06
1.127302400000000000e+07
2.353620000000000000e+05
1.650780000000000000e+05
1.279500000000000000e+05
2.350467000000000000e+06
2.097980000000000000e+05
9.300700000000000000e+04
1.047070000000000000e+05
9.149200000000000000e+04
1.692870000000000000e+05
1.593120000000000000e+05
1.293858000000000000e+06
9.509061000000000000e+06
1.083533200000000000e+07
6.749352000000000000e+06
3.411633000000000000e+06
5.400055000000000000e+06
7.440560000000000000e+05
9.977400000000000000e+04
5.548200000000000000e+04
1.182950000000000000e+05
1.054790000000000000e+05
1.173850000000000000e+05
4.037950000000000000e+05
6.000000000000000000e+04
3.871300000000000000e+05
3.784140000000000000e+05
3.396661000000000000e+06
1.670969000000000000e+06
1.226150000000000000e+05
3.650500000000000000e+04
3.421400000000000000e+04
4.668500000000000000e+04
3.908900000000000000e+04
3.553400000000000000e+04
2.936300000000000000e+04
3.370382000000000000e+06
3.843490000000000000e+05
3.688400000000000000e+04
3.824700000000000000e+04
5.824550000000000000e+05
1.024820000000000000e+05
1.319349000000000000e+06
2.488323000000000000e+06
5.703200000000000000e+04
1.346800000000000000e+04
4.041600000000000000e+04
3.369900000000000000e+04
1.602100000000000000e+04
1.557335000000000000e+06
2.290913000000000000e+06
4.651042000000000000e+06
1.278051500000000000e+07
1.400134000000000000e+07
9.922639000000000000e+06
1.967039000000000000e+06
1.645420000000000000e+05
1.816280000000000000e+05
1.719240000000000000e+05
2.213940000000000000e+05
3.043400000000000000e+05
3.138700000000000000e+05
3.590930000000000000e+05
3.121810000000000000e+05
3.387952000000000000e+06
2.569000000000000000e+05
2.902260000000000000e+05
3.739810000000000000e+05
4.085630000000000000e+05
4.574460000000000000e+05
5.432790000000000000e+05
5.442150000000000000e+05
5.108150000000000000e+05
5.406230000000000000e+05
4.452050000000000000e+05
4.114280000000000000e+05
2.528158000000000000e+06
3.160400000000000000e+05
1.680250000000000000e+05
2.257090000000000000e+05
2.991870000000000000e+05
3.053980000000000000e+05
