4.775360000000000000e+05
4.032060000000000000e+05
4.348790000000000000e+05
3.843850000000000000e+05
1.834776000000000000e+06
3.197940000000000000e+05
1.122590000000000000e+05
1.310410000000000000e+05
1.210280000000000000e+05
1.185720000000000000e+05
1.259630000000000000e+05
2.510740000000000000e+05
9.174700000000000000e+04
1.336280000000000000e+05
9.703800000000000000e+04
9.648900000000000000e+04
1.262012000000000000e+06
2.879810000000000000e+05
4.790600000000000000e+04
4.599400000000000000e+04
9.142800000000000000e+04
1.000400000000000000e+05
9.454900000000000000e+04
2.083830000000000000e+05
1.048430000000000000e+05
1.215590000000000000e+05
1.131320000000000000e+05
1.094300000000000000e+05
1.227647000000000000e+06
3.059380000000000000e+05
6.055300000000000000e+04
1.056410000000000000e+05
1.256180000000000000e+05
1.135310000000000000e+05
1.217280000000000000e+05
1.774830000000000000e+05
1.599750000000000000e+05
1.374930000000000000e+05
1.629850000000000000e+05
1.377500000000000000e+05
1.313278000000000000e+06
3.121300000000000000e+05
6.291600000000000000e+04
1.624430000000000000e+05
7.389300000000000000e+04
1.452740000000000000e+05
1.435990000000000000e+05
2.746480000000000000e+05
1.474000000000000000e+05
1.559350000000000000e+05
1.758500000000000000e+05
1.746820000000000000e+05
1.556481000000000000e+06
2.899040000000000000e+05
9.361900000000000000e+04
1.587420000000000000e+05
1.435490000000000000e+05
1.891740000000000000e+05
1.771200000000000000e+05
2.899060000000000000e+05
1.835000000000000000e+05
1.825270000000000000e+05
2.016730000000000000e+05
1.594400000000000000e+05
1.267064000000000000e+06
2.817630000000000000e+05
8.308600000000000000e+04
1.771760000000000000e+05
1.331060000000000000e+05
1.647920000000000000e+05
1.612150000000000000e+05
2.700510000000000000e+05
1.469590000000000000e+05
1.503480000000000000e+05
1.370190000000000000e+05
1.371830000000000000e+05
1.239039000000000000e+06
2.939540000000000000e+05
6.460300000000000000e+04
9.807900000000000000e+04
1.110230000000000000e+05
1.184660000000000000e+05
1.335180000000000000e+05
2.651530000000000000e+05
1.524000000000000000e+05
1.829260000000000000e+05
1.390890000000000000e+05
1.719190000000000000e+05
1.313672000000000000e+06
3.037990000000000000e+05
8.943300000000000000e+04
1.067550000000000000e+05
1.449180000000000000e+05
1.244740000000000000e+05
1.542800000000000000e+05
2.608610000000000000e+05
1.859740000000000000e+05
1.787090000000000000e+05
1.485680000000000000e+05
1.818190000000000000e+05
1.319357000000000000e+06
3.309630000000000000e+05
8.520200000000000000e+04
1.305720000000000000e+05
1.654720000000000000e+05
1.279940000000000000e+05
1.456820000000000000e+05
2.946580000000000000e+05
1.393280000000000000e+05
1.496280000000000000e+05
1.654320000000000000e+05
1.553460000000000000e+05
1.471913000000000000e+06
3.285490000000000000e+05
8.016500000000000000e+04
1.555000000000000000e+05
1.546780000000000000e+05
2.546126900000000000e+07
1.506309700000000000e+07
1.966876000000000000e+06
6.609480000000000000e+05
1.050250000000000000e+05
8.168700000000000000e+04
2.719400000000000000e+04
3.065900000000000000e+04
2.411900000000000000e+04
4.371900000000000000e+04
2.825400000000000000e+04
4.292900000000000000e+04
3.467900000000000000e+04
2.170235000000000000e+06
5.273300000000000000e+05
2.431300000000000000e+04
1.545500000000000000e+04
2.193200000000000000e+04
2.756700000000000000e+04
2.976300000000000000e+04
5.809600000000000000e+04
1.669300000000000000e+04
5.250989000000000000e+06
6.130491000000000000e+06
3.843654000000000000e+06
5.924028000000000000e+06
8.677820000000000000e+05
4.614268000000000000e+06
2.634965000000000000e+06
5.091579000000000000e+06
4.068623000000000000e+06
1.189130000000000000e+05
