1.144490000000000000e+05
3.760360000000000000e+05
1.593890000000000000e+05
1.566910000000000000e+05
1.945320000000000000e+05
1.306520000000000000e+05
3.634670000000000000e+05
2.473470000000000000e+05
9.641000000000000000e+04
1.121950000000000000e+05
1.343692000000000000e+06
4.222090000000000000e+05
1.782860000000000000e+05
1.468690000000000000e+05
3.425930000000000000e+05
2.369720000000000000e+05
1.568810000000000000e+05
2.150090000000000000e+05
1.420670000000000000e+05
4.392160000000000000e+05
1.456020000000000000e+05
1.783360000000000000e+05
1.200876000000000000e+06
4.015570000000000000e+05
1.096690000000000000e+05
1.240350000000000000e+05
1.564240000000000000e+05
1.970270000000000000e+05
1.682210000000000000e+05
1.987220000000000000e+05
1.898600000000000000e+05
1.476730000000000000e+05
1.223380000000000000e+05
1.014560000000000000e+05
1.199311000000000000e+06
4.469090000000000000e+05
1.565620000000000000e+05
1.511400000000000000e+05
6.550000000000000000e+04
1.450040000000000000e+05
7.805000000000000000e+04
1.517180000000000000e+05
1.312110000000000000e+05
9.608700000000000000e+04
1.800990000000000000e+05
1.631410000000000000e+05
1.155038000000000000e+06
3.893380000000000000e+05
1.446330000000000000e+06
5.678979000000000000e+06
2.040774000000000000e+06
1.600386000000000000e+06
1.219663000000000000e+06
3.709900000000000000e+05
2.308734000000000000e+06
1.334839000000000000e+06
5.668650000000000000e+05
1.850906000000000000e+06
3.000872000000000000e+06
9.323590000000000000e+05
8.060200000000000000e+04
8.539600000000000000e+04
7.826800000000000000e+04
8.487700000000000000e+04
1.120690000000000000e+05
1.318910000000000000e+05
1.674540000000000000e+05
1.396310000000000000e+05
1.576180000000000000e+05
1.340860000000000000e+05
1.256235000000000000e+06
3.364010000000000000e+05
6.787800000000000000e+04
1.278850000000000000e+05
1.343570000000000000e+05
1.284770000000000000e+05
1.266470000000000000e+05
1.110870000000000000e+05
1.221540000000000000e+05
1.210470000000000000e+05
8.835400000000000000e+04
1.882020000000000000e+05
1.032095000000000000e+06
3.379910000000000000e+05
1.612110000000000000e+05
1.600620000000000000e+05
1.406490000000000000e+05
1.351190000000000000e+05
9.696700000000000000e+04
1.952710000000000000e+05
2.033860000000000000e+05
1.276580000000000000e+05
9.943800000000000000e+04
1.628620000000000000e+05
1.048290000000000000e+06
3.453010000000000000e+05
7.430000000000000000e+04
1.704610000000000000e+05
2.395170000000000000e+05
1.371530000000000000e+05
8.545800000000000000e+04
1.503680000000000000e+05
1.211980000000000000e+05
1.526150000000000000e+05
1.452810000000000000e+05
9.071000000000000000e+04
9.767790000000000000e+05
3.598130000000000000e+05
3.381900000000000000e+04
1.832190000000000000e+05
1.510400000000000000e+05
1.334000000000000000e+05
8.130000000000000000e+04
1.028100000000000000e+05
1.229930000000000000e+05
1.144600000000000000e+05
1.149150000000000000e+05
1.574820000000000000e+05
1.030232000000000000e+06
3.541990000000000000e+05
7.732500000000000000e+04
1.491550000000000000e+05
1.484440000000000000e+05
1.273780000000000000e+05
1.678740000000000000e+05
2.097180000000000000e+05
2.268300000000000000e+05
1.168470000000000000e+05
1.515280000000000000e+05
1.839720000000000000e+05
1.008514000000000000e+06
3.016490000000000000e+05
1.240580000000000000e+05
1.795730000000000000e+05
2.598150000000000000e+05
1.806690000000000000e+05
1.307310000000000000e+05
1.628090000000000000e+05
1.040740000000000000e+05
1.321220000000000000e+05
1.151400000000000000e+05
1.323530000000000000e+05
1.040583000000000000e+06
3.654060000000000000e+05
6.648800000000000000e+04
1.498810000000000000e+05
1.683630000000000000e+05
1.051280000000000000e+05
9.717000000000000000e+04
