8.404200000000000000e+04
1.364432000000000000e+06
2.468679500000000000e+07
1.187910000000000000e+05
1.027742600000000000e+07
6.002380000000000000e+05
2.404670000000000000e+05
1.093231000000000000e+06
8.374269000000000000e+06
7.916942000000000000e+06
3.554828000000000000e+06
5.065480000000000000e+05
1.683815000000000000e+06
4.815894000000000000e+06
5.850233000000000000e+06
5.380017000000000000e+06
2.117402000000000000e+06
3.293467000000000000e+06
5.801450000000000000e+05
2.325100000000000000e+05
2.035520000000000000e+05
2.032450000000000000e+05
2.051940000000000000e+05
4.715400000000000000e+05
2.197930000000000000e+05
2.073560000000000000e+05
2.176161000000000000e+06
4.533640000000000000e+05
3.007790000000000000e+05
2.243160000000000000e+05
1.605270000000000000e+05
3.915310000000000000e+05
3.035830000000000000e+05
1.793590000000000000e+05
1.817210000000000000e+05
3.544540000000000000e+05
1.559210000000000000e+05
1.891080000000000000e+05
1.815040000000000000e+06
2.772100000000000000e+05
5.924300000000000000e+04
9.554200000000000000e+04
1.223240000000000000e+05
1.302480000000000000e+05
1.064150000000000000e+05
1.579820000000000000e+05
1.581150000000000000e+05
3.365850000000000000e+05
1.806790000000000000e+05
1.602390000000000000e+05
1.476620000000000000e+06
3.376190000000000000e+05
2.130110000000000000e+05
1.768617000000000000e+06
1.309406000000000000e+06
2.815670000000000000e+05
2.157040000000000000e+05
1.822760000000000000e+05
1.810930000000000000e+05
4.351500000000000000e+05
2.556340000000000000e+05
2.175800000000000000e+05
1.825283000000000000e+06
3.476930000000000000e+05
1.683960000000000000e+05
1.614770000000000000e+05
1.416790000000000000e+05
1.870010000000000000e+05
1.828460000000000000e+05
1.900370000000000000e+05
1.713680000000000000e+05
3.936350000000000000e+05
2.014670000000000000e+05
2.318940000000000000e+05
1.430719000000000000e+06
3.231040000000000000e+05
1.011620000000000000e+05
2.142700000000000000e+04
5.205100000000000000e+04
2.384460000000000000e+05
1.620030000000000000e+05
1.856610000000000000e+05
1.735700000000000000e+05
3.704880000000000000e+05
2.531950000000000000e+05
2.332930000000000000e+05
1.327628000000000000e+06
2.921880000000000000e+05
1.013910000000000000e+05
1.376880000000000000e+06
3.281280000000000000e+05
5.809160000000000000e+05
1.498950000000000000e+05
2.374030000000000000e+05
2.026320000000000000e+05
3.844250000000000000e+05
2.672130000000000000e+05
2.204470000000000000e+05
1.771188000000000000e+06
2.709490000000000000e+05
1.315600000000000000e+05
1.716400000000000000e+05
2.816400000000000000e+05
2.818180000000000000e+05
2.899480000000000000e+05
3.108220000000000000e+05
3.519430000000000000e+05
4.128760000000000000e+05
3.239110000000000000e+05
2.905050000000000000e+05
1.499953000000000000e+06
4.546040000000000000e+05
2.362690000000000000e+05
2.677750000000000000e+05
3.101950000000000000e+05
3.216330000000000000e+05
3.385970000000000000e+05
3.531690000000000000e+05
3.688780000000000000e+05
4.250290000000000000e+05
2.938910000000000000e+05
1.828566000000000000e+06
3.911885000000000000e+06
8.110230000000000000e+05
1.905690000000000000e+05
2.100920000000000000e+05
2.470340000000000000e+05
2.361830000000000000e+05
2.637810000000000000e+05
2.039670000000000000e+05
2.543620000000000000e+05
4.142150000000000000e+05
2.701950000000000000e+05
2.907080000000000000e+05
1.788642000000000000e+06
5.457730000000000000e+05
1.508410000000000000e+05
1.888650000000000000e+05
2.205060000000000000e+05
2.070190000000000000e+05
2.433270000000000000e+05
2.339970000000000000e+05
2.435520000000000000e+05
3.777190000000000000e+05
2.756060000000000000e+05
2.314700000000000000e+05
1.392195000000000000e+06
4.058110000000000000e+05
1.675890000000000000e+05
