9.101300000000000000e+04
6.506300000000000000e+04
9.751170000000000000e+05
3.125360000000000000e+05
3.554300000000000000e+04
5.482600000000000000e+04
5.588000000000000000e+04
4.136400000000000000e+04
4.376800000000000000e+04
6.242900000000000000e+04
6.085400000000000000e+04
2.675180000000000000e+05
5.526200000000000000e+04
5.560000000000000000e+04
1.307381000000000000e+06
4.087520000000000000e+05
4.877100000000000000e+04
4.016900000000000000e+04
4.790400000000000000e+04
4.431800000000000000e+04
6.454100000000000000e+04
8.623300000000000000e+04
5.963200000000000000e+04
2.389470000000000000e+05
1.056650000000000000e+05
8.608600000000000000e+04
1.009994000000000000e+06
4.240140000000000000e+05
3.838700000000000000e+04
4.088000000000000000e+04
7.025000000000000000e+04
3.509900000000000000e+04
8.244000000000000000e+04
1.085070000000000000e+05
6.173200000000000000e+04
1.772730000000000000e+05
7.447200000000000000e+04
7.647800000000000000e+04
1.074092000000000000e+06
4.300310000000000000e+05
5.425300000000000000e+04
2.108500000000000000e+04
7.304500000000000000e+04
8.248700000000000000e+04
5.676900000000000000e+04
6.163300000000000000e+04
5.422300000000000000e+04
1.867730000000000000e+05
9.141000000000000000e+04
6.371500000000000000e+04
1.083684000000000000e+06
5.189750000000000000e+05
4.829900000000000000e+04
4.086700000000000000e+04
3.663500000000000000e+04
5.230700000000000000e+04
5.846500000000000000e+04
8.283100000000000000e+04
5.544100000000000000e+04
1.419804000000000000e+06
1.602069000000000000e+06
1.175253000000000000e+06
1.850487000000000000e+06
5.381580000000000000e+05
3.566500000000000000e+04
4.239800000000000000e+04
8.503200000000000000e+04
6.421300000000000000e+04
9.285400000000000000e+04
9.510300000000000000e+04
5.026600000000000000e+04
2.691770000000000000e+05
9.062500000000000000e+04
5.827600000000000000e+04
1.423408000000000000e+06
5.571650000000000000e+05
2.289800000000000000e+04
5.179300000000000000e+04
1.167320000000000000e+05
7.986600000000000000e+04
2.624580000000000000e+05
8.003200000000000000e+04
4.893000000000000000e+04
2.277120000000000000e+05
1.215680000000000000e+05
6.465000000000000000e+04
1.200735000000000000e+06
5.703810000000000000e+05
6.209600000000000000e+04
4.011300000000000000e+04
7.802900000000000000e+04
4.505900000000000000e+04
6.696400000000000000e+04
9.647200000000000000e+04
6.314300000000000000e+04
1.917740000000000000e+05
9.053300000000000000e+04
6.326700000000000000e+04
1.127953000000000000e+06
7.569600000000000000e+05
3.689790000000000000e+05
1.992740000000000000e+05
1.073030000000000000e+05
6.259600000000000000e+04
7.953600000000000000e+04
8.919200000000000000e+04
7.860600000000000000e+04
1.999810000000000000e+05
1.239030000000000000e+05
8.549200000000000000e+04
1.542836000000000000e+06
5.562810000000000000e+05
3.836100000000000000e+04
5.497800000000000000e+04
6.057400000000000000e+04
6.466100000000000000e+04
9.539800000000000000e+04
8.873600000000000000e+04
6.989600000000000000e+04
2.115660000000000000e+05
2.981553700000000000e+07
1.199699900000000000e+07
3.146954000000000000e+06
8.498950000000000000e+05
9.182520000000000000e+05
5.049550000000000000e+05
3.335710000000000000e+05
4.324740000000000000e+05
2.470070000000000000e+05
2.113550000000000000e+05
3.005840000000000000e+05
2.402470000000000000e+05
1.862147000000000000e+06
2.262280000000000000e+05
4.421200000000000000e+04
8.870900000000000000e+04
2.042200000000000000e+04
1.209500000000000000e+04
4.236200000000000000e+04
7.281000000000000000e+03
1.423000000000000000e+04
1.123479000000000000e+06
1.575268000000000000e+06
1.269786000000000000e+06
3.022202000000000000e+06
1.336087000000000000e+06
1.088267000000000000e+06
7.295500000000000000e+04
5.235000000000000000e+03
