3.358800000000000000e+04
4.114000000000000000e+03
6.671270000000000000e+05
9.306560000000000000e+05
7.432800000000000000e+05
7.801920000000000000e+05
2.085721000000000000e+06
8.721750000000000000e+05
8.098890000000000000e+05
3.803720000000000000e+05
2.850650000000000000e+05
5.031690000000000000e+05
7.571610000000000000e+05
7.863370000000000000e+05
7.156080000000000000e+05
8.015130000000000000e+05
7.401100000000000000e+05
1.426044000000000000e+06
3.009904000000000000e+06
2.436133000000000000e+06
1.910267000000000000e+06
2.081032000000000000e+06
1.678467000000000000e+06
1.960763000000000000e+06
1.770028000000000000e+06
7.489980000000000000e+05
2.289890000000000000e+05
9.173800000000000000e+04
5.998600000000000000e+04
1.093090000000000000e+05
1.934942000000000000e+06
2.262220000000000000e+05
3.533700000000000000e+04
1.659200000000000000e+04
2.380000000000000000e+04
2.845620000000000000e+05
6.060000000000000000e+02
0.000000000000000000e+00
5.477000000000000000e+03
0.000000000000000000e+00
0.000000000000000000e+00
0.000000000000000000e+00
5.809350000000000000e+05
1.971220000000000000e+05
4.475000000000000000e+03
0.000000000000000000e+00
0.000000000000000000e+00
1.578140000000000000e+05
1.502000000000000000e+03
0.000000000000000000e+00
0.000000000000000000e+00
0.000000000000000000e+00
0.000000000000000000e+00
0.000000000000000000e+00
2.931290000000000000e+05
1.991590000000000000e+05
7.514000000000000000e+03
0.000000000000000000e+00
0.000000000000000000e+00
9.993400000000000000e+04
1.506000000000000000e+03
0.000000000000000000e+00
0.000000000000000000e+00
4.179000000000000000e+03
0.000000000000000000e+00
0.000000000000000000e+00
3.033338300000000000e+07
1.145230000000000000e+05
1.458485700000000000e+07
9.291800000000000000e+04
2.377500000000000000e+04
1.412180000000000000e+05
6.144350000000000000e+05
1.964669000000000000e+06
4.422700000000000000e+05
6.508300000000000000e+04
2.301790000000000000e+05
1.424030000000000000e+05
2.396941000000000000e+06
3.044870000000000000e+05
4.460900000000000000e+04
8.356900000000000000e+04
4.958510000000000000e+05
3.015090000000000000e+05
4.214150000000000000e+05
1.166706000000000000e+06
3.220180000000000000e+05
5.947030000000000000e+05
6.178680000000000000e+05
3.776550000000000000e+05
2.060705000000000000e+06
4.099980000000000000e+05
3.037040000000000000e+05
1.419540000000000000e+05
1.599510000000000000e+05
4.025620000000000000e+05
5.895200000000000000e+04
5.419700000000000000e+04
6.955000000000000000e+04
4.929200000000000000e+04
3.870700000000000000e+04
4.956900000000000000e+04
1.290716000000000000e+06
2.447060000000000000e+05
2.213200000000000000e+04
3.182400000000000000e+04
2.569400000000000000e+04
1.985000000000000000e+05
5.962300000000000000e+04
2.711800000000000000e+04
7.567200000000000000e+04
5.404400000000000000e+04
3.605600000000000000e+04
3.903400000000000000e+04
7.985180000000000000e+05
2.614370000000000000e+05
3.136500000000000000e+04
4.195500000000000000e+04
5.104600000000000000e+04
1.671080000000000000e+05
5.089100000000000000e+04
4.535500000000000000e+04
4.523200000000000000e+04
5.322600000000000000e+04
4.955600000000000000e+04
6.778300000000000000e+04
1.123596000000000000e+06
2.730310000000000000e+05
3.126500000000000000e+04
2.987600000000000000e+04
2.066500000000000000e+04
1.822360000000000000e+05
5.276400000000000000e+04
4.589300000000000000e+04
4.264100000000000000e+04
4.425700000000000000e+04
3.507800000000000000e+04
5.941000000000000000e+04
7.273600000000000000e+05
2.724590000000000000e+05
4.439400000000000000e+04
2.732500000000000000e+04
2.603600000000000000e+04
1.347200000000000000e+05
2.370700000000000000e+04
7.507000000000000000e+03
5.780900000000000000e+04
3.083900000000000000e+04
2.547400000000000000e+04
