6.916530000000000000e+05
2.862450000000000000e+05
1.268000000000000000e+04
3.808100000000000000e+04
2.926374000000000000e+07
6.110860000000000000e+06
1.293194000000000000e+06
1.150467000000000000e+06
1.063213000000000000e+06
1.341496000000000000e+06
1.447441000000000000e+06
1.212381000000000000e+06
3.009387000000000000e+06
1.563253000000000000e+06
1.401225000000000000e+06
2.194310000000000000e+06
1.160994000000000000e+06
1.795287000000000000e+06
2.254577000000000000e+06
2.233329000000000000e+06
1.954614000000000000e+06
2.687656000000000000e+06
1.890224000000000000e+06
3.996760000000000000e+05
3.476760000000000000e+06
2.149660000000000000e+06
2.142170000000000000e+06
1.699254000000000000e+06
1.494450000000000000e+06
1.923920000000000000e+06
1.239691000000000000e+06
9.174310000000000000e+05
1.397047000000000000e+06
5.925260000000000000e+05
3.809900000000000000e+05
9.302030000000000000e+05
1.887451000000000000e+06
4.732770000000000000e+05
1.272400000000000000e+04
9.310000000000000000e+02
0.000000000000000000e+00
0.000000000000000000e+00
3.100284000000000000e+06
4.770900000000000000e+06
6.886100000000000000e+04
7.196800000000000000e+04
1.558000000000000000e+03
3.158510000000000000e+05
3.866797000000000000e+06
2.872201000000000000e+06
2.523419000000000000e+06
3.550017000000000000e+06
1.977232000000000000e+06
1.560352000000000000e+06
2.379718000000000000e+06
1.019406000000000000e+06
7.793870000000000000e+05
1.395544000000000000e+06
4.509590000000000000e+05
7.514350000000000000e+05
2.559138000000000000e+06
3.438500000000000000e+05
1.485150000000000000e+05
8.717100000000000000e+04
7.915900000000000000e+04
6.292100000000000000e+04
3.245000000000000000e+04
4.477300000000000000e+04
3.217600000000000000e+04
2.603900000000000000e+04
1.597900000000000000e+04
4.121790000000000000e+05
1.155834000000000000e+06
2.317160000000000000e+05
1.545100000000000000e+04
2.161000000000000000e+04
2.093800000000000000e+04
1.372230000000000000e+05
4.345100000000000000e+04
4.115000000000000000e+03
8.559000000000000000e+03
7.044000000000000000e+03
7.044000000000000000e+03
2.495930000000000000e+05
6.887490000000000000e+05
2.005620000000000000e+05
7.838000000000000000e+03
1.974000000000000000e+04
2.494200000000000000e+04
1.888260000000000000e+05
4.811000000000000000e+04
3.430000000000000000e+04
1.171650000000000000e+05
1.302840000000000000e+05
1.397710000000000000e+05
2.011950000000000000e+05
9.381600000000000000e+05
1.935060000000000000e+05
3.114300000000000000e+04
1.194670000000000000e+05
3.212400000000000000e+04
1.537100000000000000e+04
8.503000000000000000e+03
1.329100000000000000e+04
9.755000000000000000e+03
7.275000000000000000e+03
1.631800000000000000e+04
2.498660000000000000e+05
6.506550000000000000e+05
1.774750000000000000e+05
3.084000000000000000e+03
0.000000000000000000e+00
2.284000000000000000e+04
1.341400000000000000e+04
5.156000000000000000e+03
9.520000000000000000e+02
6.132000000000000000e+03
1.773000000000000000e+03
3.255000000000000000e+03
1.875310000000000000e+05
5.047610000000000000e+05
1.915860000000000000e+05
1.160100000000000000e+04
6.827000000000000000e+03
0.000000000000000000e+00
1.105600000000000000e+04
7.935000000000000000e+03
8.081000000000000000e+03
1.973200000000000000e+04
1.077900000000000000e+04
7.374000000000000000e+03
2.001520000000000000e+05
5.850030000000000000e+05
1.979070000000000000e+05
1.629300000000000000e+04
0.000000000000000000e+00
0.000000000000000000e+00
0.000000000000000000e+00
2.617400000000000000e+04
3.635000000000000000e+03
3.759000000000000000e+03
1.577300000000000000e+04
5.254000000000000000e+03
1.857770000000000000e+05
5.616370000000000000e+05
1.996980000000000000e+05
4.578000000000000000e+03
0.000000000000000000e+00
8.770000000000000000e+02
