6.633800000000000000e+04
2.109000000000000000e+04
1.960000000000000000e+02
1.799000000000000000e+04
1.570000000000000000e+02
0.000000000000000000e+00
7.870900000000000000e+05
1.457390000000000000e+05
4.553000000000000000e+03
0.000000000000000000e+00
0.000000000000000000e+00
2.363900000000000000e+05
1.959000000000000000e+03
0.000000000000000000e+00
3.003281800000000000e+07
1.170110000000000000e+05
3.628000000000000000e+03
3.680000000000000000e+02
0.000000000000000000e+00
1.447896300000000000e+07
2.339623000000000000e+06
4.738300000000000000e+05
4.839830000000000000e+05
3.980140000000000000e+05
2.334100000000000000e+05
1.614360000000000000e+05
2.411798000000000000e+06
3.583860000000000000e+05
8.409800000000000000e+04
7.312700000000000000e+04
5.608200000000000000e+04
8.454800000000000000e+04
1.017770000000000000e+05
8.697000000000000000e+04
6.958900000000000000e+04
3.665060000000000000e+05
1.113310000000000000e+05
6.363400000000000000e+04
1.365534000000000000e+06
2.144310000000000000e+05
2.156500000000000000e+04
3.061600000000000000e+04
5.616800000000000000e+04
5.271200000000000000e+04
8.966200000000000000e+04
6.691300000000000000e+04
4.596100000000000000e+04
2.425900000000000000e+05
8.587400000000000000e+04
6.271400000000000000e+04
9.819870000000000000e+05
2.265750000000000000e+05
3.635600000000000000e+04
5.252500000000000000e+04
7.135200000000000000e+04
4.756000000000000000e+04
7.133000000000000000e+04
6.270000000000000000e+04
5.511800000000000000e+04
1.917840000000000000e+05
7.925000000000000000e+04
6.465800000000000000e+04
1.026903000000000000e+06
2.863240000000000000e+05
3.045900000000000000e+04
7.036600000000000000e+04
8.053100000000000000e+04
8.790400000000000000e+04
4.837800000000000000e+04
7.430600000000000000e+04
5.356900000000000000e+04
2.317630000000000000e+05
8.858300000000000000e+04
3.944600000000000000e+04
1.271673000000000000e+06
2.650760000000000000e+05
2.833600000000000000e+04
8.378000000000000000e+04
6.358800000000000000e+04
3.239000000000000000e+04
8.253300000000000000e+04
7.794700000000000000e+04
5.883600000000000000e+04
2.600770000000000000e+05
6.775800000000000000e+04
6.102700000000000000e+04
9.897420000000000000e+05
2.616600000000000000e+05
6.122700000000000000e+04
7.474000000000000000e+04
1.054100000000000000e+05
8.811700000000000000e+04
5.954600000000000000e+04
1.281280000000000000e+05
5.068800000000000000e+04
2.513460000000000000e+05
1.174760000000000000e+05
7.071600000000000000e+04
1.010821000000000000e+06
2.751380000000000000e+05
5.124700000000000000e+04
0.000000000000000000e+00
9.418800000000000000e+04
9.111200000000000000e+04
1.332800000000000000e+05
7.201800000000000000e+04
7.612500000000000000e+04
2.274110000000000000e+05
1.067720000000000000e+05
2.045100000000000000e+04
9.713290000000000000e+05
2.843580000000000000e+05
7.325300000000000000e+04
5.431200000000000000e+04
4.028700000000000000e+04
6.845800000000000000e+04
9.373500000000000000e+04
6.641200000000000000e+04
4.863900000000000000e+04
1.974090000000000000e+05
3.830900000000000000e+04
3.408900000000000000e+04
8.900320000000000000e+05
2.672670000000000000e+05
2.843000000000000000e+04
3.916000000000000000e+04
4.079400000000000000e+04
2.301700000000000000e+04
2.973300000000000000e+04
4.289100000000000000e+04
4.068400000000000000e+04
1.646000000000000000e+05
5.436200000000000000e+04
4.735000000000000000e+04
1.175338000000000000e+06
2.691340000000000000e+05
3.101500000000000000e+04
2.882100000000000000e+04
3.832800000000000000e+04
3.031300000000000000e+04
4.163100000000000000e+04
6.082100000000000000e+04
4.140100000000000000e+04
1.831240000000000000e+05
3.769500000000000000e+04
4.955000000000000000e+04
7.551510000000000000e+05
2.344950000000000000e+05
2.228900000000000000e+04
