6.255400000000000000e+04
5.007800000000000000e+04
2.406100000000000000e+04
1.016490000000000000e+05
2.287700000000000000e+04
7.211700000000000000e+04
5.049500000000000000e+04
5.299600000000000000e+04
1.147013000000000000e+06
2.563170000000000000e+05
6.487200000000000000e+04
2.295030000000000000e+05
6.505400000000000000e+04
5.799700000000000000e+04
6.467000000000000000e+04
4.975600000000000000e+04
4.021500000000000000e+04
7.423100000000000000e+04
7.647200000000000000e+04
3.610500000000000000e+04
9.789890000000000000e+05
2.254130000000000000e+05
3.493100000000000000e+04
1.807930000000000000e+05
6.587300000000000000e+04
5.724100000000000000e+04
6.098600000000000000e+04
4.782800000000000000e+04
7.515600000000000000e+04
9.302700000000000000e+04
1.667630000000000000e+05
4.619800000000000000e+04
9.180130000000000000e+05
2.327770000000000000e+05
3.109200000000000000e+04
1.683840000000000000e+05
6.379400000000000000e+04
5.141500000000000000e+04
1.035150000000000000e+05
3.205900000000000000e+04
6.399400000000000000e+04
8.702700000000000000e+04
9.627300000000000000e+04
5.089900000000000000e+04
9.746610000000000000e+05
2.113500000000000000e+05
8.871000000000000000e+03
1.475370000000000000e+05
5.429700000000000000e+04
6.933600000000000000e+04
6.182500000000000000e+04
8.589900000000000000e+04
3.309300000000000000e+04
1.098530000000000000e+05
7.733100000000000000e+04
5.594700000000000000e+04
9.012020000000000000e+05
2.313350000000000000e+05
7.266600000000000000e+04
1.549640000000000000e+05
5.800100000000000000e+04
2.894500000000000000e+04
7.581400000000000000e+04
1.058060000000000000e+05
6.195100000000000000e+04
6.875300000000000000e+04
7.765000000000000000e+04
7.798300000000000000e+04
1.034948000000000000e+06
2.187320000000000000e+05
3.420100000000000000e+04
1.827740000000000000e+05
8.571800000000000000e+04
5.086400000000000000e+04
1.079490000000000000e+05
1.194470000000000000e+05
1.011390000000000000e+05
1.174730000000000000e+05
1.328240000000000000e+05
1.003250000000000000e+05
9.018290000000000000e+05
2.043970000000000000e+05
7.228100000000000000e+04
1.899460000000000000e+05
8.137700000000000000e+04
1.171200000000000000e+04
8.077400000000000000e+04
9.080100000000000000e+04
8.940900000000000000e+04
5.592900000000000000e+04
1.630610000000000000e+05
5.952700000000000000e+04
8.566630000000000000e+05
1.977820000000000000e+05
4.856200000000000000e+04
1.565990000000000000e+05
3.701100000000000000e+04
4.333700000000000000e+04
1.222640000000000000e+05
6.261600000000000000e+04
8.700400000000000000e+04
8.690500000000000000e+04
1.017770000000000000e+05
9.633000000000000000e+04
7.860990000000000000e+05
2.041940000000000000e+05
5.735500000000000000e+04
1.504640000000000000e+05
8.151100000000000000e+04
1.106870000000000000e+05
1.126100000000000000e+04
5.429000000000000000e+04
1.595420000000000000e+05
6.075200000000000000e+04
9.062700000000000000e+04
7.507300000000000000e+04
8.764810000000000000e+05
2.182830000000000000e+05
4.369700000000000000e+04
1.162190000000000000e+05
4.488100000000000000e+04
1.457510000000000000e+05
8.612000000000000000e+03
4.049900000000000000e+04
1.504480000000000000e+05
1.351880000000000000e+05
9.013800000000000000e+04
1.226380000000000000e+05
1.159340000000000000e+06
2.135430000000000000e+05
6.392100000000000000e+04
2.224200000000000000e+05
1.062040000000000000e+05
1.057650000000000000e+05
6.325700000000000000e+04
7.597500000000000000e+04
1.800000000000000000e+04
3.042400000000000000e+04
1.053150000000000000e+05
1.221260000000000000e+05
8.702310000000000000e+05
2.101310000000000000e+05
5.072400000000000000e+04
1.706680000000000000e+05
2.076000000000000000e+03
1.083700000000000000e+04
1.096670000000000000e+05
7.478000000000000000e+03
1.879180000000000000e+05
