4.660000000000000000e+04
2.772000000000000000e+03
3.272600000000000000e+04
6.638200000000000000e+04
6.520800000000000000e+04
3.496400000000000000e+04
6.592500000000000000e+04
6.058100000000000000e+04
1.042412000000000000e+06
1.848820000000000000e+05
1.820700000000000000e+04
1.993230000000000000e+05
4.304000000000000000e+04
3.434400000000000000e+04
3.585200000000000000e+04
6.169300000000000000e+04
4.594900000000000000e+04
3.795600000000000000e+04
7.710200000000000000e+04
5.754700000000000000e+04
7.922730000000000000e+05
1.869400000000000000e+05
1.832600000000000000e+04
1.330290000000000000e+05
3.808600000000000000e+04
5.875400000000000000e+04
3.168200000000000000e+04
6.269300000000000000e+04
4.037900000000000000e+04
3.649900000000000000e+04
7.725000000000000000e+04
4.788800000000000000e+04
8.495420000000000000e+05
2.101150000000000000e+05
5.757700000000000000e+04
1.545510000000000000e+05
2.945300000000000000e+04
1.028150000000000000e+05
6.177200000000000000e+04
6.677200000000000000e+04
7.594600000000000000e+04
6.702400000000000000e+04
8.614600000000000000e+04
9.700300000000000000e+04
8.825790000000000000e+05
2.110930000000000000e+05
2.698100000000000000e+04
1.622610000000000000e+05
6.196000000000000000e+04
7.633500000000000000e+04
3.025400000000000000e+04
6.560500000000000000e+04
7.725300000000000000e+04
4.622300000000000000e+04
9.138700000000000000e+04
6.343600000000000000e+04
9.436760000000000000e+05
1.938640000000000000e+05
3.124700000000000000e+04
1.521530000000000000e+05
4.518900000000000000e+04
6.293300000000000000e+04
5.527000000000000000e+04
6.385100000000000000e+04
1.229600000000000000e+05
5.039100000000000000e+04
9.158400000000000000e+04
9.512200000000000000e+04
1.116765000000000000e+06
2.060200000000000000e+05
7.656300000000000000e+04
1.816940000000000000e+05
7.650000000000000000e+04
8.480200000000000000e+04
5.714500000000000000e+04
8.281600000000000000e+04
6.593500000000000000e+04
6.710000000000000000e+04
7.781600000000000000e+04
1.249320000000000000e+05
8.965320000000000000e+05
2.185560000000000000e+05
3.020300000000000000e+04
1.562640000000000000e+05
5.949700000000000000e+04
1.026120000000000000e+05
5.630900000000000000e+04
9.455600000000000000e+04
8.601600000000000000e+04
9.047700000000000000e+04
9.323100000000000000e+04
7.575100000000000000e+04
9.165960000000000000e+05
2.327580000000000000e+05
5.395900000000000000e+04
1.458230000000000000e+05
4.787600000000000000e+04
1.072940000000000000e+05
9.830900000000000000e+04
5.690100000000000000e+04
1.513720000000000000e+05
6.639300000000000000e+04
9.606600000000000000e+04
1.264260000000000000e+05
8.698350000000000000e+05
2.319670000000000000e+05
3.848800000000000000e+04
1.399110000000000000e+05
1.052800000000000000e+05
8.303500000000000000e+04
7.361600000000000000e+04
8.035800000000000000e+04
1.047720000000000000e+05
5.132800000000000000e+04
7.881900000000000000e+04
9.039200000000000000e+04
8.928130000000000000e+05
2.584370000000000000e+05
4.749200000000000000e+04
1.581300000000000000e+05
6.191100000000000000e+04
6.942200000000000000e+04
5.421800000000000000e+04
8.651300000000000000e+04
1.117500000000000000e+05
5.204600000000000000e+04
8.180400000000000000e+04
9.106000000000000000e+03
1.197907000000000000e+06
2.660040000000000000e+05
4.234900000000000000e+04
1.869380000000000000e+05
6.342300000000000000e+04
5.953100000000000000e+04
6.877600000000000000e+04
7.086400000000000000e+04
9.518200000000000000e+04
5.611000000000000000e+04
9.927800000000000000e+04
9.335600000000000000e+04
9.539280000000000000e+05
2.100610000000000000e+05
3.825400000000000000e+04
1.376230000000000000e+05
6.191900000000000000e+04
7.813700000000000000e+04
3.570600000000000000e+04
8.712000000000000000e+04
6.985800000000000000e+04
