1.110320000000000000e+05
6.963500000000000000e+04
7.189230000000000000e+05
2.155380000000000000e+05
4.502400000000000000e+04
2.264500000000000000e+04
4.435700000000000000e+04
4.098000000000000000e+04
1.233920000000000000e+05
5.689500000000000000e+04
6.893300000000000000e+04
1.914040000000000000e+05
7.057300000000000000e+04
7.060300000000000000e+04
1.154112000000000000e+06
2.373290000000000000e+05
5.607800000000000000e+04
4.888300000000000000e+04
5.637600000000000000e+04
4.220300000000000000e+04
4.549200000000000000e+04
8.572700000000000000e+04
1.094810000000000000e+05
2.202270000000000000e+05
8.331700000000000000e+04
6.590100000000000000e+04
9.607130000000000000e+05
1.935780000000000000e+05
3.375500000000000000e+04
3.133000000000000000e+04
6.618600000000000000e+04
6.493400000000000000e+04
4.795900000000000000e+04
1.486900000000000000e+04
9.909800000000000000e+04
1.909790000000000000e+05
5.203200000000000000e+04
1.113050000000000000e+05
9.509860000000000000e+05
2.056600000000000000e+05
5.191100000000000000e+04
4.446700000000000000e+04
7.668600000000000000e+04
6.280200000000000000e+04
5.655600000000000000e+04
9.414500000000000000e+04
5.354500000000000000e+04
1.741650000000000000e+05
8.228300000000000000e+04
1.127470000000000000e+05
9.215280000000000000e+05
2.046560000000000000e+05
2.994900000000000000e+04
4.614200000000000000e+04
1.473600000000000000e+04
6.236300000000000000e+04
1.026190000000000000e+05
1.038600000000000000e+05
4.425400000000000000e+04
1.930690000000000000e+05
1.070540000000000000e+05
4.922700000000000000e+04
9.140030000000000000e+05
2.125360000000000000e+05
4.383900000000000000e+04
3.519900000000000000e+04
6.436900000000000000e+04
4.787600000000000000e+04
5.503500000000000000e+04
5.413100000000000000e+04
7.282200000000000000e+04
1.520080000000000000e+05
5.951600000000000000e+04
6.120500000000000000e+04
1.105727000000000000e+06
2.186990000000000000e+05
3.738900000000000000e+04
1.001500000000000000e+04
6.927000000000000000e+04
6.800000000000000000e+04
3.676300000000000000e+04
6.602700000000000000e+04
6.518300000000000000e+04
1.981890000000000000e+05
8.319400000000000000e+04
8.105100000000000000e+04
9.083080000000000000e+05
2.365580000000000000e+05
3.210700000000000000e+04
2.964600000000000000e+04
5.651100000000000000e+04
9.837000000000000000e+04
3.685200000000000000e+04
7.861700000000000000e+04
5.317000000000000000e+04
1.559770000000000000e+05
1.101220000000000000e+05
4.956600000000000000e+04
9.196760000000000000e+05
2.163400000000000000e+05
1.239500000000000000e+04
1.344000000000000000e+03
5.376000000000000000e+03
4.004100000000000000e+04
8.725700000000000000e+04
5.177700000000000000e+04
2.688000000000000000e+03
1.121860000000000000e+05
8.107400000000000000e+04
7.741100000000000000e+04
9.071360000000000000e+05
2.034480000000000000e+05
4.351300000000000000e+04
4.256400000000000000e+04
4.595800000000000000e+04
6.557200000000000000e+04
5.430900000000000000e+04
9.324100000000000000e+04
4.964200000000000000e+04
1.939100000000000000e+05
6.755200000000000000e+04
6.216100000000000000e+04
8.574590000000000000e+05
1.952430000000000000e+05
6.464300000000000000e+04
4.624200000000000000e+04
4.520100000000000000e+04
6.892300000000000000e+04
6.346500000000000000e+04
4.851600000000000000e+04
5.982200000000000000e+04
1.653930000000000000e+05
2.531000000000000000e+04
7.287200000000000000e+04
1.104106000000000000e+06
2.146770000000000000e+05
3.051300000000000000e+04
4.349400000000000000e+04
7.408700000000000000e+04
7.558100000000000000e+04
7.616800000000000000e+04
6.210800000000000000e+04
4.068100000000000000e+04
2.102910000000000000e+05
6.528500000000000000e+04
6.075000000000000000e+04
8.774520000000000000e+05
2.219200000000000000e+05
2.049200000000000000e+04
