1.370230000000000000e+05
9.027200000000000000e+04
9.335700000000000000e+04
1.123750000000000000e+05
9.728030000000000000e+05
2.482910000000000000e+05
1.358250000000000000e+05
2.940480000000000000e+05
2.388820000000000000e+05
1.384860000000000000e+05
1.453400000000000000e+05
3.093530000000000000e+05
1.703600000000000000e+05
1.425240000000000000e+05
1.476080000000000000e+05
9.568400000000000000e+04
1.030473000000000000e+06
1.891820000000000000e+05
8.687900000000000000e+04
1.192856000000000000e+06
2.220526600000000000e+07
2.740472000000000000e+06
1.796445000000000000e+06
1.243079000000000000e+06
4.903350000000000000e+05
1.847110000000000000e+05
7.668300000000000000e+04
4.530400000000000000e+04
2.573700000000000000e+04
6.598700000000000000e+04
2.291800000000000000e+04
2.474900000000000000e+04
1.753018000000000000e+06
1.556540000000000000e+05
9.093000000000000000e+03
2.574420000000000000e+05
5.350000000000000000e+02
5.001000000000000000e+03
6.054000000000000000e+03
8.240000000000000000e+03
2.664400000000000000e+04
1.603100000000000000e+04
1.423400000000000000e+04
1.915000000000000000e+04
4.166710000000000000e+05
1.469260000000000000e+05
2.398100000000000000e+04
1.006860000000000000e+05
2.750900000000000000e+04
3.045400000000000000e+04
1.737000000000000000e+04
5.619000000000000000e+03
3.564000000000000000e+03
2.106700000000000000e+04
2.685100000000000000e+04
1.487400000000000000e+04
3.776380000000000000e+05
1.859120000000000000e+05
4.918500000000000000e+04
9.653500000000000000e+04
1.470300000000000000e+04
1.571100000000000000e+04
1.670100000000000000e+04
4.458000000000000000e+03
1.546300000000000000e+04
1.042500000000000000e+04
3.119500000000000000e+04
3.616900000000000000e+04
3.867300000000000000e+05
2.008860000000000000e+05
2.772000000000000000e+04
1.338210000000000000e+05
1.566993000000000000e+06
5.682985000000000000e+06
4.948685000000000000e+06
5.394950000000000000e+05
8.785300000000000000e+04
1.165760000000000000e+05
1.798870000000000000e+05
2.476140000000000000e+05
2.427200000000000000e+06
4.040690000000000000e+05
3.165220000000000000e+05
6.413910000000000000e+05
3.552830000000000000e+05
2.503580000000000000e+05
2.320340000000000000e+05
1.844100000000000000e+05
1.874800000000000000e+05
2.311190000000000000e+05
1.763600000000000000e+05
1.487300000000000000e+05
7.761690000000000000e+05
3.393870000000000000e+05
2.433330000000000000e+05
3.178660000000000000e+05
2.328340000000000000e+05
1.621700000000000000e+05
1.444810000000000000e+05
1.387420000000000000e+05
1.173160000000000000e+05
8.359900000000000000e+04
7.693600000000000000e+04
7.964200000000000000e+04
7.286230000000000000e+05
1.847950000000000000e+05
1.481000000000000000e+04
1.579220000000000000e+05
5.773500000000000000e+04
7.058000000000000000e+04
3.255800000000000000e+04
2.230400000000000000e+04
4.533900000000000000e+04
1.311200000000000000e+04
1.237300000000000000e+04
1.191000000000000000e+04
5.368970000000000000e+05
2.020220000000000000e+05
2.649300000000000000e+04
1.531670000000000000e+05
9.039700000000000000e+04
9.795300000000000000e+04
6.964000000000000000e+04
4.663700000000000000e+04
2.189600000000000000e+04
4.621500000000000000e+04
4.727900000000000000e+04
2.409600000000000000e+04
5.796250000000000000e+05
1.635000000000000000e+05
3.116700000000000000e+04
1.387710000000000000e+05
2.456100000000000000e+04
0.000000000000000000e+00
1.437900000000000000e+04
3.463300000000000000e+04
1.097360000000000000e+05
2.015420000000000000e+06
1.889531000000000000e+06
1.751233000000000000e+06
2.147580000000000000e+06
1.603310000000000000e+05
2.768100000000000000e+04
3.106110000000000000e+05
5.636200000000000000e+04
3.582500000000000000e+04
2.051200000000000000e+04
6.225300000000000000e+04
5.020400000000000000e+04
