9.950400000000000000e+04
6.713600000000000000e+04
7.599200000000000000e+04
7.736500000000000000e+04
7.559800000000000000e+04
6.888500000000000000e+04
8.903600000000000000e+04
4.452600000000000000e+04
9.184220000000000000e+05
2.180500000000000000e+05
3.514900000000000000e+04
2.054590000000000000e+05
7.698400000000000000e+04
3.928400000000000000e+04
6.182800000000000000e+04
9.341100000000000000e+04
3.931700000000000000e+04
5.939300000000000000e+04
7.199200000000000000e+04
5.833200000000000000e+04
8.692970000000000000e+05
1.985240000000000000e+05
3.536700000000000000e+04
1.487570000000000000e+05
4.821700000000000000e+04
3.733000000000000000e+04
6.280100000000000000e+04
4.355100000000000000e+04
5.489200000000000000e+04
6.017500000000000000e+04
4.845200000000000000e+04
4.448300000000000000e+04
8.417340000000000000e+05
2.202810000000000000e+05
5.021100000000000000e+04
1.223220000000000000e+05
2.654400000000000000e+04
3.838400000000000000e+04
4.830400000000000000e+04
4.319800000000000000e+04
4.628900000000000000e+04
5.807300000000000000e+04
3.158800000000000000e+04
5.286700000000000000e+04
1.087463000000000000e+06
2.275050000000000000e+05
4.118500000000000000e+04
1.783410000000000000e+05
3.366300000000000000e+04
6.573600000000000000e+04
3.423200000000000000e+04
6.057900000000000000e+04
4.387300000000000000e+04
6.192600000000000000e+04
2.579000000000000000e+04
8.157400000000000000e+04
8.787380000000000000e+05
1.974150000000000000e+05
2.169600000000000000e+04
1.389200000000000000e+05
3.242400000000000000e+04
4.656100000000000000e+04
4.295900000000000000e+04
8.068500000000000000e+04
8.575900000000000000e+04
6.389900000000000000e+04
7.088500000000000000e+04
6.932600000000000000e+04
9.446390000000000000e+05
2.116100000000000000e+05
2.474700000000000000e+04
1.442080000000000000e+05
5.213400000000000000e+04
5.756600000000000000e+04
6.346500000000000000e+04
8.532000000000000000e+04
3.966400000000000000e+04
5.480100000000000000e+04
8.048000000000000000e+04
7.646300000000000000e+04
9.984780000000000000e+05
2.369860000000000000e+05
5.137300000000000000e+04
1.868550000000000000e+05
6.673200000000000000e+04
5.610100000000000000e+04
7.331000000000000000e+04
7.174800000000000000e+04
6.188000000000000000e+04
7.615000000000000000e+04
8.417400000000000000e+04
5.861500000000000000e+04
8.706830000000000000e+05
2.357900000000000000e+05
5.115200000000000000e+04
1.279370000000000000e+05
3.174700000000000000e+04
2.841600000000000000e+04
6.001300000000000000e+04
3.318400000000000000e+04
3.443100000000000000e+04
4.138400000000000000e+04
6.203100000000000000e+04
8.419400000000000000e+04
1.107700000000000000e+06
1.904560000000000000e+05
2.585500000000000000e+04
1.598240000000000000e+05
3.013600000000000000e+04
4.181300000000000000e+04
4.897300000000000000e+04
5.252300000000000000e+04
6.290700000000000000e+04
5.912100000000000000e+04
5.692200000000000000e+04
4.428200000000000000e+04
9.325500000000000000e+05
2.423240000000000000e+05
3.602100000000000000e+04
1.507790000000000000e+05
4.687000000000000000e+04
4.258300000000000000e+04
7.593400000000000000e+04
7.938600000000000000e+04
4.703500000000000000e+04
5.830700000000000000e+04
7.854400000000000000e+04
6.876700000000000000e+04
9.189810000000000000e+05
2.816750000000000000e+05
3.973400000000000000e+04
1.414810000000000000e+05
9.436000000000000000e+03
5.966400000000000000e+04
3.494300000000000000e+04
5.897500000000000000e+04
1.550600000000000000e+04
1.176820000000000000e+05
8.636900000000000000e+04
6.479400000000000000e+04
9.011210000000000000e+05
2.583960000000000000e+05
2.241200000000000000e+04
1.211450000000000000e+05
2.519300000000000000e+04
4.755800000000000000e+04
3.484100000000000000e+04
4.256400000000000000e+04
7.412000000000000000e+04
