1.010760000000000000e+05
4.635000000000000000e+04
8.651100000000000000e+04
1.012800000000000000e+05
1.556200000000000000e+05
8.783500000000000000e+04
1.017180000000000000e+05
1.011940000000000000e+05
9.878730000000000000e+05
2.865350000000000000e+05
6.871100000000000000e+04
2.368540000000000000e+05
7.980000000000000000e+04
6.848100000000000000e+04
5.671500000000000000e+04
5.206200000000000000e+04
6.014500000000000000e+04
7.540900000000000000e+04
7.716400000000000000e+04
7.314400000000000000e+04
7.932940000000000000e+05
2.728260000000000000e+05
4.374900000000000000e+04
1.556050000000000000e+05
4.866700000000000000e+04
7.375000000000000000e+04
5.266800000000000000e+04
5.682600000000000000e+04
4.819800000000000000e+04
8.916400000000000000e+04
4.939900000000000000e+04
6.322900000000000000e+04
7.957790000000000000e+05
2.968130000000000000e+05
4.012500000000000000e+04
1.422060000000000000e+05
5.604600000000000000e+04
5.093200000000000000e+04
4.733800000000000000e+04
5.849400000000000000e+04
5.215700000000000000e+04
7.724000000000000000e+04
5.782700000000000000e+04
5.815400000000000000e+04
9.005840000000000000e+05
3.322880000000000000e+05
3.469300000000000000e+04
1.487920000000000000e+05
2.982500000000000000e+04
2.220930000000000000e+05
8.691500000000000000e+04
5.786300000000000000e+04
5.719500000000000000e+04
6.708800000000000000e+04
7.488900000000000000e+04
1.689600000000000000e+04
9.557760000000000000e+05
3.173230000000000000e+05
9.948000000000000000e+03
1.975590000000000000e+05
1.397240000000000000e+05
9.517600000000000000e+04
7.868600000000000000e+04
7.559300000000000000e+04
1.068880000000000000e+05
1.024500000000000000e+05
7.723200000000000000e+04
1.136280000000000000e+05
1.205742000000000000e+06
3.046550000000000000e+05
4.418600000000000000e+04
1.781940000000000000e+05
3.290600000000000000e+04
5.863300000000000000e+04
5.513300000000000000e+04
4.736700000000000000e+04
7.003700000000000000e+04
7.890600000000000000e+04
5.522700000000000000e+04
1.035540000000000000e+05
8.635960000000000000e+05
2.937680000000000000e+05
3.668400000000000000e+04
1.477630000000000000e+05
3.497700000000000000e+04
4.202600000000000000e+04
4.952800000000000000e+04
4.588600000000000000e+04
6.205200000000000000e+04
5.021900000000000000e+04
3.769800000000000000e+04
4.202000000000000000e+04
6.997120000000000000e+05
2.869260000000000000e+05
3.983300000000000000e+04
1.355360000000000000e+05
3.023400000000000000e+04
4.786900000000000000e+04
5.158200000000000000e+04
4.091800000000000000e+04
5.026100000000000000e+04
5.635400000000000000e+04
4.542100000000000000e+04
6.327400000000000000e+04
7.761130000000000000e+05
3.307840000000000000e+05
3.149700000000000000e+04
1.583830000000000000e+05
2.300400000000000000e+04
7.267800000000000000e+04
5.722500000000000000e+04
4.899900000000000000e+04
6.981500000000000000e+04
6.333400000000000000e+04
3.680900000000000000e+04
2.064800000000000000e+04
8.464530000000000000e+05
3.211870000000000000e+05
3.467100000000000000e+04
2.065460000000000000e+05
4.126300000000000000e+04
8.217200000000000000e+04
4.262800000000000000e+04
2.688000000000000000e+03
7.486500000000000000e+04
2.616500000000000000e+04
4.519500000000000000e+04
7.107600000000000000e+04
1.095691000000000000e+06
2.994160000000000000e+05
2.428000000000000000e+04
1.730980000000000000e+05
4.390200000000000000e+04
2.506000000000000000e+04
6.823600000000000000e+04
4.110700000000000000e+04
4.928600000000000000e+04
4.080700000000000000e+04
4.318300000000000000e+04
2.444090000000000000e+05
7.766880000000000000e+05
2.659970000000000000e+05
3.239900000000000000e+04
1.528390000000000000e+05
2.627900000000000000e+04
2.673600000000000000e+04
2.003600000000000000e+04
4.219100000000000000e+04
3.498300000000000000e+04
