6.598600000000000000e+04
4.710400000000000000e+04
6.698970000000000000e+05
2.900120000000000000e+05
3.227400000000000000e+04
2.587300000000000000e+04
2.272500000000000000e+04
3.467400000000000000e+04
3.710400000000000000e+04
6.102600000000000000e+04
6.320000000000000000e+04
2.085340000000000000e+05
7.546100000000000000e+04
5.518600000000000000e+04
7.418510000000000000e+05
2.511990000000000000e+05
3.855000000000000000e+03
4.235800000000000000e+04
3.222400000000000000e+04
4.329700000000000000e+04
3.983400000000000000e+04
3.996500000000000000e+04
5.094300000000000000e+04
1.389960000000000000e+05
4.337700000000000000e+04
4.466000000000000000e+04
7.280000000000000000e+05
1.994410000000000000e+05
2.631600000000000000e+04
1.983400000000000000e+04
3.708300000000000000e+04
2.330600000000000000e+04
2.404300000000000000e+04
2.132100000000000000e+04
5.154100000000000000e+04
1.443810000000000000e+05
3.550500000000000000e+04
3.419000000000000000e+04
9.315820000000000000e+05
2.153730000000000000e+05
2.650900000000000000e+04
3.656300000000000000e+04
3.271300000000000000e+04
3.231700000000000000e+04
2.872100000000000000e+04
3.189400000000000000e+04
3.813600000000000000e+04
1.796220000000000000e+05
5.789100000000000000e+04
6.426600000000000000e+04
6.967050000000000000e+05
2.037400000000000000e+05
2.609600000000000000e+04
2.490500000000000000e+04
3.284900000000000000e+04
2.941900000000000000e+04
0.000000000000000000e+00
2.425600000000000000e+04
4.680400000000000000e+04
1.417250000000000000e+05
3.377700000000000000e+04
4.576700000000000000e+04
7.344920000000000000e+05
2.265730000000000000e+05
4.616300000000000000e+04
3.074000000000000000e+04
3.228400000000000000e+04
4.449600000000000000e+04
6.550400000000000000e+04
3.946200000000000000e+04
3.711200000000000000e+04
1.555720000000000000e+05
4.125200000000000000e+04
5.938900000000000000e+04
8.435530000000000000e+05
2.203740000000000000e+05
3.833300000000000000e+04
2.923100000000000000e+04
2.520200000000000000e+04
5.455700000000000000e+04
4.938600000000000000e+04
2.452000000000000000e+04
5.474200000000000000e+04
1.717890000000000000e+05
4.299100000000000000e+04
6.457600000000000000e+04
9.128260000000000000e+05
2.394220000000000000e+05
3.791700000000000000e+04
3.363200000000000000e+04
3.126200000000000000e+04
2.924500000000000000e+04
4.869400000000000000e+04
4.586000000000000000e+04
5.406300000000000000e+04
2.086290000000000000e+05
3.571200000000000000e+04
6.498800000000000000e+04
1.167896000000000000e+06
2.645320000000000000e+05
2.708000000000000000e+04
2.572200000000000000e+04
3.019000000000000000e+04
4.686000000000000000e+04
7.625200000000000000e+04
4.277300000000000000e+04
5.818700000000000000e+04
1.959640000000000000e+05
4.264200000000000000e+04
5.510800000000000000e+04
9.206710000000000000e+05
2.511660000000000000e+05
4.190400000000000000e+04
6.340800000000000000e+04
5.658900000000000000e+04
5.966700000000000000e+04
6.183700000000000000e+04
5.036300000000000000e+04
7.117500000000000000e+04
1.759570000000000000e+05
5.213100000000000000e+04
1.848000000000000000e+04
8.963640000000000000e+05
2.779670000000000000e+05
4.033100000000000000e+04
6.000800000000000000e+04
4.023500000000000000e+04
7.152100000000000000e+04
8.189600000000000000e+04
6.230900000000000000e+04
7.477500000000000000e+04
2.063130000000000000e+05
6.405700000000000000e+04
4.589400000000000000e+04
1.089822000000000000e+06
2.292360000000000000e+05
2.210100000000000000e+04
2.912200000000000000e+04
4.098500000000000000e+04
6.107900000000000000e+04
8.437900000000000000e+04
3.153600000000000000e+04
7.701100000000000000e+04
1.906110000000000000e+05
7.216300000000000000e+04
7.190200000000000000e+04
1.000787000000000000e+06
2.487160000000000000e+05
2.248400000000000000e+04
