6.363700000000000000e+04
6.910700000000000000e+04
5.466800000000000000e+04
2.923500000000000000e+04
8.479500000000000000e+04
7.683300000000000000e+04
5.421600000000000000e+04
7.532300000000000000e+04
1.220675000000000000e+06
2.550650000000000000e+05
4.582200000000000000e+04
2.089060000000000000e+05
7.302900000000000000e+04
4.372700000000000000e+04
8.377600000000000000e+04
1.214910000000000000e+05
5.627200000000000000e+04
7.948400000000000000e+04
7.516300000000000000e+04
7.412800000000000000e+04
1.097732000000000000e+06
2.528310000000000000e+05
4.118400000000000000e+04
1.791240000000000000e+05
7.050400000000000000e+04
1.003180000000000000e+05
9.420400000000000000e+04
5.663400000000000000e+04
9.344300000000000000e+04
8.250200000000000000e+04
8.508100000000000000e+04
5.096500000000000000e+04
1.080568000000000000e+06
2.695930000000000000e+05
2.614000000000000000e+04
2.044130000000000000e+05
6.524700000000000000e+04
4.406800000000000000e+04
5.351800000000000000e+04
5.293200000000000000e+04
6.599500000000000000e+04
8.996700000000000000e+04
8.595000000000000000e+04
7.954500000000000000e+04
1.094407000000000000e+06
2.664350000000000000e+05
4.050800000000000000e+04
1.888210000000000000e+05
4.950200000000000000e+04
9.062100000000000000e+04
9.036400000000000000e+04
5.810700000000000000e+04
4.868100000000000000e+04
1.339370000000000000e+05
6.923900000000000000e+04
7.676900000000000000e+04
1.144935000000000000e+06
2.494750000000000000e+05
3.381100000000000000e+04
1.877410000000000000e+05
5.610200000000000000e+04
9.187500000000000000e+04
1.032110000000000000e+05
3.765200000000000000e+04
8.296900000000000000e+04
1.360270000000000000e+05
7.413000000000000000e+04
1.105460000000000000e+05
1.284600000000000000e+06
2.458350000000000000e+05
4.842400000000000000e+04
2.817320000000000000e+05
3.305700000000000000e+04
9.261600000000000000e+04
9.425800000000000000e+04
6.069900000000000000e+04
8.503700000000000000e+04
5.896800000000000000e+04
9.324900000000000000e+04
8.576700000000000000e+04
1.057326000000000000e+06
2.547230000000000000e+05
5.955700000000000000e+04
1.869990000000000000e+05
3.866500000000000000e+04
7.340600000000000000e+04
5.919700000000000000e+04
4.580100000000000000e+04
5.679000000000000000e+04
1.007970000000000000e+05
4.525100000000000000e+04
8.681200000000000000e+04
1.016244000000000000e+06
2.699160000000000000e+05
3.045200000000000000e+04
1.709450000000000000e+05
4.424400000000000000e+04
4.837600000000000000e+04
4.602700000000000000e+04
4.979400000000000000e+04
5.095400000000000000e+04
6.554600000000000000e+04
4.831400000000000000e+04
5.456200000000000000e+04
1.045779000000000000e+06
2.502620000000000000e+05
4.847800000000000000e+04
1.712400000000000000e+05
3.583100000000000000e+04
4.410600000000000000e+04
6.841900000000000000e+04
3.978700000000000000e+04
7.113600000000000000e+04
5.281200000000000000e+04
4.853400000000000000e+04
5.870000000000000000e+04
1.029824000000000000e+06
2.502800000000000000e+05
2.269000000000000000e+04
1.498950000000000000e+05
3.083300000000000000e+04
4.583900000000000000e+04
5.048900000000000000e+04
4.373700000000000000e+04
5.375000000000000000e+04
1.055270000000000000e+05
6.541000000000000000e+04
5.460200000000000000e+04
1.236335000000000000e+06
2.384360000000000000e+05
3.574100000000000000e+04
1.801150000000000000e+05
4.110500000000000000e+04
4.164900000000000000e+04
5.745600000000000000e+04
5.180900000000000000e+04
6.620000000000000000e+04
7.700800000000000000e+04
4.542800000000000000e+04
8.616800000000000000e+04
9.856930000000000000e+05
2.433960000000000000e+05
1.752600000000000000e+04
1.509640000000000000e+05
3.454400000000000000e+04
4.673000000000000000e+04
2.156700000000000000e+04
4.725200000000000000e+04
6.621800000000000000e+04
