8.927100000000000000e+04
6.109500000000000000e+04
8.929740000000000000e+05
2.183740000000000000e+05
3.640900000000000000e+04
5.300800000000000000e+04
2.874000000000000000e+04
1.999000000000000000e+03
0.000000000000000000e+00
0.000000000000000000e+00
2.880000000000000000e+03
2.608600000000000000e+05
1.788470000000000000e+05
2.123200000000000000e+04
1.221185000000000000e+06
2.012590000000000000e+05
5.152600000000000000e+04
5.507700000000000000e+04
4.294000000000000000e+04
5.591100000000000000e+04
7.907100000000000000e+04
6.431900000000000000e+04
1.012700000000000000e+05
2.325070000000000000e+05
9.497200000000000000e+04
7.225100000000000000e+04
1.053363000000000000e+06
1.825960000000000000e+05
3.946600000000000000e+04
4.421100000000000000e+04
5.166000000000000000e+04
7.031800000000000000e+04
6.951700000000000000e+04
3.702600000000000000e+04
8.102800000000000000e+04
1.968950000000000000e+05
4.362700000000000000e+04
8.757100000000000000e+04
1.049763000000000000e+06
1.942410000000000000e+05
2.718800000000000000e+04
4.368200000000000000e+04
3.881400000000000000e+04
6.221800000000000000e+04
4.425400000000000000e+04
7.350400000000000000e+04
9.078600000000000000e+04
1.662200000000000000e+05
8.381400000000000000e+04
6.301900000000000000e+04
1.016682000000000000e+06
2.173180000000000000e+05
3.018900000000000000e+04
1.893400000000000000e+04
3.907500000000000000e+04
5.283900000000000000e+04
3.695900000000000000e+04
4.838900000000000000e+04
8.388700000000000000e+04
1.642230000000000000e+05
6.698300000000000000e+04
8.774800000000000000e+04
9.463600000000000000e+05
2.128240000000000000e+05
2.948200000000000000e+04
3.503300000000000000e+04
4.458400000000000000e+04
6.457900000000000000e+04
4.892200000000000000e+04
6.250000000000000000e+04
7.108000000000000000e+04
1.757890000000000000e+05
7.314200000000000000e+04
1.010970000000000000e+05
1.130984000000000000e+06
2.226970000000000000e+05
4.750400000000000000e+04
6.570000000000000000e+03
4.614900000000000000e+04
4.694600000000000000e+04
8.195100000000000000e+04
4.511800000000000000e+04
1.050880000000000000e+05
2.380600000000000000e+05
1.075360000000000000e+05
8.812500000000000000e+04
9.345580000000000000e+05
2.186340000000000000e+05
3.721900000000000000e+04
4.295300000000000000e+04
7.082000000000000000e+04
9.802500000000000000e+04
8.231800000000000000e+04
1.060840000000000000e+05
8.152600000000000000e+04
2.062520000000000000e+05
1.233100000000000000e+05
8.663900000000000000e+04
1.001529000000000000e+06
2.281870000000000000e+05
4.717400000000000000e+04
2.330100000000000000e+04
6.424500000000000000e+04
6.196500000000000000e+04
5.957900000000000000e+04
7.806500000000000000e+04
1.442900000000000000e+04
2.003600000000000000e+05
1.129260000000000000e+05
8.763300000000000000e+04
9.972370000000000000e+05
2.027290000000000000e+05
6.035200000000000000e+04
4.728000000000000000e+04
6.085300000000000000e+04
7.018100000000000000e+04
5.020200000000000000e+04
1.029010000000000000e+05
6.402600000000000000e+04
1.746720000000000000e+05
9.411100000000000000e+04
8.144600000000000000e+04
9.747010000000000000e+05
2.130520000000000000e+05
4.611000000000000000e+04
4.909200000000000000e+04
7.932200000000000000e+04
6.573600000000000000e+04
5.033900000000000000e+04
8.245000000000000000e+04
8.511900000000000000e+04
1.609170000000000000e+05
9.611200000000000000e+04
5.668900000000000000e+04
1.201679000000000000e+06
2.517890000000000000e+05
4.493800000000000000e+04
3.334400000000000000e+04
6.398700000000000000e+04
7.550500000000000000e+04
7.521100000000000000e+04
7.909500000000000000e+04
8.687800000000000000e+04
2.275730000000000000e+05
8.181800000000000000e+04
1.274020000000000000e+05
1.032547000000000000e+06
2.513610000000000000e+05
4.649100000000000000e+04
