9.964600000000000000e+04
7.701200000000000000e+04
5.880300000000000000e+04
1.300670000000000000e+05
8.028600000000000000e+04
1.062740000000000000e+05
9.071800000000000000e+04
1.334810000000000000e+05
1.053911000000000000e+06
2.773060000000000000e+05
2.400700000000000000e+04
2.396260000000000000e+05
1.316140000000000000e+05
6.183800000000000000e+04
7.262300000000000000e+04
9.444000000000000000e+04
5.858400000000000000e+04
1.107190000000000000e+05
1.512560000000000000e+05
5.087800000000000000e+04
1.058428000000000000e+06
2.495390000000000000e+05
8.496800000000000000e+04
1.676030000000000000e+05
4.647800000000000000e+04
7.269400000000000000e+04
1.080040000000000000e+05
5.089000000000000000e+04
1.508840000000000000e+05
3.885400000000000000e+04
5.562200000000000000e+04
8.260900000000000000e+04
9.554400000000000000e+05
2.557650000000000000e+05
5.699600000000000000e+04
1.541160000000000000e+05
1.467340000000000000e+05
4.539000000000000000e+04
7.000600000000000000e+04
3.685000000000000000e+03
1.214930000000000000e+05
5.127900000000000000e+04
4.946600000000000000e+04
4.695400000000000000e+04
1.179964000000000000e+06
2.828190000000000000e+05
2.186500000000000000e+04
1.472600000000000000e+05
3.996200000000000000e+04
4.245700000000000000e+04
9.682500000000000000e+04
3.361300000000000000e+04
3.757000000000000000e+04
7.172800000000000000e+04
4.555100000000000000e+04
3.919800000000000000e+04
8.983520000000000000e+05
2.936060000000000000e+05
5.280300000000000000e+04
1.466710000000000000e+05
3.422400000000000000e+04
5.558400000000000000e+04
5.865500000000000000e+04
4.498100000000000000e+04
2.788000000000000000e+04
5.851000000000000000e+04
3.645000000000000000e+04
3.590400000000000000e+04
9.097660000000000000e+05
2.837660000000000000e+05
4.695700000000000000e+04
1.596770000000000000e+05
1.223900000000000000e+04
7.568800000000000000e+04
4.554000000000000000e+04
4.128400000000000000e+04
4.120200000000000000e+04
9.156500000000000000e+04
5.454500000000000000e+04
5.715400000000000000e+04
8.306770000000000000e+05
2.255750000000000000e+05
3.029700000000000000e+04
1.410190000000000000e+05
2.243100000000000000e+04
2.488200000000000000e+04
1.680000000000000000e+04
3.407900000000000000e+04
3.897300000000000000e+04
3.078700000000000000e+04
3.899000000000000000e+04
6.882600000000000000e+04
7.494800000000000000e+05
2.421870000000000000e+05
1.153300000000000000e+04
1.056590000000000000e+05
2.418400000000000000e+04
2.848900000000000000e+04
4.282600000000000000e+04
3.145000000000000000e+04
2.140400000000000000e+04
4.033700000000000000e+04
3.960800000000000000e+04
3.625200000000000000e+04
1.037242000000000000e+06
2.417030000000000000e+05
2.292500000000000000e+04
1.309110000000000000e+05
2.603300000000000000e+04
4.092500000000000000e+04
3.364700000000000000e+04
3.136300000000000000e+04
3.997100000000000000e+04
2.492400000000000000e+04
3.438700000000000000e+04
3.703800000000000000e+04
7.655580000000000000e+05
2.679680000000000000e+05
3.480900000000000000e+04
1.054900000000000000e+05
3.000400000000000000e+04
3.112600000000000000e+04
2.513500000000000000e+04
5.857000000000000000e+03
3.785100000000000000e+04
8.101900000000000000e+04
2.858300000000000000e+04
3.139200000000000000e+04
8.179890000000000000e+05
2.251990000000000000e+05
8.883000000000000000e+03
1.054250000000000000e+05
3.407200000000000000e+04
1.582500000000000000e+04
1.847200000000000000e+04
5.703900000000000000e+04
7.337800000000000000e+04
6.546000000000000000e+04
6.483500000000000000e+04
6.493700000000000000e+04
9.482020000000000000e+05
2.833050000000000000e+05
3.917600000000000000e+04
1.955290000000000000e+05
3.770700000000000000e+04
3.148000000000000000e+03
4.105800000000000000e+04
3.758600000000000000e+04
4.494100000000000000e+04
