3.638458000000000000e+06
4.221092000000000000e+06
2.526693000000000000e+06
1.395390000000000000e+05
4.254900000000000000e+04
1.109100000000000000e+04
7.340000000000000000e+03
1.094900000000000000e+04
1.546700000000000000e+04
6.031000000000000000e+04
9.220000000000000000e+03
3.402760000000000000e+05
1.191600000000000000e+04
2.110200000000000000e+04
6.108730000000000000e+05
1.766470000000000000e+05
5.503700000000000000e+04
3.170400000000000000e+04
3.779900000000000000e+04
4.112700000000000000e+04
3.546100000000000000e+04
3.483100000000000000e+04
7.177200000000000000e+04
1.509620000000000000e+05
2.613100000000000000e+04
2.320900000000000000e+04
5.047760000000000000e+05
1.837410000000000000e+05
1.513400000000000000e+04
1.728300000000000000e+04
1.193700000000000000e+04
2.701000000000000000e+04
3.112900000000000000e+04
3.108500000000000000e+04
3.226500000000000000e+04
1.202290000000000000e+05
2.452500000000000000e+04
1.081110000000000000e+05
4.757850000000000000e+05
1.790290000000000000e+05
5.886000000000000000e+03
1.273300000000000000e+04
1.128700000000000000e+04
9.485000000000000000e+03
2.920200000000000000e+04
2.873500000000000000e+04
3.086700000000000000e+04
1.219910000000000000e+05
3.144200000000000000e+04
4.381200000000000000e+04
6.974820000000000000e+05
1.946680000000000000e+05
3.417500000000000000e+04
1.483100000000000000e+04
2.163000000000000000e+04
2.396500000000000000e+04
2.133500000000000000e+04
2.572200000000000000e+04
2.450200000000000000e+04
1.542140000000000000e+05
5.060200000000000000e+04
2.053600000000000000e+04
4.382710000000000000e+05
2.004150000000000000e+05
4.083200000000000000e+04
2.818100000000000000e+04
2.068800000000000000e+04
3.238100000000000000e+04
9.768600000000000000e+04
5.483300000000000000e+04
7.331100000000000000e+04
1.835440000000000000e+05
1.216470000000000000e+05
1.540100000000000000e+05
6.173110000000000000e+05
4.514480000000000000e+05
2.638830000000000000e+05
2.759120000000000000e+05
2.778110000000000000e+05
3.366700000000000000e+05
4.440460000000000000e+05
5.568700000000000000e+05
5.920000000000000000e+05
7.614410000000000000e+05
7.331490000000000000e+05
7.317740000000000000e+05
1.385708000000000000e+06
8.618430000000000000e+05
5.672900000000000000e+05
3.392210000000000000e+05
3.490400000000000000e+05
3.466390000000000000e+05
3.458650000000000000e+05
4.282910000000000000e+05
3.818410000000000000e+05
5.955010000000000000e+05
4.948000000000000000e+05
4.893290000000000000e+05
1.279345000000000000e+06
7.083930000000000000e+05
6.018630000000000000e+05
6.487000000000000000e+05
7.146900000000000000e+05
6.558090000000000000e+05
8.152760000000000000e+05
7.573470000000000000e+05
8.318510000000000000e+05
9.403780000000000000e+05
9.240010000000000000e+05
9.387100000000000000e+05
1.953723000000000000e+06
7.349450000000000000e+05
1.132863000000000000e+06
1.396344000000000000e+06
9.511270000000000000e+05
1.270725000000000000e+06
1.325836000000000000e+06
1.375244000000000000e+06
1.443656000000000000e+06
1.814410000000000000e+06
1.776121000000000000e+06
1.823452000000000000e+06
2.888735000000000000e+06
2.185557000000000000e+06
2.263436000000000000e+06
2.406519000000000000e+06
2.484730000000000000e+06
2.530901000000000000e+06
2.446498000000000000e+06
2.418386000000000000e+06
2.213933000000000000e+06
2.125083000000000000e+06
1.874305000000000000e+06
1.705833000000000000e+06
3.064078000000000000e+06
1.682801000000000000e+06
1.692501000000000000e+06
1.629643000000000000e+06
1.446833000000000000e+06
1.415397000000000000e+06
1.348197000000000000e+06
1.412911000000000000e+06
1.329570000000000000e+06
1.600485000000000000e+06
1.403507000000000000e+06
1.316487000000000000e+06
2.372332000000000000e+06
1.212529000000000000e+06
2.325990000000000000e+05
