4.520900000000000000e+04
3.594000000000000000e+04
4.231000000000000000e+04
4.105000000000000000e+04
5.111700000000000000e+04
5.946600000000000000e+04
5.055400000000000000e+04
6.477100000000000000e+04
1.707805000000000000e+06
1.849920000000000000e+05
4.342900000000000000e+04
2.225660000000000000e+05
3.022000000000000000e+04
2.728700000000000000e+04
4.726700000000000000e+04
2.187000000000000000e+04
4.934000000000000000e+04
5.717400000000000000e+04
7.444900000000000000e+04
6.338700000000000000e+04
1.604788000000000000e+06
1.746070000000000000e+05
2.551800000000000000e+04
2.018700000000000000e+05
2.801100000000000000e+04
4.348400000000000000e+04
3.479600000000000000e+04
3.444500000000000000e+04
3.796700000000000000e+04
5.782900000000000000e+04
6.316800000000000000e+04
4.131500000000000000e+04
1.621082000000000000e+06
1.477820000000000000e+05
3.923100000000000000e+04
2.101300000000000000e+05
4.425700000000000000e+04
4.231100000000000000e+04
4.838500000000000000e+04
5.559300000000000000e+04
4.449600000000000000e+04
5.743000000000000000e+04
6.902400000000000000e+04
7.318000000000000000e+04
1.624427000000000000e+06
1.547180000000000000e+05
3.955300000000000000e+04
2.221730000000000000e+05
3.355300000000000000e+04
4.555600000000000000e+04
3.167100000000000000e+04
4.726100000000000000e+04
2.177700000000000000e+04
5.828700000000000000e+04
7.762100000000000000e+04
8.416600000000000000e+04
1.594030000000000000e+06
1.456790000000000000e+05
3.966000000000000000e+04
2.276630000000000000e+05
4.521100000000000000e+04
4.841300000000000000e+04
4.671700000000000000e+04
4.752500000000000000e+04
5.515300000000000000e+04
8.705500000000000000e+04
7.573100000000000000e+04
5.781300000000000000e+04
1.790131000000000000e+06
1.775500000000000000e+05
4.395300000000000000e+04
2.211980000000000000e+05
4.074000000000000000e+04
4.924900000000000000e+04
5.378000000000000000e+04
4.870300000000000000e+04
5.017700000000000000e+04
3.062500000000000000e+04
5.491400000000000000e+04
7.529400000000000000e+04
1.633516000000000000e+06
1.462820000000000000e+05
3.690400000000000000e+04
2.116690000000000000e+05
3.090000000000000000e+04
4.568700000000000000e+04
2.154600000000000000e+04
3.350500000000000000e+04
5.438600000000000000e+04
4.401300000000000000e+04
7.863500000000000000e+04
1.435510000000000000e+05
1.727860000000000000e+06
1.815380000000000000e+05
4.742200000000000000e+04
2.733210000000000000e+05
8.890900000000000000e+04
3.623300000000000000e+04
4.622200000000000000e+04
5.730900000000000000e+04
6.253300000000000000e+04
9.543600000000000000e+04
4.730400000000000000e+04
8.581600000000000000e+04
1.753403000000000000e+06
1.738210000000000000e+05
4.405500000000000000e+04
2.352150000000000000e+05
5.509800000000000000e+04
6.475500000000000000e+04
6.728000000000000000e+04
4.601600000000000000e+04
4.967900000000000000e+04
6.935500000000000000e+04
5.405000000000000000e+04
1.002340000000000000e+05
1.623350000000000000e+06
1.684670000000000000e+05
5.177700000000000000e+04
2.393350000000000000e+05
3.647600000000000000e+04
4.330800000000000000e+04
5.524400000000000000e+04
4.779400000000000000e+04
4.602600000000000000e+04
5.555000000000000000e+04
5.917600000000000000e+04
7.275800000000000000e+04
1.807156000000000000e+06
1.651320000000000000e+05
4.119500000000000000e+04
2.324210000000000000e+05
3.302400000000000000e+04
9.454500000000000000e+04
8.274700000000000000e+04
4.621000000000000000e+04
3.255300000000000000e+04
5.997300000000000000e+04
1.334980000000000000e+05
9.493000000000000000e+04
1.689013000000000000e+06
1.632600000000000000e+05
4.640500000000000000e+04
2.446200000000000000e+05
5.776500000000000000e+04
4.577500000000000000e+04
7.259200000000000000e+04
4.105000000000000000e+04
3.147100000000000000e+04
