6.829200000000000000e+04
6.065800000000000000e+04
1.800891000000000000e+06
1.492630000000000000e+05
5.120600000000000000e+04
5.771500000000000000e+04
7.688900000000000000e+04
4.316900000000000000e+04
6.573400000000000000e+04
8.326400000000000000e+04
9.077900000000000000e+04
2.759440000000000000e+05
7.804100000000000000e+04
8.837300000000000000e+04
1.671652000000000000e+06
1.356330000000000000e+05
4.271600000000000000e+04
4.573500000000000000e+04
2.211900000000000000e+04
5.595600000000000000e+04
3.437400000000000000e+04
6.444000000000000000e+04
6.558700000000000000e+04
2.178010000000000000e+05
6.396700000000000000e+04
7.238700000000000000e+04
1.597577000000000000e+06
1.051430000000000000e+05
3.452700000000000000e+04
2.648800000000000000e+04
3.027100000000000000e+04
3.953300000000000000e+04
3.012400000000000000e+04
5.442000000000000000e+04
4.769600000000000000e+04
2.259520000000000000e+05
8.533300000000000000e+04
9.903800000000000000e+04
1.586545000000000000e+06
1.538950000000000000e+05
4.070100000000000000e+04
2.893900000000000000e+04
4.095300000000000000e+04
3.875900000000000000e+04
6.769400000000000000e+04
2.991200000000000000e+04
4.376200000000000000e+04
2.430010000000000000e+05
8.761600000000000000e+04
9.257200000000000000e+04
1.695952000000000000e+06
1.493740000000000000e+05
2.099800000000000000e+04
4.262700000000000000e+04
3.735900000000000000e+04
3.010400000000000000e+04
5.377700000000000000e+04
4.131300000000000000e+04
7.618600000000000000e+04
2.784990000000000000e+05
6.568200000000000000e+04
6.999300000000000000e+04
1.859243000000000000e+06
1.643290000000000000e+05
6.370200000000000000e+04
4.857400000000000000e+04
6.641300000000000000e+04
7.795000000000000000e+04
4.158600000000000000e+04
5.122300000000000000e+04
4.857800000000000000e+04
2.785970000000000000e+05
6.547000000000000000e+04
9.500400000000000000e+04
1.732585000000000000e+06
1.287540000000000000e+05
3.585300000000000000e+04
2.688300000000000000e+04
3.717100000000000000e+04
4.013700000000000000e+04
4.926600000000000000e+04
2.647100000000000000e+04
5.596800000000000000e+04
2.663940000000000000e+05
6.296500000000000000e+04
9.787300000000000000e+04
1.620521000000000000e+06
1.597090000000000000e+05
5.111700000000000000e+04
3.171900000000000000e+04
4.105100000000000000e+04
4.149600000000000000e+04
5.391400000000000000e+04
5.015600000000000000e+04
4.950100000000000000e+04
2.324620000000000000e+05
1.153240000000000000e+05
9.495600000000000000e+04
1.565706000000000000e+06
1.590880000000000000e+05
4.137600000000000000e+04
3.027700000000000000e+04
3.319300000000000000e+04
3.530300000000000000e+04
7.778700000000000000e+04
7.426100000000000000e+04
8.176100000000000000e+04
2.749910000000000000e+05
6.979000000000000000e+04
8.833900000000000000e+04
1.676340000000000000e+06
9.211300000000000000e+04
4.816900000000000000e+04
4.233000000000000000e+04
3.397200000000000000e+04
4.699600000000000000e+04
5.445600000000000000e+04
6.576800000000000000e+04
7.286600000000000000e+04
2.766720000000000000e+05
5.928100000000000000e+04
1.021240000000000000e+05
1.897053000000000000e+06
1.418770000000000000e+05
6.948300000000000000e+04
3.326800000000000000e+04
7.386700000000000000e+04
3.089100000000000000e+04
6.691600000000000000e+04
5.249100000000000000e+04
6.007200000000000000e+04
2.788920000000000000e+05
1.014850000000000000e+05
1.156060000000000000e+05
1.685999000000000000e+06
1.536250000000000000e+05
2.253400000000000000e+04
4.234900000000000000e+04
3.109000000000000000e+04
4.114800000000000000e+04
5.176800000000000000e+04
4.760500000000000000e+04
7.500800000000000000e+04
2.482320000000000000e+05
6.770100000000000000e+04
6.903200000000000000e+04
1.618568000000000000e+06
1.724020000000000000e+05
4.221000000000000000e+04
