4.149500000000000000e+04
2.208300000000000000e+04
3.951600000000000000e+04
3.026200000000000000e+04
6.787200000000000000e+04
6.914800000000000000e+04
4.513600000000000000e+04
8.721500000000000000e+04
1.630784000000000000e+06
1.565360000000000000e+05
2.779000000000000000e+04
2.344070000000000000e+05
4.206900000000000000e+04
4.193200000000000000e+04
4.928800000000000000e+04
5.253000000000000000e+04
5.921100000000000000e+04
7.994800000000000000e+04
7.647600000000000000e+04
1.372320000000000000e+05
1.731853000000000000e+06
1.790210000000000000e+05
3.933700000000000000e+04
2.464070000000000000e+05
2.166180000000000000e+05
6.075019000000000000e+06
6.032956000000000000e+06
3.862331000000000000e+06
1.987236000000000000e+06
1.750170000000000000e+05
1.918940000000000000e+05
1.411150000000000000e+05
3.112793000000000000e+06
2.099410000000000000e+05
4.146900000000000000e+04
3.938230000000000000e+05
1.438750000000000000e+05
1.538280000000000000e+05
1.712830000000000000e+05
2.147460000000000000e+05
2.610220000000000000e+05
2.836200000000000000e+05
3.312180000000000000e+05
1.105442000000000000e+06
4.301389000000000000e+06
2.761964000000000000e+06
3.684096000000000000e+06
2.135283000000000000e+06
2.831830000000000000e+05
4.514967000000000000e+06
7.788128000000000000e+06
9.850126000000000000e+06
8.420921000000000000e+06
6.897424000000000000e+06
2.553261000000000000e+06
4.729661000000000000e+06
1.192870000000000000e+06
1.064190000000000000e+05
9.339900000000000000e+04
2.707380000000000000e+05
4.695700000000000000e+04
4.960600000000000000e+04
4.939500000000000000e+04
5.337100000000000000e+04
6.063800000000000000e+04
4.251300000000000000e+04
4.329000000000000000e+04
5.307000000000000000e+04
5.001600000000000000e+05
1.346770000000000000e+05
5.296600000000000000e+04
1.574770000000000000e+05
4.125500000000000000e+04
6.559500000000000000e+04
4.752500000000000000e+04
6.407600000000000000e+04
4.912400000000000000e+04
6.747700000000000000e+04
4.378000000000000000e+04
3.468800000000000000e+04
4.987320000000000000e+05
1.314090000000000000e+05
5.271400000000000000e+04
1.363990000000000000e+05
5.259100000000000000e+04
7.845900000000000000e+04
3.313400000000000000e+04
4.404000000000000000e+04
3.871400000000000000e+04
5.215300000000000000e+04
6.620600000000000000e+04
5.288200000000000000e+04
6.698800000000000000e+05
1.174030000000000000e+05
3.933100000000000000e+04
1.560280000000000000e+05
3.606600000000000000e+04
6.064900000000000000e+04
2.014720000000000000e+05
1.723160000000000000e+05
5.249500000000000000e+04
8.610500000000000000e+04
1.085340000000000000e+05
9.998200000000000000e+04
5.765100000000000000e+05
1.297480000000000000e+05
6.313000000000000000e+04
2.277790000000000000e+05
1.589500000000000000e+05
4.138300000000000000e+04
4.433400000000000000e+04
8.477200000000000000e+04
6.747800000000000000e+04
8.422900000000000000e+04
1.035260000000000000e+05
7.485700000000000000e+04
6.078170000000000000e+05
1.290470000000000000e+05
1.753560000000000000e+05
2.125780000000000000e+05
5.402800000000000000e+04
4.730600000000000000e+04
1.453900000000000000e+05
1.290210000000000000e+05
6.706300000000000000e+04
6.457000000000000000e+04
1.078490000000000000e+05
2.034230000000000000e+05
6.206100000000000000e+05
1.175020000000000000e+05
1.156680000000000000e+05
2.563500000000000000e+05
1.353340000000000000e+05
4.841900000000000000e+04
1.133950000000000000e+05
1.781810000000000000e+05
1.586430000000000000e+05
7.575600000000000000e+04
5.591600000000000000e+04
4.886100000000000000e+04
5.516850000000000000e+05
1.555560000000000000e+05
7.962700000000000000e+04
1.476690000000000000e+05
3.793500000000000000e+04
1.013580000000000000e+05
8.248400000000000000e+04
3.707500000000000000e+04
8.502400000000000000e+04
