1.146900000000000000e+05
6.675800000000000000e+04
7.215440000000000000e+05
1.229470000000000000e+05
1.169718000000000000e+06
3.777696000000000000e+06
3.932081000000000000e+06
2.501257000000000000e+06
3.657440000000000000e+05
1.010140000000000000e+05
7.516700000000000000e+04
2.117930000000000000e+05
8.226100000000000000e+04
8.708300000000000000e+04
9.489120000000000000e+05
1.103155000000000000e+06
3.987379000000000000e+06
4.970358000000000000e+06
2.581373000000000000e+06
3.533739000000000000e+06
2.603145000000000000e+06
1.531160000000000000e+05
9.332300000000000000e+04
9.029779000000000000e+06
8.054312000000000000e+06
1.685679000000000000e+06
2.622033000000000000e+06
3.152580000000000000e+06
1.793614000000000000e+06
2.143080000000000000e+06
1.527871000000000000e+06
9.805570000000000000e+05
1.415347000000000000e+06
1.473268000000000000e+06
2.019513000000000000e+06
1.108282000000000000e+06
2.723894000000000000e+06
3.141843000000000000e+06
6.196671000000000000e+06
2.881460000000000000e+05
5.488500000000000000e+04
5.304900000000000000e+04
7.366500000000000000e+04
7.734600000000000000e+04
7.278500000000000000e+04
1.592850000000000000e+05
5.764400000000000000e+04
4.561880000000000000e+05
9.341200000000000000e+04
9.928900000000000000e+04
3.575897000000000000e+06
1.371487000000000000e+06
2.929800000000000000e+05
7.214400000000000000e+04
1.206430000000000000e+05
8.879400000000000000e+04
1.181530000000000000e+05
1.021780000000000000e+05
1.081710000000000000e+05
4.999290000000000000e+05
1.968820000000000000e+05
3.592600000000000000e+04
1.213595200000000000e+07
4.130725000000000000e+06
1.316950000000000000e+05
8.964900000000000000e+04
8.968400000000000000e+04
9.141700000000000000e+04
1.417410000000000000e+05
1.541280000000000000e+05
1.365130000000000000e+05
7.040910000000000000e+05
1.115461000000000000e+06
4.337070000000000000e+05
1.819027000000000000e+06
1.715600000000000000e+05
2.245450000000000000e+06
3.328144000000000000e+06
1.566571000000000000e+06
3.749473000000000000e+06
8.259478000000000000e+06
1.104012800000000000e+07
6.024373000000000000e+06
3.660339000000000000e+06
3.652667000000000000e+06
4.910590000000000000e+06
7.572524000000000000e+06
3.615469000000000000e+06
3.904615000000000000e+06
2.384756000000000000e+06
1.809387000000000000e+06
2.550320000000000000e+05
1.676610000000000000e+05
1.298110000000000000e+05
2.448430000000000000e+05
3.478618000000000000e+06
2.760210000000000000e+06
2.347570000000000000e+05
2.336583000000000000e+06
2.530880000000000000e+05
6.271600000000000000e+04
1.783251000000000000e+06
2.336268000000000000e+06
1.275440000000000000e+05
1.304960000000000000e+05
1.909240000000000000e+05
1.459400000000000000e+05
3.507370000000000000e+05
1.471660000000000000e+05
1.477380000000000000e+05
2.230110000000000000e+06
2.148360000000000000e+05
8.048300000000000000e+04
8.774900000000000000e+04
8.355100000000000000e+04
8.559000000000000000e+04
1.684590000000000000e+05
1.499680000000000000e+05
1.020870000000000000e+05
3.850590000000000000e+05
1.852080000000000000e+05
1.462070000000000000e+05
1.775072000000000000e+06
1.721760000000000000e+05
6.772600000000000000e+04
9.977300000000000000e+04
1.157860000000000000e+05
1.491420000000000000e+05
9.757400000000000000e+04
9.354100000000000000e+04
1.166910000000000000e+05
3.366740000000000000e+05
1.161330000000000000e+05
1.378100000000000000e+05
1.577123000000000000e+06
2.041560000000000000e+05
1.547600000000000000e+04
5.077700000000000000e+04
8.115900000000000000e+04
9.181600000000000000e+04
1.292670000000000000e+05
1.349850000000000000e+05
2.247990000000000000e+05
1.447608000000000000e+06
9.047910000000000000e+05
1.432650000000000000e+05
1.984870000000000000e+06
2.046720000000000000e+05
4.432500000000000000e+04
