9.121100000000000000e+04
6.177100000000000000e+04
1.075750000000000000e+05
6.270800000000000000e+04
9.673200000000000000e+04
1.044310000000000000e+05
1.034350000000000000e+05
9.280300000000000000e+04
1.694162000000000000e+06
2.042320000000000000e+05
4.527600000000000000e+04
2.790890000000000000e+05
8.906000000000000000e+04
8.003600000000000000e+04
1.149100000000000000e+05
8.773000000000000000e+04
1.011240000000000000e+05
8.595600000000000000e+04
7.932500000000000000e+04
1.423840000000000000e+05
1.522102000000000000e+06
1.679040000000000000e+05
4.843000000000000000e+04
2.434250000000000000e+05
7.685700000000000000e+04
6.815900000000000000e+04
1.089050000000000000e+05
8.554600000000000000e+04
1.120360000000000000e+05
1.001600000000000000e+05
9.863800000000000000e+04
1.080170000000000000e+05
1.467687000000000000e+06
1.623450000000000000e+05
3.779700000000000000e+04
2.165230000000000000e+05
8.891700000000000000e+04
7.689400000000000000e+04
9.066200000000000000e+04
9.071700000000000000e+04
6.780900000000000000e+04
1.514690000000000000e+05
1.708840000000000000e+05
9.846000000000000000e+04
1.490010000000000000e+06
1.554290000000000000e+05
5.222200000000000000e+04
2.218360000000000000e+05
9.634900000000000000e+04
7.393800000000000000e+04
1.077370000000000000e+05
1.267930000000000000e+05
8.480600000000000000e+04
1.585220000000000000e+05
1.068710000000000000e+05
1.348480000000000000e+05
1.543347000000000000e+06
1.814500000000000000e+05
5.100000000000000000e+04
2.457040000000000000e+05
1.658490000000000000e+05
1.340840000000000000e+05
1.159080000000000000e+05
8.688200000000000000e+04
2.219890000000000000e+05
1.510990000000000000e+05
9.767400000000000000e+04
1.595000000000000000e+05
1.721554000000000000e+06
2.462810000000000000e+05
6.560700000000000000e+04
3.133160000000000000e+05
1.180070000000000000e+05
1.320810000000000000e+05
1.409460000000000000e+05
8.525900000000000000e+04
1.694150000000000000e+05
1.168360000000000000e+05
1.241030000000000000e+05
1.252150000000000000e+05
1.535727000000000000e+06
1.985840000000000000e+05
8.270400000000000000e+04
2.758330000000000000e+05
9.779400000000000000e+04
1.001620000000000000e+05
1.136860000000000000e+05
1.474390000000000000e+05
1.206980000000000000e+05
1.069290000000000000e+05
1.506530000000000000e+05
1.360030000000000000e+05
1.556841000000000000e+06
1.879450000000000000e+05
7.300800000000000000e+04
2.587500000000000000e+05
8.971300000000000000e+04
1.093830000000000000e+05
1.212980000000000000e+05
1.284380000000000000e+05
8.948900000000000000e+04
1.029140000000000000e+05
1.697410000000000000e+05
1.139720000000000000e+05
1.514553000000000000e+06
1.678160000000000000e+05
6.754200000000000000e+04
2.645820000000000000e+05
9.529400000000000000e+04
8.972900000000000000e+04
1.293050000000000000e+05
1.347630000000000000e+05
7.927200000000000000e+04
1.384060000000000000e+05
1.272670000000000000e+05
1.338860000000000000e+05
1.476807000000000000e+06
1.902210000000000000e+05
6.782800000000000000e+04
2.371060000000000000e+05
8.021900000000000000e+04
9.407400000000000000e+04
1.324000000000000000e+05
9.477100000000000000e+04
8.074600000000000000e+04
1.140130000000000000e+05
1.379750000000000000e+05
1.106330000000000000e+05
1.624085000000000000e+06
1.764790000000000000e+05
4.899800000000000000e+04
2.980850000000000000e+05
8.856700000000000000e+04
6.264300000000000000e+04
1.097280000000000000e+05
1.150270000000000000e+05
1.295340000000000000e+05
1.272120000000000000e+05
1.374090000000000000e+05
1.722070000000000000e+05
1.359209000000000000e+06
2.418400000000000000e+05
6.616500000000000000e+04
2.841360000000000000e+05
9.679200000000000000e+04
8.553000000000000000e+04
1.200310000000000000e+05
1.544780000000000000e+05
1.095580000000000000e+05
