6.276693000000000000e+06
6.489913000000000000e+06
4.627279000000000000e+06
4.260096000000000000e+06
1.322944000000000000e+06
2.027030000000000000e+05
1.518355000000000000e+06
5.929120000000000000e+06
8.109254000000000000e+06
6.736075000000000000e+06
2.079094000000000000e+06
4.949278000000000000e+06
5.192894000000000000e+06
2.737760000000000000e+06
4.717789000000000000e+06
3.415585000000000000e+06
6.142605000000000000e+06
1.890610000000000000e+05
1.370960000000000000e+05
6.245300000000000000e+04
4.150670000000000000e+06
4.467553000000000000e+06
2.149441000000000000e+06
1.023155000000000000e+06
6.699200000000000000e+04
2.206100000000000000e+04
5.857000000000000000e+03
1.338100000000000000e+04
9.166000000000000000e+03
9.287000000000000000e+03
5.008800000000000000e+04
1.240300000000000000e+04
3.757153000000000000e+06
4.520840000000000000e+05
2.686700000000000000e+04
7.040140000000000000e+05
5.107100000000000000e+04
9.374000000000000000e+03
8.781000000000000000e+03
1.650000000000000000e+04
1.190700000000000000e+04
1.237300000000000000e+04
1.122000000000000000e+04
1.843600000000000000e+04
1.533810000000000000e+06
4.230880000000000000e+05
2.067500000000000000e+04
3.625520000000000000e+05
3.276400000000000000e+04
3.121600000000000000e+04
1.734900000000000000e+04
3.479200000000000000e+04
2.458000000000000000e+04
2.648100000000000000e+04
4.326700000000000000e+04
4.887000000000000000e+03
1.709971000000000000e+06
4.074510000000000000e+05
1.638000000000000000e+04
3.878780000000000000e+05
2.611000000000000000e+04
1.781100000000000000e+04
1.318700000000000000e+04
2.973000000000000000e+03
3.151700000000000000e+04
2.619200000000000000e+04
3.077800000000000000e+04
2.575400000000000000e+04
1.425211000000000000e+06
4.134310000000000000e+05
1.757200000000000000e+04
3.708540000000000000e+05
1.951500000000000000e+04
4.631000000000000000e+03
1.009800000000000000e+04
4.930000000000000000e+04
1.617900000000000000e+04
1.468300000000000000e+04
1.044600000000000000e+04
2.576900000000000000e+04
1.453158000000000000e+06
3.972390000000000000e+05
7.177000000000000000e+03
3.604960000000000000e+05
9.873000000000000000e+03
7.613000000000000000e+03
1.014700000000000000e+04
7.113000000000000000e+03
1.475900000000000000e+04
1.621820000000000000e+05
1.581510000000000000e+05
8.010000000000000000e+02
2.554588100000000000e+07
2.756340000000000000e+05
1.125100000000000000e+04
3.387270000000000000e+05
2.834400000000000000e+04
3.276300000000000000e+04
5.787100000000000000e+04
7.495400000000000000e+04
5.083500000000000000e+04
4.240400000000000000e+04
4.494500000000000000e+04
5.864300000000000000e+04
8.748860000000000000e+05
3.238770000000000000e+05
5.153100000000000000e+04
2.569290000000000000e+05
2.740700000000000000e+04
1.410200000000000000e+04
7.713000000000000000e+03
1.719200000000000000e+04
2.039600000000000000e+04
2.422900000000000000e+04
7.079400000000000000e+04
2.817200000000000000e+04
1.157463000000000000e+06
3.004980000000000000e+05
3.532173000000000000e+06
4.692021000000000000e+06
5.305395000000000000e+06
4.765465000000000000e+06
3.413337000000000000e+06
3.025247000000000000e+06
2.211950000000000000e+05
1.354840000000000000e+05
2.246899000000000000e+06
2.165118000000000000e+06
4.681590000000000000e+06
5.898497000000000000e+06
6.725661000000000000e+06
5.738965000000000000e+06
1.898755000000000000e+06
3.220230000000000000e+05
6.254133000000000000e+06
9.418987000000000000e+06
1.157851200000000000e+07
1.508530000000000000e+06
1.605647000000000000e+06
1.536194000000000000e+06
6.036743000000000000e+06
7.024966000000000000e+06
8.649559000000000000e+06
7.285272000000000000e+06
4.259660000000000000e+05
1.342790000000000000e+05
6.500100000000000000e+04
2.693800000000000000e+04
1.727164000000000000e+06
