6.527735000000000000e+06
6.831679000000000000e+06
5.997127000000000000e+06
3.922446000000000000e+06
4.488878000000000000e+06
3.186117000000000000e+06
9.977140000000000000e+05
8.565650000000000000e+05
3.093741000000000000e+06
2.485139000000000000e+06
1.486179000000000000e+06
5.470291000000000000e+06
4.955617000000000000e+06
2.825620000000000000e+06
2.653525000000000000e+06
6.082974000000000000e+06
4.226626000000000000e+06
6.165008000000000000e+06
3.829773000000000000e+06
5.725784000000000000e+06
5.790900000000000000e+05
1.873570000000000000e+05
7.378000000000000000e+04
3.728690000000000000e+05
6.395200000000000000e+04
5.647400000000000000e+04
3.178609000000000000e+06
2.915570000000000000e+05
8.847510000000000000e+05
4.068033000000000000e+06
2.042872000000000000e+06
1.060761000000000000e+06
3.268365000000000000e+06
1.570579000000000000e+06
6.650920000000000000e+05
5.760390000000000000e+05
5.807400000000000000e+04
2.500900000000000000e+04
2.904749000000000000e+06
2.572430000000000000e+05
8.728000000000000000e+03
9.981000000000000000e+03
1.503800000000000000e+04
2.936700000000000000e+04
3.285100000000000000e+04
4.263600000000000000e+04
3.102400000000000000e+04
4.183070000000000000e+05
4.756400000000000000e+04
4.428000000000000000e+04
1.216012000000000000e+06
2.658160000000000000e+05
2.389800000000000000e+04
3.489000000000000000e+03
6.772700000000000000e+04
2.607000000000000000e+04
2.712800000000000000e+04
1.020600000000000000e+04
4.441600000000000000e+04
2.731240000000000000e+05
7.510800000000000000e+04
1.467200000000000000e+04
1.426691000000000000e+06
1.984360000000000000e+05
3.848400000000000000e+04
8.759000000000000000e+03
5.576300000000000000e+04
4.443000000000000000e+03
9.135000000000000000e+03
5.916000000000000000e+04
2.635600000000000000e+04
3.196980000000000000e+05
4.017100000000000000e+04
1.726900000000000000e+04
1.064798000000000000e+06
2.516950000000000000e+05
2.420000000000000000e+03
1.796200000000000000e+04
1.345600000000000000e+04
4.094100000000000000e+04
4.659600000000000000e+04
2.976500000000000000e+04
1.701300000000000000e+04
2.522470000000000000e+05
4.192900000000000000e+04
2.994800000000000000e+04
1.190281000000000000e+06
2.657420000000000000e+05
9.633000000000000000e+03
1.583500000000000000e+04
4.768500000000000000e+04
9.582000000000000000e+03
2.743300000000000000e+04
5.732200000000000000e+04
2.715700000000000000e+04
2.659550000000000000e+05
5.766000000000000000e+04
1.817800000000000000e+04
1.184335000000000000e+06
2.409630000000000000e+05
4.131000000000000000e+03
9.594000000000000000e+03
3.471200000000000000e+04
2.776500000000000000e+04
1.353300000000000000e+04
6.529900000000000000e+04
3.932600000000000000e+04
2.515990000000000000e+05
2.088400000000000000e+04
5.183400000000000000e+04
1.179479000000000000e+06
3.174050000000000000e+05
2.952900000000000000e+04
3.620900000000000000e+04
3.230800000000000000e+04
2.635400000000000000e+04
3.273900000000000000e+04
3.374700000000000000e+04
4.991000000000000000e+04
2.744830000000000000e+05
7.170300000000000000e+04
2.206700000000000000e+04
1.403250000000000000e+06
2.716990000000000000e+05
3.968800000000000000e+04
5.927400000000000000e+04
4.597700000000000000e+04
8.900000000000000000e+03
6.480800000000000000e+04
4.507000000000000000e+04
3.052400000000000000e+04
2.840680000000000000e+05
3.619100000000000000e+04
2.116000000000000000e+04
1.145433000000000000e+06
2.430660000000000000e+05
8.415000000000000000e+03
8.853000000000000000e+03
1.321000000000000000e+04
1.433700000000000000e+04
2.840200000000000000e+04
8.851800000000000000e+04
2.564600000000000000e+04
2.473110000000000000e+05
4.038300000000000000e+04
2.437100000000000000e+04
1.183955000000000000e+06
2.441600000000000000e+05
2.348900000000000000e+04
