8.144600000000000000e+04
6.446700000000000000e+04
1.324336000000000000e+06
2.260350000000000000e+05
1.695700000000000000e+04
9.760000000000000000e+03
1.884500000000000000e+04
3.758000000000000000e+04
1.489300000000000000e+04
2.700600000000000000e+04
5.204000000000000000e+04
3.003650000000000000e+05
5.726800000000000000e+04
3.463300000000000000e+04
1.056586000000000000e+06
2.327370000000000000e+05
8.693000000000000000e+03
7.838000000000000000e+03
3.489300000000000000e+04
2.876900000000000000e+04
4.644300000000000000e+04
7.183500000000000000e+04
5.382300000000000000e+04
2.320100000000000000e+05
3.503900000000000000e+04
3.661700000000000000e+04
1.126546000000000000e+06
2.840630000000000000e+05
5.185000000000000000e+03
1.770500000000000000e+04
3.521800000000000000e+04
7.191700000000000000e+04
5.332200000000000000e+04
3.513600000000000000e+04
3.765800000000000000e+04
2.801330000000000000e+05
2.316200000000000000e+04
4.075200000000000000e+04
1.167510000000000000e+06
2.346370000000000000e+05
1.097000000000000000e+04
1.141400000000000000e+04
2.317400000000000000e+04
3.528000000000000000e+04
4.802900000000000000e+04
4.396800000000000000e+04
4.343500000000000000e+04
2.568600000000000000e+05
1.734800000000000000e+04
6.243100000000000000e+04
1.164963000000000000e+06
2.472810000000000000e+05
2.216700000000000000e+04
2.258600000000000000e+04
2.981900000000000000e+04
2.611400000000000000e+04
4.011800000000000000e+04
6.941000000000000000e+04
2.512700000000000000e+04
2.442950000000000000e+05
5.643600000000000000e+04
6.590300000000000000e+04
1.355362000000000000e+06
2.386940000000000000e+05
1.114100000000000000e+04
1.587100000000000000e+04
4.241800000000000000e+04
3.685000000000000000e+04
4.897900000000000000e+04
2.025700000000000000e+04
5.620300000000000000e+04
2.725770000000000000e+05
1.527100000000000000e+04
2.283600000000000000e+04
1.038926000000000000e+06
2.457500000000000000e+05
1.246600000000000000e+04
4.666000000000000000e+03
2.904000000000000000e+04
2.345500000000000000e+04
3.063500000000000000e+04
3.099500000000000000e+04
3.705100000000000000e+04
2.497160000000000000e+05
2.766700000000000000e+04
3.610000000000000000e+04
1.136215000000000000e+06
1.969990000000000000e+05
9.201000000000000000e+03
1.574400000000000000e+04
9.174000000000000000e+03
5.020500000000000000e+04
1.735500000000000000e+04
4.307900000000000000e+04
2.962800000000000000e+04
2.482720000000000000e+05
2.797400000000000000e+04
2.686000000000000000e+04
1.117739000000000000e+06
2.232450000000000000e+05
1.622700000000000000e+04
6.027000000000000000e+03
1.138600000000000000e+04
6.816800000000000000e+04
3.396500000000000000e+04
2.310900000000000000e+04
5.022200000000000000e+04
2.404140000000000000e+05
5.916400000000000000e+04
2.472300000000000000e+04
1.141296000000000000e+06
2.070800000000000000e+05
1.561800000000000000e+04
2.152100000000000000e+04
1.378600000000000000e+04
2.047800000000000000e+04
4.414200000000000000e+04
2.842800000000000000e+04
3.585000000000000000e+04
2.556490000000000000e+05
3.782500000000000000e+04
4.205000000000000000e+04
1.318811000000000000e+06
2.201400000000000000e+05
1.115900000000000000e+04
2.890000000000000000e+04
1.294600000000000000e+04
3.902500000000000000e+04
3.773100000000000000e+04
4.322900000000000000e+04
1.512400000000000000e+04
2.798000000000000000e+05
2.608400000000000000e+04
1.834200000000000000e+04
1.065987000000000000e+06
2.205690000000000000e+05
3.068400000000000000e+04
2.830400000000000000e+04
2.418600000000000000e+04
4.466200000000000000e+04
3.288000000000000000e+04
3.120800000000000000e+04
3.120600000000000000e+04
2.518450000000000000e+05
3.840800000000000000e+04
2.538200000000000000e+04
1.079701000000000000e+06
2.650130000000000000e+05
1.525800000000000000e+04
