7.580900000000000000e+04
1.190460000000000000e+05
1.076200000000000000e+04
2.822500000000000000e+04
2.696800000000000000e+04
2.794200000000000000e+04
2.940700000000000000e+04
2.891000000000000000e+04
1.336193000000000000e+06
2.190280000000000000e+05
7.453000000000000000e+03
2.981430000000000000e+05
2.582800000000000000e+04
2.028300000000000000e+04
2.437400000000000000e+04
4.155100000000000000e+04
7.331300000000000000e+04
1.764500000000000000e+04
3.065400000000000000e+04
1.559100000000000000e+04
1.082803000000000000e+06
2.266330000000000000e+05
3.447000000000000000e+03
2.288790000000000000e+05
1.887700000000000000e+04
1.952800000000000000e+04
4.598000000000000000e+04
2.577700000000000000e+04
3.280600000000000000e+04
1.690700000000000000e+04
3.439100000000000000e+04
7.086600000000000000e+04
1.096517000000000000e+06
2.235070000000000000e+05
1.766600000000000000e+04
2.423260000000000000e+05
1.902000000000000000e+04
2.707763000000000000e+06
3.634418000000000000e+06
3.649863000000000000e+06
3.996311000000000000e+06
4.344680000000000000e+05
2.780791000000000000e+06
8.381180000000000000e+05
2.853365000000000000e+06
2.527770000000000000e+05
4.038100000000000000e+04
4.909170000000000000e+05
3.067600000000000000e+04
5.483700000000000000e+04
7.848100000000000000e+04
6.956400000000000000e+04
4.324800000000000000e+04
2.935900000000000000e+04
3.822140000000000000e+05
3.720835000000000000e+06
2.750313000000000000e+06
1.187300000000000000e+06
8.917870000000000000e+05
3.994508000000000000e+06
4.546637000000000000e+06
1.331367000000000000e+06
1.478800000000000000e+05
8.082900000000000000e+04
2.974504000000000000e+06
3.727784000000000000e+06
4.090652000000000000e+06
1.347555000000000000e+06
2.722156000000000000e+06
3.679890000000000000e+05
5.252918000000000000e+06
3.423285000000000000e+06
1.454489000000000000e+06
5.454430000000000000e+05
1.831760000000000000e+05
4.408800000000000000e+04
1.729440000000000000e+05
1.929133000000000000e+06
1.349390000000000000e+06
6.550340000000000000e+05
1.617621000000000000e+06
2.229270000000000000e+05
2.196640000000000000e+05
4.540020000000000000e+05
2.635690000000000000e+05
4.159760000000000000e+05
1.930930000000000000e+06
1.020863000000000000e+06
4.436620000000000000e+05
3.071150000000000000e+05
4.072630000000000000e+05
5.504090000000000000e+05
1.968907000000000000e+06
9.793410000000000000e+05
8.319330000000000000e+05
1.240973000000000000e+06
1.295043000000000000e+06
1.218627000000000000e+06
1.270236000000000000e+06
1.268753000000000000e+06
9.734810000000000000e+05
2.055656000000000000e+06
1.611093000000000000e+06
1.791071000000000000e+06
1.999473000000000000e+06
1.300157000000000000e+06
7.746170000000000000e+05
8.091420000000000000e+05
8.560200000000000000e+05
7.477300000000000000e+05
8.107260000000000000e+05
9.668930000000000000e+05
6.665800000000000000e+05
8.261660000000000000e+05
7.947030000000000000e+05
7.605090000000000000e+05
1.826810000000000000e+06
1.085237000000000000e+06
8.916250000000000000e+05
2.069832000000000000e+06
1.095864000000000000e+06
9.192320000000000000e+05
7.619170000000000000e+05
9.947410000000000000e+05
9.249610000000000000e+05
6.924230000000000000e+05
8.209550000000000000e+05
9.538510000000000000e+05
1.940287000000000000e+06
1.136884000000000000e+06
8.913140000000000000e+05
1.225323000000000000e+06
8.807150000000000000e+05
1.013582000000000000e+06
1.017068000000000000e+06
8.582600000000000000e+05
1.009981000000000000e+06
9.480820000000000000e+05
9.941790000000000000e+05
8.194370000000000000e+05
1.828459000000000000e+06
1.136995000000000000e+06
1.006687000000000000e+06
1.177672000000000000e+06
1.077461000000000000e+06
7.209680000000000000e+05
7.201730000000000000e+05
1.393043000000000000e+06
9.745360000000000000e+05
