1.042823000000000000e+06
9.544520000000000000e+05
1.926196000000000000e+06
9.048320000000000000e+05
1.258676000000000000e+06
1.056280000000000000e+06
9.914530000000000000e+05
1.080163000000000000e+06
1.030457000000000000e+06
1.024493000000000000e+06
9.790640000000000000e+05
1.241786000000000000e+06
9.519240000000000000e+05
1.055192000000000000e+06
1.823325000000000000e+06
1.181522000000000000e+06
1.124699000000000000e+06
1.149214000000000000e+06
8.277080000000000000e+05
1.241220000000000000e+06
1.126361000000000000e+06
1.017032000000000000e+06
9.834670000000000000e+05
1.131169000000000000e+06
1.103891000000000000e+06
8.906560000000000000e+05
1.841064000000000000e+06
1.171433000000000000e+06
1.173199000000000000e+06
9.769720000000000000e+05
1.096055000000000000e+06
1.027330000000000000e+06
9.946040000000000000e+05
9.879880000000000000e+05
1.077534000000000000e+06
1.049478000000000000e+06
9.743310000000000000e+05
9.882100000000000000e+05
1.826329000000000000e+06
1.193140000000000000e+06
1.133922000000000000e+06
1.004287000000000000e+06
1.005595000000000000e+06
1.026160000000000000e+06
9.820670000000000000e+05
9.628420000000000000e+05
9.843820000000000000e+05
6.704920000000000000e+05
2.270430000000000000e+05
1.319390000000000000e+05
1.322287000000000000e+06
1.925120000000000000e+05
3.163000000000000000e+04
2.267900000000000000e+04
3.334400000000000000e+04
3.018460000000000000e+05
2.113535000000000000e+06
1.196363000000000000e+06
1.146757000000000000e+06
1.501819000000000000e+06
7.367150000000000000e+05
1.557500000000000000e+05
1.643863000000000000e+06
2.389200000000000000e+05
6.570200000000000000e+04
1.025170000000000000e+05
1.116410000000000000e+05
6.018500000000000000e+04
7.586300000000000000e+04
8.475800000000000000e+04
1.049390000000000000e+05
3.913480000000000000e+05
1.886910000000000000e+05
1.284590000000000000e+05
9.509640000000000000e+05
2.918950000000000000e+05
1.275620000000000000e+05
1.148960000000000000e+05
1.218720000000000000e+05
9.052000000000000000e+04
8.549400000000000000e+04
9.844400000000000000e+04
8.353500000000000000e+04
2.822420000000000000e+05
6.983900000000000000e+04
6.379400000000000000e+04
8.858580000000000000e+05
2.035840000000000000e+05
5.624500000000000000e+04
8.286900000000000000e+04
7.221000000000000000e+04
9.233400000000000000e+04
1.464600000000000000e+04
2.160300000000000000e+04
8.550700000000000000e+04
2.937150000000000000e+05
3.788100000000000000e+04
6.151500000000000000e+04
9.291750000000000000e+05
2.096820000000000000e+05
3.058900000000000000e+04
1.087520000000000000e+05
7.799600000000000000e+04
5.792800000000000000e+04
7.177500000000000000e+04
7.550900000000000000e+04
6.375200000000000000e+04
2.784870000000000000e+05
4.510400000000000000e+04
7.410100000000000000e+04
8.365430000000000000e+05
1.946950000000000000e+05
8.226200000000000000e+04
1.644540000000000000e+05
8.656100000000000000e+04
5.452200000000000000e+04
5.162800000000000000e+04
3.955700000000000000e+04
8.978800000000000000e+04
2.753440000000000000e+05
1.019180000000000000e+05
8.160000000000000000e+04
8.886150000000000000e+05
1.857270000000000000e+05
3.706100000000000000e+04
1.039090000000000000e+05
7.909000000000000000e+04
1.027320000000000000e+05
1.501680000000000000e+05
1.805810000000000000e+05
1.050190000000000000e+05
2.828310000000000000e+05
5.723400000000000000e+04
6.611300000000000000e+04
8.560340000000000000e+05
2.144210000000000000e+05
9.278400000000000000e+04
9.012500000000000000e+04
5.930400000000000000e+04
7.044600000000000000e+04
6.277900000000000000e+04
1.019800000000000000e+05
5.462100000000000000e+04
2.965340000000000000e+05
6.950800000000000000e+04
3.280600000000000000e+04
9.377490000000000000e+05
1.890070000000000000e+05
7.230300000000000000e+04
