1.076791805474936652e-03
2.073585581617290376e-04
2.915452937690578956e-04
2.706961161425324521e-04
1.538452356040072300e-02
3.743529806331712118e-02
7.929201839732474832e-03
1.620083114727824706e-03
4.463542561952759530e-03
2.528133035517063365e-03
8.188213620867047619e-04
8.237423539972629554e-04
3.062938832912315366e-03
3.530805289339856903e-03
3.015954478257367247e-03
6.037739345005579961e-03
3.387213726432955919e-03
2.675630770572999528e-03
5.658478963942755032e-04
6.618018458489657949e-04
1.340386007918792518e-04
2.391603933710630256e-04
2.357414790562221052e-04
1.576355728162389313e-04
2.064581630992240620e-04
3.855148140265016914e-04
1.812659356058860395e-04
2.531693500726401214e-04
1.936946393681221186e-04
2.865210074145777713e-04
1.359751232627297876e-04
2.710601910441910972e-04
8.460360319436002329e-05
2.064895062219528868e-04
2.574599519067881240e-04
2.090249337306638970e-04
3.130443858451583544e-02
9.329447843590561729e-02
7.051431046051233331e-02
4.044594278140943577e-02
1.624777553843803068e-01
2.257619844812925047e-01
1.694107782273065466e-01
1.808219442562181145e-01
2.685156322660900430e-02
3.066261812132231937e-04
2.415518016636777137e-05
4.490060972518661368e-05
3.195017860049293151e-03
6.005063997644956818e-03
3.527260799797213645e-03
8.723449707031250694e-03
2.572167065678810510e-02
3.899242115669510067e-02
1.362653875026573203e-01
3.011694149095184986e-02
1.263196776513339677e-02
5.522459380480708099e-03
4.366815090179443468e-04
6.567979669895301909e-02
1.568331556255314618e-01
1.871830297976124005e-02
8.087070620789820613e-03
5.094186951514004420e-03
6.253551058217781712e-04
7.445451353682953162e-05
7.998208407642078707e-05
6.722559531529744556e-05
7.135091083390371521e-05
1.140842632371552188e-04
1.437439500880079103e-04
1.490474558200965906e-04
1.956118612873310820e-04
2.071319388694503572e-04
1.828906081971668157e-04
1.574074532709965075e-04
1.868271908792508602e-04
1.711460603337709697e-04
2.488678815413494674e-04
2.091865150295958340e-04
1.127224998409245328e-04
4.140500714178799190e-04
5.640004605663066252e-03
8.034622815190529954e-02
4.158330904383237409e-02
6.331089045725711573e-02
1.125981441160448515e-01
1.172916749707695605e-01
1.005140758696056597e-01
1.221524582428186109e-02
1.078327334657007419e-03
6.860085312201051611e-02
1.763766126567814507e-01
4.734956391003666831e-02
1.611848065642272620e-01
4.303902087568425849e-02
6.357043130057198239e-03
1.427547169380447532e-02
2.290541460724914921e-02
4.500570491868622486e-02
1.179094119947783799e-02
4.780831628916215256e-03
1.456773037813147761e-03
6.787494331801018988e-04
1.440842135422894807e-03
7.850412608814888232e-04
1.022210899664431237e-03
1.715651661360344856e-03
1.623477092405565744e-03
1.226535459764960647e-03
7.884887610973954518e-04
6.789149881220188582e-04
4.766939448661544859e-04
7.824463909175120207e-04
5.781098287932726629e-04
2.248540216562699295e-04
2.749508538213716658e-04
3.513862486599254138e-04
3.663324985374398750e-04
3.193717221824490305e-04
2.804336904668483727e-04
1.877715190251668276e-04
2.445640207147922523e-04
1.223333433371822754e-04
1.672964517762060910e-04
1.990848455299325617e-04
1.858299281321415216e-04
1.539187265091201831e-04
2.453745019679166948e-04
1.910102610685387515e-04
2.238094401197368501e-04
1.191913473362825294e-04
2.870509819108612790e-04
1.522534862667524846e-04
2.331507651984286028e-04
2.347394722659571658e-04
1.943193528116965863e-04
2.138823676271503569e-04
1.254354204450334922e-04
1.666439025580477597e-04
1.692067400938799583e-04
1.459398237215418358e-04
1.944662965073877525e-04
1.031333491915748288e-04
1.941600218922102646e-04
7.861567800547800600e-05
8.269686784063066639e-05
1.729962371644519720e-04
1.211159691518666774e-04
1.452910352726371893e-04
