5.789520000000000000e+05
1.693780000000000000e+05
1.732900000000000000e+04
0.000000000000000000e+00
0.000000000000000000e+00
0.000000000000000000e+00
0.000000000000000000e+00
0.000000000000000000e+00
0.000000000000000000e+00
0.000000000000000000e+00
0.000000000000000000e+00
7.219910000000000000e+05
6.528090000000000000e+05
5.570140000000000000e+05
6.427500000000000000e+05
5.888160000000000000e+05
5.351660000000000000e+05
9.808000000000000000e+03
1.916000000000000000e+03
0.000000000000000000e+00
0.000000000000000000e+00
0.000000000000000000e+00
0.000000000000000000e+00
1.656980000000000000e+05
9.295180000000000000e+05
1.714380000000000000e+05
1.671200000000000000e+04
2.220000000000000000e+02
0.000000000000000000e+00
0.000000000000000000e+00
0.000000000000000000e+00
5.121000000000000000e+03
4.718000000000000000e+03
0.000000000000000000e+00
0.000000000000000000e+00
2.011330000000000000e+05
3.403570000000000000e+05
1.769020000000000000e+05
1.902200000000000000e+04
2.220000000000000000e+02
0.000000000000000000e+00
0.000000000000000000e+00
0.000000000000000000e+00
0.000000000000000000e+00
0.000000000000000000e+00
0.000000000000000000e+00
1.933000000000000000e+03
1.353000000000000000e+05
3.470490000000000000e+05
1.811640000000000000e+05
2.338200000000000000e+04
2.220000000000000000e+02
0.000000000000000000e+00
0.000000000000000000e+00
0.000000000000000000e+00
0.000000000000000000e+00
0.000000000000000000e+00
0.000000000000000000e+00
0.000000000000000000e+00
1.372400000000000000e+05
5.395960000000000000e+05
1.773740000000000000e+05
1.265000000000000000e+04
2.220000000000000000e+02
0.000000000000000000e+00
0.000000000000000000e+00
0.000000000000000000e+00
0.000000000000000000e+00
0.000000000000000000e+00
0.000000000000000000e+00
0.000000000000000000e+00
1.766650000000000000e+05
1.972590000000000000e+05
1.770560000000000000e+05
1.255700000000000000e+04
2.220000000000000000e+02
0.000000000000000000e+00
0.000000000000000000e+00
0.000000000000000000e+00
0.000000000000000000e+00
0.000000000000000000e+00
0.000000000000000000e+00
0.000000000000000000e+00
8.987000000000000000e+04
2.457310000000000000e+05
1.750840000000000000e+05
7.684000000000000000e+03
0.000000000000000000e+00
0.000000000000000000e+00
0.000000000000000000e+00
0.000000000000000000e+00
0.000000000000000000e+00
0.000000000000000000e+00
0.000000000000000000e+00
4.236600000000000000e+04
3.018910000000000000e+05
6.085800000000000000e+05
8.819140000000000000e+05
3.908500000000000000e+05
1.052800000000000000e+04
0.000000000000000000e+00
0.000000000000000000e+00
0.000000000000000000e+00
0.000000000000000000e+00
6.636000000000000000e+03
1.906000000000000000e+03
0.000000000000000000e+00
1.485270000000000000e+05
7.242010000000000000e+05
1.906200000000000000e+05
1.847200000000000000e+04
0.000000000000000000e+00
0.000000000000000000e+00
0.000000000000000000e+00
0.000000000000000000e+00
0.000000000000000000e+00
0.000000000000000000e+00
0.000000000000000000e+00
0.000000000000000000e+00
1.790930000000000000e+05
6.243500000000000000e+05
2.118520000000000000e+05
2.951100000000000000e+04
0.000000000000000000e+00
0.000000000000000000e+00
0.000000000000000000e+00
0.000000000000000000e+00
0.000000000000000000e+00
0.000000000000000000e+00
0.000000000000000000e+00
0.000000000000000000e+00
2.042620000000000000e+05
2.502350000000000000e+05
2.099730000000000000e+05
2.606200000000000000e+04
2.630000000000000000e+03
0.000000000000000000e+00
0.000000000000000000e+00
0.000000000000000000e+00
0.000000000000000000e+00
0.000000000000000000e+00
0.000000000000000000e+00
0.000000000000000000e+00
1.080410000000000000e+05
3.331110000000000000e+05
2.127310000000000000e+05
2.806300000000000000e+04
2.713000000000000000e+03
0.000000000000000000e+00
