3.776880000000000000e+05
2.731200000000000000e+04
9.070000000000000000e+02
0.000000000000000000e+00
0.000000000000000000e+00
0.000000000000000000e+00
8.766310000000000000e+05
1.950910000000000000e+05
1.372900000000000000e+04
2.160000000000000000e+02
0.000000000000000000e+00
5.010510000000000000e+05
2.442000000000000000e+03
0.000000000000000000e+00
0.000000000000000000e+00
0.000000000000000000e+00
0.000000000000000000e+00
0.000000000000000000e+00
2.076610000000000000e+05
1.908640000000000000e+05
1.309100000000000000e+04
0.000000000000000000e+00
0.000000000000000000e+00
9.590000000000000000e+04
2.442000000000000000e+03
0.000000000000000000e+00
0.000000000000000000e+00
0.000000000000000000e+00
0.000000000000000000e+00
0.000000000000000000e+00
2.406150000000000000e+05
1.896240000000000000e+05
1.309100000000000000e+04
0.000000000000000000e+00
0.000000000000000000e+00
9.999000000000000000e+04
2.442000000000000000e+03
0.000000000000000000e+00
0.000000000000000000e+00
0.000000000000000000e+00
0.000000000000000000e+00
0.000000000000000000e+00
2.170180000000000000e+05
1.892340000000000000e+05
1.309100000000000000e+04
0.000000000000000000e+00
0.000000000000000000e+00
9.502100000000000000e+04
2.442000000000000000e+03
0.000000000000000000e+00
0.000000000000000000e+00
0.000000000000000000e+00
0.000000000000000000e+00
0.000000000000000000e+00
2.090550000000000000e+05
1.892340000000000000e+05
1.311400000000000000e+04
0.000000000000000000e+00
0.000000000000000000e+00
1.013600000000000000e+05
2.442000000000000000e+03
0.000000000000000000e+00
0.000000000000000000e+00
0.000000000000000000e+00
0.000000000000000000e+00
0.000000000000000000e+00
8.829540000000000000e+05
2.215460000000000000e+05
1.868100000000000000e+04
0.000000000000000000e+00
0.000000000000000000e+00
2.668140000000000000e+05
4.160000000000000000e+02
0.000000000000000000e+00
0.000000000000000000e+00
0.000000000000000000e+00
0.000000000000000000e+00
9.356000000000000000e+04
2.451961000000000000e+06
9.114750000000000000e+05
1.984361000000000000e+06
2.217383000000000000e+06
2.338682000000000000e+06
2.912871000000000000e+06
2.871966000000000000e+06
3.079992000000000000e+06
3.322418000000000000e+06
3.627482000000000000e+06
3.788608000000000000e+06
3.981044000000000000e+06
6.896372000000000000e+06
4.658438000000000000e+06
4.440445000000000000e+06
4.727713000000000000e+06
4.969927000000000000e+06
5.439395000000000000e+06
5.182161000000000000e+06
5.398720000000000000e+06
5.546253000000000000e+06
5.798627000000000000e+06
5.791742000000000000e+06
6.154286000000000000e+06
9.009697000000000000e+06
6.882364000000000000e+06
6.747722000000000000e+06
6.831352000000000000e+06
6.918122000000000000e+06
7.267160000000000000e+06
6.960788000000000000e+06
7.299424000000000000e+06
7.172603000000000000e+06
7.506783000000000000e+06
7.405430000000000000e+06
7.565176000000000000e+06
1.021605500000000000e+07
8.326064000000000000e+06
8.120394000000000000e+06
8.201055000000000000e+06
8.141687000000000000e+06
8.452339000000000000e+06
8.335607000000000000e+06
8.538682000000000000e+06
8.299319000000000000e+06
8.490921000000000000e+06
8.545937000000000000e+06
8.673983000000000000e+06
1.147575300000000000e+07
9.578741000000000000e+06
9.272670000000000000e+06
9.219754000000000000e+06
8.958507000000000000e+06
9.430478000000000000e+06
9.552874000000000000e+06
9.470672000000000000e+06
9.775765000000000000e+06
9.541536000000000000e+06
9.792331000000000000e+06
9.672316000000000000e+06
1.222840000000000000e+07
1.038508200000000000e+07
1.007042800000000000e+07
9.740638000000000000e+06
9.910981000000000000e+06
1.002085700000000000e+07
9.733805000000000000e+06
9.753801000000000000e+06
9.650907000000000000e+06
9.615383000000000000e+06
9.642545000000000000e+06
