1.215917600000000000e+07
1.029986700000000000e+07
9.876390000000000000e+06
9.681843000000000000e+06
9.626796000000000000e+06
9.481603000000000000e+06
9.415410000000000000e+06
9.459976000000000000e+06
9.437615000000000000e+06
9.309503000000000000e+06
9.307527000000000000e+06
9.649957000000000000e+06
1.176727100000000000e+07
9.813122000000000000e+06
9.520789000000000000e+06
9.318592000000000000e+06
9.402362000000000000e+06
9.567277000000000000e+06
9.562822000000000000e+06
9.438716000000000000e+06
9.362819000000000000e+06
9.311426000000000000e+06
9.126841000000000000e+06
2.361877400000000000e+07
2.307170600000000000e+07
1.805326000000000000e+07
1.533585100000000000e+07
1.287235400000000000e+07
1.110812400000000000e+07
9.694893000000000000e+06
1.002597700000000000e+07
1.079919500000000000e+07
1.408722100000000000e+07
1.548873100000000000e+07
1.089072000000000000e+06
1.717655000000000000e+06
4.265744000000000000e+06
1.173487000000000000e+06
9.663320000000000000e+05
8.137560000000000000e+05
9.351290000000000000e+05
9.538350000000000000e+05
1.202078000000000000e+06
1.064917000000000000e+06
1.022180000000000000e+06
6.770830000000000000e+05
5.797690000000000000e+05
1.381886000000000000e+06
2.823524000000000000e+06
8.474520000000000000e+05
4.948990000000000000e+05
2.705580000000000000e+05
4.067460000000000000e+05
5.580300000000000000e+05
6.360100000000000000e+05
6.294710000000000000e+05
6.302470000000000000e+05
8.324440000000000000e+05
1.216033000000000000e+06
1.691235000000000000e+06
3.349465000000000000e+06
1.226906000000000000e+06
8.852850000000000000e+05
9.028100000000000000e+05
1.017440000000000000e+06
5.501750000000000000e+05
5.808150000000000000e+05
5.127890000000000000e+05
5.978870000000000000e+05
5.326470000000000000e+05
4.271650000000000000e+05
1.089861000000000000e+06
3.342201000000000000e+06
1.136089000000000000e+06
6.463590000000000000e+05
6.048670000000000000e+05
7.347880000000000000e+05
8.493060000000000000e+05
6.988740000000000000e+05
3.917790000000000000e+05
5.591230000000000000e+05
9.363850000000000000e+05
1.000399000000000000e+06
1.397679000000000000e+06
3.254417000000000000e+06
8.207800000000000000e+05
9.217590000000000000e+05
6.060920000000000000e+05
3.660880000000000000e+05
6.426680000000000000e+05
4.966610000000000000e+05
3.674110000000000000e+05
9.094350000000000000e+05
6.852800000000000000e+05
7.612890000000000000e+05
1.281244000000000000e+06
3.105094000000000000e+06
9.051000000000000000e+05
7.788260000000000000e+05
6.550710000000000000e+05
7.572090000000000000e+05
5.932820000000000000e+05
8.865210000000000000e+05
9.607270000000000000e+05
9.785340000000000000e+05
7.291400000000000000e+05
6.524070000000000000e+05
1.373420000000000000e+06
3.329009000000000000e+06
7.766690000000000000e+05
3.990760000000000000e+05
6.291710000000000000e+05
9.260800000000000000e+05
5.457110000000000000e+05
3.684670000000000000e+05
6.972290000000000000e+05
5.720960000000000000e+05
4.734660000000000000e+05
6.194020000000000000e+05
1.218095000000000000e+06
3.029614000000000000e+06
9.210130000000000000e+05
5.902100000000000000e+05
7.202830000000000000e+05
7.574610000000000000e+05
9.027680000000000000e+05
1.053821000000000000e+06
1.554817000000000000e+06
5.511940000000000000e+05
3.816010000000000000e+05
7.267050000000000000e+05
1.253604000000000000e+06
3.340492000000000000e+06
1.279779000000000000e+06
6.954250000000000000e+05
1.001947000000000000e+06
8.498160000000000000e+05
1.136547000000000000e+06
1.067940000000000000e+06
6.739910000000000000e+05
4.795770000000000000e+05
6.050470000000000000e+05
4.854830000000000000e+05
1.318682000000000000e+06
3.285204000000000000e+06
1.059071000000000000e+06
5.175860000000000000e+05
3.610440000000000000e+05
2.674860000000000000e+05
