1.038831000000000000e+06
7.767190000000000000e+05
8.627920000000000000e+05
1.053009000000000000e+06
7.533680000000000000e+05
3.788560000000000000e+05
3.002950000000000000e+06
1.004776000000000000e+06
6.544020000000000000e+05
4.804100000000000000e+05
5.215500000000000000e+05
1.340723000000000000e+06
1.148456000000000000e+06
6.122270000000000000e+05
5.304880000000000000e+05
6.755660000000000000e+05
6.543920000000000000e+05
7.000330000000000000e+05
2.765684000000000000e+06
8.919090000000000000e+05
4.591180000000000000e+05
3.442110000000000000e+05
2.647350000000000000e+05
1.118879000000000000e+06
2.317870000000000000e+05
2.381650000000000000e+05
5.525980000000000000e+05
4.374720000000000000e+05
4.099710000000000000e+05
4.265500000000000000e+05
2.687182000000000000e+06
1.060644000000000000e+06
8.875780000000000000e+05
1.406702000000000000e+06
1.113691000000000000e+06
1.306479000000000000e+06
1.042400000000000000e+06
6.192010000000000000e+05
4.311850000000000000e+05
3.512680000000000000e+05
3.204210000000000000e+05
6.415660000000000000e+05
3.026484000000000000e+06
1.127409000000000000e+06
8.327480000000000000e+05
7.503880000000000000e+05
9.297270000000000000e+05
1.351718000000000000e+06
8.535400000000000000e+05
1.002548000000000000e+06
6.420060000000000000e+05
7.858550000000000000e+05
9.505280000000000000e+05
1.414168000000000000e+06
3.485303000000000000e+06
1.344675000000000000e+06
2.854420000000000000e+05
2.588770000000000000e+05
4.840630000000000000e+05
1.239089000000000000e+06
1.784760000000000000e+06
4.246130000000000000e+05
3.548760000000000000e+05
5.595430000000000000e+05
9.833970000000000000e+05
4.812620000000000000e+05
3.635083000000000000e+06
1.128616000000000000e+06
8.534280000000000000e+05
5.942450000000000000e+05
6.454970000000000000e+05
1.540825000000000000e+06
5.316560000000000000e+05
3.188900000000000000e+05
2.694930000000000000e+05
1.613920000000000000e+05
4.776370000000000000e+05
8.687230000000000000e+05
2.365544000000000000e+06
1.079542000000000000e+06
6.633520000000000000e+05
4.541160000000000000e+05
6.761920000000000000e+05
1.256141000000000000e+06
5.303040000000000000e+05
7.556060000000000000e+05
7.227850000000000000e+05
6.860870000000000000e+05
3.981170000000000000e+05
8.872919000000000000e+06
1.225718600000000000e+07
2.882622000000000000e+06
9.449360000000000000e+05
1.471992000000000000e+06
1.337769000000000000e+06
1.402441000000000000e+06
1.109804000000000000e+06
1.650678000000000000e+06
2.024330000000000000e+06
2.184321000000000000e+06
2.315048000000000000e+06
1.917076000000000000e+06
4.425286000000000000e+06
1.880930000000000000e+06
1.496737000000000000e+06
9.415480000000000000e+05
8.649700000000000000e+05
1.742958000000000000e+06
6.756480000000000000e+05
1.549844000000000000e+06
4.591190000000000000e+05
4.294770000000000000e+05
4.922410000000000000e+05
4.117330000000000000e+05
3.098856000000000000e+06
7.898350000000000000e+05
4.319080000000000000e+05
7.493740000000000000e+05
7.054090000000000000e+05
1.555317000000000000e+06
9.998330000000000000e+05
1.069570000000000000e+06
1.202911000000000000e+06
1.431762000000000000e+06
1.076920000000000000e+06
7.559170000000000000e+05
3.241084000000000000e+06
8.561060000000000000e+05
4.323520000000000000e+05
6.846480000000000000e+05
6.345340000000000000e+05
1.103571000000000000e+06
9.769170000000000000e+05
9.360540000000000000e+05
9.711600000000000000e+05
8.417470000000000000e+05
1.114191000000000000e+06
1.424290000000000000e+06
3.917948000000000000e+06
2.157526000000000000e+06
2.060606000000000000e+06
2.140551000000000000e+06
1.884488000000000000e+06
2.862520000000000000e+06
1.640971000000000000e+06
1.799664000000000000e+06
2.012257000000000000e+06
1.943696000000000000e+06
2.678081000000000000e+06
