3.214144700000000000e+07
3.414206900000000000e+07
1.477120000000000000e+05
7.537000000000000000e+03
8.844000000000000000e+04
2.773270000000000000e+05
1.525380000000000000e+05
1.692030000000000000e+05
3.326490000000000000e+05
1.771030000000000000e+05
1.722180000000000000e+05
3.481860000000000000e+05
1.581000000000000000e+05
6.767600000000000000e+05
1.135340000000000000e+05
9.499000000000000000e+03
2.436200000000000000e+04
2.619610000000000000e+05
1.032480000000000000e+05
1.074740000000000000e+05
2.941270000000000000e+05
1.533890000000000000e+05
1.520200000000000000e+05
3.008560000000000000e+05
1.428130000000000000e+05
7.544910000000000000e+05
1.392020000000000000e+05
3.858300000000000000e+04
7.916700000000000000e+04
2.774330000000000000e+05
6.168540000000000000e+05
2.591186000000000000e+06
1.820498000000000000e+06
1.583526000000000000e+06
1.402034000000000000e+06
1.474998000000000000e+06
1.405421000000000000e+06
2.812214000000000000e+06
1.499682000000000000e+06
1.167853000000000000e+06
1.217151000000000000e+06
1.317054000000000000e+06
9.698530000000000000e+05
8.902590000000000000e+05
1.003840000000000000e+06
6.810690000000000000e+05
5.392780000000000000e+05
5.790190000000000000e+05
3.459910000000000000e+05
2.065742000000000000e+06
2.976630000000000000e+05
6.344600000000000000e+04
1.804100000000000000e+04
1.956830000000000000e+05
2.258200000000000000e+04
7.764000000000000000e+03
1.898390000000000000e+05
3.304500000000000000e+04
9.868000000000000000e+03
1.993400000000000000e+05
2.000900000000000000e+04
1.905578000000000000e+06
2.613390000000000000e+05
3.238720000000000000e+05
3.787780000000000000e+05
5.524500000000000000e+05
3.518040000000000000e+05
3.771610000000000000e+05
5.669140000000000000e+05
5.208000000000000000e+04
1.214100000000000000e+04
1.603950000000000000e+05
1.094600000000000000e+04
1.113901000000000000e+06
2.016500000000000000e+05
6.792000000000000000e+03
0.000000000000000000e+00
1.774390000000000000e+05
6.470000000000000000e+03
0.000000000000000000e+00
2.020560000000000000e+05
6.229000000000000000e+03
3.541000000000000000e+03
1.891440000000000000e+05
1.716000000000000000e+04
4.587240000000000000e+05
2.052520000000000000e+05
1.298500000000000000e+04
4.504000000000000000e+03
1.965980000000000000e+05
9.263000000000000000e+03
0.000000000000000000e+00
1.674270000000000000e+05
1.364200000000000000e+04
1.670000000000000000e+02
1.876370000000000000e+05
1.933600000000000000e+04
3.638100000000000000e+05
2.090160000000000000e+05
1.795200000000000000e+04
0.000000000000000000e+00
1.843840000000000000e+05
1.093100000000000000e+04
5.609000000000000000e+03
1.866310000000000000e+05
7.500000000000000000e+03
0.000000000000000000e+00
1.676990000000000000e+05
7.950000000000000000e+03
3.078910000000000000e+05
1.972860000000000000e+05
3.042600000000000000e+04
0.000000000000000000e+00
1.708460000000000000e+05
8.804000000000000000e+03
2.087000000000000000e+03
1.774270000000000000e+05
1.611600000000000000e+04
1.870000000000000000e+02
1.686860000000000000e+05
1.536500000000000000e+04
8.806600000000000000e+05
1.975610000000000000e+05
1.823100000000000000e+04
8.457000000000000000e+03
1.599610000000000000e+05
4.588000000000000000e+03
0.000000000000000000e+00
2.513550000000000000e+05
7.275890000000000000e+05
2.015618000000000000e+07
2.423689300000000000e+07
2.469746600000000000e+07
2.346407000000000000e+07
2.326997300000000000e+07
2.423740100000000000e+07
2.275355400000000000e+07
3.098300000000000000e+04
1.704540000000000000e+05
6.344000000000000000e+03
0.000000000000000000e+00
0.000000000000000000e+00
0.000000000000000000e+00
0.000000000000000000e+00
0.000000000000000000e+00
0.000000000000000000e+00
4.071810000000000000e+05
5.048863000000000000e+06
2.567560000000000000e+05
