8.066100000000000000e+04
8.139000000000000000e+03
6.040000000000000000e+02
0.000000000000000000e+00
0.000000000000000000e+00
0.000000000000000000e+00
1.560550000000000000e+05
1.810570200000000000e+07
2.582813600000000000e+07
2.934157400000000000e+07
3.062090400000000000e+07
3.153664500000000000e+07
3.165219200000000000e+07
3.025324600000000000e+07
2.039568400000000000e+07
2.200932000000000000e+07
2.809840000000000000e+05
2.990640000000000000e+05
2.683760000000000000e+05
2.583920000000000000e+05
2.538350000000000000e+05
8.976440000000000000e+05
3.854370000000000000e+05
3.103680000000000000e+05
2.082210000000000000e+05
2.022160000000000000e+05
2.013260000000000000e+05
1.900410000000000000e+05
1.777540000000000000e+05
1.753950000000000000e+05
4.505350000000000000e+05
6.883720000000000000e+05
7.175670000000000000e+05
1.173001000000000000e+06
7.515440000000000000e+05
8.985060000000000000e+05
3.098970000000000000e+05
2.879570000000000000e+05
2.608580000000000000e+05
2.473620000000000000e+05
2.699730000000000000e+05
2.679670000000000000e+05
2.815740000000000000e+05
3.019450000000000000e+05
3.257100000000000000e+05
1.080061000000000000e+06
5.535100000000000000e+05
4.519090000000000000e+05
3.639800000000000000e+05
3.512960000000000000e+05
3.666440000000000000e+05
3.676780000000000000e+05
3.422150000000000000e+05
2.851750000000000000e+05
2.513950000000000000e+05
2.371290000000000000e+05
2.396180000000000000e+05
7.270380000000000000e+05
4.608240000000000000e+05
3.319020000000000000e+05
2.069130000000000000e+05
1.958790000000000000e+05
1.890000000000000000e+05
1.901870000000000000e+05
2.286940000000000000e+05
2.819270000000000000e+05
2.483540000000000000e+05
1.921260000000000000e+05
1.740970000000000000e+05
6.814830000000000000e+05
5.081640000000000000e+05
3.859450000000000000e+05
2.887500000000000000e+05
2.688130000000000000e+05
2.431440000000000000e+05
2.391980000000000000e+05
2.526500000000000000e+05
2.686910000000000000e+05
2.671350000000000000e+05
2.507570000000000000e+05
2.621720000000000000e+05
8.039510000000000000e+05
4.798570000000000000e+05
3.598250000000000000e+05
2.159330000000000000e+05
1.813780000000000000e+05
1.841680000000000000e+05
1.872590000000000000e+05
1.889680000000000000e+05
1.856800000000000000e+05
2.097330000000000000e+05
2.339950000000000000e+05
2.352730000000000000e+05
6.472340000000000000e+05
3.867620000000000000e+05
2.820680000000000000e+05
1.896370000000000000e+05
1.722190000000000000e+05
1.633880000000000000e+05
1.591360000000000000e+05
1.686410000000000000e+05
1.735370000000000000e+05
1.918010000000000000e+05
1.792210000000000000e+05
1.851570000000000000e+05
6.263300000000000000e+05
3.730900000000000000e+05
2.956680000000000000e+05
1.847280000000000000e+05
1.595190000000000000e+05
1.384320000000000000e+05
1.306620000000000000e+05
1.683270000000000000e+05
2.315010000000000000e+05
2.529490000000000000e+05
2.064190000000000000e+05
1.613340000000000000e+05
6.786380000000000000e+05
4.332140000000000000e+05
5.344620000000000000e+05
6.178530000000000000e+05
4.355080000000000000e+05
4.315300000000000000e+05
6.097840000000000000e+05
6.071810000000000000e+05
5.759620000000000000e+05
5.684030000000000000e+05
5.662100000000000000e+05
5.726740000000000000e+05
8.874920000000000000e+05
4.448410000000000000e+05
3.233100000000000000e+05
2.458910000000000000e+05
2.413340000000000000e+05
2.484270000000000000e+05
2.658560000000000000e+05
3.009830000000000000e+05
2.634290000000000000e+05
2.102670000000000000e+05
2.139550000000000000e+05
2.356710000000000000e+05
7.026590000000000000e+05
3.823400000000000000e+05
3.483130000000000000e+05
2.746300000000000000e+05
2.490620000000000000e+05
2.384340000000000000e+05
2.535200000000000000e+05
2.648950000000000000e+05
