4.657160000000000000e+05
3.103040000000000000e+05
2.551270000000000000e+05
2.037660000000000000e+05
2.448320000000000000e+05
3.754710000000000000e+05
4.268170000000000000e+05
4.007370000000000000e+05
3.431410000000000000e+05
9.012880000000000000e+05
5.493710000000000000e+05
5.468070000000000000e+05
4.839580000000000000e+05
4.718200000000000000e+05
4.211820000000000000e+05
4.378030000000000000e+05
4.722370000000000000e+05
4.272620000000000000e+05
4.006100000000000000e+05
3.329510000000000000e+05
2.709280000000000000e+05
8.170090000000000000e+05
4.618340000000000000e+05
4.017620000000000000e+05
2.872640000000000000e+05
2.876210000000000000e+05
2.275840000000000000e+05
1.530840000000000000e+05
1.444120000000000000e+05
1.462820000000000000e+05
1.494500000000000000e+05
1.494550000000000000e+05
1.735560000000000000e+05
6.947070000000000000e+05
3.706330000000000000e+05
3.233840000000000000e+05
2.401660000000000000e+05
2.477870000000000000e+05
2.318680000000000000e+05
2.258620000000000000e+05
2.137210000000000000e+05
2.247890000000000000e+05
2.316560000000000000e+05
2.055630000000000000e+05
1.988460000000000000e+05
6.679070000000000000e+05
3.950400000000000000e+05
3.224300000000000000e+05
2.391340000000000000e+05
2.506330000000000000e+05
2.598420000000000000e+05
2.653380000000000000e+05
2.028580000000000000e+05
1.456330000000000000e+05
1.483090000000000000e+05
2.075630000000000000e+05
2.086890000000000000e+05
6.883410000000000000e+05
3.846020000000000000e+05
3.344150000000000000e+05
2.443320000000000000e+05
2.154960000000000000e+05
2.266140000000000000e+05
2.297610000000000000e+05
2.510890000000000000e+05
2.607390000000000000e+05
2.747490000000000000e+05
2.874930000000000000e+05
2.695710000000000000e+05
7.569340000000000000e+05
3.899920000000000000e+05
3.118320000000000000e+05
2.550730000000000000e+05
4.666980000000000000e+05
6.250990000000000000e+05
4.726410000000000000e+05
4.547200000000000000e+05
6.105970000000000000e+05
6.184620000000000000e+05
6.476000000000000000e+05
6.909050000000000000e+05
1.223707000000000000e+06
8.250830000000000000e+05
6.112540000000000000e+05
4.212400000000000000e+05
4.363100000000000000e+05
4.089530000000000000e+05
4.072250000000000000e+05
3.848570000000000000e+05
4.168540000000000000e+05
4.576060000000000000e+05
4.401290000000000000e+05
3.999300000000000000e+05
9.264540000000000000e+05
5.547290000000000000e+05
4.773200000000000000e+05
3.531300000000000000e+05
3.390790000000000000e+05
2.958410000000000000e+05
2.877940000000000000e+05
3.011430000000000000e+05
3.130880000000000000e+05
3.164250000000000000e+05
3.190230000000000000e+05
3.279760000000000000e+05
8.041700000000000000e+05
4.319360000000000000e+05
3.807380000000000000e+05
2.643500000000000000e+05
2.066480000000000000e+05
2.139740000000000000e+05
1.992960000000000000e+05
2.096400000000000000e+05
2.062820000000000000e+05
1.914030000000000000e+05
2.111990000000000000e+05
2.148780000000000000e+05
7.162650000000000000e+05
3.965550000000000000e+05
3.452120000000000000e+05
2.341640000000000000e+05
2.388930000000000000e+05
2.473170000000000000e+05
2.034230000000000000e+05
2.049310000000000000e+05
2.368180000000000000e+05
1.918850000000000000e+05
1.813100000000000000e+05
1.835670000000000000e+05
7.522620000000000000e+05
3.575080000000000000e+05
3.322730000000000000e+05
2.130730000000000000e+05
2.445700000000000000e+05
2.727620000000000000e+05
2.620790000000000000e+05
2.476750000000000000e+05
2.603120000000000000e+05
2.490490000000000000e+05
2.619010000000000000e+05
2.310420000000000000e+05
7.130470000000000000e+05
3.780950000000000000e+05
3.080320000000000000e+05
1.890110000000000000e+05
1.873740000000000000e+05
2.411420000000000000e+05
3.905060000000000000e+05
3.739430000000000000e+05
