1.689720000000000000e+05
1.023500000000000000e+04
1.982000000000000000e+03
9.407610000000000000e+05
1.961920000000000000e+05
2.040500000000000000e+04
0.000000000000000000e+00
0.000000000000000000e+00
0.000000000000000000e+00
0.000000000000000000e+00
0.000000000000000000e+00
2.363210000000000000e+05
6.000000000000000000e+02
0.000000000000000000e+00
0.000000000000000000e+00
1.877450000000000000e+05
1.854980000000000000e+05
2.059600000000000000e+04
0.000000000000000000e+00
0.000000000000000000e+00
0.000000000000000000e+00
0.000000000000000000e+00
0.000000000000000000e+00
7.734100000000000000e+04
6.000000000000000000e+02
0.000000000000000000e+00
0.000000000000000000e+00
1.877450000000000000e+05
1.854980000000000000e+05
2.059600000000000000e+04
0.000000000000000000e+00
0.000000000000000000e+00
0.000000000000000000e+00
0.000000000000000000e+00
0.000000000000000000e+00
7.734100000000000000e+04
6.000000000000000000e+02
0.000000000000000000e+00
0.000000000000000000e+00
2.034550000000000000e+05
1.850120000000000000e+05
2.059600000000000000e+04
0.000000000000000000e+00
0.000000000000000000e+00
0.000000000000000000e+00
0.000000000000000000e+00
0.000000000000000000e+00
7.847300000000000000e+04
6.000000000000000000e+02
0.000000000000000000e+00
0.000000000000000000e+00
1.885090000000000000e+05
1.856980000000000000e+05
2.059600000000000000e+04
0.000000000000000000e+00
0.000000000000000000e+00
0.000000000000000000e+00
0.000000000000000000e+00
0.000000000000000000e+00
8.145700000000000000e+04
6.000000000000000000e+02
0.000000000000000000e+00
0.000000000000000000e+00
4.870910000000000000e+05
1.895050000000000000e+05
1.744500000000000000e+04
2.000000000000000000e+02
0.000000000000000000e+00
0.000000000000000000e+00
0.000000000000000000e+00
0.000000000000000000e+00
1.418980000000000000e+05
1.823000000000000000e+03
0.000000000000000000e+00
0.000000000000000000e+00
1.908750000000000000e+05
1.865290000000000000e+05
1.726900000000000000e+04
0.000000000000000000e+00
0.000000000000000000e+00
0.000000000000000000e+00
0.000000000000000000e+00
0.000000000000000000e+00
8.013400000000000000e+04
1.823000000000000000e+03
0.000000000000000000e+00
0.000000000000000000e+00
1.921550000000000000e+05
1.865290000000000000e+05
1.726900000000000000e+04
0.000000000000000000e+00
0.000000000000000000e+00
0.000000000000000000e+00
0.000000000000000000e+00
0.000000000000000000e+00
8.013400000000000000e+04
1.823000000000000000e+03
0.000000000000000000e+00
0.000000000000000000e+00
1.934990000000000000e+05
1.871690000000000000e+05
1.726900000000000000e+04
0.000000000000000000e+00
0.000000000000000000e+00
0.000000000000000000e+00
0.000000000000000000e+00
0.000000000000000000e+00
8.013400000000000000e+04
2.521200000000000000e+04
1.972370000000000000e+05
1.674681000000000000e+06
7.155065000000000000e+06
1.399784700000000000e+07
1.371407600000000000e+07
2.053513000000000000e+07
2.207580000000000000e+05
5.637600000000000000e+05
0.000000000000000000e+00
0.000000000000000000e+00
4.121600000000000000e+04
0.000000000000000000e+00
0.000000000000000000e+00
0.000000000000000000e+00
2.585410000000000000e+05
6.466000000000000000e+03
1.730000000000000000e+02
1.180000000000000000e+02
0.000000000000000000e+00
0.000000000000000000e+00
0.000000000000000000e+00
0.000000000000000000e+00
3.488400000000000000e+04
0.000000000000000000e+00
0.000000000000000000e+00
0.000000000000000000e+00
3.859000000000000000e+03
3.862000000000000000e+03
0.000000000000000000e+00
0.000000000000000000e+00
0.000000000000000000e+00
0.000000000000000000e+00
0.000000000000000000e+00
0.000000000000000000e+00
1.431000000000000000e+03
0.000000000000000000e+00
0.000000000000000000e+00
0.000000000000000000e+00
3.859000000000000000e+03
3.862000000000000000e+03
