9.480000000000000000e+03
6.735500000000000000e+04
8.030992000000000000e+06
1.745445000000000000e+07
2.430765500000000000e+07
2.625854000000000000e+07
2.992655600000000000e+07
3.308333000000000000e+07
3.618206800000000000e+07
3.888592000000000000e+07
1.908913600000000000e+07
1.822097400000000000e+07
9.959951000000000000e+06
7.380780000000000000e+05
3.394400000000000000e+05
5.716280000000000000e+05
3.246180000000000000e+05
6.057430000000000000e+05
6.389150000000000000e+05
1.817360000000000000e+05
3.717300000000000000e+05
3.351090000000000000e+06
1.157158000000000000e+06
1.303651000000000000e+06
2.021940000000000000e+05
4.936340000000000000e+05
2.531150000000000000e+05
4.486800000000000000e+05
4.796480000000000000e+05
2.650660000000000000e+05
3.341820000000000000e+05
4.603270000000000000e+05
4.853520000000000000e+05
3.233384000000000000e+06
5.155880000000000000e+05
8.509640000000000000e+05
4.153210000000000000e+05
7.521440000000000000e+05
8.278630000000000000e+05
1.984600000000000000e+05
4.135280000000000000e+05
2.450110000000000000e+05
5.073090000000000000e+05
6.721480000000000000e+05
2.915930000000000000e+05
3.139914000000000000e+06
5.452070000000000000e+05
9.640790000000000000e+05
9.263860000000000000e+05
3.007820000000000000e+05
4.658740000000000000e+05
2.894280000000000000e+05
9.668930000000000000e+05
1.167660000000000000e+06
3.520050000000000000e+05
7.570070000000000000e+05
3.310290000000000000e+05
4.047299000000000000e+06
9.771190000000000000e+05
8.608660000000000000e+05
4.063600000000000000e+05
2.823400000000000000e+05
5.254410000000000000e+05
9.677680000000000000e+05
1.832620000000000000e+05
3.939840000000000000e+05
3.530230000000000000e+05
6.686910000000000000e+05
5.550860000000000000e+05
3.319914000000000000e+06
8.665070000000000000e+05
9.402540000000000000e+05
8.235570000000000000e+05
6.263060000000000000e+05
1.944970000000000000e+05
7.083520000000000000e+05
2.217630000000000000e+05
4.662230000000000000e+05
9.502880000000000000e+05
1.822350000000000000e+05
3.763930000000000000e+05
4.103621000000000000e+06
8.778010000000000000e+05
1.341850000000000000e+06
2.660710000000000000e+05
6.189400000000000000e+05
5.254230000000000000e+05
6.406110000000000000e+05
8.322400000000000000e+05
2.601990000000000000e+05
5.078610000000000000e+05
3.394270000000000000e+05
5.158800000000000000e+05
3.790336000000000000e+06
5.024920000000000000e+05
9.061290000000000000e+05
3.832640000000000000e+05
4.237390000000000000e+05
4.406010000000000000e+05
1.597060000000000000e+05
4.003530000000000000e+05
4.669120000000000000e+05
4.402200000000000000e+05
5.426510000000000000e+05
1.869980000000000000e+05
3.144756000000000000e+06
6.072580000000000000e+05
9.996240000000000000e+05
9.695560000000000000e+05
1.415510000000000000e+05
7.205560000000000000e+05
4.861280000000000000e+05
5.513460000000000000e+05
5.989630000000000000e+05
1.505560000000000000e+05
4.283610000000000000e+05
2.854310000000000000e+05
3.773694000000000000e+06
8.026780000000000000e+05
8.641430000000000000e+05
3.642280000000000000e+05
2.667690000000000000e+05
4.746570000000000000e+05
5.294090000000000000e+05
1.478140000000000000e+05
4.441560000000000000e+05
2.652670000000000000e+05
1.333176000000000000e+06
5.138210000000000000e+05
3.697769000000000000e+06
6.055060000000000000e+05
8.897360000000000000e+05
4.154990000000000000e+05
7.129720000000000000e+05
2.523050000000000000e+05
5.528750000000000000e+05
3.203830000000000000e+05
5.452080000000000000e+05
1.016622000000000000e+06
1.965730000000000000e+05
3.465130000000000000e+05
3.756190000000000000e+06
8.607970000000000000e+05
9.806460000000000000e+05
1.937200000000000000e+05
3.966640000000000000e+05
2.581880000000000000e+05
5.763110000000000000e+05
7.255680000000000000e+05
