3.766237000000000000e+06
3.491680000000000000e+05
3.508097000000000000e+06
5.160605000000000000e+06
3.427905000000000000e+06
3.117457000000000000e+06
3.074805000000000000e+06
1.428150000000000000e+05
2.478760000000000000e+06
2.616064000000000000e+06
2.463237000000000000e+06
2.772109000000000000e+06
2.362160000000000000e+06
1.452350000000000000e+05
2.199777000000000000e+06
3.630520000000000000e+06
2.006203000000000000e+06
2.042605000000000000e+06
2.061177000000000000e+06
1.013150000000000000e+05
1.938833000000000000e+06
1.896747000000000000e+06
2.167952000000000000e+06
2.198703000000000000e+06
2.031982000000000000e+06
1.084180000000000000e+05
1.996285000000000000e+06
3.579685000000000000e+06
2.293490000000000000e+06
2.348968000000000000e+06
2.125435000000000000e+06
1.238810000000000000e+05
2.055327000000000000e+06
2.008838000000000000e+06
1.829463000000000000e+06
2.173227000000000000e+06
1.798073000000000000e+06
1.229530000000000000e+05
1.798491000000000000e+06
3.546323000000000000e+06
2.034981000000000000e+06
2.304832000000000000e+06
2.456357000000000000e+06
1.043370000000000000e+05
2.685432000000000000e+06
2.390659000000000000e+06
2.666428000000000000e+06
3.012281000000000000e+06
3.014541000000000000e+06
2.064450000000000000e+05
2.942040000000000000e+06
4.570477000000000000e+06
3.176133000000000000e+06
3.563151000000000000e+06
3.656668000000000000e+06
2.346570000000000000e+05
3.528515000000000000e+06
3.635684000000000000e+06
3.941772000000000000e+06
3.949188000000000000e+06
3.461877000000000000e+06
3.444620000000000000e+05
3.044601000000000000e+06
4.342038000000000000e+06
3.013196000000000000e+06
3.040063000000000000e+06
2.899916000000000000e+06
2.526560000000000000e+05
2.894012000000000000e+06
3.162897000000000000e+06
3.372287000000000000e+06
3.240657000000000000e+06
3.307234000000000000e+06
3.062720000000000000e+05
3.309467000000000000e+06
4.360524000000000000e+06
2.890739000000000000e+06
3.171136000000000000e+06
3.084125000000000000e+06
1.545140000000000000e+05
3.090473000000000000e+06
3.285001000000000000e+06
3.394637000000000000e+06
3.622854000000000000e+06
3.708819000000000000e+06
3.209080000000000000e+05
3.386508000000000000e+06
4.929166000000000000e+06
3.852270000000000000e+06
3.893351000000000000e+06
4.062480000000000000e+06
2.087620000000000000e+05
3.963989000000000000e+06
4.079739000000000000e+06
4.123606000000000000e+06
4.358645000000000000e+06
4.278164000000000000e+06
2.652700000000000000e+05
4.375936000000000000e+06
5.612934000000000000e+06
4.871243000000000000e+06
4.994740000000000000e+06
4.817618000000000000e+06
2.239680000000000000e+05
4.674809000000000000e+06
4.702623000000000000e+06
4.612957000000000000e+06
4.834860000000000000e+06
4.709337000000000000e+06
2.726530000000000000e+05
4.758061000000000000e+06
6.103012000000000000e+06
5.283197000000000000e+06
5.121305000000000000e+06
5.078966000000000000e+06
2.793650000000000000e+05
4.830409000000000000e+06
4.885729000000000000e+06
2.538189200000000000e+07
2.592604600000000000e+07
2.609900100000000000e+07
0.000000000000000000e+00
0.000000000000000000e+00
0.000000000000000000e+00
5.376000000000000000e+03
6.172800000000000000e+04
5.902400000000000000e+04
1.133920000000000000e+05
9.546800000000000000e+04
1.110930000000000000e+05
4.289200000000000000e+04
8.419000000000000000e+03
2.360440000000000000e+05
2.240700000000000000e+04
0.000000000000000000e+00
0.000000000000000000e+00
0.000000000000000000e+00
0.000000000000000000e+00
0.000000000000000000e+00
2.956800000000000000e+04
1.634400000000000000e+04
4.748200000000000000e+04
5.228600000000000000e+04
5.259800000000000000e+04
1.635960000000000000e+05
3.155300000000000000e+04
2.852500000000000000e+04
4.401600000000000000e+04
4.323000000000000000e+04
