3.550600000000000000e+04
3.476200000000000000e+04
2.067000000000000000e+03
4.423000000000000000e+03
0.000000000000000000e+00
0.000000000000000000e+00
1.534190000000000000e+05
3.156900000000000000e+04
0.000000000000000000e+00
0.000000000000000000e+00
4.243200000000000000e+04
1.372740000000000000e+05
8.992000000000000000e+04
1.119790000000000000e+05
1.171650000000000000e+05
1.021530000000000000e+05
2.545700000000000000e+04
1.960000000000000000e+03
2.879920000000000000e+05
5.954000000000000000e+04
3.093700000000000000e+04
4.123300000000000000e+04
4.993600000000000000e+04
7.536800000000000000e+04
6.502000000000000000e+03
2.810100000000000000e+04
6.639000000000000000e+04
5.638200000000000000e+04
5.302800000000000000e+04
4.844000000000000000e+04
2.909200000000000000e+05
7.323200000000000000e+04
2.022400000000000000e+04
3.570000000000000000e+04
4.243200000000000000e+04
1.433170000000000000e+05
7.793300000000000000e+04
4.301800000000000000e+04
9.775000000000000000e+03
4.927000000000000000e+03
1.886400000000000000e+04
4.375300000000000000e+04
3.284550000000000000e+05
1.063130000000000000e+05
9.338000000000000000e+03
3.894000000000000000e+03
0.000000000000000000e+00
9.356500000000000000e+04
4.307200000000000000e+04
4.120400000000000000e+04
5.559000000000000000e+04
6.557300000000000000e+04
5.169000000000000000e+03
0.000000000000000000e+00
3.552310000000000000e+05
1.161870000000000000e+05
1.823800000000000000e+04
4.072000000000000000e+03
0.000000000000000000e+00
9.990400000000000000e+04
0.000000000000000000e+00
0.000000000000000000e+00
0.000000000000000000e+00
0.000000000000000000e+00
0.000000000000000000e+00
0.000000000000000000e+00
2.987480000000000000e+05
1.271330000000000000e+05
1.538900000000000000e+04
0.000000000000000000e+00
0.000000000000000000e+00
1.103460000000000000e+05
0.000000000000000000e+00
0.000000000000000000e+00
0.000000000000000000e+00
0.000000000000000000e+00
0.000000000000000000e+00
0.000000000000000000e+00
1.264420000000000000e+05
1.229100000000000000e+05
1.533000000000000000e+04
0.000000000000000000e+00
0.000000000000000000e+00
5.350000000000000000e+04
0.000000000000000000e+00
0.000000000000000000e+00
0.000000000000000000e+00
0.000000000000000000e+00
0.000000000000000000e+00
0.000000000000000000e+00
1.264420000000000000e+05
1.229100000000000000e+05
1.533000000000000000e+04
0.000000000000000000e+00
0.000000000000000000e+00
5.350000000000000000e+04
0.000000000000000000e+00
0.000000000000000000e+00
0.000000000000000000e+00
0.000000000000000000e+00
0.000000000000000000e+00
0.000000000000000000e+00
1.264420000000000000e+05
1.229100000000000000e+05
1.533000000000000000e+04
0.000000000000000000e+00
0.000000000000000000e+00
5.350000000000000000e+04
3.102119000000000000e+06
7.293898000000000000e+06
9.317856000000000000e+06
8.759332000000000000e+06
1.070524600000000000e+07
1.127123600000000000e+07
1.272445700000000000e+07
1.175955400000000000e+07
1.195155600000000000e+07
1.343756900000000000e+07
1.247778100000000000e+07
5.761838000000000000e+06
5.588026000000000000e+06
5.372196000000000000e+06
5.210428000000000000e+06
5.001707000000000000e+06
4.767821000000000000e+06
4.545838000000000000e+06
6.731531000000000000e+06
4.130343000000000000e+06
3.749611000000000000e+06
3.376879000000000000e+06
2.903580000000000000e+06
2.794841000000000000e+06
1.914449000000000000e+06
1.262017000000000000e+06
3.527990000000000000e+05
4.152300000000000000e+04
3.321000000000000000e+03
0.000000000000000000e+00
3.598094000000000000e+06
2.113380000000000000e+05
7.345000000000000000e+03
0.000000000000000000e+00
0.000000000000000000e+00
6.313820000000000000e+05
0.000000000000000000e+00
0.000000000000000000e+00
0.000000000000000000e+00
0.000000000000000000e+00
0.000000000000000000e+00
