8.523320000000000000e+05
1.766580000000000000e+05
2.094400000000000000e+04
0.000000000000000000e+00
0.000000000000000000e+00
0.000000000000000000e+00
0.000000000000000000e+00
0.000000000000000000e+00
0.000000000000000000e+00
1.415000000000000000e+04
2.284380000000000000e+05
7.430770000000000000e+05
1.105981000000000000e+06
1.114307000000000000e+06
1.818510000000000000e+05
3.431000000000000000e+04
0.000000000000000000e+00
0.000000000000000000e+00
2.126000000000000000e+03
0.000000000000000000e+00
0.000000000000000000e+00
0.000000000000000000e+00
0.000000000000000000e+00
1.780640000000000000e+05
6.965460000000000000e+05
1.872200000000000000e+05
1.853100000000000000e+04
2.220000000000000000e+02
0.000000000000000000e+00
0.000000000000000000e+00
0.000000000000000000e+00
0.000000000000000000e+00
0.000000000000000000e+00
0.000000000000000000e+00
0.000000000000000000e+00
1.697450000000000000e+05
3.740400000000000000e+05
1.954280000000000000e+05
2.003700000000000000e+04
2.220000000000000000e+02
0.000000000000000000e+00
0.000000000000000000e+00
0.000000000000000000e+00
0.000000000000000000e+00
4.942000000000000000e+03
0.000000000000000000e+00
0.000000000000000000e+00
1.334160000000000000e+05
2.719410000000000000e+05
2.083070000000000000e+05
2.236000000000000000e+04
2.220000000000000000e+02
0.000000000000000000e+00
0.000000000000000000e+00
0.000000000000000000e+00
0.000000000000000000e+00
0.000000000000000000e+00
0.000000000000000000e+00
0.000000000000000000e+00
1.154220000000000000e+05
5.032020000000000000e+05
1.849370000000000000e+05
2.433800000000000000e+04
2.220000000000000000e+02
0.000000000000000000e+00
0.000000000000000000e+00
0.000000000000000000e+00
0.000000000000000000e+00
0.000000000000000000e+00
0.000000000000000000e+00
0.000000000000000000e+00
1.611620000000000000e+05
2.185820000000000000e+05
2.352940000000000000e+05
4.227120000000000000e+05
4.109810000000000000e+05
4.293530000000000000e+05
3.882000000000000000e+05
3.587190000000000000e+05
0.000000000000000000e+00
0.000000000000000000e+00
0.000000000000000000e+00
0.000000000000000000e+00
1.512720000000000000e+05
1.027809000000000000e+06
2.016620000000000000e+05
2.848700000000000000e+04
2.220000000000000000e+02
0.000000000000000000e+00
3.302000000000000000e+03
0.000000000000000000e+00
0.000000000000000000e+00
0.000000000000000000e+00
0.000000000000000000e+00
0.000000000000000000e+00
2.023120000000000000e+05
4.014000000000000000e+05
2.024290000000000000e+05
2.979200000000000000e+04
0.000000000000000000e+00
0.000000000000000000e+00
0.000000000000000000e+00
0.000000000000000000e+00
0.000000000000000000e+00
0.000000000000000000e+00
0.000000000000000000e+00
1.628000000000000000e+03
1.463890000000000000e+05
3.348750000000000000e+05
1.979510000000000000e+05
2.420400000000000000e+04
0.000000000000000000e+00
0.000000000000000000e+00
0.000000000000000000e+00
0.000000000000000000e+00
0.000000000000000000e+00
0.000000000000000000e+00
0.000000000000000000e+00
0.000000000000000000e+00
1.300780000000000000e+05
5.454160000000000000e+05
2.011920000000000000e+05
3.047300000000000000e+04
2.757000000000000000e+03
0.000000000000000000e+00
0.000000000000000000e+00
0.000000000000000000e+00
0.000000000000000000e+00
0.000000000000000000e+00
0.000000000000000000e+00
0.000000000000000000e+00
1.749880000000000000e+05
2.270290000000000000e+05
2.000840000000000000e+05
3.274300000000000000e+04
2.993000000000000000e+03
0.000000000000000000e+00
0.000000000000000000e+00
0.000000000000000000e+00
0.000000000000000000e+00
0.000000000000000000e+00
0.000000000000000000e+00
0.000000000000000000e+00
9.629000000000000000e+04
3.250330000000000000e+05
1.912450000000000000e+05
2.312100000000000000e+04
2.220000000000000000e+02
0.000000000000000000e+00
