2.903500000000000000e+05
1.700500000000000000e+04
1.020000000000000000e+03
0.000000000000000000e+00
0.000000000000000000e+00
0.000000000000000000e+00
2.874200000000000000e+05
1.933670000000000000e+05
2.338800000000000000e+04
0.000000000000000000e+00
0.000000000000000000e+00
4.045860000000000000e+05
0.000000000000000000e+00
0.000000000000000000e+00
4.844000000000000000e+03
0.000000000000000000e+00
0.000000000000000000e+00
0.000000000000000000e+00
2.653310000000000000e+05
1.982350000000000000e+05
2.827600000000000000e+04
2.220000000000000000e+02
0.000000000000000000e+00
1.026470000000000000e+05
0.000000000000000000e+00
0.000000000000000000e+00
0.000000000000000000e+00
0.000000000000000000e+00
0.000000000000000000e+00
6.580000000000000000e+03
5.850220000000000000e+05
2.120880000000000000e+05
2.013100000000000000e+04
0.000000000000000000e+00
0.000000000000000000e+00
1.768270000000000000e+05
0.000000000000000000e+00
0.000000000000000000e+00
0.000000000000000000e+00
0.000000000000000000e+00
4.620400000000000000e+04
5.883800000000000000e+05
2.046043000000000000e+06
4.547740000000000000e+05
1.079129000000000000e+06
1.164968000000000000e+06
1.255726000000000000e+06
1.437681000000000000e+06
5.819940000000000000e+05
1.461300000000000000e+04
0.000000000000000000e+00
0.000000000000000000e+00
0.000000000000000000e+00
0.000000000000000000e+00
6.318020000000000000e+05
1.852060000000000000e+05
1.441500000000000000e+04
0.000000000000000000e+00
0.000000000000000000e+00
1.367840000000000000e+05
0.000000000000000000e+00
0.000000000000000000e+00
0.000000000000000000e+00
0.000000000000000000e+00
0.000000000000000000e+00
0.000000000000000000e+00
3.047030000000000000e+05
1.814520000000000000e+05
1.597700000000000000e+04
0.000000000000000000e+00
0.000000000000000000e+00
1.027800000000000000e+05
0.000000000000000000e+00
0.000000000000000000e+00
0.000000000000000000e+00
0.000000000000000000e+00
0.000000000000000000e+00
0.000000000000000000e+00
2.239740000000000000e+05
1.773500000000000000e+05
1.523800000000000000e+04
0.000000000000000000e+00
0.000000000000000000e+00
9.111600000000000000e+04
1.505000000000000000e+04
3.755930000000000000e+05
4.260270000000000000e+05
4.198020000000000000e+05
4.047430000000000000e+05
8.717760000000000000e+05
1.146116000000000000e+06
1.990910000000000000e+05
2.518500000000000000e+04
0.000000000000000000e+00
0.000000000000000000e+00
2.170370000000000000e+05
5.010000000000000000e+02
0.000000000000000000e+00
0.000000000000000000e+00
0.000000000000000000e+00
0.000000000000000000e+00
0.000000000000000000e+00
2.183600000000000000e+05
1.955170000000000000e+05
2.478300000000000000e+04
2.220000000000000000e+02
0.000000000000000000e+00
9.918600000000000000e+04
5.010000000000000000e+02
0.000000000000000000e+00
0.000000000000000000e+00
0.000000000000000000e+00
0.000000000000000000e+00
0.000000000000000000e+00
2.773550000000000000e+05
1.939230000000000000e+05
2.348300000000000000e+04
0.000000000000000000e+00
0.000000000000000000e+00
1.075940000000000000e+05
9.170000000000000000e+02
0.000000000000000000e+00
0.000000000000000000e+00
0.000000000000000000e+00
0.000000000000000000e+00
0.000000000000000000e+00
2.951330000000000000e+05
1.866430000000000000e+05
2.072600000000000000e+04
0.000000000000000000e+00
0.000000000000000000e+00
1.123250000000000000e+05
9.170000000000000000e+02
0.000000000000000000e+00
0.000000000000000000e+00
0.000000000000000000e+00
0.000000000000000000e+00
0.000000000000000000e+00
2.720730000000000000e+05
1.874340000000000000e+05
2.214500000000000000e+04
0.000000000000000000e+00
0.000000000000000000e+00
1.040560000000000000e+05
9.170000000000000000e+02
0.000000000000000000e+00
0.000000000000000000e+00
0.000000000000000000e+00
0.000000000000000000e+00
