6.317100000000000000e+05
5.863980000000000000e+05
5.475030000000000000e+05
5.558400000000000000e+05
2.846250000000000000e+05
4.964760000000000000e+05
3.606630000000000000e+05
3.813510000000000000e+05
4.053360000000000000e+05
2.924730000000000000e+05
4.579950000000000000e+05
1.478820000000000000e+06
1.108122000000000000e+06
3.225900000000000000e+05
3.935760000000000000e+05
4.394550000000000000e+05
4.026240000000000000e+05
6.469293000000000000e+06
1.255740000000000000e+05
2.462550000000000000e+05
2.939100000000000000e+04
2.464500000000000000e+05
1.083300000000000000e+04
1.400964000000000000e+06
1.416000000000000000e+03
7.904640000000000000e+05
0.000000000000000000e+00
0.000000000000000000e+00
0.000000000000000000e+00
0.000000000000000000e+00
4.948664000000000000e+06
4.101340000000000000e+05
5.362070000000000000e+05
3.172880000000000000e+05
2.532520000000000000e+05
1.436304000000000000e+06
8.495770000000000000e+05
4.788250000000000000e+05
2.648280000000000000e+05
2.838600000000000000e+05
2.933130000000000000e+05
3.658500000000000000e+05
3.561590000000000000e+05
3.640050000000000000e+05
3.443270000000000000e+05
2.911380000000000000e+05
3.363360000000000000e+05
7.171920000000000000e+05
4.140700000000000000e+04
2.058890000000000000e+05
4.653400000000000000e+04
7.727800000000000000e+04
9.147400000000000000e+04
1.381590000000000000e+05
1.930250000000000000e+05
3.094670000000000000e+05
3.843620000000000000e+05
3.446180000000000000e+05
5.394010000000000000e+05
6.900440000000000000e+05
5.917958000000000000e+06
6.400800000000000000e+04
1.410600000000000000e+04
0.000000000000000000e+00
0.000000000000000000e+00
0.000000000000000000e+00
2.215000000000000000e+03
1.086000000000000000e+05
1.058620000000000000e+05
7.128000000000000000e+03
1.858640000000000000e+05
1.362907000000000000e+06
7.980900000000000000e+05
6.696005000000000000e+06
1.107790000000000000e+05
2.766330000000000000e+05
5.524410000000000000e+05
2.358450000000000000e+05
7.050810000000000000e+05
3.115350000000000000e+05
6.549880000000000000e+05
4.861320000000000000e+05
6.117850000000000000e+05
9.694300000000000000e+05
1.274223000000000000e+06
5.463710000000000000e+05
2.503230000000000000e+05
2.994390000000000000e+05
6.456387000000000000e+06
6.147500000000000000e+04
1.804800000000000000e+04
1.086390000000000000e+05
3.491110000000000000e+05
2.531200000000000000e+04
3.051870000000000000e+05
1.827175000000000000e+06
9.060000000000000000e+03
4.382430000000000000e+05
1.180308000000000000e+06
9.712980000000000000e+05
1.054602000000000000e+06
1.026816000000000000e+06
4.677120000000000000e+05
2.457300000000000000e+04
2.340000000000000000e+03
2.377380000000000000e+05
1.826194000000000000e+06
8.207930000000000000e+06
8.110088000000000000e+06
2.964364000000000000e+06
2.098300000000000000e+04
0.000000000000000000e+00
1.063870000000000000e+05
4.582550000000000000e+05
3.891140000000000000e+05
1.489210000000000000e+05
1.875900000000000000e+05
2.475400000000000000e+04
4.789550000000000000e+05
2.524389000000000000e+06
2.996280000000000000e+05
1.958400000000000000e+04
0.000000000000000000e+00
0.000000000000000000e+00
0.000000000000000000e+00
0.000000000000000000e+00
0.000000000000000000e+00
0.000000000000000000e+00
2.816000000000000000e+03
8.019610000000000000e+05
2.987427000000000000e+06
4.380238000000000000e+06
4.922309000000000000e+06
5.681329000000000000e+06
6.193936000000000000e+06
6.880520000000000000e+06
7.475727000000000000e+06
8.201569000000000000e+06
9.079079000000000000e+06
1.014445600000000000e+07
1.128821700000000000e+07
1.265543900000000000e+07
1.401051800000000000e+07
1.777992800000000000e+07
1.884895500000000000e+07
2.030095600000000000e+07
2.257148600000000000e+07
2.511532400000000000e+07
2.812317300000000000e+07
3.111422700000000000e+07
3.452399200000000000e+07
3.874946200000000000e+07
4.253491900000000000e+07
4.338920600000000000e+07
4.348902500000000000e+07
4.161676300000000000e+07
3.759202900000000000e+07
3.460430200000000000e+07
3.058243200000000000e+07
2.596850200000000000e+07
2.118706400000000000e+07
1.475879900000000000e+07
8.272546000000000000e+06
2.159340000000000000e+05
1.763480000000000000e+05
3.039170000000000000e+05
6.297000000000000000e+05
4.249962000000000000e+06
2.480271000000000000e+06
2.593566000000000000e+06
2.988753000000000000e+06
3.012111000000000000e+06
2.854434000000000000e+06
3.193062000000000000e+06
3.377256000000000000e+06
2.999058000000000000e+06
3.020286000000000000e+06
2.887023000000000000e+06
2.899434000000000000e+06
4.854795000000000000e+06
4.564891000000000000e+06
4.231303000000000000e+06
3.693362000000000000e+06
3.022604000000000000e+06
2.824729000000000000e+06
2.800944000000000000e+06
3.324878000000000000e+06
3.502070000000000000e+06
3.586252000000000000e+06
3.598272000000000000e+06
3.614298000000000000e+06
5.956693000000000000e+06
5.008656000000000000e+06
4.053479000000000000e+06
3.723423000000000000e+06
3.703410000000000000e+06
3.794176000000000000e+06
4.289987000000000000e+06
4.705566000000000000e+06
4.392541000000000000e+06
4.451769000000000000e+06
4.671474000000000000e+06
4.541992000000000000e+06
6.321046000000000000e+06
4.733593000000000000e+06
3.920973000000000000e+06
3.720734000000000000e+06
3.638398000000000000e+06
3.550331000000000000e+06
3.539246000000000000e+06
3.725328000000000000e+06
4.029088000000000000e+06
4.152834000000000000e+06
4.103325000000000000e+06
4.189693000000000000e+06
6.525423000000000000e+06
4.860506000000000000e+06
3.852276000000000000e+06
3.706983000000000000e+06
3.589041000000000000e+06
3.604499000000000000e+06
3.638990000000000000e+06
3.704870000000000000e+06
3.770705000000000000e+06
3.856113000000000000e+06
3.852821000000000000e+06
3.856758000000000000e+06
6.041030000000000000e+06
6.081559000000000000e+06
7.080569000000000000e+06
5.410601000000000000e+06
3.698341000000000000e+06
3.416113000000000000e+06
3.339354000000000000e+06
4.215273000000000000e+06
5.419044000000000000e+06
4.462613000000000000e+06
3.258051000000000000e+06
3.306039000000000000e+06
5.623372000000000000e+06
4.262653000000000000e+06
3.507814000000000000e+06
3.290353000000000000e+06
3.190254000000000000e+06
3.025520000000000000e+06
2.945116000000000000e+06
2.911965000000000000e+06
2.910765000000000000e+06
2.926705000000000000e+06
2.919132000000000000e+06
3.022661000000000000e+06
5.346622000000000000e+06
4.136377000000000000e+06
3.377486000000000000e+06
3.211929000000000000e+06
3.170799000000000000e+06
3.130528000000000000e+06
3.121451000000000000e+06
2.964280000000000000e+06
2.944159000000000000e+06
2.931588000000000000e+06
3.050994000000000000e+06
3.253754000000000000e+06
5.604854000000000000e+06
4.511107000000000000e+06
3.813503000000000000e+06
3.616718000000000000e+06
3.946992000000000000e+06
4.186238000000000000e+06
4.273977000000000000e+06
4.213774000000000000e+06
4.135805000000000000e+06
4.036096000000000000e+06
4.169994000000000000e+06
4.155384000000000000e+06
6.461639000000000000e+06
5.376231000000000000e+06
4.782595000000000000e+06
4.972891000000000000e+06
4.867826000000000000e+06
5.080497000000000000e+06
5.040333000000000000e+06
4.864448000000000000e+06
4.300273000000000000e+06
4.216179000000000000e+06
3.685114000000000000e+06
3.351338000000000000e+06
4.355016000000000000e+06
3.406413000000000000e+06
2.357331000000000000e+06
1.723887000000000000e+06
1.351092000000000000e+06
1.102986000000000000e+06
8.641080000000000000e+05
7.763340000000000000e+05
6.894420000000000000e+05
6.035940000000000000e+05
7.127960000000000000e+05
5.860970000000000000e+05
4.291220000000000000e+05
3.629040000000000000e+05
2.661290000000000000e+05
2.591480000000000000e+05
2.769540000000000000e+05
3.084210000000000000e+05
3.073220000000000000e+05
3.666640000000000000e+05
3.324000000000000000e+05
3.801840000000000000e+05
3.094600000000000000e+05
3.664400000000000000e+05
4.568870000000000000e+05
2.907990000000000000e+05
1.345910000000000000e+05
1.548700000000000000e+05
1.469900000000000000e+04
1.606590000000000000e+05
8.882000000000000000e+03
1.712540000000000000e+05
1.595900000000000000e+04
1.749100000000000000e+05
1.886670000000000000e+05
2.322100000000000000e+04
4.184620000000000000e+05
4.664400000000000000e+04
1.988770000000000000e+05
1.779200000000000000e+04
1.881750000000000000e+05
2.559000000000000000e+04
1.906730000000000000e+05
3.413760000000000000e+05
7.121680000000000000e+05
1.169397000000000000e+06
1.343280000000000000e+06
1.534355000000000000e+06
1.679513000000000000e+06
1.767894000000000000e+06
1.754088000000000000e+06
1.801115000000000000e+06
1.751899000000000000e+06
1.688836000000000000e+06
1.563839000000000000e+06
1.421341000000000000e+06
1.104523000000000000e+06
8.411280000000000000e+05
3.690950000000000000e+05
1.384700000000000000e+05
1.029768000000000000e+06
2.053510000000000000e+05
6.918060000000000000e+05
5.024310000000000000e+05
7.031540000000000000e+05
4.300700000000000000e+04
2.335160000000000000e+05
2.893200000000000000e+04
2.091290000000000000e+05
1.863000000000000000e+04
2.258210000000000000e+05
2.603900000000000000e+04
1.030715000000000000e+06
1.107290000000000000e+05
2.426700000000000000e+05
5.086380000000000000e+05
8.029870000000000000e+05
7.257640000000000000e+05
9.064140000000000000e+05
9.633600000000000000e+05
7.212990000000000000e+05
5.923700000000000000e+04
2.959680000000000000e+05
3.337700000000000000e+04
1.393281000000000000e+06
6.774600000000000000e+04
3.366010000000000000e+05
2.889300000000000000e+04
1.846220000000000000e+05
2.194600000000000000e+04
2.847300000000000000e+05
2.521600000000000000e+04
2.235210000000000000e+05
4.050900000000000000e+04
2.444070000000000000e+05
3.146500000000000000e+04
4.981720000000000000e+05
7.509300000000000000e+04
2.317290000000000000e+05
1.262200000000000000e+04
2.037810000000000000e+05
2.879900000000000000e+04
2.162650000000000000e+05
2.152600000000000000e+04
2.014130000000000000e+05
2.090500000000000000e+04
2.417440000000000000e+05
2.274400000000000000e+04
4.292070000000000000e+05
5.896500000000000000e+04
1.560120000000000000e+05
2.960500000000000000e+04
1.729160000000000000e+05
1.033900000000000000e+04
2.501122000000000000e+06
2.163704000000000000e+06
2.301675000000000000e+06
2.224989000000000000e+06
2.288778000000000000e+06
2.323557000000000000e+06
1.455033000000000000e+06
7.314000000000000000e+04
1.397070000000000000e+05
1.977100000000000000e+04
1.721220000000000000e+05
1.650400000000000000e+04
1.732040000000000000e+05
2.169200000000000000e+04
8.180920000000000000e+05
1.467153000000000000e+06
1.652716000000000000e+06
1.963393000000000000e+06
2.349898000000000000e+06
1.059996000000000000e+06
9.031000000000000000e+03
0.000000000000000000e+00
0.000000000000000000e+00
0.000000000000000000e+00
0.000000000000000000e+00
0.000000000000000000e+00
9.273900000000000000e+04
1.148820000000000000e+05
3.711000000000000000e+03
0.000000000000000000e+00
9.965400000000000000e+04
1.672700000000000000e+04
3.735000000000000000e+03
0.000000000000000000e+00
0.000000000000000000e+00
0.000000000000000000e+00
0.000000000000000000e+00
0.000000000000000000e+00
0.000000000000000000e+00
0.000000000000000000e+00
0.000000000000000000e+00
0.000000000000000000e+00
1.544800000000000000e+04
1.672700000000000000e+04
3.735000000000000000e+03
0.000000000000000000e+00
0.000000000000000000e+00
0.000000000000000000e+00
0.000000000000000000e+00
0.000000000000000000e+00
0.000000000000000000e+00
0.000000000000000000e+00
0.000000000000000000e+00
0.000000000000000000e+00
1.756520000000000000e+05
1.838400000000000000e+04
7.086000000000000000e+04
6.240600000000000000e+04
6.986700000000000000e+04
5.957700000000000000e+04
7.470000000000000000e+04
5.936100000000000000e+04
6.187200000000000000e+04
6.932100000000000000e+04
1.071600000000000000e+04
3.435600000000000000e+04
2.273910000000000000e+05
1.439400000000000000e+04
6.813900000000000000e+04
1.007080000000000000e+05
9.783300000000000000e+04
1.045440000000000000e+05
1.045080000000000000e+05
1.077720000000000000e+05
1.249920000000000000e+05
4.198800000000000000e+04
1.760700000000000000e+04
5.472000000000000000e+04
3.369880000000000000e+05
2.955600000000000000e+04
4.127400000000000000e+04
9.950400000000000000e+04
9.930000000000000000e+04
1.024860000000000000e+05
1.005780000000000000e+05
9.354600000000000000e+04
5.183600000000000000e+04
9.486000000000000000e+03
5.244000000000000000e+04
6.392700000000000000e+04
3.125870000000000000e+05
2.316900000000000000e+04
4.096500000000000000e+04
8.254200000000000000e+04
7.762500000000000000e+04
8.731200000000000000e+04
9.451200000000000000e+04
7.818000000000000000e+04
4.596000000000000000e+03
4.976100000000000000e+04
7.644000000000000000e+04
9.815400000000000000e+04
3.694080000000000000e+05
2.405100000000000000e+04
3.639300000000000000e+04
9.474300000000000000e+04
1.188600000000000000e+05
1.301100000000000000e+05
1.272840000000000000e+05
1.425300000000000000e+04
1.449000000000000000e+03
0.000000000000000000e+00
0.000000000000000000e+00
0.000000000000000000e+00
3.882530000000000000e+05
2.919600000000000000e+04
0.000000000000000000e+00
0.000000000000000000e+00
0.000000000000000000e+00
0.000000000000000000e+00
0.000000000000000000e+00
0.000000000000000000e+00
0.000000000000000000e+00
0.000000000000000000e+00
0.000000000000000000e+00
0.000000000000000000e+00
2.919600000000000000e+04
2.919600000000000000e+04
0.000000000000000000e+00
0.000000000000000000e+00
0.000000000000000000e+00
0.000000000000000000e+00
0.000000000000000000e+00
0.000000000000000000e+00
0.000000000000000000e+00
0.000000000000000000e+00
0.000000000000000000e+00
0.000000000000000000e+00
2.919600000000000000e+04
2.919600000000000000e+04
0.000000000000000000e+00
0.000000000000000000e+00
0.000000000000000000e+00
0.000000000000000000e+00
0.000000000000000000e+00
0.000000000000000000e+00
0.000000000000000000e+00
0.000000000000000000e+00
0.000000000000000000e+00
0.000000000000000000e+00
2.919600000000000000e+04
2.919600000000000000e+04
0.000000000000000000e+00
0.000000000000000000e+00
0.000000000000000000e+00
0.000000000000000000e+00
0.000000000000000000e+00
0.000000000000000000e+00
0.000000000000000000e+00
0.000000000000000000e+00
0.000000000000000000e+00
3.384000000000000000e+03
1.146722000000000000e+06
7.416502000000000000e+06
1.939527700000000000e+07
2.550378600000000000e+07
2.749278800000000000e+07
2.967119300000000000e+07
3.031529500000000000e+07
2.977312800000000000e+07
2.593385800000000000e+07
2.495735600000000000e+07
2.384216500000000000e+07
1.339453000000000000e+07
1.357204700000000000e+07
7.508287000000000000e+06
7.602531000000000000e+06
2.967900000000000000e+05
7.671119000000000000e+06
7.911456000000000000e+06
8.386764000000000000e+06
9.369922000000000000e+06
8.694135000000000000e+06
4.242750000000000000e+05
8.725136000000000000e+06
1.116534600000000000e+07
9.266900000000000000e+06
9.302653000000000000e+06
1.076562400000000000e+07
4.288480000000000000e+05
9.661562000000000000e+06
9.407424000000000000e+06
9.050071000000000000e+06
8.651479000000000000e+06
8.392383000000000000e+06
3.378330000000000000e+05
9.105241000000000000e+06
1.035517800000000000e+07
8.125634000000000000e+06
7.723344000000000000e+06
7.212401000000000000e+06
2.443150000000000000e+05
6.886709000000000000e+06
7.229151000000000000e+06
6.670845000000000000e+06
5.717392000000000000e+06
5.391647000000000000e+06
1.992820000000000000e+05
5.020522000000000000e+06
6.743309000000000000e+06
4.798207000000000000e+06
4.292806000000000000e+06
3.448185000000000000e+06
9.452200000000000000e+04
2.989176000000000000e+06
2.803620000000000000e+06
2.762896000000000000e+06
2.973167000000000000e+06
3.264283000000000000e+06
1.194220000000000000e+05
2.708677000000000000e+06
4.768297000000000000e+06
2.729875000000000000e+06
2.597764000000000000e+06
2.988089000000000000e+06
1.536130000000000000e+05
3.460044000000000000e+06
3.141406000000000000e+06
3.148026000000000000e+06
3.176564000000000000e+06
3.380200000000000000e+06
1.282820000000000000e+05
3.776420000000000000e+06
6.667916000000000000e+06
4.194789000000000000e+06
3.741944000000000000e+06
3.736786000000000000e+06
1.034780000000000000e+05
3.731627000000000000e+06
3.899643000000000000e+06
4.372673000000000000e+06
4.078613000000000000e+06
3.733316000000000000e+06
1.489730000000000000e+05
3.975866000000000000e+06
5.904539000000000000e+06
3.676535000000000000e+06
3.712280000000000000e+06
3.662836000000000000e+06
1.919790000000000000e+05
3.362764000000000000e+06
3.647821000000000000e+06
3.838495000000000000e+06
3.901097000000000000e+06
4.212348000000000000e+06
1.493520000000000000e+05
4.477352000000000000e+06
6.413374000000000000e+06
4.921223000000000000e+06
4.795617000000000000e+06
4.760311000000000000e+06
1.412570000000000000e+05
4.636659000000000000e+06
5.336999000000000000e+06
4.617082000000000000e+06
4.541515000000000000e+06
4.338800000000000000e+06
1.903740000000000000e+05
4.180774000000000000e+06
7.388300000000000000e+06
5.744488000000000000e+06
4.931196000000000000e+06
4.193503000000000000e+06
1.580820000000000000e+05
3.744957000000000000e+06
3.751811000000000000e+06
4.955067000000000000e+06
5.247353000000000000e+06
3.860849000000000000e+06
1.458910000000000000e+05
3.419740000000000000e+06
6.062318000000000000e+06
4.452735000000000000e+06
4.099287000000000000e+06
4.506992000000000000e+06
1.524960000000000000e+05
4.021089000000000000e+06
3.847810000000000000e+06
4.092251000000000000e+06
4.114521000000000000e+06
4.221627000000000000e+06
1.352930000000000000e+05
3.896755000000000000e+06
6.134101000000000000e+06
3.965072000000000000e+06
4.875875000000000000e+06
4.729200000000000000e+06
7.055300000000000000e+04
3.697977000000000000e+06
3.866184000000000000e+06
3.940128000000000000e+06
3.600699000000000000e+06
3.466802000000000000e+06
8.709700000000000000e+04
2.987689000000000000e+06
4.979473000000000000e+06
2.943826000000000000e+06
3.521056000000000000e+06
2.852651000000000000e+06
5.236700000000000000e+04
3.414211000000000000e+06
3.614212000000000000e+06
3.558071000000000000e+06
3.698054000000000000e+06
4.318419000000000000e+06
8.949800000000000000e+04
2.817303000000000000e+06
5.545323000000000000e+06
2.900648000000000000e+06
2.984476000000000000e+06
3.089550000000000000e+06
6.882800000000000000e+04
3.253762000000000000e+06
2.939504000000000000e+06
2.761910000000000000e+06
2.611312000000000000e+06
2.629470000000000000e+06
9.281500000000000000e+04
2.351904000000000000e+06
4.987212000000000000e+06
2.636912000000000000e+06
2.611111000000000000e+06
2.783803000000000000e+06
1.446770000000000000e+05
2.894106000000000000e+06
2.928032000000000000e+06
3.292180000000000000e+06
3.294165000000000000e+06
3.260533000000000000e+06
8.706000000000000000e+04
3.453238000000000000e+06
5.965228000000000000e+06
3.694288000000000000e+06
3.950478000000000000e+06
4.177716000000000000e+06
1.477220000000000000e+05
3.713144000000000000e+06
3.805511000000000000e+06
3.836482000000000000e+06
3.826088000000000000e+06
4.152126000000000000e+06
1.546480000000000000e+05
4.892363000000000000e+06
6.658655000000000000e+06
4.558269000000000000e+06
4.439705000000000000e+06
4.328726000000000000e+06
9.170100000000000000e+04
4.447984000000000000e+06
5.316289000000000000e+06
4.489606000000000000e+06
4.031577000000000000e+06
4.098815000000000000e+06
1.324210000000000000e+05
4.134003000000000000e+06
6.485694000000000000e+06
5.194554000000000000e+06
4.334501000000000000e+06
4.273814000000000000e+06
1.059500000000000000e+05
4.189329000000000000e+06
4.589311000000000000e+06
4.616793000000000000e+06
5.127959000000000000e+06
4.808594000000000000e+06
1.692820000000000000e+05
4.363975000000000000e+06
6.638749000000000000e+06
4.530143000000000000e+06
4.279393000000000000e+06
4.342835000000000000e+06
7.728300000000000000e+04
4.268917000000000000e+06
3.639954000000000000e+06
3.583247000000000000e+06
3.479138000000000000e+06
3.010689000000000000e+06
9.805100000000000000e+04
3.009694000000000000e+06
5.509097000000000000e+06
2.962322000000000000e+06
2.846909000000000000e+06
2.553265000000000000e+06
6.554000000000000000e+04
2.272222000000000000e+06
2.477177000000000000e+06
2.926651000000000000e+06
2.613966000000000000e+06
2.492100000000000000e+06
1.194860000000000000e+05
2.408706000000000000e+06
6.047408000000000000e+06
4.150444000000000000e+06
4.830888000000000000e+06
4.398267000000000000e+06
1.735520000000000000e+05
3.333315000000000000e+06
3.517506000000000000e+06
3.778394000000000000e+06
3.790184000000000000e+06
4.796377000000000000e+06
1.198570000000000000e+05
4.100969000000000000e+06
5.871368000000000000e+06
4.109393000000000000e+06
4.196211000000000000e+06
4.159134000000000000e+06
5.049900000000000000e+04
4.246953000000000000e+06
3.922896000000000000e+06
3.779209000000000000e+06
3.905012000000000000e+06
3.883290000000000000e+06
7.567800000000000000e+04
3.860037000000000000e+06
6.121680000000000000e+06
4.927648000000000000e+06
4.508806000000000000e+06
4.755768000000000000e+06
7.475300000000000000e+04
4.511337000000000000e+06
4.486298000000000000e+06
4.803767000000000000e+06
5.177976000000000000e+06
4.458625000000000000e+06
9.775500000000000000e+04
4.131534000000000000e+06
5.795709000000000000e+06
4.008228000000000000e+06
4.377121000000000000e+06
5.023620000000000000e+06
4.497200000000000000e+04
4.024579000000000000e+06
4.021153000000000000e+06
4.116681000000000000e+06
4.090931000000000000e+06
4.036515000000000000e+06
6.266700000000000000e+04
4.334058000000000000e+06
5.624911000000000000e+06
3.478121000000000000e+06
3.590228000000000000e+06
3.635197000000000000e+06
5.884300000000000000e+04
3.396367000000000000e+06
3.753813000000000000e+06
3.130884000000000000e+06
2.799112000000000000e+06
2.924312000000000000e+06
5.975000000000000000e+04
2.553301000000000000e+06
4.621069000000000000e+06
2.562483000000000000e+06
2.318491000000000000e+06
2.321739000000000000e+06
1.164480000000000000e+05
2.105975000000000000e+06
2.212328000000000000e+06
2.115209000000000000e+06
1.989224000000000000e+06
2.267396000000000000e+06
8.774400000000000000e+04
1.980128000000000000e+06
4.364716000000000000e+06
2.043204000000000000e+06
1.925753000000000000e+06
2.183039000000000000e+06
9.432900000000000000e+04
2.359459000000000000e+06
2.365689000000000000e+06
5.098736000000000000e+06
7.630856000000000000e+06
8.981955000000000000e+06
8.922807000000000000e+06
1.205812300000000000e+07
1.669046600000000000e+07
1.580517100000000000e+07
1.880707500000000000e+07
1.887814500000000000e+07
2.849198700000000000e+07
2.598075100000000000e+07
1.988205900000000000e+07
1.510677600000000000e+07
9.716797000000000000e+06
9.217779000000000000e+06
3.764681600000000000e+07
3.127643500000000000e+07
3.571912200000000000e+07
3.659200100000000000e+07
3.214848000000000000e+07
3.564825100000000000e+07
1.536490000000000000e+05
7.109000000000000000e+03
9.255000000000000000e+04
2.935870000000000000e+05
1.637750000000000000e+05
1.829190000000000000e+05
3.513410000000000000e+05
1.878190000000000000e+05
1.839390000000000000e+05
3.693210000000000000e+05
1.692840000000000000e+05
6.955080000000000000e+05
1.172320000000000000e+05
9.021000000000000000e+03
2.956800000000000000e+04
2.842650000000000000e+05
1.137200000000000000e+05
1.149840000000000000e+05
3.063650000000000000e+05
1.615380000000000000e+05
1.614250000000000000e+05
3.161010000000000000e+05
1.511200000000000000e+05
7.742760000000000000e+05
1.446370000000000000e+05
3.975800000000000000e+04
8.548200000000000000e+04
2.900740000000000000e+05
9.248570000000000000e+05
2.902929000000000000e+06
1.941892000000000000e+06
1.646053000000000000e+06
1.451421000000000000e+06
1.529668000000000000e+06
1.463391000000000000e+06
2.959449000000000000e+06
1.569104000000000000e+06
1.221013000000000000e+06
1.288884000000000000e+06
1.393083000000000000e+06
1.025360000000000000e+06
9.451840000000000000e+05
1.067176000000000000e+06
7.256110000000000000e+05
5.754660000000000000e+05
6.145710000000000000e+05
3.739500000000000000e+05
2.185591000000000000e+06
3.135990000000000000e+05
6.684900000000000000e+04
1.853100000000000000e+04
2.031680000000000000e+05
2.272700000000000000e+04
8.178000000000000000e+03
1.982540000000000000e+05
3.367000000000000000e+04
1.041900000000000000e+04
2.104230000000000000e+05
2.055200000000000000e+04
2.027999000000000000e+06
2.737650000000000000e+05
3.470300000000000000e+05
4.056440000000000000e+05
5.850310000000000000e+05
3.724820000000000000e+05
4.001930000000000000e+05
5.954000000000000000e+05
5.076300000000000000e+04
1.118400000000000000e+04
1.687040000000000000e+05
1.045300000000000000e+04
1.150675000000000000e+06
2.095850000000000000e+05
6.639000000000000000e+03
0.000000000000000000e+00
1.850490000000000000e+05
6.066000000000000000e+03
0.000000000000000000e+00
2.097570000000000000e+05
5.878000000000000000e+03
3.615000000000000000e+03
1.971010000000000000e+05
1.677000000000000000e+04
4.740470000000000000e+05
2.136330000000000000e+05
1.271000000000000000e+04
4.629000000000000000e+03
2.029160000000000000e+05
8.243000000000000000e+03
0.000000000000000000e+00
1.751800000000000000e+05
1.388100000000000000e+04
0.000000000000000000e+00
1.957390000000000000e+05
1.936800000000000000e+04
3.729890000000000000e+05
2.164240000000000000e+05
1.807100000000000000e+04
0.000000000000000000e+00
1.910180000000000000e+05
1.054400000000000000e+04
5.812000000000000000e+03
1.944650000000000000e+05
6.927000000000000000e+03
0.000000000000000000e+00
1.754460000000000000e+05
7.164000000000000000e+03
3.184630000000000000e+05
2.053770000000000000e+05
3.075300000000000000e+04
0.000000000000000000e+00
1.769660000000000000e+05
7.568000000000000000e+03
2.038000000000000000e+03
1.850890000000000000e+05
1.634100000000000000e+04
0.000000000000000000e+00
1.757730000000000000e+05
1.484800000000000000e+04
9.087730000000000000e+05
2.045940000000000000e+05
1.814200000000000000e+04
8.856000000000000000e+03
1.658700000000000000e+05
4.416000000000000000e+03
0.000000000000000000e+00
2.663120000000000000e+05
7.877050000000000000e+05
2.127211100000000000e+07
2.432064500000000000e+07
2.463001400000000000e+07
2.311975700000000000e+07
2.335226300000000000e+07
2.425764100000000000e+07
2.272073100000000000e+07
2.194800000000000000e+04
1.646460000000000000e+05
6.384000000000000000e+03
0.000000000000000000e+00
0.000000000000000000e+00
0.000000000000000000e+00
0.000000000000000000e+00
0.000000000000000000e+00
0.000000000000000000e+00
0.000000000000000000e+00
5.128021000000000000e+06
2.378520000000000000e+05
1.936800000000000000e+04
1.394000000000000000e+03
0.000000000000000000e+00
0.000000000000000000e+00
0.000000000000000000e+00
0.000000000000000000e+00
0.000000000000000000e+00
1.536960000000000000e+05
1.808700000000000000e+07
2.584166400000000000e+07
2.941890100000000000e+07
3.069085100000000000e+07
3.158663100000000000e+07
3.172809300000000000e+07
3.034002300000000000e+07
2.046618700000000000e+07
2.213089700000000000e+07
3.007700000000000000e+05
3.180040000000000000e+05
2.896240000000000000e+05
2.796580000000000000e+05
2.753580000000000000e+05
1.017644000000000000e+06
4.211280000000000000e+05
2.616450000000000000e+05
2.327220000000000000e+05
2.245650000000000000e+05
2.219850000000000000e+05
2.086740000000000000e+05
1.965540000000000000e+05
1.924770000000000000e+05
5.015550000000000000e+05
7.321590000000000000e+05
7.525140000000000000e+05
1.290405000000000000e+06
8.093130000000000000e+05
9.046530000000000000e+05
3.425520000000000000e+05
3.125970000000000000e+05
2.869470000000000000e+05
2.716980000000000000e+05
2.911650000000000000e+05
2.900610000000000000e+05
3.035310000000000000e+05
3.231720000000000000e+05
3.460920000000000000e+05
1.214184000000000000e+06
6.028950000000000000e+05
3.968310000000000000e+05
3.956910000000000000e+05
3.743490000000000000e+05
3.930090000000000000e+05
3.924360000000000000e+05
3.655140000000000000e+05
3.034500000000000000e+05
2.701560000000000000e+05
2.559630000000000000e+05
2.565210000000000000e+05
8.359860000000000000e+05
5.082210000000000000e+05
2.916240000000000000e+05
2.332050000000000000e+05
2.174370000000000000e+05
2.079150000000000000e+05
2.087190000000000000e+05
2.466720000000000000e+05
3.014040000000000000e+05
2.696820000000000000e+05
2.106480000000000000e+05
1.935000000000000000e+05
7.862340000000000000e+05
5.564400000000000000e+05
3.518910000000000000e+05
3.174540000000000000e+05
2.946300000000000000e+05
2.639820000000000000e+05
2.580990000000000000e+05
2.702550000000000000e+05
2.869590000000000000e+05
2.857890000000000000e+05
2.695800000000000000e+05
2.812770000000000000e+05
9.184950000000000000e+05
5.240550000000000000e+05
3.104250000000000000e+05
2.395950000000000000e+05
1.999770000000000000e+05
2.034120000000000000e+05
2.042100000000000000e+05
2.056140000000000000e+05
2.012520000000000000e+05
2.257350000000000000e+05
2.488860000000000000e+05
2.512170000000000000e+05
7.492920000000000000e+05
4.233810000000000000e+05
2.413080000000000000e+05
2.084190000000000000e+05
1.878990000000000000e+05
1.795710000000000000e+05
1.740810000000000000e+05
1.829100000000000000e+05
1.885740000000000000e+05
2.077950000000000000e+05
1.942770000000000000e+05
1.980750000000000000e+05
7.336320000000000000e+05
4.050840000000000000e+05
2.518320000000000000e+05
2.086470000000000000e+05
1.758540000000000000e+05
1.515240000000000000e+05
1.453770000000000000e+05
1.825620000000000000e+05
2.475480000000000000e+05
2.689680000000000000e+05
2.210100000000000000e+05
1.734630000000000000e+05
7.842930000000000000e+05
4.714410000000000000e+05
4.901610000000000000e+05
6.506040000000000000e+05
4.573680000000000000e+05
4.540350000000000000e+05
6.375450000000000000e+05
6.329850000000000000e+05
5.979750000000000000e+05
5.908620000000000000e+05
5.873700000000000000e+05
5.937810000000000000e+05
1.004394000000000000e+06
4.823640000000000000e+05
2.797590000000000000e+05
2.686950000000000000e+05
2.615490000000000000e+05
2.664300000000000000e+05
2.845170000000000000e+05
3.190620000000000000e+05
2.801130000000000000e+05
2.224800000000000000e+05
2.269020000000000000e+05
2.490180000000000000e+05
8.069400000000000000e+05
4.146300000000000000e+05
2.938020000000000000e+05
2.970120000000000000e+05
2.657670000000000000e+05
2.526990000000000000e+05
2.688900000000000000e+05
2.793390000000000000e+05
3.098910000000000000e+05
2.778030000000000000e+05
2.222730000000000000e+05
1.889400000000000000e+05
7.248510000000000000e+05
5.053410000000000000e+05
3.377310000000000000e+05
2.946450000000000000e+05
2.750220000000000000e+05
2.310990000000000000e+05
2.604270000000000000e+05
2.885760000000000000e+05
3.068940000000000000e+05
3.147210000000000000e+05
3.163470000000000000e+05
3.253590000000000000e+05
7.952130000000000000e+05
4.447710000000000000e+05
2.926740000000000000e+05
2.937780000000000000e+05
3.105390000000000000e+05
3.036660000000000000e+05
2.866590000000000000e+05
2.849940000000000000e+05
2.557320000000000000e+05
2.082000000000000000e+05
1.755060000000000000e+05
1.924830000000000000e+05
7.077960000000000000e+05
3.788220000000000000e+05
2.454840000000000000e+05
2.310060000000000000e+05
2.002830000000000000e+05
1.946430000000000000e+05
1.863600000000000000e+05
1.798260000000000000e+05
1.647720000000000000e+05
1.645590000000000000e+05
1.554000000000000000e+05
1.373640000000000000e+05
6.745530000000000000e+05
3.280980000000000000e+05
1.679640000000000000e+05
1.663200000000000000e+05
1.208730000000000000e+05
1.050240000000000000e+05
1.242540000000000000e+05
1.448640000000000000e+05
1.376280000000000000e+05
1.325100000000000000e+05
1.256310000000000000e+05
1.160640000000000000e+05
7.059000000000000000e+05
4.044030000000000000e+05
3.076020000000000000e+05
2.812350000000000000e+05
2.782890000000000000e+05
2.770560000000000000e+05
2.828760000000000000e+05
2.719740000000000000e+05
2.742990000000000000e+05
2.679720000000000000e+05
2.738580000000000000e+05
2.781390000000000000e+05
8.272260000000000000e+05
4.774560000000000000e+05
3.213150000000000000e+05
3.062850000000000000e+05
2.866920000000000000e+05
2.898990000000000000e+05
2.816400000000000000e+05
7.772520000000000000e+05
1.480845000000000000e+06
1.713489000000000000e+06
1.702509000000000000e+06
9.667080000000000000e+05
7.894020000000000000e+05
4.420920000000000000e+05
2.617710000000000000e+05
2.432370000000000000e+05
2.285730000000000000e+05
2.349360000000000000e+05
2.669880000000000000e+05
2.758260000000000000e+05
2.791890000000000000e+05
2.663550000000000000e+05
2.767770000000000000e+05
2.792700000000000000e+05
8.107530000000000000e+05
4.750680000000000000e+05
3.161550000000000000e+05
3.108840000000000000e+05
3.134460000000000000e+05
3.030150000000000000e+05
2.759070000000000000e+05
2.669940000000000000e+05
2.536320000000000000e+05
2.654340000000000000e+05
5.246790000000000000e+05
4.844940000000000000e+05
7.611540000000000000e+05
4.331460000000000000e+05
3.085950000000000000e+05
2.956770000000000000e+05
2.790150000000000000e+05
2.420490000000000000e+05
2.390160000000000000e+05
2.754420000000000000e+05
2.934630000000000000e+05
2.466090000000000000e+05
2.406510000000000000e+05
2.408790000000000000e+05
9.114900000000000000e+05
5.078430000000000000e+05
3.009960000000000000e+05
2.692560000000000000e+05
2.478900000000000000e+05
2.477370000000000000e+05
2.507130000000000000e+05
2.356980000000000000e+05
2.502630000000000000e+05
2.573340000000000000e+05
2.297130000000000000e+05
2.431200000000000000e+05
9.088440000000000000e+05
5.027760000000000000e+05
5.142060000000000000e+05
4.343160000000000000e+05
4.054740000000000000e+05
5.346060000000000000e+05
5.371530000000000000e+05
5.032020000000000000e+05
4.856580000000000000e+05
5.030550000000000000e+05
4.982790000000000000e+05
5.070270000000000000e+05
1.014828000000000000e+06
3.716700000000000000e+05
2.366400000000000000e+05
2.273100000000000000e+05
2.478240000000000000e+05
2.256390000000000000e+05
1.963080000000000000e+05
2.112450000000000000e+05
2.005740000000000000e+05
2.154930000000000000e+05
2.201910000000000000e+05
2.199690000000000000e+05
8.325900000000000000e+05
4.134120000000000000e+05
3.353070000000000000e+05
3.639450000000000000e+05
3.259770000000000000e+05
2.732340000000000000e+05
2.245950000000000000e+05
2.640030000000000000e+05
3.999480000000000000e+05
4.502880000000000000e+05
4.221300000000000000e+05
3.601230000000000000e+05
1.013109000000000000e+06
5.837040000000000000e+05
4.460700000000000000e+05
5.141880000000000000e+05
4.986810000000000000e+05
4.474020000000000000e+05
4.647990000000000000e+05
4.974180000000000000e+05
4.526310000000000000e+05
4.228410000000000000e+05
3.538410000000000000e+05
2.910360000000000000e+05
9.296040000000000000e+05
4.935030000000000000e+05
3.343740000000000000e+05
3.095370000000000000e+05
3.100230000000000000e+05
2.488140000000000000e+05
1.689540000000000000e+05
1.588530000000000000e+05
1.616550000000000000e+05
1.649070000000000000e+05
1.648530000000000000e+05
1.885110000000000000e+05
8.145060000000000000e+05
4.043070000000000000e+05
2.664570000000000000e+05
2.625270000000000000e+05
2.704380000000000000e+05
2.521380000000000000e+05
2.450520000000000000e+05
2.327010000000000000e+05
2.461950000000000000e+05
2.523570000000000000e+05
2.217840000000000000e+05
2.154210000000000000e+05
7.863120000000000000e+05
4.346850000000000000e+05
2.688870000000000000e+05
2.660670000000000000e+05
2.717790000000000000e+05
2.795310000000000000e+05
2.881020000000000000e+05
2.212530000000000000e+05
1.609200000000000000e+05
1.620960000000000000e+05
2.274030000000000000e+05
2.255610000000000000e+05
7.965810000000000000e+05
4.169400000000000000e+05
2.832480000000000000e+05
2.739120000000000000e+05
2.359230000000000000e+05
2.465820000000000000e+05
2.471670000000000000e+05
2.711760000000000000e+05
2.809560000000000000e+05
2.946180000000000000e+05
3.073620000000000000e+05
2.899890000000000000e+05
8.706390000000000000e+05
4.232370000000000000e+05
2.472030000000000000e+05
2.786370000000000000e+05
4.927980000000000000e+05
6.525990000000000000e+05
4.977060000000000000e+05
4.779960000000000000e+05
6.362490000000000000e+05
6.435960000000000000e+05
6.753120000000000000e+05
7.211910000000000000e+05
1.349766000000000000e+06
8.694630000000000000e+05
5.584680000000000000e+05
4.513110000000000000e+05
4.722420000000000000e+05
4.323840000000000000e+05
4.318200000000000000e+05
4.083780000000000000e+05
4.412340000000000000e+05
4.837140000000000000e+05
4.668030000000000000e+05
4.268070000000000000e+05
1.057572000000000000e+06
5.942760000000000000e+05
4.150470000000000000e+05
3.846150000000000000e+05
3.661050000000000000e+05
3.210000000000000000e+05
3.118500000000000000e+05
3.261180000000000000e+05
3.385650000000000000e+05
3.399720000000000000e+05
3.419850000000000000e+05
3.504330000000000000e+05
9.273840000000000000e+05
4.684560000000000000e+05
3.215580000000000000e+05
2.929140000000000000e+05
2.280120000000000000e+05
2.335140000000000000e+05
2.153550000000000000e+05
2.304000000000000000e+05
2.259030000000000000e+05
2.087940000000000000e+05
2.289510000000000000e+05
2.339400000000000000e+05
8.341860000000000000e+05
4.310370000000000000e+05
2.898690000000000000e+05
2.594640000000000000e+05
2.625090000000000000e+05
2.714880000000000000e+05
2.225640000000000000e+05
2.216550000000000000e+05
2.550300000000000000e+05
2.064840000000000000e+05
1.954770000000000000e+05
1.980150000000000000e+05
8.687880000000000000e+05
3.837090000000000000e+05
2.613810000000000000e+05
2.341320000000000000e+05
2.666370000000000000e+05
2.959020000000000000e+05
2.823660000000000000e+05
2.669490000000000000e+05
2.811780000000000000e+05
2.686620000000000000e+05
2.834580000000000000e+05
2.499930000000000000e+05
8.234310000000000000e+05
4.105080000000000000e+05
2.482050000000000000e+05
2.129970000000000000e+05
2.087220000000000000e+05
2.627700000000000000e+05
4.155180000000000000e+05
3.960960000000000000e+05
2.631570000000000000e+05
6.034200000000000000e+05
9.271560000000000000e+05
9.570540000000000000e+05
1.583214000000000000e+06
1.134819000000000000e+06
9.674790000000000000e+05
1.082424000000000000e+06
9.353820000000000000e+05
6.661770000000000000e+05
4.768500000000000000e+05
3.578670000000000000e+05
3.891990000000000000e+05
3.944040000000000000e+05
4.044690000000000000e+05
3.998160000000000000e+05
9.736710000000000000e+05
5.608410000000000000e+05
3.478140000000000000e+05
2.872140000000000000e+05
2.676630000000000000e+05
2.503530000000000000e+05
1.731663000000000000e+06
3.089961000000000000e+06
2.993106000000000000e+06
1.655925000000000000e+06
2.617770000000000000e+05
2.460240000000000000e+05
8.888940000000000000e+05
4.304190000000000000e+05
2.823420000000000000e+05
2.580540000000000000e+05
2.055030000000000000e+05
1.754940000000000000e+05
1.776450000000000000e+05
1.648080000000000000e+05
1.405020000000000000e+05
1.194600000000000000e+05
1.235400000000000000e+05
1.219980000000000000e+05
7.142400000000000000e+05
2.646000000000000000e+05
1.484880000000000000e+05
1.696650000000000000e+05
1.766820000000000000e+05
1.654260000000000000e+05
1.580970000000000000e+05
2.486160000000000000e+05
9.920715000000000000e+06
1.903983300000000000e+07
2.668381200000000000e+07
2.963404800000000000e+07
3.301183200000000000e+07
3.971727900000000000e+07
4.208274600000000000e+07
3.611475300000000000e+07
2.880009300000000000e+07
2.228460300000000000e+07
8.442975000000000000e+06
6.581520000000000000e+06
7.009776000000000000e+06
5.931561000000000000e+06
7.187898000000000000e+06
6.665760000000000000e+06
1.010487600000000000e+07
4.667262000000000000e+06
7.656924000000000000e+06
4.266990000000000000e+05
2.125830000000000000e+05
2.459700000000000000e+04
3.477000000000000000e+03
0.000000000000000000e+00
0.000000000000000000e+00
0.000000000000000000e+00
2.070000000000000000e+03
6.495300000000000000e+04
5.379264000000000000e+06
6.718080000000000000e+05
1.375200000000000000e+04
0.000000000000000000e+00
0.000000000000000000e+00
0.000000000000000000e+00
0.000000000000000000e+00
0.000000000000000000e+00
0.000000000000000000e+00
0.000000000000000000e+00
0.000000000000000000e+00
0.000000000000000000e+00
7.485210000000000000e+05
6.668190000000000000e+05
2.505900000000000000e+04
0.000000000000000000e+00
0.000000000000000000e+00
0.000000000000000000e+00
0.000000000000000000e+00
0.000000000000000000e+00
0.000000000000000000e+00
0.000000000000000000e+00
0.000000000000000000e+00
0.000000000000000000e+00
1.056498000000000000e+06
7.065240000000000000e+05
3.405600000000000000e+04
0.000000000000000000e+00
0.000000000000000000e+00
0.000000000000000000e+00
0.000000000000000000e+00
0.000000000000000000e+00
0.000000000000000000e+00
0.000000000000000000e+00
0.000000000000000000e+00
0.000000000000000000e+00
7.276230000000000000e+05
7.083810000000000000e+05
3.587700000000000000e+04
0.000000000000000000e+00
0.000000000000000000e+00
0.000000000000000000e+00
0.000000000000000000e+00
0.000000000000000000e+00
0.000000000000000000e+00
0.000000000000000000e+00
0.000000000000000000e+00
8.490000000000000000e+02
7.257330000000000000e+05
7.011300000000000000e+05
3.684000000000000000e+04
0.000000000000000000e+00
0.000000000000000000e+00
0.000000000000000000e+00
5.137200000000000000e+04
4.299420000000000000e+05
7.390020000000000000e+05
4.214190000000000000e+05
5.321100000000000000e+04
1.212600000000000000e+04
1.226415000000000000e+06
6.910590000000000000e+05
3.476100000000000000e+04
0.000000000000000000e+00
0.000000000000000000e+00
0.000000000000000000e+00
0.000000000000000000e+00
0.000000000000000000e+00
0.000000000000000000e+00
0.000000000000000000e+00
0.000000000000000000e+00
0.000000000000000000e+00
7.043580000000000000e+05
6.942360000000000000e+05
3.444000000000000000e+04
0.000000000000000000e+00
0.000000000000000000e+00
0.000000000000000000e+00
0.000000000000000000e+00
0.000000000000000000e+00
0.000000000000000000e+00
0.000000000000000000e+00
0.000000000000000000e+00
0.000000000000000000e+00
1.080849000000000000e+06
6.684690000000000000e+05
3.701700000000000000e+04
0.000000000000000000e+00
2.529600000000000000e+04
3.242280000000000000e+05
5.772420000000000000e+05
3.591150000000000000e+05
2.124480000000000000e+05
2.079000000000000000e+04
0.000000000000000000e+00
0.000000000000000000e+00
1.232940000000000000e+06
6.517110000000000000e+05
3.615300000000000000e+04
0.000000000000000000e+00
0.000000000000000000e+00
0.000000000000000000e+00
0.000000000000000000e+00
0.000000000000000000e+00
2.541000000000000000e+03
0.000000000000000000e+00
0.000000000000000000e+00
0.000000000000000000e+00
7.259580000000000000e+05
6.715140000000000000e+05
3.366900000000000000e+04
0.000000000000000000e+00
0.000000000000000000e+00
0.000000000000000000e+00
0.000000000000000000e+00
0.000000000000000000e+00
0.000000000000000000e+00
0.000000000000000000e+00
0.000000000000000000e+00
0.000000000000000000e+00
6.902340000000000000e+05
6.706350000000000000e+05
3.155700000000000000e+04
0.000000000000000000e+00
0.000000000000000000e+00
8.625600000000000000e+04
3.311730000000000000e+05
2.646690000000000000e+05
1.367310000000000000e+05
3.018600000000000000e+04
6.981000000000000000e+03
0.000000000000000000e+00
1.057563000000000000e+06
6.653580000000000000e+05
4.423200000000000000e+04
1.752000000000000000e+03
0.000000000000000000e+00
0.000000000000000000e+00
0.000000000000000000e+00
0.000000000000000000e+00
0.000000000000000000e+00
0.000000000000000000e+00
0.000000000000000000e+00
0.000000000000000000e+00
1.223613000000000000e+06
6.341370000000000000e+05
5.434200000000000000e+04
0.000000000000000000e+00
0.000000000000000000e+00
0.000000000000000000e+00
0.000000000000000000e+00
0.000000000000000000e+00
0.000000000000000000e+00
0.000000000000000000e+00
0.000000000000000000e+00
0.000000000000000000e+00
6.555300000000000000e+05
6.347310000000000000e+05
5.434200000000000000e+04
0.000000000000000000e+00
0.000000000000000000e+00
0.000000000000000000e+00
0.000000000000000000e+00
0.000000000000000000e+00
0.000000000000000000e+00
0.000000000000000000e+00
0.000000000000000000e+00
0.000000000000000000e+00
6.392970000000000000e+05
6.335730000000000000e+05
4.320600000000000000e+04
0.000000000000000000e+00
0.000000000000000000e+00
0.000000000000000000e+00
0.000000000000000000e+00
0.000000000000000000e+00
0.000000000000000000e+00
0.000000000000000000e+00
0.000000000000000000e+00
0.000000000000000000e+00
6.284550000000000000e+05
6.335730000000000000e+05
4.320600000000000000e+04
0.000000000000000000e+00
0.000000000000000000e+00
0.000000000000000000e+00
0.000000000000000000e+00
0.000000000000000000e+00
0.000000000000000000e+00
0.000000000000000000e+00
0.000000000000000000e+00
0.000000000000000000e+00
6.284550000000000000e+05
6.330600000000000000e+05
4.694400000000000000e+04
4.140000000000000000e+03
0.000000000000000000e+00
0.000000000000000000e+00
0.000000000000000000e+00
0.000000000000000000e+00
0.000000000000000000e+00
0.000000000000000000e+00
0.000000000000000000e+00
0.000000000000000000e+00
1.232211000000000000e+06
6.500820000000000000e+05
3.356700000000000000e+04
0.000000000000000000e+00
1.062487800000000000e+07
1.169394600000000000e+07
1.116894400000000000e+07
6.418978000000000000e+06
5.880452000000000000e+06
5.458248000000000000e+06
1.026651200000000000e+07
1.434123000000000000e+07
1.645889600000000000e+07
1.344524800000000000e+07
1.171995800000000000e+07
3.228400000000000000e+04
4.081200000000000000e+04
6.266000000000000000e+03
0.000000000000000000e+00
0.000000000000000000e+00
3.938600000000000000e+04
1.792000000000000000e+03
1.792000000000000000e+03
1.792000000000000000e+03
9.495110000000000000e+05
1.804250000000000000e+05
1.985100000000000000e+04
0.000000000000000000e+00
0.000000000000000000e+00
0.000000000000000000e+00
0.000000000000000000e+00
0.000000000000000000e+00
0.000000000000000000e+00
0.000000000000000000e+00
0.000000000000000000e+00
0.000000000000000000e+00
1.730300000000000000e+05
1.804250000000000000e+05
1.985100000000000000e+04
0.000000000000000000e+00
0.000000000000000000e+00
0.000000000000000000e+00
0.000000000000000000e+00
0.000000000000000000e+00
0.000000000000000000e+00
0.000000000000000000e+00
0.000000000000000000e+00
0.000000000000000000e+00
1.730300000000000000e+05
1.804250000000000000e+05
1.985100000000000000e+04
0.000000000000000000e+00
0.000000000000000000e+00
0.000000000000000000e+00
0.000000000000000000e+00
0.000000000000000000e+00
0.000000000000000000e+00
0.000000000000000000e+00
0.000000000000000000e+00
0.000000000000000000e+00
1.870560000000000000e+05
1.804330000000000000e+05
1.985100000000000000e+04
0.000000000000000000e+00
0.000000000000000000e+00
0.000000000000000000e+00
0.000000000000000000e+00
0.000000000000000000e+00
0.000000000000000000e+00
0.000000000000000000e+00
0.000000000000000000e+00
0.000000000000000000e+00
1.730380000000000000e+05
1.804330000000000000e+05
1.985100000000000000e+04
0.000000000000000000e+00
0.000000000000000000e+00
0.000000000000000000e+00
0.000000000000000000e+00
0.000000000000000000e+00
7.572000000000000000e+03
0.000000000000000000e+00
0.000000000000000000e+00
0.000000000000000000e+00
4.893300000000000000e+05
1.783950000000000000e+05
1.705000000000000000e+04
0.000000000000000000e+00
0.000000000000000000e+00
0.000000000000000000e+00
0.000000000000000000e+00
0.000000000000000000e+00
0.000000000000000000e+00
0.000000000000000000e+00
0.000000000000000000e+00
0.000000000000000000e+00
1.753750000000000000e+05
1.783950000000000000e+05
1.705000000000000000e+04
0.000000000000000000e+00
0.000000000000000000e+00
0.000000000000000000e+00
0.000000000000000000e+00
0.000000000000000000e+00
0.000000000000000000e+00
0.000000000000000000e+00
0.000000000000000000e+00
0.000000000000000000e+00
1.771670000000000000e+05
1.783950000000000000e+05
1.705000000000000000e+04
0.000000000000000000e+00
0.000000000000000000e+00
0.000000000000000000e+00
0.000000000000000000e+00
0.000000000000000000e+00
0.000000000000000000e+00
0.000000000000000000e+00
0.000000000000000000e+00
0.000000000000000000e+00
1.766550000000000000e+05
1.783950000000000000e+05
1.705000000000000000e+04
0.000000000000000000e+00
0.000000000000000000e+00
0.000000000000000000e+00
0.000000000000000000e+00
0.000000000000000000e+00
0.000000000000000000e+00
2.407200000000000000e+04
2.011260000000000000e+05
1.689349000000000000e+06
7.182084000000000000e+06
1.411885600000000000e+07
1.382911000000000000e+07
2.066603900000000000e+07
2.248890000000000000e+05
5.739180000000000000e+05
0.000000000000000000e+00
0.000000000000000000e+00
3.570000000000000000e+03
0.000000000000000000e+00
0.000000000000000000e+00
0.000000000000000000e+00
2.800170000000000000e+05
4.086000000000000000e+03
0.000000000000000000e+00
0.000000000000000000e+00
0.000000000000000000e+00
0.000000000000000000e+00
0.000000000000000000e+00
0.000000000000000000e+00
0.000000000000000000e+00
0.000000000000000000e+00
0.000000000000000000e+00
0.000000000000000000e+00
4.086000000000000000e+03
4.086000000000000000e+03
0.000000000000000000e+00
0.000000000000000000e+00
0.000000000000000000e+00
0.000000000000000000e+00
0.000000000000000000e+00
0.000000000000000000e+00
0.000000000000000000e+00
0.000000000000000000e+00
0.000000000000000000e+00
0.000000000000000000e+00
4.086000000000000000e+03
4.086000000000000000e+03
0.000000000000000000e+00
0.000000000000000000e+00
6.936300000000000000e+04
8.115285000000000000e+06
1.761126900000000000e+07
2.451930600000000000e+07
2.648943900000000000e+07
3.026682500000000000e+07
3.317044200000000000e+07
3.630379900000000000e+07
3.918976500000000000e+07
1.917234400000000000e+07
1.809641300000000000e+07
1.001253900000000000e+07
6.981680000000000000e+05
3.300080000000000000e+05
5.553980000000000000e+05
3.108370000000000000e+05
5.836170000000000000e+05
6.212620000000000000e+05
1.770060000000000000e+05
3.582790000000000000e+05
3.199411000000000000e+06
1.039922000000000000e+06
7.346570000000000000e+05
1.627740000000000000e+05
4.626940000000000000e+05
2.361490000000000000e+05
4.288660000000000000e+05
4.554160000000000000e+05
2.512910000000000000e+05
3.257120000000000000e+05
4.452470000000000000e+05
4.721130000000000000e+05
3.153163000000000000e+06
4.395500000000000000e+05
2.740150000000000000e+05
3.601710000000000000e+05
7.206370000000000000e+05
7.975350000000000000e+05
1.854830000000000000e+05
3.986800000000000000e+05
2.328570000000000000e+05
4.893150000000000000e+05
6.436050000000000000e+05
2.776480000000000000e+05
3.064384000000000000e+06
4.547540000000000000e+05
3.836150000000000000e+05
8.450780000000000000e+05
2.802230000000000000e+05
4.387400000000000000e+05
2.746190000000000000e+05
9.307400000000000000e+05
1.129114000000000000e+06
3.382190000000000000e+05
7.309610000000000000e+05
3.216040000000000000e+05
3.991511000000000000e+06
8.510580000000000000e+05
1.662470000000000000e+05
3.618250000000000000e+05
2.648640000000000000e+05
5.029700000000000000e+05
9.244300000000000000e+05
1.758260000000000000e+05
3.856800000000000000e+05
3.410480000000000000e+05
6.494790000000000000e+05
5.421900000000000000e+05
3.261790000000000000e+06
7.670390000000000000e+05
3.388940000000000000e+05
7.665440000000000000e+05
5.955360000000000000e+05
1.856610000000000000e+05
6.865400000000000000e+05
2.139360000000000000e+05
4.477000000000000000e+05
9.289620000000000000e+05
1.789690000000000000e+05
3.702190000000000000e+05
3.980613000000000000e+06
7.602200000000000000e+05
7.583280000000000000e+05
2.266030000000000000e+05
5.795380000000000000e+05
4.949200000000000000e+05
6.067380000000000000e+05
7.947670000000000000e+05
2.533580000000000000e+05
4.874990000000000000e+05
3.234260000000000000e+05
5.012170000000000000e+05
3.758050000000000000e+06
4.264970000000000000e+05
3.049850000000000000e+05
3.400200000000000000e+05
4.025690000000000000e+05
4.225280000000000000e+05
1.537350000000000000e+05
3.849780000000000000e+05
4.499490000000000000e+05
4.228660000000000000e+05
5.228900000000000000e+05
1.784780000000000000e+05
3.103093000000000000e+06
5.284110000000000000e+05
4.095670000000000000e+05
9.132630000000000000e+05
1.364430000000000000e+05
6.869370000000000000e+05
4.648210000000000000e+05
5.304090000000000000e+05
5.814970000000000000e+05
1.472510000000000000e+05
4.170270000000000000e+05
2.788390000000000000e+05
3.692092000000000000e+06
6.968880000000000000e+05
2.089680000000000000e+05
3.249130000000000000e+05
2.487400000000000000e+05
4.502700000000000000e+05
4.993430000000000000e+05
1.428130000000000000e+05
4.306270000000000000e+05
2.554660000000000000e+05
1.303634000000000000e+06
4.999300000000000000e+05
3.652098000000000000e+06
5.126290000000000000e+05
2.454010000000000000e+05
3.545720000000000000e+05
6.700530000000000000e+05
2.415790000000000000e+05
5.162260000000000000e+05
3.034880000000000000e+05
5.257260000000000000e+05
9.844930000000000000e+05
1.908310000000000000e+05
3.366280000000000000e+05
3.710400000000000000e+06
7.442560000000000000e+05
3.293550000000000000e+05
1.580050000000000000e+05
3.712010000000000000e+05
2.392540000000000000e+05
5.587440000000000000e+05
7.011530000000000000e+05
1.853660000000000000e+05
4.505360000000000000e+05
3.344940000000000000e+05
6.697550000000000000e+05
4.045209000000000000e+06
3.894180000000000000e+05
2.531520000000000000e+05
2.495680000000000000e+05
4.138500000000000000e+05
7.147050000000000000e+05
3.162160000000000000e+05
5.442210000000000000e+05
2.436810000000000000e+05
4.231990000000000000e+05
7.167010000000000000e+05
2.741360000000000000e+05
3.421869000000000000e+06
4.856950000000000000e+05
4.828020000000000000e+05
4.766450000000000000e+05
1.094840000000000000e+05
3.373770000000000000e+05
4.421900000000000000e+05
3.520580000000000000e+05
5.630950000000000000e+05
1.920720000000000000e+05
5.044210000000000000e+05
3.203830000000000000e+05
3.623914000000000000e+06
1.311258000000000000e+06
2.108000000000000000e+05
3.494790000000000000e+05
3.838670000000000000e+05
5.412210000000000000e+05
5.972360000000000000e+05
2.477590000000000000e+05
3.712700000000000000e+05
2.580280000000000000e+05
5.465780000000000000e+05
7.108710000000000000e+05
3.465157000000000000e+06
5.446890000000000000e+05
1.748840000000000000e+05
5.443770000000000000e+05
6.077840000000000000e+05
2.437820000000000000e+05
3.899260000000000000e+05
3.265780000000000000e+05
4.621180000000000000e+05
4.849560000000000000e+05
1.397630000000000000e+05
3.002450000000000000e+05
3.425990000000000000e+06
7.298530000000000000e+05
5.818480000000000000e+05
1.244540000000000000e+05
3.069750000000000000e+05
2.447850000000000000e+05
3.464330000000000000e+05
7.795780000000000000e+05
1.434480000000000000e+05
3.132020000000000000e+05
2.296750000000000000e+05
6.488830000000000000e+05
3.408631000000000000e+06
4.409160000000000000e+05
2.530380000000000000e+05
3.411500000000000000e+05
4.190320000000000000e+05
6.876010000000000000e+05
1.618430000000000000e+05
5.152760000000000000e+05
3.001170000000000000e+05
6.912400000000000000e+05
4.349790000000000000e+05
1.773890000000000000e+05
3.250787000000000000e+06
4.656530000000000000e+05
4.020950000000000000e+05
7.987150000000000000e+05
1.908420000000000000e+05
3.221260000000000000e+05
1.971340000000000000e+05
8.182080000000000000e+05
4.478470000000000000e+05
1.157260000000000000e+05
3.255930000000000000e+05
5.419300000000000000e+05
3.552767000000000000e+06
8.362110000000000000e+05
1.590510000000000000e+05
3.571750000000000000e+05
2.576440000000000000e+05
5.807040000000000000e+05
5.724200000000000000e+05
1.561700000000000000e+05
3.417300000000000000e+05
3.652710000000000000e+05
6.056840000000000000e+05
6.794070000000000000e+05
3.416823000000000000e+06
6.843270000000000000e+05
2.759650000000000000e+05
4.502690000000000000e+05
5.612210000000000000e+05
2.397760000000000000e+05
2.836510000000000000e+05
3.305290000000000000e+05
4.282820000000000000e+05
4.265500000000000000e+05
1.573160000000000000e+05
2.223940000000000000e+05
3.237683000000000000e+06
8.086230000000000000e+05
4.423000000000000000e+05
1.944670000000000000e+05
3.290010000000000000e+05
2.401760000000000000e+05
7.021200000000000000e+05
6.376740000000000000e+05
2.175870000000000000e+05
2.145630000000000000e+05
3.273970000000000000e+05
3.495530000000000000e+05
3.369289000000000000e+06
5.301080000000000000e+05
4.069640000000000000e+05
3.128700000000000000e+05
6.109010000000000000e+05
5.571310000000000000e+05
1.357910000000000000e+05
2.693800000000000000e+05
3.518970000000000000e+05
4.020570000000000000e+05
5.698170000000000000e+05
1.319930000000000000e+05
2.928265000000000000e+06
4.993340000000000000e+05
4.175420000000000000e+05
3.722860000000000000e+05
9.689400000000000000e+04
2.626710000000000000e+05
2.101450000000000000e+05
4.419590000000000000e+05
4.826790000000000000e+05
2.387060000000000000e+05
3.600270000000000000e+05
2.535840000000000000e+05
2.810104000000000000e+06
6.430400000000000000e+05
2.259210000000000000e+05
4.310030000000000000e+05
2.084400000000000000e+05
5.183490000000000000e+05
4.162200000000000000e+05
1.326930000000000000e+05
4.504050000000000000e+05
3.651260000000000000e+05
6.821100000000000000e+05
4.482360000000000000e+05
3.360644000000000000e+06
6.456640000000000000e+05
2.304390000000000000e+05
5.796860000000000000e+05
5.664540000000000000e+05
1.033659300000000000e+07
9.052294000000000000e+06
8.642223000000000000e+06
8.626161000000000000e+06
8.359264000000000000e+06
7.006091000000000000e+06
9.080106000000000000e+06
1.158051800000000000e+07
1.142205500000000000e+07
1.300769800000000000e+07
1.383413200000000000e+07
7.709600000000000000e+04
4.733668000000000000e+06
5.270815000000000000e+06
5.475106000000000000e+06
5.942269000000000000e+06
6.021383000000000000e+06
3.506910000000000000e+05
6.531839000000000000e+06
8.044279000000000000e+06
6.892159000000000000e+06
6.876397000000000000e+06
6.991766000000000000e+06
3.448990000000000000e+05
6.347369000000000000e+06
6.301674000000000000e+06
5.932618000000000000e+06
5.971244000000000000e+06
5.863036000000000000e+06
4.325960000000000000e+05
5.851151000000000000e+06
7.126063000000000000e+06
5.855678000000000000e+06
5.759756000000000000e+06
5.788561000000000000e+06
3.400780000000000000e+05
5.679408000000000000e+06
5.764664000000000000e+06
5.873502000000000000e+06
6.026115000000000000e+06
6.082730000000000000e+06
5.682040000000000000e+05
5.901893000000000000e+06
7.633656000000000000e+06
6.217543000000000000e+06
6.163817000000000000e+06
6.101989000000000000e+06
3.721100000000000000e+05
6.032708000000000000e+06
6.405266000000000000e+06
6.790798000000000000e+06
6.960204000000000000e+06
7.336675000000000000e+06
5.684020000000000000e+05
7.741941000000000000e+06
9.876579000000000000e+06
9.102796000000000000e+06
9.010730000000000000e+06
9.165263000000000000e+06
7.303800000000000000e+05
9.109778000000000000e+06
9.150500000000000000e+06
9.415887000000000000e+06
9.788015000000000000e+06
9.842600000000000000e+06
9.039990000000000000e+05
1.004265700000000000e+07
1.203243700000000000e+07
1.095038000000000000e+07
1.064258800000000000e+07
1.057086200000000000e+07
9.165200000000000000e+05
1.036321100000000000e+07
1.039830000000000000e+07
1.060960100000000000e+07
1.076070800000000000e+07
1.068062400000000000e+07
1.099273000000000000e+06
1.010715500000000000e+07
1.135858600000000000e+07
1.011087400000000000e+07
9.758531000000000000e+06
9.734342000000000000e+06
9.126020000000000000e+05
9.067303000000000000e+06
9.103138000000000000e+06
9.085086000000000000e+06
8.895389000000000000e+06
8.667526000000000000e+06
8.403910000000000000e+05
8.340041000000000000e+06
9.490187000000000000e+06
8.243311000000000000e+06
8.146697000000000000e+06
8.097595000000000000e+06
8.069360000000000000e+05
7.802639000000000000e+06
7.963070000000000000e+06
8.041880000000000000e+06
8.056749000000000000e+06
7.993063000000000000e+06
6.210880000000000000e+05
8.050050000000000000e+06
9.505387000000000000e+06
8.695412000000000000e+06
8.456415000000000000e+06
8.637690000000000000e+06
7.550350000000000000e+05
8.249195000000000000e+06
8.358406000000000000e+06
8.107623000000000000e+06
7.903519000000000000e+06
8.049320000000000000e+06
7.393130000000000000e+05
7.692598000000000000e+06
9.193183000000000000e+06
7.663811000000000000e+06
7.198021000000000000e+06
7.396404000000000000e+06
6.612640000000000000e+05
7.091098000000000000e+06
7.046517000000000000e+06
6.742411000000000000e+06
6.709086000000000000e+06
5.980446000000000000e+06
6.234200000000000000e+05
5.719010000000000000e+06
6.919184000000000000e+06
5.350529000000000000e+06
4.897850000000000000e+06
4.806213000000000000e+06
4.499570000000000000e+05
4.089665000000000000e+06
4.033906000000000000e+06
3.990077000000000000e+06
3.838739000000000000e+06
3.558253000000000000e+06
3.004540000000000000e+05
3.468574000000000000e+06
5.184046000000000000e+06
3.350804000000000000e+06
3.070444000000000000e+06
3.031373000000000000e+06
1.268660000000000000e+05
2.453227000000000000e+06
2.574582000000000000e+06
2.440222000000000000e+06
2.392521000000000000e+06
2.329162000000000000e+06
1.337430000000000000e+05
2.165031000000000000e+06
3.634395000000000000e+06
1.926635000000000000e+06
1.985076000000000000e+06
2.030032000000000000e+06
9.315000000000000000e+04
1.893506000000000000e+06
1.856055000000000000e+06
2.133270000000000000e+06
1.943830000000000000e+06
2.000793000000000000e+06
1.013280000000000000e+05
1.977515000000000000e+06
3.570911000000000000e+06
2.228515000000000000e+06
2.301181000000000000e+06
2.091843000000000000e+06
1.138380000000000000e+05
2.036453000000000000e+06
1.985309000000000000e+06
1.812626000000000000e+06
1.989137000000000000e+06
1.776993000000000000e+06
1.158610000000000000e+05
1.779001000000000000e+06
3.578990000000000000e+06
1.966885000000000000e+06
2.253537000000000000e+06
2.418427000000000000e+06
9.429400000000000000e+04
2.669763000000000000e+06
2.362362000000000000e+06
2.640916000000000000e+06
2.783942000000000000e+06
2.990020000000000000e+06
1.981330000000000000e+05
2.934127000000000000e+06
4.601972000000000000e+06
3.101204000000000000e+06
3.530651000000000000e+06
3.627789000000000000e+06
2.232940000000000000e+05
3.511659000000000000e+06
3.623709000000000000e+06
3.919982000000000000e+06
3.798452000000000000e+06
3.445832000000000000e+06
3.345390000000000000e+05
3.029846000000000000e+06
4.393589000000000000e+06
2.924655000000000000e+06
2.965638000000000000e+06
2.853110000000000000e+06
2.320240000000000000e+05
2.856375000000000000e+06
3.118528000000000000e+06
3.332746000000000000e+06
3.060574000000000000e+06
3.265799000000000000e+06
2.988600000000000000e+05
3.281268000000000000e+06
4.400992000000000000e+06
2.780406000000000000e+06
3.087694000000000000e+06
3.010835000000000000e+06
1.390330000000000000e+05
3.026205000000000000e+06
3.230852000000000000e+06
3.332109000000000000e+06
3.388580000000000000e+06
3.673556000000000000e+06
3.042950000000000000e+05
3.363612000000000000e+06
4.919398000000000000e+06
3.749986000000000000e+06
3.821635000000000000e+06
3.999386000000000000e+06
1.838790000000000000e+05
3.903554000000000000e+06
4.032827000000000000e+06
4.082605000000000000e+06
4.111076000000000000e+06
4.236081000000000000e+06
2.431560000000000000e+05
4.350013000000000000e+06
5.644621000000000000e+06
4.792908000000000000e+06
4.946147000000000000e+06
4.771201000000000000e+06
2.023230000000000000e+05
4.643310000000000000e+06
4.665057000000000000e+06
4.579930000000000000e+06
4.573455000000000000e+06
4.660177000000000000e+06
2.491690000000000000e+05
4.741679000000000000e+06
6.114225000000000000e+06
5.222606000000000000e+06
5.067075000000000000e+06
5.030134000000000000e+06
2.517490000000000000e+05
4.794438000000000000e+06
4.846184000000000000e+06
2.550374600000000000e+07
2.623596500000000000e+07
2.604024800000000000e+07
0.000000000000000000e+00
0.000000000000000000e+00
0.000000000000000000e+00
5.376000000000000000e+03
6.172800000000000000e+04
5.980800000000000000e+04
1.119000000000000000e+05
9.629600000000000000e+04
1.157250000000000000e+05
4.342800000000000000e+04
8.405000000000000000e+03
2.356850000000000000e+05
2.246700000000000000e+04
0.000000000000000000e+00
0.000000000000000000e+00
0.000000000000000000e+00
0.000000000000000000e+00
0.000000000000000000e+00
2.956800000000000000e+04
1.644000000000000000e+04
4.740200000000000000e+04
5.259200000000000000e+04
5.497300000000000000e+04
1.596110000000000000e+05
3.202200000000000000e+04
2.855400000000000000e+04
4.334400000000000000e+04
4.234800000000000000e+04
4.704300000000000000e+04
3.627200000000000000e+04
3.549700000000000000e+04
2.336000000000000000e+03
4.302000000000000000e+03
0.000000000000000000e+00
0.000000000000000000e+00
1.617480000000000000e+05
3.009800000000000000e+04
0.000000000000000000e+00
0.000000000000000000e+00
4.320000000000000000e+04
9.363200000000000000e+04
8.756800000000000000e+04
1.121250000000000000e+05
1.212950000000000000e+05
1.078380000000000000e+05
2.455400000000000000e+04
2.086000000000000000e+03
2.925710000000000000e+05
5.770200000000000000e+04
3.126400000000000000e+04
4.241800000000000000e+04
5.261700000000000000e+04
2.287100000000000000e+04
6.328000000000000000e+03
2.839600000000000000e+04
6.525200000000000000e+04
5.479600000000000000e+04
5.247800000000000000e+04
5.114500000000000000e+04
2.965490000000000000e+05
7.103300000000000000e+04
2.029000000000000000e+04
3.562700000000000000e+04
4.278900000000000000e+04
7.527900000000000000e+04
7.725100000000000000e+04
4.286400000000000000e+04
8.853000000000000000e+03
5.010000000000000000e+03
1.920000000000000000e+04
4.329500000000000000e+04
3.324230000000000000e+05
1.020470000000000000e+05
9.604000000000000000e+03
3.867000000000000000e+03
0.000000000000000000e+00
1.881600000000000000e+04
4.292800000000000000e+04
4.161200000000000000e+04
5.480900000000000000e+04
6.678200000000000000e+04
4.542000000000000000e+03
0.000000000000000000e+00
3.610870000000000000e+05
1.133980000000000000e+05
1.854500000000000000e+04
3.937000000000000000e+03
0.000000000000000000e+00
1.145700000000000000e+04
0.000000000000000000e+00
0.000000000000000000e+00
0.000000000000000000e+00
0.000000000000000000e+00
0.000000000000000000e+00
0.000000000000000000e+00
3.094690000000000000e+05
1.257860000000000000e+05
1.551700000000000000e+04
0.000000000000000000e+00
0.000000000000000000e+00
0.000000000000000000e+00
0.000000000000000000e+00
0.000000000000000000e+00
0.000000000000000000e+00
0.000000000000000000e+00
0.000000000000000000e+00
0.000000000000000000e+00
1.206450000000000000e+05
1.257860000000000000e+05
1.551700000000000000e+04
0.000000000000000000e+00
0.000000000000000000e+00
0.000000000000000000e+00
0.000000000000000000e+00
0.000000000000000000e+00
0.000000000000000000e+00
0.000000000000000000e+00
0.000000000000000000e+00
0.000000000000000000e+00
1.206450000000000000e+05
1.257860000000000000e+05
1.551700000000000000e+04
0.000000000000000000e+00
0.000000000000000000e+00
0.000000000000000000e+00
0.000000000000000000e+00
0.000000000000000000e+00
0.000000000000000000e+00
0.000000000000000000e+00
0.000000000000000000e+00
0.000000000000000000e+00
1.206450000000000000e+05
1.257860000000000000e+05
1.551700000000000000e+04
0.000000000000000000e+00
0.000000000000000000e+00
0.000000000000000000e+00
3.105148000000000000e+06
7.318644000000000000e+06
9.356341000000000000e+06
8.799616000000000000e+06
1.073387100000000000e+07
1.129550100000000000e+07
1.283259600000000000e+07
1.176912000000000000e+07
1.195508500000000000e+07
1.345325700000000000e+07
1.244958200000000000e+07
5.468530000000000000e+06
5.529767000000000000e+06
5.330109000000000000e+06
5.180422000000000000e+06
4.979930000000000000e+06
4.749972000000000000e+06
4.525084000000000000e+06
6.809702000000000000e+06
4.073974000000000000e+06
3.699355000000000000e+06
3.359263000000000000e+06
2.867240000000000000e+06
2.436986000000000000e+06
1.859057000000000000e+06
1.223436000000000000e+06
3.365610000000000000e+05
3.610400000000000000e+04
1.424000000000000000e+03
0.000000000000000000e+00
3.795205000000000000e+06
1.715580000000000000e+05
6.357000000000000000e+03
0.000000000000000000e+00
0.000000000000000000e+00
0.000000000000000000e+00
0.000000000000000000e+00
0.000000000000000000e+00
0.000000000000000000e+00
0.000000000000000000e+00
0.000000000000000000e+00
2.262000000000000000e+04
8.516250000000000000e+05
1.752110000000000000e+05
2.079700000000000000e+04
0.000000000000000000e+00
0.000000000000000000e+00
0.000000000000000000e+00
0.000000000000000000e+00
0.000000000000000000e+00
0.000000000000000000e+00
1.409000000000000000e+04
2.320400000000000000e+05
5.292040000000000000e+05
1.118848000000000000e+06
1.115480000000000000e+06
1.799350000000000000e+05
3.395700000000000000e+04
0.000000000000000000e+00
0.000000000000000000e+00
2.214000000000000000e+03
0.000000000000000000e+00
0.000000000000000000e+00
0.000000000000000000e+00
0.000000000000000000e+00
0.000000000000000000e+00
7.022650000000000000e+05
1.830550000000000000e+05
1.862500000000000000e+04
0.000000000000000000e+00
0.000000000000000000e+00
0.000000000000000000e+00
0.000000000000000000e+00
0.000000000000000000e+00
0.000000000000000000e+00
0.000000000000000000e+00
0.000000000000000000e+00
0.000000000000000000e+00
3.789210000000000000e+05
1.949790000000000000e+05
2.058300000000000000e+04
0.000000000000000000e+00
0.000000000000000000e+00
0.000000000000000000e+00
0.000000000000000000e+00
0.000000000000000000e+00
5.149000000000000000e+03
0.000000000000000000e+00
0.000000000000000000e+00
0.000000000000000000e+00
2.665820000000000000e+05
2.059700000000000000e+05
2.283300000000000000e+04
0.000000000000000000e+00
0.000000000000000000e+00
0.000000000000000000e+00
0.000000000000000000e+00
0.000000000000000000e+00
0.000000000000000000e+00
0.000000000000000000e+00
0.000000000000000000e+00
4.230000000000000000e+03
5.071960000000000000e+05
1.824340000000000000e+05
2.399700000000000000e+04
0.000000000000000000e+00
0.000000000000000000e+00
0.000000000000000000e+00
0.000000000000000000e+00
0.000000000000000000e+00
0.000000000000000000e+00
0.000000000000000000e+00
0.000000000000000000e+00
0.000000000000000000e+00
2.122050000000000000e+05
2.348950000000000000e+05
4.273710000000000000e+05
4.175860000000000000e+05
4.370090000000000000e+05
3.960510000000000000e+05
3.653420000000000000e+05
0.000000000000000000e+00
0.000000000000000000e+00
0.000000000000000000e+00
0.000000000000000000e+00
0.000000000000000000e+00
1.049835000000000000e+06
1.955690000000000000e+05
2.785300000000000000e+04
0.000000000000000000e+00
0.000000000000000000e+00
3.400000000000000000e+03
0.000000000000000000e+00
0.000000000000000000e+00
0.000000000000000000e+00
0.000000000000000000e+00
0.000000000000000000e+00
0.000000000000000000e+00
3.992570000000000000e+05
2.003050000000000000e+05
3.025700000000000000e+04
0.000000000000000000e+00
0.000000000000000000e+00
0.000000000000000000e+00
0.000000000000000000e+00
0.000000000000000000e+00
0.000000000000000000e+00
0.000000000000000000e+00
1.688000000000000000e+03
0.000000000000000000e+00
3.312080000000000000e+05
1.967590000000000000e+05
2.461100000000000000e+04
0.000000000000000000e+00
0.000000000000000000e+00
0.000000000000000000e+00
0.000000000000000000e+00
0.000000000000000000e+00
0.000000000000000000e+00
0.000000000000000000e+00
0.000000000000000000e+00
3.041000000000000000e+03
5.534900000000000000e+05
1.969570000000000000e+05
3.064500000000000000e+04
2.716000000000000000e+03
0.000000000000000000e+00
0.000000000000000000e+00
0.000000000000000000e+00
0.000000000000000000e+00
0.000000000000000000e+00
0.000000000000000000e+00
0.000000000000000000e+00
0.000000000000000000e+00
2.211340000000000000e+05
1.969570000000000000e+05
3.319800000000000000e+04
2.716000000000000000e+03
0.000000000000000000e+00
0.000000000000000000e+00
0.000000000000000000e+00
0.000000000000000000e+00
0.000000000000000000e+00
0.000000000000000000e+00
0.000000000000000000e+00
0.000000000000000000e+00
3.228120000000000000e+05
1.884130000000000000e+05
2.357400000000000000e+04
0.000000000000000000e+00
0.000000000000000000e+00
0.000000000000000000e+00
0.000000000000000000e+00
1.667000000000000000e+03
0.000000000000000000e+00
0.000000000000000000e+00
0.000000000000000000e+00
0.000000000000000000e+00
2.797920000000000000e+05
1.918020000000000000e+05
2.363800000000000000e+04
0.000000000000000000e+00
0.000000000000000000e+00
0.000000000000000000e+00
0.000000000000000000e+00
0.000000000000000000e+00
4.947000000000000000e+03
0.000000000000000000e+00
0.000000000000000000e+00
0.000000000000000000e+00
2.613750000000000000e+05
1.953770000000000000e+05
2.869100000000000000e+04
0.000000000000000000e+00
0.000000000000000000e+00
0.000000000000000000e+00
0.000000000000000000e+00
0.000000000000000000e+00
0.000000000000000000e+00
0.000000000000000000e+00
0.000000000000000000e+00
6.762000000000000000e+03
5.953520000000000000e+05
2.093410000000000000e+05
1.976100000000000000e+04
0.000000000000000000e+00
0.000000000000000000e+00
0.000000000000000000e+00
0.000000000000000000e+00
0.000000000000000000e+00
0.000000000000000000e+00
0.000000000000000000e+00
4.796700000000000000e+04
6.026690000000000000e+05
2.085952000000000000e+06
4.324790000000000000e+05
1.073950000000000000e+06
1.149576000000000000e+06
1.251861000000000000e+06
1.309717000000000000e+06
5.799660000000000000e+05
1.143100000000000000e+04
0.000000000000000000e+00
0.000000000000000000e+00
0.000000000000000000e+00
0.000000000000000000e+00
6.269460000000000000e+05
1.817210000000000000e+05
1.374100000000000000e+04
0.000000000000000000e+00
0.000000000000000000e+00
0.000000000000000000e+00
0.000000000000000000e+00
0.000000000000000000e+00
0.000000000000000000e+00
0.000000000000000000e+00
0.000000000000000000e+00
0.000000000000000000e+00
3.052820000000000000e+05
1.797580000000000000e+05
1.584000000000000000e+04
0.000000000000000000e+00
0.000000000000000000e+00
0.000000000000000000e+00
0.000000000000000000e+00
0.000000000000000000e+00
0.000000000000000000e+00
0.000000000000000000e+00
0.000000000000000000e+00
0.000000000000000000e+00
2.194120000000000000e+05
1.768370000000000000e+05
1.582100000000000000e+04
0.000000000000000000e+00
0.000000000000000000e+00
0.000000000000000000e+00
1.543800000000000000e+04
3.797410000000000000e+05
4.320070000000000000e+05
4.268050000000000000e+05
4.099970000000000000e+05
8.776730000000000000e+05
1.162819000000000000e+06
1.928340000000000000e+05
2.553800000000000000e+04
0.000000000000000000e+00
0.000000000000000000e+00
0.000000000000000000e+00
0.000000000000000000e+00
0.000000000000000000e+00
0.000000000000000000e+00
0.000000000000000000e+00
0.000000000000000000e+00
0.000000000000000000e+00
2.112410000000000000e+05
1.929620000000000000e+05
2.553800000000000000e+04
0.000000000000000000e+00
0.000000000000000000e+00
0.000000000000000000e+00
0.000000000000000000e+00
0.000000000000000000e+00
0.000000000000000000e+00
0.000000000000000000e+00
0.000000000000000000e+00
0.000000000000000000e+00
2.747080000000000000e+05
1.918860000000000000e+05
2.424100000000000000e+04
0.000000000000000000e+00
0.000000000000000000e+00
0.000000000000000000e+00
0.000000000000000000e+00
0.000000000000000000e+00
0.000000000000000000e+00
0.000000000000000000e+00
0.000000000000000000e+00
0.000000000000000000e+00
2.944440000000000000e+05
1.860430000000000000e+05
2.147300000000000000e+04
0.000000000000000000e+00
0.000000000000000000e+00
0.000000000000000000e+00
0.000000000000000000e+00
0.000000000000000000e+00
0.000000000000000000e+00
0.000000000000000000e+00
0.000000000000000000e+00
0.000000000000000000e+00
2.688570000000000000e+05
1.855650000000000000e+05
2.305500000000000000e+04
0.000000000000000000e+00
0.000000000000000000e+00
0.000000000000000000e+00
0.000000000000000000e+00
0.000000000000000000e+00
0.000000000000000000e+00
0.000000000000000000e+00
0.000000000000000000e+00
2.058000000000000000e+03
4.381270000000000000e+05
1.639010000000000000e+05
1.660200000000000000e+04
0.000000000000000000e+00
0.000000000000000000e+00
0.000000000000000000e+00
0.000000000000000000e+00
0.000000000000000000e+00
0.000000000000000000e+00
0.000000000000000000e+00
0.000000000000000000e+00
4.216280000000000000e+05
6.552880000000000000e+05
5.550310000000000000e+05
6.536610000000000000e+05
5.959290000000000000e+05
5.419550000000000000e+05
9.872000000000000000e+03
2.014000000000000000e+03
0.000000000000000000e+00
0.000000000000000000e+00
0.000000000000000000e+00
0.000000000000000000e+00
0.000000000000000000e+00
9.586160000000000000e+05
1.629110000000000000e+05
1.706400000000000000e+04
0.000000000000000000e+00
0.000000000000000000e+00
0.000000000000000000e+00
0.000000000000000000e+00
5.098000000000000000e+03
4.947000000000000000e+03
0.000000000000000000e+00
0.000000000000000000e+00
0.000000000000000000e+00
3.380990000000000000e+05
1.756450000000000000e+05
1.915200000000000000e+04
0.000000000000000000e+00
0.000000000000000000e+00
0.000000000000000000e+00
0.000000000000000000e+00
0.000000000000000000e+00
0.000000000000000000e+00
0.000000000000000000e+00
1.872000000000000000e+03
0.000000000000000000e+00
3.437340000000000000e+05
1.802010000000000000e+05
2.393500000000000000e+04
0.000000000000000000e+00
0.000000000000000000e+00
0.000000000000000000e+00
0.000000000000000000e+00
0.000000000000000000e+00
0.000000000000000000e+00
0.000000000000000000e+00
0.000000000000000000e+00
4.068000000000000000e+03
5.542020000000000000e+05
1.759480000000000000e+05
1.293000000000000000e+04
0.000000000000000000e+00
0.000000000000000000e+00
0.000000000000000000e+00
0.000000000000000000e+00
0.000000000000000000e+00
0.000000000000000000e+00
0.000000000000000000e+00
0.000000000000000000e+00
0.000000000000000000e+00
1.905330000000000000e+05
1.759480000000000000e+05
1.293000000000000000e+04
0.000000000000000000e+00
0.000000000000000000e+00
0.000000000000000000e+00
0.000000000000000000e+00
0.000000000000000000e+00
0.000000000000000000e+00
0.000000000000000000e+00
0.000000000000000000e+00
0.000000000000000000e+00
2.436150000000000000e+05
1.735660000000000000e+05
7.835000000000000000e+03
0.000000000000000000e+00
0.000000000000000000e+00
0.000000000000000000e+00
0.000000000000000000e+00
0.000000000000000000e+00
0.000000000000000000e+00
0.000000000000000000e+00
4.293900000000000000e+04
2.071920000000000000e+05
6.113020000000000000e+05
8.888850000000000000e+05
3.949210000000000000e+05
1.066600000000000000e+04
0.000000000000000000e+00
0.000000000000000000e+00
0.000000000000000000e+00
0.000000000000000000e+00
6.697000000000000000e+03
1.995000000000000000e+03
0.000000000000000000e+00
2.432000000000000000e+03
7.371350000000000000e+05
1.845960000000000000e+05
1.924200000000000000e+04
0.000000000000000000e+00
0.000000000000000000e+00
0.000000000000000000e+00
0.000000000000000000e+00
0.000000000000000000e+00
0.000000000000000000e+00
0.000000000000000000e+00
0.000000000000000000e+00
0.000000000000000000e+00
6.314730000000000000e+05
2.062570000000000000e+05
3.016100000000000000e+04
0.000000000000000000e+00
0.000000000000000000e+00
0.000000000000000000e+00
0.000000000000000000e+00
0.000000000000000000e+00
0.000000000000000000e+00
0.000000000000000000e+00
0.000000000000000000e+00
0.000000000000000000e+00
2.404720000000000000e+05
2.064000000000000000e+05
2.684400000000000000e+04
2.465000000000000000e+03
0.000000000000000000e+00
0.000000000000000000e+00
0.000000000000000000e+00
0.000000000000000000e+00
0.000000000000000000e+00
0.000000000000000000e+00
0.000000000000000000e+00
0.000000000000000000e+00
3.302480000000000000e+05
2.093020000000000000e+05
2.888100000000000000e+04
2.465000000000000000e+03
0.000000000000000000e+00
1.024300000000000000e+04
0.000000000000000000e+00
0.000000000000000000e+00
0.000000000000000000e+00
0.000000000000000000e+00
0.000000000000000000e+00
0.000000000000000000e+00
8.819170000000000000e+05
1.891490000000000000e+05
1.289800000000000000e+04
0.000000000000000000e+00
0.000000000000000000e+00
0.000000000000000000e+00
0.000000000000000000e+00
0.000000000000000000e+00
0.000000000000000000e+00
0.000000000000000000e+00
0.000000000000000000e+00
0.000000000000000000e+00
1.999660000000000000e+05
1.891490000000000000e+05
1.289800000000000000e+04
0.000000000000000000e+00
0.000000000000000000e+00
0.000000000000000000e+00
0.000000000000000000e+00
0.000000000000000000e+00
0.000000000000000000e+00
0.000000000000000000e+00
0.000000000000000000e+00
0.000000000000000000e+00
2.318570000000000000e+05
1.876460000000000000e+05
1.289800000000000000e+04
0.000000000000000000e+00
0.000000000000000000e+00
0.000000000000000000e+00
0.000000000000000000e+00
0.000000000000000000e+00
0.000000000000000000e+00
0.000000000000000000e+00
0.000000000000000000e+00
0.000000000000000000e+00
2.088230000000000000e+05
1.876460000000000000e+05
1.289800000000000000e+04
0.000000000000000000e+00
0.000000000000000000e+00
0.000000000000000000e+00
0.000000000000000000e+00
0.000000000000000000e+00
0.000000000000000000e+00
0.000000000000000000e+00
0.000000000000000000e+00
0.000000000000000000e+00
2.011780000000000000e+05
1.876460000000000000e+05
1.291600000000000000e+04
0.000000000000000000e+00
0.000000000000000000e+00
9.862000000000000000e+03
0.000000000000000000e+00
0.000000000000000000e+00
0.000000000000000000e+00
0.000000000000000000e+00
0.000000000000000000e+00
0.000000000000000000e+00
9.055790000000000000e+05
2.146040000000000000e+05
1.902600000000000000e+04
0.000000000000000000e+00
0.000000000000000000e+00
0.000000000000000000e+00
0.000000000000000000e+00
0.000000000000000000e+00
0.000000000000000000e+00
0.000000000000000000e+00
0.000000000000000000e+00
9.371400000000000000e+04
2.538437000000000000e+06
8.975010000000000000e+05
1.994741000000000000e+06
2.226054000000000000e+06
2.347924000000000000e+06
2.570224000000000000e+06
2.867777000000000000e+06
3.082646000000000000e+06
3.325928000000000000e+06
3.645266000000000000e+06
3.803140000000000000e+06
4.008392000000000000e+06
7.131749000000000000e+06
4.640389000000000000e+06
4.448144000000000000e+06
4.739193000000000000e+06
4.989354000000000000e+06
5.104773000000000000e+06
5.168157000000000000e+06
5.401947000000000000e+06
5.564240000000000000e+06
5.813374000000000000e+06
5.821405000000000000e+06
6.178531000000000000e+06
9.238614000000000000e+06
6.871876000000000000e+06
6.753596000000000000e+06
6.838912000000000000e+06
6.941616000000000000e+06
6.975746000000000000e+06
6.928970000000000000e+06
7.302639000000000000e+06
7.187961000000000000e+06
7.528752000000000000e+06
7.434036000000000000e+06
7.607722000000000000e+06
1.041647700000000000e+07
8.323910000000000000e+06
8.136452000000000000e+06
8.233085000000000000e+06
8.176711000000000000e+06
8.163715000000000000e+06
8.316207000000000000e+06
8.527456000000000000e+06
8.317301000000000000e+06
8.519242000000000000e+06
8.596261000000000000e+06
8.724901000000000000e+06
1.167097900000000000e+07
9.585788000000000000e+06
9.303667000000000000e+06
9.264907000000000000e+06
9.005121000000000000e+06
9.146675000000000000e+06
9.522001000000000000e+06
9.476235000000000000e+06
9.803782000000000000e+06
9.582698000000000000e+06
9.835021000000000000e+06
9.720529000000000000e+06
1.240919500000000000e+07
1.035999300000000000e+07
1.006429800000000000e+07
9.751745000000000000e+06
9.926088000000000000e+06
9.708726000000000000e+06
9.683731000000000000e+06
9.753094000000000000e+06
9.659054000000000000e+06
9.647542000000000000e+06
9.680710000000000000e+06
9.585561000000000000e+06
1.231375600000000000e+07
1.033762100000000000e+07
9.913556000000000000e+06
9.719676000000000000e+06
9.671717000000000000e+06
9.527251000000000000e+06
9.452388000000000000e+06
9.495739000000000000e+06
9.470088000000000000e+06
9.356343000000000000e+06
9.350157000000000000e+06
9.333708000000000000e+06
1.189843300000000000e+07
9.801732000000000000e+06
9.525055000000000000e+06
9.339022000000000000e+06
9.421249000000000000e+06
9.602597000000000000e+06
9.592913000000000000e+06
9.468745000000000000e+06
9.392257000000000000e+06
9.346836000000000000e+06
9.159425000000000000e+06
2.340181300000000000e+07
2.322393200000000000e+07
1.804561800000000000e+07
1.533914300000000000e+07
1.288669600000000000e+07
1.111393100000000000e+07
9.711652000000000000e+06
1.003032900000000000e+07
1.078151100000000000e+07
1.408581000000000000e+07
1.556038300000000000e+07
1.081221000000000000e+06
1.084761000000000000e+06
4.275918000000000000e+06
1.078070000000000000e+06
9.487630000000000000e+05
8.035640000000000000e+05
9.287030000000000000e+05
9.453130000000000000e+05
1.189781000000000000e+06
1.053965000000000000e+06
1.009969000000000000e+06
6.662380000000000000e+05
5.733120000000000000e+05
6.645270000000000000e+05
2.883322000000000000e+06
7.989520000000000000e+05
4.778500000000000000e+05
2.665970000000000000e+05
3.974950000000000000e+05
5.511390000000000000e+05
6.227070000000000000e+05
6.262200000000000000e+05
6.233750000000000000e+05
8.243310000000000000e+05
1.196621000000000000e+06
1.187972000000000000e+06
3.407973000000000000e+06
1.158683000000000000e+06
8.661370000000000000e+05
8.803200000000000000e+05
9.955600000000000000e+05
5.377920000000000000e+05
5.690850000000000000e+05
5.008330000000000000e+05
5.851250000000000000e+05
5.206800000000000000e+05
4.198840000000000000e+05
4.495750000000000000e+05
3.437470000000000000e+06
1.067324000000000000e+06
6.339290000000000000e+05
5.946000000000000000e+05
7.247200000000000000e+05
8.228770000000000000e+05
6.781540000000000000e+05
3.865760000000000000e+05
5.544660000000000000e+05
9.182110000000000000e+05
9.721120000000000000e+05
8.246250000000000000e+05
3.349355000000000000e+06
7.581840000000000000e+05
9.035420000000000000e+05
5.955200000000000000e+05
3.569900000000000000e+05
6.296430000000000000e+05
4.873290000000000000e+05
3.623840000000000000e+05
8.873100000000000000e+05
6.720780000000000000e+05
7.451430000000000000e+05
6.651810000000000000e+05
3.199056000000000000e+06
8.405330000000000000e+05
7.727110000000000000e+05
6.412180000000000000e+05
7.497100000000000000e+05
5.778910000000000000e+05
8.760120000000000000e+05
9.529010000000000000e+05
9.702110000000000000e+05
7.213810000000000000e+05
6.426880000000000000e+05
7.561610000000000000e+05
3.397387000000000000e+06
7.209680000000000000e+05
3.870980000000000000e+05
6.098510000000000000e+05
9.115900000000000000e+05
5.356360000000000000e+05
3.625070000000000000e+05
6.846280000000000000e+05
5.560790000000000000e+05
4.666390000000000000e+05
6.126210000000000000e+05
5.725660000000000000e+05
3.084153000000000000e+06
8.606820000000000000e+05
5.755990000000000000e+05
7.145110000000000000e+05
7.445420000000000000e+05
8.907280000000000000e+05
1.040583000000000000e+06
1.533270000000000000e+06
5.353420000000000000e+05
3.750540000000000000e+05
7.184120000000000000e+05
6.540240000000000000e+05
3.415952000000000000e+06
1.217984000000000000e+06
6.825670000000000000e+05
9.825080000000000000e+05
8.410650000000000000e+05
1.111762000000000000e+06
1.049192000000000000e+06
6.602630000000000000e+05
4.755830000000000000e+05
6.002540000000000000e+05
4.764030000000000000e+05
6.753430000000000000e+05
3.374366000000000000e+06
1.004000000000000000e+06
5.024200000000000000e+05
3.501850000000000000e+05
2.587010000000000000e+05
3.329640000000000000e+05
6.449040000000000000e+05
7.387040000000000000e+05
8.439360000000000000e+05
1.034572000000000000e+06
7.346820000000000000e+05
3.689810000000000000e+05
3.111486000000000000e+06
9.487240000000000000e+05
6.399380000000000000e+05
4.693800000000000000e+05
5.113480000000000000e+05
6.606290000000000000e+05
1.100455000000000000e+06
6.025490000000000000e+05
5.268840000000000000e+05
6.658130000000000000e+05
6.475900000000000000e+05
6.900840000000000000e+05
2.840345000000000000e+06
8.300180000000000000e+05
4.452730000000000000e+05
3.331850000000000000e+05
2.554710000000000000e+05
4.819830000000000000e+05
1.877540000000000000e+05
2.253880000000000000e+05
5.435890000000000000e+05
4.278620000000000000e+05
4.055280000000000000e+05
4.164100000000000000e+05
2.737713000000000000e+06
1.011768000000000000e+06
8.742920000000000000e+05
1.399509000000000000e+06
1.095824000000000000e+06
7.419940000000000000e+05
9.910680000000000000e+05
6.064460000000000000e+05
4.243020000000000000e+05
3.453790000000000000e+05
3.141390000000000000e+05
6.326190000000000000e+05
3.110717000000000000e+06
1.061402000000000000e+06
7.998990000000000000e+05
7.299070000000000000e+05
9.138380000000000000e+05
7.205960000000000000e+05
7.939950000000000000e+05
9.938360000000000000e+05
6.325580000000000000e+05
7.736590000000000000e+05
9.320630000000000000e+05
1.387086000000000000e+06
3.594689000000000000e+06
1.252913000000000000e+06
2.677420000000000000e+05
2.429780000000000000e+05
4.725050000000000000e+05
5.917790000000000000e+05
1.696168000000000000e+06
4.125920000000000000e+05
3.461720000000000000e+05
5.519200000000000000e+05
9.678370000000000000e+05
4.730610000000000000e+05
3.751769000000000000e+06
1.033867000000000000e+06
8.325870000000000000e+05
5.843220000000000000e+05
6.317840000000000000e+05
9.032470000000000000e+05
4.919710000000000000e+05
3.130810000000000000e+05
2.634510000000000000e+05
1.584230000000000000e+05
4.725870000000000000e+05
8.537080000000000000e+05
2.423431000000000000e+06
1.024782000000000000e+06
6.499140000000000000e+05
4.429160000000000000e+05
6.617900000000000000e+05
6.930280000000000000e+05
4.785410000000000000e+05
7.399140000000000000e+05
7.173300000000000000e+05
6.751360000000000000e+05
3.893230000000000000e+05
8.915690000000000000e+06
1.222847300000000000e+07
2.772321000000000000e+06
9.045020000000000000e+05
1.437137000000000000e+06
1.283635000000000000e+06
8.258800000000000000e+05
1.049094000000000000e+06
1.610056000000000000e+06
1.988442000000000000e+06
2.155107000000000000e+06
2.286844000000000000e+06
1.886993000000000000e+06
4.456553000000000000e+06
1.702114000000000000e+06
1.384732000000000000e+06
8.721380000000000000e+05
8.143790000000000000e+05
1.165572000000000000e+06
6.145870000000000000e+05
1.490151000000000000e+06
4.395110000000000000e+05
4.090390000000000000e+05
4.715890000000000000e+05
3.980730000000000000e+05
3.176730000000000000e+06
7.016200000000000000e+05
4.004830000000000000e+05
7.222160000000000000e+05
6.680380000000000000e+05
1.077959000000000000e+06
9.385360000000000000e+05
1.036127000000000000e+06
1.162006000000000000e+06
1.405381000000000000e+06
1.060118000000000000e+06
7.413540000000000000e+05
3.299899000000000000e+06
7.608220000000000000e+05
4.054450000000000000e+05
6.507900000000000000e+05
6.046990000000000000e+05
5.266080000000000000e+05
9.058000000000000000e+05
8.920740000000000000e+05
9.417050000000000000e+05
8.185820000000000000e+05
1.081539000000000000e+06
1.396178000000000000e+06
3.954939000000000000e+06
2.044110000000000000e+06
2.017332000000000000e+06
2.094772000000000000e+06
1.835330000000000000e+06
2.356461000000000000e+06
1.608534000000000000e+06
1.763986000000000000e+06
1.976337000000000000e+06
1.911032000000000000e+06
2.641832000000000000e+06
