2.727339543452879118e-03
1.808428926532771241e-03
1.533797646866363797e-03
9.471520274674811307e-04
9.494782710561946526e-05
1.546047779978538021e-04
2.447636760011011260e-04
3.206019093390224863e-04
1.397010014981639751e-04
3.355111191872836660e-04
3.173220928023461388e-04
1.239561406122583994e-04
1.193720872710351199e-04
1.001937251512696194e-04
2.627955812986205336e-04
2.704044183095296152e-04
1.201640586463772478e-04
2.267448472327926532e-04
2.321988141455617871e-04
2.012207800028275467e-04
2.268430124334737483e-04
7.629107151712690197e-05
1.166310034641603163e-04
2.310058292077512112e-04
7.827966391634778864e-04
1.191870614784915506e-03
2.104813387604797734e-03
3.132879166376023074e-03
2.518844280113168455e-03
4.548839322563742044e-03
3.952279707201484388e-03
1.203907022670823706e-03
6.689102065806486284e-04
3.380330241456323869e-04
2.692227866373905396e-04
9.936944157087884005e-04
1.895053694848300701e-03
1.952439749321969965e-03
1.418900814186148038e-03
1.155146044127795075e-03
3.080221098296496117e-03
1.910110071402828765e-03
3.613791498197179352e-04
1.646005985688190113e-04
2.951995247886294400e-04
4.118792215983073032e-03
1.040800834188655884e-02
3.119356778203224729e-03
5.984035478968198832e-04
1.821732439962374047e-04
7.139807757066221096e-05
1.088298603790957927e-04
1.180904454925433297e-04
1.866930804285062313e-04
1.158101826297993627e-04
1.555434700583114053e-04
1.820989003797777648e-04
1.855679920741489940e-04
1.390914122263590459e-04
1.118334985914684436e-04
1.791060579066373871e-04
9.167607949704540196e-05
1.952879282892966840e-04
1.475536701630572925e-04
1.876261364035054975e-04
1.947209137637598948e-04
2.137517645245506622e-04
7.901674225216820694e-05
1.777959518692120468e-04
3.085117964517502826e-04
1.571695236932663803e-02
2.859366799698394995e-02
3.390500983413384864e-03
1.907444324623159843e-03
1.471517848319747876e-03
2.208182925269717295e-02
2.739765400789221858e-02
2.896396870515784497e-02
1.857321473205981663e-02
4.755166760918234578e-03
1.679170569595025628e-02
3.878684270949590753e-03
3.877084271437456755e-04
1.142428136196266226e-04
5.347626549857003751e-04
9.296568883519594354e-04
1.944681089751574415e-03
1.434731321269962960e-03
1.255831102124687834e-03
2.169759970943943919e-02
5.770736486733365339e-02
2.401406164882945518e-02
3.575640470803189666e-04
8.559366472724343937e-04
8.724451876011024174e-04
1.036959764908771146e-03
2.476001069659278697e-04
1.590900031887755150e-03
1.840699124498432291e-03
3.682225739874807270e-04
2.228392021996634378e-04
4.002456356878994286e-04
4.201912555564828655e-04
1.338926951090494821e-03
2.279314702870894466e-03
3.134008654120828269e-02
1.912704519674080644e-02
1.861495549986962560e-03
1.777348469714729127e-04
1.257497031672471176e-04
2.162709730823023861e-04
3.599334330785842226e-04
8.459536193990382816e-05
7.180352093411140294e-05
2.262242148522617194e-03
8.454488248241191078e-03
4.770086249526666461e-03
2.135994320824032705e-03
4.779807564352645519e-04
4.902577724586539183e-04
1.687847189351814959e-03
2.821075470269131615e-04
7.067913100832984644e-04
1.109115769263027554e-03
9.167852044916477211e-04
1.814220065162295333e-03
4.705142001716458404e-03
2.416588984379151872e-03
7.620902288527715753e-04
1.057538369885918129e-03
2.223848323432766737e-03
2.043392220321966612e-03
8.484365988750846611e-04
7.031316659888442195e-04
1.810046280322431768e-03
1.717753353573027062e-04
1.486766500537898335e-04
6.668465072605885870e-04
1.154800337188097853e-03
1.393121602583904635e-03
9.966999495110543967e-04
1.002468543798745032e-03
1.244437937833824852e-03
7.772792764261465901e-04
9.241014921746286154e-04
4.328297919967547718e-04
2.258041278034651257e-04
1.967338639862683571e-03
4.500690771608936366e-03
1.072381077980508537e-02
