1.368799683999042001e-04
1.649695999768315620e-04
2.680041757570643022e-04
2.415935603939757060e-04
2.455527279652705932e-04
6.736706308767098335e-04
1.292882257578324354e-02
1.249169330207668994e-02
3.082756769089471660e-03
2.884319647639787382e-04
1.361817222874180837e-04
5.471969441491730113e-05
1.434147560677560840e-04
2.202314178959852988e-04
1.623575784722152966e-04
9.433426419082952712e-05
1.967503708236071572e-04
1.420661300218024252e-04
2.254187249812950110e-04
1.595642595064072271e-04
1.526768617078560575e-04
2.036438101813906596e-04
2.430526172222734302e-04
1.318832846725878952e-04
1.166217992094909254e-04
4.028784579971209827e-04
3.064179907039720017e-04
2.918546297112289902e-04
9.215777423106083022e-04
6.632439619829865775e-03
1.112207944701317994e-02
2.480762953660926016e-04
1.582978534049728344e-04
1.958197882386291972e-04
1.747623268438845169e-03
2.672091471094663415e-03
2.236867761936317447e-03
9.719564801170712653e-04
1.222135501653969728e-03
1.531475093088993352e-03
1.633817160210641927e-03
1.332969925030559090e-02
2.758357249149659754e-02
1.198674059238563541e-03
2.500451746441069109e-04
3.092033116995882599e-04
2.600376095090593440e-04
2.759053999063920269e-04
1.711899731434932278e-04
9.397985983868034762e-05
1.515413425406631159e-04
3.739198048909505353e-03
5.480548962443864205e-03
4.392004337440542222e-03
6.562028206935545003e-04
7.776826417365041320e-04
1.092476098715853628e-03
3.976235989810658080e-04
5.559316297777655959e-04
1.043576448142123072e-03
1.637701598965391912e-03
1.692542251275510170e-03
9.073195814275417104e-04
1.371482440403529656e-03
8.068983246680020219e-03
5.877439018820419109e-03
6.839727544460166495e-03
5.683081490652901538e-03
2.135020210629417613e-03
1.404159734038268629e-03
5.218482179706599410e-03
9.258264424849529245e-03
2.472592048904522812e-03
2.742505397926382391e-04
1.257628810649015581e-04
9.493420318681367021e-05
1.076479144647818874e-04
9.435329104767364221e-05
3.421874273390996895e-04
2.705149707340058930e-04
1.236077474088085064e-04
8.145362949695717262e-05
2.990985808729314352e-04
2.728336927842120994e-04
1.426034233197062912e-04
2.980934924819842640e-04
3.048656140865922616e-04
3.031605360459308060e-04
1.544810780862561708e-04
2.558521470245049730e-04
4.444221655527750832e-04
1.498441915122830257e-04
5.374133181409771441e-04
2.088129114942485743e-04
2.384290200512425304e-04
5.529611289095716364e-04
9.519254269243097649e-04
2.392867795464133005e-04
2.974441870540177899e-04
4.812860164512582561e-04
4.820463608722297486e-04
3.855461166018531302e-04
1.184187880178698058e-04
1.044374339434565294e-04
1.231601651833981893e-04
4.567033417370854748e-03
7.311163791993847971e-03
4.303110294601544296e-04
1.305000311663361738e-03
1.891494446060284487e-03
9.249413094553006649e-04
2.562936795812074692e-03
5.969480916756350619e-03
1.695272225100977886e-02
1.787688845679873476e-02
2.904976565821641016e-02
1.014352266480322666e-02
1.537244173945212945e-03
1.115347961990200782e-04
1.331412670563678286e-04
6.762483493000472003e-05
9.035594812055833963e-05
1.653328882593686853e-03
6.746378885645444926e-04
9.085931340042425640e-05
1.257226175191450987e-04
3.021426346837258040e-04
6.832548388007547019e-03
3.745289238131776360e-02
1.797901983974742324e-02
6.273509693794509937e-04
1.222871274364237867e-03
3.493463911977755069e-04
5.440458310704652557e-03
1.480869857632384056e-03
1.667809121462763698e-04
4.867622641479077156e-04
1.122833109226356639e-03
2.408359326472898627e-04
9.709879451868484994e-05
3.808291590943628556e-04
6.944470827271338569e-03
2.754531133742559382e-02
3.765791030157179808e-02
2.031417120070684503e-03
6.706248740760647640e-04
1.339503129323323669e-03
8.683634128700308194e-03
5.843465020056484412e-04
6.912108890864313395e-05
