9.498083413052721413e-02
3.314526097304155983e-02
5.807991806341677304e-02
1.447230228761426513e-02
2.653553696716723712e-03
1.078075175382653128e-01
1.113114648935746159e-01
8.007519261366656538e-02
2.162948919802296002e-03
1.947348134047320123e-03
2.977442903583552448e-03
7.709742435792676929e-02
1.104650899666507202e-01
5.492665297320099838e-02
3.659558458393123020e-02
1.243145689672353338e-01
5.927776803775709237e-03
5.319482615204895867e-04
6.062092424249973521e-03
4.217181303063217285e-02
2.576833452497209742e-02
5.549912225632440410e-03
7.170684970155054468e-03
9.732916241600399936e-04
1.311137141013632088e-02
1.458370701796343587e-02
1.432145436604817697e-02
3.793551386619100491e-02
5.576642613832642759e-02
7.958506889083757918e-02
1.612489557590614242e-01
7.134371387715242319e-02
1.367912973676409022e-03
7.620272993230495012e-04
3.612462517355574925e-03
6.569512036381935233e-03
4.865045871864370763e-02
8.933501340905014229e-03
5.433846168777570033e-03
3.978748062029987750e-03
2.005181669377956253e-03
2.238033742320780749e-03
1.557670807351871486e-03
8.222544274362577829e-03
7.103971234795187356e-03
3.376796618610823208e-03
2.101875811207051196e-03
1.865033389759712451e-03
1.276650201706659195e-02
1.220939791932397905e-01
1.885060420652636126e-01
2.390831979764562187e-01
1.949226846500318744e-01
1.289293250259088142e-01
2.450306431776812233e-02
3.114356216119260057e-02
2.016790610592381419e-02
1.617818300415869645e-02
1.450353609461362547e-01
8.044272182750053513e-02
1.722007024855840701e-02
4.402713905386373278e-02
8.585881862510628959e-02
7.359936123802548157e-03
1.776269341812652860e-03
5.516726305695617699e-03
1.274859785222682840e-01
6.791952743011267501e-02
5.118882575002657587e-02
5.091484225526148391e-03
2.075121483835233246e-02
1.169262191876262180e-02
3.701986909723606334e-03
5.761404232102997763e-02
1.427275780917835746e-01
1.078736181972789060e-01
1.419187662552814054e-02
1.322556028560716197e-03
2.421934426236314625e-03
2.780996050153459933e-03
3.360529983935712974e-03
1.901702102349728946e-02
9.791429999734268391e-03
1.651808939823487879e-02
1.125133903659119861e-01
1.032534540915975713e-01
6.160589464667702922e-03
1.469455900646391387e-02
1.465313450819781017e-02
1.275487575401254292e-01
1.036155856385522905e-01
1.134243089325573939e-01
5.973831488161671088e-02
3.514161920871864547e-02
2.697491029492851689e-02
6.493988037109374445e-02
5.700480532483990018e-03
4.707948853369473170e-03
6.505539303734189129e-03
5.583052732506576903e-03
1.179263990752551089e-01
8.591272782306282052e-02
9.268410611314838177e-02
7.914911386918048464e-02
7.561705712558461183e-03
1.767189648686623036e-03
1.386783885307052433e-03
7.116972216132547158e-02
6.283539752570950487e-02
1.135650530964338878e-01
1.378576992320365568e-01
5.778263117991336989e-02
8.039896180029629594e-03
6.657754158487125436e-03
1.980369334318200086e-02
5.190627428950095670e-03
1.394719331442904366e-03
1.383012914333213786e-02
4.414028245575574161e-02
2.490884690057663595e-02
1.536233344045626059e-02
6.268148357365407528e-03
6.820958325652038551e-03
4.309502426458864527e-03
7.902618979110199310e-03
1.432039299789740136e-02
1.172350020635695711e-02
1.109709836998764264e-02
6.526213276142976867e-03
5.639857986346394174e-03
3.705945631273749839e-03
2.991696117686576482e-03
4.815091892164580570e-03
6.725294411587877212e-03
6.182730279001249184e-03
2.409748804001581209e-03
1.668364985459515944e-03
1.164068520474596108e-01
1.210909577454028496e-01
1.154349294649500424e-01
8.925069173177083148e-02
9.965941760004783101e-02
4.884467092501063035e-02
4.500856464411936986e-02
6.873520831672512432e-02
5.407546166660023162e-02
1.230919280019747214e-03
9.280885157941960728e-04
2.965787511293579981e-02
1.187375646059204981e-01
