2.694151000000000000e+06
2.501597000000000000e+06
2.134236000000000000e+06
1.493610000000000000e+06
1.305839000000000000e+06
1.573435000000000000e+06
1.102445000000000000e+06
1.084040000000000000e+06
8.115350000000000000e+05
1.268520000000000000e+06
1.289711000000000000e+06
3.387491000000000000e+06
9.050570000000000000e+05
1.596232000000000000e+06
2.084861000000000000e+06
2.105159000000000000e+06
2.235337000000000000e+06
2.487446000000000000e+06
2.587702000000000000e+06
2.418117000000000000e+06
2.390098000000000000e+06
2.116053000000000000e+06
2.170314000000000000e+06
4.766314000000000000e+06
1.653494000000000000e+06
1.375554000000000000e+06
1.310216000000000000e+06
1.392917000000000000e+06
1.298611000000000000e+06
1.294017000000000000e+06
1.084710000000000000e+06
1.075965000000000000e+06
1.164864000000000000e+06
1.120727000000000000e+06
1.150457000000000000e+06
3.721822000000000000e+06
8.841150000000000000e+05
8.863460000000000000e+05
1.115210000000000000e+06
9.004830000000000000e+05
1.197118000000000000e+06
9.486120000000000000e+05
9.011370000000000000e+05
1.201998000000000000e+06
1.012941000000000000e+06
1.099724000000000000e+06
1.527088000000000000e+06
3.982319000000000000e+06
1.846433000000000000e+06
1.833829000000000000e+06
2.122657000000000000e+06
2.304953000000000000e+06
2.437422000000000000e+06
2.262520000000000000e+06
2.325362000000000000e+06
2.365843000000000000e+06
2.525920000000000000e+06
2.929728000000000000e+06
2.423348000000000000e+06
5.607099000000000000e+06
1.951688000000000000e+06
1.516079000000000000e+06
1.719567000000000000e+06
1.118472000000000000e+06
9.982930000000000000e+05
1.110488000000000000e+06
1.093228000000000000e+06
1.397329000000000000e+06
1.444630000000000000e+06
1.528522000000000000e+06
1.550370000000000000e+06
4.825197000000000000e+06
1.896519000000000000e+06
1.898426000000000000e+06
2.616153000000000000e+06
2.631855000000000000e+06
2.667765000000000000e+06
1.971708000000000000e+06
2.224962000000000000e+06
2.409898000000000000e+06
2.650298000000000000e+06
3.110994000000000000e+06
3.148954000000000000e+06
5.766159000000000000e+06
2.482779000000000000e+06
3.066997000000000000e+06
3.200533000000000000e+06
3.371070000000000000e+06
3.984747000000000000e+06
3.761055000000000000e+06
3.242337000000000000e+06
2.708493000000000000e+06
2.875243000000000000e+06
3.664471000000000000e+06
4.034643000000000000e+06
6.845479000000000000e+06
2.885037000000000000e+06
2.583256000000000000e+06
2.250413000000000000e+06
1.683536000000000000e+06
1.306330000000000000e+06
1.133075000000000000e+06
1.107160000000000000e+06
9.696310000000000000e+05
1.179274000000000000e+06
9.546160000000000000e+05
8.925600000000000000e+05
4.977171000000000000e+06
2.213598000000000000e+06
3.118095000000000000e+06
3.289271000000000000e+06
3.265188000000000000e+06
4.241463000000000000e+06
3.817692000000000000e+06
3.240013000000000000e+06
2.698245000000000000e+06
2.220918000000000000e+06
1.677294000000000000e+06
1.131867000000000000e+06
4.773167000000000000e+06
6.527690000000000000e+05
5.181710000000000000e+05
8.618180000000000000e+05
9.227170000000000000e+05
1.073706000000000000e+06
1.042738000000000000e+06
1.207532000000000000e+06
1.542185000000000000e+06
1.526790000000000000e+06
1.379369000000000000e+06
1.088661000000000000e+06
4.662372000000000000e+06
1.468484000000000000e+06
1.309406000000000000e+06
1.175928000000000000e+06
1.266122000000000000e+06
1.396687000000000000e+06
1.154144000000000000e+06
9.706140000000000000e+05
9.336010000000000000e+05
1.225379000000000000e+06
1.389975000000000000e+06
1.539990000000000000e+06
4.790649000000000000e+06
1.719081000000000000e+06
1.823834000000000000e+06
1.762751000000000000e+06
1.791876000000000000e+06
1.897299000000000000e+06
