4.802969000000000000e+06
4.324645000000000000e+06
3.359820000000000000e+06
2.512845000000000000e+06
2.342317000000000000e+06
1.746581000000000000e+06
1.831144000000000000e+06
1.656611000000000000e+06
4.784399000000000000e+06
1.906428000000000000e+06
1.511022000000000000e+06
2.322617000000000000e+06
1.581032000000000000e+06
1.673851000000000000e+06
1.408049000000000000e+06
1.545382000000000000e+06
1.505076000000000000e+06
1.301113000000000000e+06
1.406778000000000000e+06
1.359964000000000000e+06
4.580059000000000000e+06
1.247241000000000000e+06
1.769721000000000000e+06
2.356069000000000000e+06
1.393479000000000000e+06
1.662450000000000000e+06
1.965611000000000000e+06
1.918525000000000000e+06
2.005328000000000000e+06
1.620461000000000000e+06
2.239986000000000000e+06
2.414355000000000000e+06
5.274345000000000000e+06
2.082539000000000000e+06
2.247621000000000000e+06
2.653378000000000000e+06
1.548720000000000000e+06
1.434985000000000000e+06
1.199992000000000000e+06
1.316929000000000000e+06
1.547723000000000000e+06
1.318237000000000000e+06
1.282857000000000000e+06
1.265441000000000000e+06
4.547629000000000000e+06
1.346704000000000000e+06
1.810398000000000000e+06
2.493920000000000000e+06
2.021658000000000000e+06
1.947529000000000000e+06
2.423645000000000000e+06
2.883464000000000000e+06
3.030197000000000000e+06
2.502480000000000000e+06
1.922853000000000000e+06
1.697271000000000000e+06
4.814219000000000000e+06
2.111320000000000000e+06
2.187717000000000000e+06
1.928331000000000000e+06
6.061370000000000000e+05
8.132320000000000000e+05
1.171215000000000000e+06
1.212582000000000000e+06
1.282476000000000000e+06
1.454012000000000000e+06
1.612157000000000000e+06
1.185828000000000000e+06
4.231779000000000000e+06
1.102939000000000000e+06
1.225393000000000000e+06
2.234412000000000000e+06
1.552666000000000000e+06
1.190422000000000000e+06
1.163658000000000000e+06
1.452212000000000000e+06
1.607463000000000000e+06
1.096773000000000000e+06
9.495010000000000000e+05
8.542890000000000000e+05
3.811843000000000000e+06
6.513460000000000000e+05
6.695040000000000000e+05
1.351495000000000000e+06
8.595560000000000000e+05
6.677180000000000000e+05
6.899050000000000000e+05
7.881800000000000000e+05
1.089083000000000000e+06
1.164561000000000000e+06
1.104123000000000000e+06
1.435220000000000000e+06
4.503889000000000000e+06
1.757074000000000000e+06
1.083041000000000000e+06
1.304469000000000000e+06
6.838670000000000000e+05
1.014089000000000000e+06
1.034472000000000000e+06
9.782060000000000000e+05
1.160558000000000000e+06
1.397872000000000000e+06
9.733370000000000000e+05
8.232590000000000000e+05
3.495009000000000000e+06
1.017076000000000000e+06
9.901420000000000000e+05
1.635920000000000000e+06
1.318871000000000000e+06
1.350006000000000000e+06
1.147096000000000000e+06
1.165563000000000000e+06
1.320974000000000000e+06
1.573227000000000000e+06
1.830428000000000000e+06
1.833500000000000000e+06
3.219556000000000000e+06
1.177854000000000000e+06
6.206790000000000000e+05
1.113792000000000000e+06
6.190380000000000000e+05
9.357690000000000000e+05
1.540033000000000000e+06
1.715906000000000000e+06
1.524127000000000000e+06
1.783540000000000000e+06
1.913276000000000000e+06
2.019426000000000000e+06
4.180722000000000000e+06
1.648280000000000000e+06
1.519785000000000000e+06
2.577482000000000000e+06
2.393565000000000000e+06
2.305699000000000000e+06
1.930729000000000000e+06
1.852904000000000000e+06
1.591751000000000000e+06
1.492003000000000000e+06
1.488771000000000000e+06
1.314324000000000000e+06
3.137031000000000000e+06
9.131990000000000000e+05
5.751040000000000000e+05
9.320200000000000000e+05
2.566100000000000000e+05
1.510730000000000000e+05
3.310790000000000000e+05
3.967640000000000000e+05
5.343830000000000000e+05
