9.534840000000000000e+05
5.706640000000000000e+05
2.971059000000000000e+06
7.933380000000000000e+05
8.005190000000000000e+05
1.009050000000000000e+06
5.307480000000000000e+05
6.323450000000000000e+05
6.297670000000000000e+05
7.222190000000000000e+05
6.346830000000000000e+05
1.320428000000000000e+06
7.290730000000000000e+05
8.214360000000000000e+05
3.441545000000000000e+06
9.040550000000000000e+05
7.443940000000000000e+05
8.212780000000000000e+05
8.809100000000000000e+05
1.290503000000000000e+06
8.894960000000000000e+05
7.637950000000000000e+05
6.209200000000000000e+05
1.421787000000000000e+06
5.246940000000000000e+05
7.987600000000000000e+05
3.763251000000000000e+06
7.135910000000000000e+05
3.755460000000000000e+05
5.137940000000000000e+05
4.636190000000000000e+05
4.935450000000000000e+05
6.571070000000000000e+05
9.130030000000000000e+05
9.872510000000000000e+05
1.663937000000000000e+06
8.689240000000000000e+05
1.140388000000000000e+06
3.870634000000000000e+06
1.139609000000000000e+06
7.889340000000000000e+05
1.234029000000000000e+06
8.850160000000000000e+05
5.599080000000000000e+05
5.798420000000000000e+05
6.329410000000000000e+05
7.770070000000000000e+05
1.312424000000000000e+06
7.001230000000000000e+05
8.837240000000000000e+05
8.573197700000000000e+07
5.794153000000000000e+06
5.557374000000000000e+06
5.746244000000000000e+06
5.956996000000000000e+06
5.698658000000000000e+06
5.642258000000000000e+06
5.705723000000000000e+06
5.685788000000000000e+06
6.051731000000000000e+06
6.021567000000000000e+06
5.922972000000000000e+06
7.915414000000000000e+06
6.298067000000000000e+06
6.785610000000000000e+06
6.565151000000000000e+06
7.008330000000000000e+06
7.018621000000000000e+06
7.289123000000000000e+06
6.933848000000000000e+06
7.027984000000000000e+06
7.441921000000000000e+06
7.552659000000000000e+06
6.478609000000000000e+06
7.295866000000000000e+06
4.510396000000000000e+06
5.344113000000000000e+06
5.496278000000000000e+06
5.194288000000000000e+06
5.713260000000000000e+06
6.197655000000000000e+06
6.525041000000000000e+06
6.228493000000000000e+06
6.513893000000000000e+06
7.466620000000000000e+06
7.662055000000000000e+06
9.167268000000000000e+06
7.136130000000000000e+06
8.265681000000000000e+06
8.668314000000000000e+06
9.410496000000000000e+06
9.297946000000000000e+06
9.566130000000000000e+06
1.098354400000000000e+07
1.081327800000000000e+07
1.096729100000000000e+07
9.967957000000000000e+06
9.089986000000000000e+06
1.079110800000000000e+07
1.367449700000000000e+07
1.002820900000000000e+07
1.080645300000000000e+07
1.069582500000000000e+07
9.948383000000000000e+06
8.917623000000000000e+06
8.947938000000000000e+06
1.025360800000000000e+07
1.023260700000000000e+07
1.004254100000000000e+07
9.890719000000000000e+06
1.123314600000000000e+07
8.487970000000000000e+06
9.272523000000000000e+06
1.079212600000000000e+07
1.067820900000000000e+07
1.080414600000000000e+07
1.078586200000000000e+07
1.055083400000000000e+07
1.054737500000000000e+07
9.985294000000000000e+06
9.976841000000000000e+06
1.012764300000000000e+07
1.070293900000000000e+07
8.896972000000000000e+06
8.708945000000000000e+06
9.835727000000000000e+06
9.976502000000000000e+06
9.736992000000000000e+06
9.729772000000000000e+06
9.894437000000000000e+06
9.782025000000000000e+06
1.017774600000000000e+07
9.905071000000000000e+06
1.005639200000000000e+07
1.164477000000000000e+07
9.497925000000000000e+06
9.526728000000000000e+06
9.293773000000000000e+06
9.096680000000000000e+06
8.398386000000000000e+06
8.331398000000000000e+06
7.643934000000000000e+06
7.117931000000000000e+06
7.003266000000000000e+06
6.415436000000000000e+06
5.893063000000000000e+06
7.961421000000000000e+06
5.133003000000000000e+06
5.104640000000000000e+06
