4.968401000000000000e+06
4.188324000000000000e+06
4.574591000000000000e+06
4.535633000000000000e+06
4.167265000000000000e+06
3.608315000000000000e+06
3.596715000000000000e+06
3.435570000000000000e+06
6.551477000000000000e+06
3.005835000000000000e+06
2.227936000000000000e+06
3.200729000000000000e+06
2.499121000000000000e+06
1.671541000000000000e+06
2.424550000000000000e+06
1.984864000000000000e+06
1.728518000000000000e+06
1.424696000000000000e+06
1.544403000000000000e+06
2.156280000000000000e+06
5.693960000000000000e+06
2.973970000000000000e+06
2.798070000000000000e+06
3.231610000000000000e+06
2.245262000000000000e+06
2.349326000000000000e+06
2.681301000000000000e+06
2.198402000000000000e+06
1.932162000000000000e+06
1.961724000000000000e+06
1.174708000000000000e+06
7.776820000000000000e+05
4.429512000000000000e+06
7.274890000000000000e+05
3.615710000000000000e+05
1.322242000000000000e+06
4.878540000000000000e+05
6.396570000000000000e+05
6.089980000000000000e+05
4.684470000000000000e+05
2.662670000000000000e+05
3.921500000000000000e+05
1.226805000000000000e+06
7.578780000000000000e+05
3.300209000000000000e+06
5.017190000000000000e+05
3.934300000000000000e+05
1.033046000000000000e+06
9.851130000000000000e+05
5.153340000000000000e+05
1.210771000000000000e+06
1.453104000000000000e+06
8.607580000000000000e+05
1.133718000000000000e+06
9.753600000000000000e+05
8.392480000000000000e+05
4.831442400000000000e+07
6.051140000000000000e+05
4.676910000000000000e+05
1.503800000000000000e+06
1.599692000000000000e+06
2.311658000000000000e+06
2.715460000000000000e+06
2.705576000000000000e+06
2.439164000000000000e+06
2.014425000000000000e+06
2.337818000000000000e+06
2.223321000000000000e+06
4.596763000000000000e+06
1.502123000000000000e+06
1.746904000000000000e+06
2.631829000000000000e+06
2.123377000000000000e+06
1.576086000000000000e+06
1.956976000000000000e+06
2.139705000000000000e+06
2.158815000000000000e+06
1.644490000000000000e+06
1.870408000000000000e+06
2.064652000000000000e+06
4.465079000000000000e+06
1.649613000000000000e+06
2.020663000000000000e+06
2.450736000000000000e+06
1.449253000000000000e+06
1.577738000000000000e+06
2.052200000000000000e+06
1.331059000000000000e+06
1.522584000000000000e+06
1.812730000000000000e+06
1.410676000000000000e+06
9.978830000000000000e+05
4.439433000000000000e+06
1.055043000000000000e+06
6.787530000000000000e+05
1.388172000000000000e+06
5.133540000000000000e+05
7.754370000000000000e+05
8.281340000000000000e+05
9.042240000000000000e+05
9.482590000000000000e+05
7.977920000000000000e+05
8.485650000000000000e+05
9.785790000000000000e+05
4.471507000000000000e+06
1.277597000000000000e+06
1.222091000000000000e+06
1.852391000000000000e+06
1.438778000000000000e+06
1.627587000000000000e+06
2.145923000000000000e+06
1.906815000000000000e+06
1.517201000000000000e+06
1.306320000000000000e+06
1.155847000000000000e+06
1.203210000000000000e+06
4.657974000000000000e+06
1.553344000000000000e+06
1.566197000000000000e+06
2.235205000000000000e+06
2.016941000000000000e+06
1.929170000000000000e+06
1.684015000000000000e+06
2.097374000000000000e+06
2.674876000000000000e+06
2.692415000000000000e+06
2.577396000000000000e+06
2.182497000000000000e+06
5.171442000000000000e+06
2.147532000000000000e+06
2.136524000000000000e+06
2.766841000000000000e+06
1.629208000000000000e+06
1.209406000000000000e+06
1.207114000000000000e+06
8.398790000000000000e+05
1.015729000000000000e+06
8.692480000000000000e+05
9.848990000000000000e+05
1.054507000000000000e+06
4.269395000000000000e+06
1.174034000000000000e+06
1.043601000000000000e+06
1.674085000000000000e+06
1.181680000000000000e+06
8.664110000000000000e+05
9.401130000000000000e+05
1.262801000000000000e+06
1.297492000000000000e+06
