2.050900000000000000e+06
1.754377000000000000e+06
4.523325000000000000e+06
1.682431000000000000e+06
1.813468000000000000e+06
1.909105000000000000e+06
1.634288000000000000e+06
1.465676000000000000e+06
1.360355000000000000e+06
1.299497000000000000e+06
1.229166000000000000e+06
2.102835000000000000e+06
1.627739000000000000e+06
1.535375000000000000e+06
4.418885000000000000e+06
1.380517000000000000e+06
5.672280000000000000e+05
9.878320000000000000e+05
1.483596000000000000e+06
7.674080000000000000e+05
7.045510000000000000e+05
9.847690000000000000e+05
1.122678000000000000e+06
1.427977000000000000e+06
1.237307000000000000e+06
1.089253000000000000e+06
4.418222000000000000e+06
1.603011000000000000e+06
1.581784000000000000e+06
1.683070000000000000e+06
1.603918000000000000e+06
1.461228000000000000e+06
1.294679000000000000e+06
1.463092000000000000e+06
1.363773000000000000e+06
2.083593000000000000e+06
1.544682000000000000e+06
1.343100000000000000e+06
3.542572000000000000e+06
1.505200000000000000e+06
1.667975000000000000e+06
1.655292000000000000e+06
1.610517000000000000e+06
1.756500000000000000e+06
2.149612000000000000e+06
2.426705000000000000e+06
2.096965000000000000e+06
2.386529000000000000e+06
2.043427000000000000e+06
1.784578000000000000e+06
5.015995000000000000e+06
1.828793000000000000e+06
1.441902000000000000e+06
1.271812000000000000e+06
9.675810000000000000e+05
1.091264000000000000e+06
1.025660000000000000e+06
9.127110000000000000e+05
1.050637000000000000e+06
1.868083000000000000e+06
1.244249000000000000e+06
1.374828000000000000e+06
4.238898000000000000e+06
1.356028000000000000e+06
9.314800000000000000e+05
1.030146000000000000e+06
5.600330000000000000e+05
6.784930000000000000e+05
8.302720000000000000e+05
8.709830000000000000e+05
1.017330000000000000e+06
1.797112000000000000e+06
1.326792000000000000e+06
1.681350000000000000e+06
4.529947000000000000e+06
1.582869000000000000e+06
1.735756000000000000e+06
1.589544000000000000e+06
1.413536000000000000e+06
8.214360000000000000e+05
7.056020000000000000e+05
8.573280000000000000e+05
7.639550000000000000e+05
1.415148000000000000e+06
8.307350000000000000e+05
1.111505000000000000e+06
3.850819000000000000e+06
1.423311000000000000e+06
1.306007000000000000e+06
1.311568000000000000e+06
1.797075000000000000e+06
2.162596000000000000e+06
1.439402000000000000e+06
1.421625000000000000e+06
1.345764000000000000e+06
2.017760000000000000e+06
1.280650000000000000e+06
1.002284000000000000e+06
4.054162000000000000e+06
9.875860000000000000e+05
5.072890000000000000e+05
4.756430000000000000e+05
5.890990000000000000e+05
6.386020000000000000e+05
4.868600000000000000e+05
4.417720000000000000e+05
5.739750000000000000e+05
1.301466000000000000e+06
8.938260000000000000e+05
1.234394000000000000e+06
4.155881000000000000e+06
1.770630000000000000e+06
2.010575000000000000e+06
1.914411000000000000e+06
2.189234000000000000e+06
2.362245000000000000e+06
2.564181000000000000e+06
2.628939000000000000e+06
4.510384000000000000e+06
4.141039000000000000e+06
2.155824000000000000e+06
1.725223000000000000e+06
4.605268000000000000e+06
9.253870000000000000e+05
6.345900000000000000e+05
4.554400000000000000e+05
6.550770000000000000e+05
3.967790000000000000e+05
6.272170000000000000e+05
8.520590000000000000e+05
1.326165000000000000e+06
2.076916000000000000e+06
1.636442000000000000e+06
1.472009000000000000e+06
4.474269000000000000e+06
1.662568000000000000e+06
1.697822000000000000e+06
1.585045000000000000e+06
1.533337000000000000e+06
1.249738000000000000e+06
6.249930000000000000e+05
1.421165000000000000e+06
1.690895000000000000e+06
2.429326000000000000e+06
1.668789000000000000e+06
2.432611000000000000e+06
6.171508000000000000e+06
3.318676000000000000e+06
3.157706000000000000e+06
