3.250105000000000000e+06
3.764665000000000000e+06
4.207431000000000000e+06
4.502898000000000000e+06
4.037666000000000000e+06
2.980333000000000000e+06
2.894608000000000000e+06
2.414273000000000000e+06
5.641316000000000000e+06
2.540832000000000000e+06
2.476544000000000000e+06
2.546919000000000000e+06
1.647995000000000000e+06
2.044147000000000000e+06
2.403331000000000000e+06
2.513086000000000000e+06
2.403977000000000000e+06
2.130643000000000000e+06
2.070990000000000000e+06
1.824825000000000000e+06
4.925396000000000000e+06
1.614539000000000000e+06
1.160012000000000000e+06
1.655149000000000000e+06
9.240430000000000000e+05
8.104410000000000000e+05
7.717800000000000000e+05
7.511600000000000000e+05
1.090363000000000000e+06
1.048048000000000000e+06
9.014010000000000000e+05
1.107384000000000000e+06
4.076376000000000000e+06
1.413266000000000000e+06
1.595623000000000000e+06
2.503164000000000000e+06
2.128193000000000000e+06
2.597627000000000000e+06
2.433185000000000000e+06
2.418298000000000000e+06
2.501970000000000000e+06
2.551965000000000000e+06
2.814359000000000000e+06
2.884412000000000000e+06
5.486603000000000000e+06
2.480442000000000000e+06
2.294148000000000000e+06
3.368551000000000000e+06
3.008437000000000000e+06
3.125879000000000000e+06
3.188430000000000000e+06
2.916430000000000000e+06
2.866910000000000000e+06
2.548567000000000000e+06
2.169129000000000000e+06
2.274833000000000000e+06
5.558046000000000000e+06
2.358611000000000000e+06
2.598108000000000000e+06
2.455342000000000000e+06
1.579321000000000000e+06
1.370974000000000000e+06
8.629390000000000000e+05
9.447280000000000000e+05
1.023058000000000000e+06
1.027427000000000000e+06
9.676620000000000000e+05
1.149873000000000000e+06
4.495426000000000000e+06
1.640024000000000000e+06
1.943963000000000000e+06
2.434664000000000000e+06
1.606267000000000000e+06
1.892554000000000000e+06
2.005129000000000000e+06
1.923243000000000000e+06
1.829949000000000000e+06
1.511993000000000000e+06
1.395304000000000000e+06
1.359843000000000000e+06
4.521222000000000000e+06
1.164927000000000000e+06
1.750164000000000000e+06
2.006647000000000000e+06
1.427092000000000000e+06
1.434583000000000000e+06
1.783359000000000000e+06
1.483996000000000000e+06
1.050164000000000000e+06
1.132965000000000000e+06
1.786755000000000000e+06
1.879180000000000000e+06
4.640881000000000000e+06
1.778961000000000000e+06
1.426939000000000000e+06
2.215488000000000000e+06
1.166796000000000000e+06
1.147615000000000000e+06
9.670320000000000000e+05
1.163349000000000000e+06
1.031982000000000000e+06
9.256360000000000000e+05
9.751400000000000000e+05
8.876460000000000000e+05
4.083899000000000000e+06
7.354080000000000000e+05
5.578160000000000000e+05
1.521814000000000000e+06
1.220640000000000000e+06
9.338770000000000000e+05
1.157518000000000000e+06
9.288650000000000000e+05
1.148973000000000000e+06
9.232480000000000000e+05
8.335070000000000000e+05
9.996560000000000000e+05
4.489280000000000000e+06
8.970770000000000000e+05
1.018160000000000000e+06
1.568267000000000000e+06
8.987650000000000000e+05
1.232038000000000000e+06
1.856707000000000000e+06
1.836181000000000000e+06
1.885120000000000000e+06
2.011873000000000000e+06
1.716075000000000000e+06
1.879951000000000000e+06
4.919964000000000000e+06
1.611392000000000000e+06
1.489407000000000000e+06
1.964844000000000000e+06
1.298412000000000000e+06
1.073805000000000000e+06
8.455380000000000000e+05
8.855600000000000000e+05
1.234848000000000000e+06
1.038557000000000000e+06
1.106264000000000000e+06
1.270435000000000000e+06
4.409405000000000000e+06
1.583906000000000000e+06
1.540949000000000000e+06
2.512942000000000000e+06
1.873784000000000000e+06
1.469140000000000000e+06
1.446443000000000000e+06
1.610871000000000000e+06
2.078276000000000000e+06
