6.617630000000000000e+05
1.506760000000000000e+06
4.634782000000000000e+06
2.052986000000000000e+06
2.214244000000000000e+06
2.781739000000000000e+06
2.903603000000000000e+06
2.456312000000000000e+06
1.475947000000000000e+06
1.386197000000000000e+06
1.443895000000000000e+06
2.117974000000000000e+06
1.848240000000000000e+06
1.618363000000000000e+06
4.845528000000000000e+06
1.367280000000000000e+06
1.021707000000000000e+06
1.558008000000000000e+06
2.227456000000000000e+06
1.727956000000000000e+06
1.249415000000000000e+06
1.657653000000000000e+06
2.033369000000000000e+06
2.282540000000000000e+06
1.562713000000000000e+06
1.134676000000000000e+06
4.292463000000000000e+06
1.607272000000000000e+06
1.375232000000000000e+06
1.285300000000000000e+06
1.483507000000000000e+06
1.716962000000000000e+06
1.778066000000000000e+06
2.400488000000000000e+06
2.365224000000000000e+06
3.046173000000000000e+06
2.002633000000000000e+06
2.241351000000000000e+06
5.246623000000000000e+06
2.754610000000000000e+06
2.310703000000000000e+06
2.199641000000000000e+06
2.530564000000000000e+06
1.941236000000000000e+06
1.586940000000000000e+06
1.192387000000000000e+06
1.605690000000000000e+06
1.793332000000000000e+06
9.575110000000000000e+05
1.215435000000000000e+06
4.136973000000000000e+06
7.357350000000000000e+05
6.000150000000000000e+05
5.351090000000000000e+05
7.638740000000000000e+05
5.824320000000000000e+05
4.213350000000000000e+05
6.182060000000000000e+05
8.168540000000000000e+05
1.552579000000000000e+06
8.752400000000000000e+05
9.334980000000000000e+05
3.741700000000000000e+06
7.313680000000000000e+05
7.798890000000000000e+05
9.676900000000000000e+05
9.944220000000000000e+05
9.229100000000000000e+05
8.843130000000000000e+05
1.099265000000000000e+06
1.047151000000000000e+06
2.020939000000000000e+06
1.462482000000000000e+06
1.472567000000000000e+06
4.392487000000000000e+06
1.770277000000000000e+06
1.708710000000000000e+06
1.864151000000000000e+06
1.801759000000000000e+06
2.337597000000000000e+06
1.886434000000000000e+06
1.693999000000000000e+06
1.235288000000000000e+06
1.502512000000000000e+06
8.832730000000000000e+05
7.179180000000000000e+05
4.073744000000000000e+06
9.423090000000000000e+05
9.744770000000000000e+05
1.158073000000000000e+06
1.033900000000000000e+06
1.023742000000000000e+06
1.566233000000000000e+06
1.694360000000000000e+06
1.481090000000000000e+06
1.753037000000000000e+06
1.140522000000000000e+06
1.085358000000000000e+06
4.027357000000000000e+06
1.840136000000000000e+06
2.262830000000000000e+06
1.932010000000000000e+06
1.839318000000000000e+06
1.683490000000000000e+06
1.455891000000000000e+06
7.494130000000000000e+05
5.403610000000000000e+05
1.496006000000000000e+06
6.506980000000000000e+05
7.217440000000000000e+05
3.890440000000000000e+06
5.916170000000000000e+05
5.560230000000000000e+05
5.548230000000000000e+05
5.917110000000000000e+05
5.550680000000000000e+05
8.842730000000000000e+05
1.015610000000000000e+06
6.692820000000000000e+05
1.285882000000000000e+06
8.413460000000000000e+05
7.118870000000000000e+05
3.331639000000000000e+06
9.499880000000000000e+05
1.130923000000000000e+06
1.142157000000000000e+06
1.106992000000000000e+06
8.486880000000000000e+05
8.585330000000000000e+05
8.496650000000000000e+05
1.061906000000000000e+06
1.661486000000000000e+06
8.252110000000000000e+05
1.085136000000000000e+06
3.972528000000000000e+06
1.667620000000000000e+06
1.660761000000000000e+06
1.794837000000000000e+06
2.007636000000000000e+06
1.994763000000000000e+06
1.911294000000000000e+06
2.049618000000000000e+06
2.016761000000000000e+06
2.267294000000000000e+06
1.726080000000000000e+06
1.343702000000000000e+06
4.316530000000000000e+06
1.679964000000000000e+06
1.265801000000000000e+06
