1.657633000000000000e+06
1.427148000000000000e+06
1.499873000000000000e+06
1.500780000000000000e+06
1.495780000000000000e+06
1.620555000000000000e+06
1.632823000000000000e+06
1.788240000000000000e+06
5.188155000000000000e+06
2.542636000000000000e+06
2.073143000000000000e+06
2.671275000000000000e+06
2.400103000000000000e+06
2.449955000000000000e+06
2.638519000000000000e+06
2.402669000000000000e+06
2.099994000000000000e+06
2.035524000000000000e+06
2.381539000000000000e+06
2.245839000000000000e+06
5.479157000000000000e+06
2.209641000000000000e+06
1.956662000000000000e+06
1.834757000000000000e+06
1.395939000000000000e+06
1.472644000000000000e+06
1.313696000000000000e+06
1.484007000000000000e+06
1.412786000000000000e+06
1.045362000000000000e+06
1.080505000000000000e+06
1.014895000000000000e+06
4.721371000000000000e+06
1.230812000000000000e+06
1.175436000000000000e+06
1.668581000000000000e+06
1.177803000000000000e+06
1.036561000000000000e+06
1.065937000000000000e+06
1.727896000000000000e+06
1.622919000000000000e+06
1.225431000000000000e+06
1.463704000000000000e+06
1.996944000000000000e+06
4.529915000000000000e+06
1.432870000000000000e+06
2.115492000000000000e+06
2.317273000000000000e+06
1.157674000000000000e+06
1.125342000000000000e+06
1.198600000000000000e+06
1.131836000000000000e+06
1.093410000000000000e+06
1.069647000000000000e+06
1.157850000000000000e+06
1.035515000000000000e+06
3.547676000000000000e+06
9.623290000000000000e+05
7.539550000000000000e+05
1.260052000000000000e+06
1.018799000000000000e+06
1.407628000000000000e+06
1.805578000000000000e+06
2.375249000000000000e+06
3.040910000000000000e+06
3.771287000000000000e+06
4.003497000000000000e+06
2.974937000000000000e+06
5.028842000000000000e+06
1.453725000000000000e+06
1.236923000000000000e+06
1.783928000000000000e+06
1.223471000000000000e+06
1.243110000000000000e+06
1.333571000000000000e+06
1.444460000000000000e+06
1.266650000000000000e+06
1.271452000000000000e+06
1.011407000000000000e+06
8.114930000000000000e+05
4.057852000000000000e+06
7.529880000000000000e+05
5.480960000000000000e+05
1.433338000000000000e+06
8.842980000000000000e+05
1.161407000000000000e+06
1.315892000000000000e+06
1.526102000000000000e+06
1.534827000000000000e+06
1.753092000000000000e+06
2.037335000000000000e+06
2.320150000000000000e+06
5.154951000000000000e+06
2.393958000000000000e+06
2.384131000000000000e+06
2.856099000000000000e+06
2.186621000000000000e+06
1.743379000000000000e+06
2.046164000000000000e+06
9.365225200000000000e+07
1.082644000000000000e+06
1.100583000000000000e+06
1.409933000000000000e+06
1.119871000000000000e+06
1.383137000000000000e+06
1.199393000000000000e+06
1.450803000000000000e+06
1.870655000000000000e+06
1.548409000000000000e+06
1.223757000000000000e+06
1.791370000000000000e+06
4.720253000000000000e+06
1.266236000000000000e+06
1.109695000000000000e+06
1.520800000000000000e+06
1.183120000000000000e+06
1.438198000000000000e+06
1.311121000000000000e+06
1.522073000000000000e+06
2.120573000000000000e+06
1.367069000000000000e+06
1.543462000000000000e+06
1.424150000000000000e+06
4.767793000000000000e+06
1.222588000000000000e+06
1.085326000000000000e+06
1.415902000000000000e+06
1.320620000000000000e+06
1.525978000000000000e+06
1.347698000000000000e+06
1.354245000000000000e+06
2.128482000000000000e+06
1.471992000000000000e+06
1.425250000000000000e+06
1.474466000000000000e+06
4.826010000000000000e+06
1.240885000000000000e+06
1.077924000000000000e+06
1.407173000000000000e+06
1.176067000000000000e+06
1.632256000000000000e+06
1.240906000000000000e+06
1.384944000000000000e+06
2.221423000000000000e+06
1.472590000000000000e+06
1.447582000000000000e+06
1.479325000000000000e+06
4.763242000000000000e+06
1.222643000000000000e+06
