1.443485000000000000e+06
1.223071000000000000e+06
1.442866000000000000e+06
1.181322000000000000e+06
1.482260000000000000e+06
1.228917000000000000e+06
1.416489000000000000e+06
1.464813000000000000e+06
1.403958000000000000e+06
4.679451000000000000e+06
1.147359000000000000e+06
1.767474000000000000e+06
1.206145000000000000e+06
1.273407000000000000e+06
1.270357000000000000e+06
1.513267000000000000e+06
1.129909000000000000e+06
1.424041000000000000e+06
1.383278000000000000e+06
1.373238000000000000e+06
1.337061000000000000e+06
4.709647000000000000e+06
1.117673000000000000e+06
1.714763000000000000e+06
1.206621000000000000e+06
1.172604000000000000e+06
1.315180000000000000e+06
1.455178000000000000e+06
1.190043000000000000e+06
1.351411000000000000e+06
1.368262000000000000e+06
1.327837000000000000e+06
1.315472000000000000e+06
4.620965000000000000e+06
1.079265000000000000e+06
1.714603000000000000e+06
1.205564000000000000e+06
1.164557000000000000e+06
1.272950000000000000e+06
1.229013000000000000e+06
1.171116000000000000e+06
1.390189000000000000e+06
1.268468000000000000e+06
1.350475000000000000e+06
1.416322000000000000e+06
4.557190000000000000e+06
1.055924000000000000e+06
1.582208000000000000e+06
1.328614000000000000e+06
1.005188000000000000e+06
1.199744000000000000e+06
1.324233000000000000e+06
1.207520000000000000e+06
1.111794630000000000e+08
7.795290000000000000e+05
4.485230000000000000e+05
5.297110000000000000e+05
5.651890000000000000e+05
4.646220000000000000e+05
1.165827000000000000e+06
6.295130000000000000e+05
4.639400000000000000e+05
6.080230000000000000e+05
6.567740000000000000e+05
5.943020000000000000e+05
3.342097000000000000e+06
5.791810000000000000e+05
3.741320000000000000e+05
3.458150000000000000e+05
6.261250000000000000e+05
4.825610000000000000e+05
1.231573000000000000e+06
6.773870000000000000e+05
8.540220000000000000e+05
7.906460000000000000e+05
6.916210000000000000e+05
5.645490000000000000e+05
3.522576000000000000e+06
8.571510000000000000e+05
7.145180000000000000e+05
6.603660000000000000e+05
9.493480000000000000e+05
1.146827000000000000e+06
1.360134000000000000e+06
6.554150000000000000e+05
8.063160000000000000e+05
7.355730000000000000e+05
6.918190000000000000e+05
5.434240000000000000e+05
3.973277000000000000e+06
8.894570000000000000e+05
7.178530000000000000e+05
8.217290000000000000e+05
1.056825000000000000e+06
8.728870000000000000e+05
1.381719000000000000e+06
8.109740000000000000e+05
7.158310000000000000e+05
9.645260000000000000e+05
1.003988000000000000e+06
1.236929000000000000e+06
4.527578000000000000e+06
1.141430000000000000e+06
1.109894000000000000e+06
1.151640000000000000e+06
1.138993000000000000e+06
1.271118000000000000e+06
2.078504000000000000e+06
1.478492000000000000e+06
1.535045000000000000e+06
1.546667000000000000e+06
1.422589000000000000e+06
1.453311000000000000e+06
4.093012000000000000e+06
1.050274000000000000e+06
1.194523000000000000e+06
1.727308000000000000e+06
2.746679000000000000e+06
2.812238000000000000e+06
3.351900000000000000e+06
4.455548000000000000e+06
6.198847000000000000e+06
7.337984000000000000e+06
5.808911000000000000e+06
3.514880000000000000e+06
5.615254000000000000e+06
2.817373000000000000e+06
2.684209000000000000e+06
3.162669000000000000e+06
2.770588000000000000e+06
2.252336000000000000e+06
2.713425000000000000e+06
2.016576000000000000e+06
2.059253000000000000e+06
2.623691000000000000e+06
2.472344000000000000e+06
2.205574000000000000e+06
4.591600000000000000e+06
1.318929000000000000e+06
9.424250000000000000e+05
9.648510000000000000e+05
9.010320000000000000e+05
8.633620000000000000e+05
1.542066000000000000e+06
1.365847000000000000e+06
1.913479000000000000e+06
2.419478000000000000e+06
2.674862000000000000e+06
2.568757000000000000e+06
