2.960270000000000000e+06
2.592253000000000000e+06
2.366518000000000000e+06
2.269229000000000000e+06
2.267571000000000000e+06
2.422286000000000000e+06
2.944968000000000000e+06
2.263718000000000000e+06
2.531098000000000000e+06
2.395430000000000000e+06
1.647569000000000000e+06
5.010670000000000000e+06
1.932500000000000000e+06
1.749922000000000000e+06
1.432914000000000000e+06
1.824485000000000000e+06
2.041804000000000000e+06
1.580523000000000000e+06
1.477880000000000000e+06
1.549182000000000000e+06
1.441011000000000000e+06
1.458871000000000000e+06
1.471949000000000000e+06
4.733811000000000000e+06
1.451456000000000000e+06
1.227523000000000000e+06
1.107864000000000000e+06
1.323390000000000000e+06
1.573939000000000000e+06
1.916534000000000000e+06
1.691033000000000000e+06
1.875888000000000000e+06
2.376811000000000000e+06
2.313419000000000000e+06
2.478504000000000000e+06
5.599432000000000000e+06
3.024208000000000000e+06
2.916510000000000000e+06
2.564122000000000000e+06
2.648922000000000000e+06
2.559872000000000000e+06
2.622871000000000000e+06
2.559795000000000000e+06
2.627793000000000000e+06
2.641930000000000000e+06
2.590598000000000000e+06
2.087289000000000000e+06
5.420628000000000000e+06
2.232819000000000000e+06
1.979160000000000000e+06
3.529499000000000000e+06
2.264374000000000000e+06
2.208600000000000000e+06
2.368452000000000000e+06
2.453134000000000000e+06
2.881408000000000000e+06
3.129991000000000000e+06
3.626706000000000000e+06
4.124731000000000000e+06
7.400696000000000000e+06
5.140194000000000000e+06
5.749259000000000000e+06
6.187148000000000000e+06
6.431498000000000000e+06
6.447468000000000000e+06
6.536046000000000000e+06
6.782998000000000000e+06
6.905122000000000000e+06
6.785433000000000000e+06
6.693872000000000000e+06
6.544485000000000000e+06
8.915305000000000000e+06
5.394714000000000000e+06
4.367499000000000000e+06
3.810029000000000000e+06
3.529088000000000000e+06
3.091054000000000000e+06
3.225454000000000000e+06
3.121094000000000000e+06
2.799275000000000000e+06
2.661957000000000000e+06
3.225383000000000000e+06
3.439856000000000000e+06
6.520038000000000000e+06
3.188477000000000000e+06
2.974889000000000000e+06
3.302944000000000000e+06
3.061612000000000000e+06
2.771898000000000000e+06
2.561328000000000000e+06
2.745307000000000000e+06
2.897143000000000000e+06
2.849171000000000000e+06
1.870876000000000000e+06
1.498380000000000000e+06
5.683157000000000000e+06
1.414352000000000000e+06
1.338494000000000000e+06
1.120761000000000000e+06
1.359779000000000000e+06
1.817693000000000000e+06
2.255025000000000000e+06
1.720728000000000000e+06
1.802135000000000000e+06
1.670452000000000000e+06
1.489611000000000000e+06
1.287951000000000000e+06
4.660438000000000000e+06
1.369500000000000000e+06
1.238005000000000000e+06
1.481487000000000000e+06
1.105936000000000000e+06
1.074478860000000000e+08
2.555500000000000000e+06
1.799543000000000000e+06
2.306876000000000000e+06
2.196610000000000000e+06
2.853238000000000000e+06
2.207980000000000000e+06
2.687536000000000000e+06
2.610905000000000000e+06
1.749989000000000000e+06
2.169965000000000000e+06
2.051487000000000000e+06
4.855745000000000000e+06
2.016408000000000000e+06
1.610253000000000000e+06
1.556860000000000000e+06
1.799492000000000000e+06
1.946689000000000000e+06
1.747948000000000000e+06
2.040926000000000000e+06
1.808346000000000000e+06
1.800023000000000000e+06
1.657169000000000000e+06
1.521435000000000000e+06
4.387547000000000000e+06
1.837981000000000000e+06
1.500698000000000000e+06
1.190595000000000000e+06
1.212665000000000000e+06
1.314144000000000000e+06
1.581234000000000000e+06
1.857021000000000000e+06
1.693716000000000000e+06
1.623884000000000000e+06
1.278601000000000000e+06
1.542110000000000000e+06
4.156069000000000000e+06
