1.281545000000000000e+06
1.311297000000000000e+06
1.345478000000000000e+06
1.397346000000000000e+06
1.424146000000000000e+06
1.306622000000000000e+06
1.234020000000000000e+06
1.455718000000000000e+06
1.145387000000000000e+06
1.135549000000000000e+06
3.900070000000000000e+06
1.597453000000000000e+06
1.138834000000000000e+06
1.239014000000000000e+06
1.364767000000000000e+06
1.414275000000000000e+06
1.651627000000000000e+06
1.665900000000000000e+06
1.657052000000000000e+06
1.883791000000000000e+06
1.723428000000000000e+06
1.646946000000000000e+06
4.312674000000000000e+06
2.029419000000000000e+06
1.400363000000000000e+06
1.510826000000000000e+06
1.576837000000000000e+06
1.554889000000000000e+06
1.693798000000000000e+06
1.687815000000000000e+06
1.656847000000000000e+06
1.386985000000000000e+06
1.590608000000000000e+06
1.473033000000000000e+06
3.911248000000000000e+06
1.794338000000000000e+06
1.248473000000000000e+06
1.262663000000000000e+06
1.256164000000000000e+06
1.305580000000000000e+06
1.549522000000000000e+06
1.351293000000000000e+06
1.361344000000000000e+06
1.391146000000000000e+06
1.469259000000000000e+06
1.513641000000000000e+06
3.845148000000000000e+06
1.776017000000000000e+06
1.181985000000000000e+06
1.241778000000000000e+06
1.236016000000000000e+06
1.247006000000000000e+06
1.304630000000000000e+06
1.439908000000000000e+06
1.481798000000000000e+06
1.449141000000000000e+06
1.394145000000000000e+06
1.374484000000000000e+06
3.843935000000000000e+06
1.686494000000000000e+06
1.191711000000000000e+06
1.342951000000000000e+06
1.353028000000000000e+06
1.334033000000000000e+06
1.422644000000000000e+06
1.281140000000000000e+06
1.233583000000000000e+06
1.508959000000000000e+06
1.226009000000000000e+06
1.246379000000000000e+06
3.555494000000000000e+06
1.522411000000000000e+06
9.062590000000000000e+05
8.576141100000000000e+07
1.985998000000000000e+06
2.124095000000000000e+06
2.108384000000000000e+06
1.482133000000000000e+06
1.060494000000000000e+06
1.142644000000000000e+06
9.440220000000000000e+05
8.787880000000000000e+05
7.719280000000000000e+05
5.244120000000000000e+05
6.964360000000000000e+05
3.854221000000000000e+06
2.083612000000000000e+06
2.058291000000000000e+06
1.872557000000000000e+06
1.659079000000000000e+06
2.168402000000000000e+06
2.835416000000000000e+06
2.324753000000000000e+06
2.752360000000000000e+06
2.167022000000000000e+06
1.926672000000000000e+06
1.491505000000000000e+06
4.687787000000000000e+06
1.074252000000000000e+06
1.338802000000000000e+06
1.860848000000000000e+06
2.302861000000000000e+06
3.066953000000000000e+06
3.727362000000000000e+06
3.649588000000000000e+06
3.226003000000000000e+06
3.240488000000000000e+06
3.761077000000000000e+06
2.492514000000000000e+06
4.776260000000000000e+06
1.586015000000000000e+06
1.619167000000000000e+06
8.779070000000000000e+05
6.615670000000000000e+05
5.964770000000000000e+05
5.497310000000000000e+05
5.044460000000000000e+05
7.149230000000000000e+05
8.487470000000000000e+05
1.074191000000000000e+06
1.118701000000000000e+06
3.878154000000000000e+06
1.464388000000000000e+06
1.335109000000000000e+06
1.323261000000000000e+06
1.624003000000000000e+06
1.800551000000000000e+06
1.398755000000000000e+06
1.470311000000000000e+06
1.412010000000000000e+06
1.085521000000000000e+06
1.260096000000000000e+06
1.007953000000000000e+06
3.872637000000000000e+06
7.850820000000000000e+05
9.047860000000000000e+05
8.711620000000000000e+05
7.994420000000000000e+05
5.594520000000000000e+05
3.768110000000000000e+05
7.387450000000000000e+05
6.295430000000000000e+05
1.180451000000000000e+06
1.036800000000000000e+06
1.172937000000000000e+06
4.327405000000000000e+06
1.615243000000000000e+06
1.737476000000000000e+06
1.852788000000000000e+06
