2.385531000000000000e+06
2.176673000000000000e+06
2.162432000000000000e+06
2.092279000000000000e+06
1.687961000000000000e+06
1.362141000000000000e+06
1.210927000000000000e+06
4.519178000000000000e+06
6.829180000000000000e+05
9.671150000000000000e+05
1.097554000000000000e+06
1.345637000000000000e+06
5.187620000000000000e+05
5.548050000000000000e+05
1.437118000000000000e+06
1.492368000000000000e+06
1.741133000000000000e+06
1.798770000000000000e+06
1.895055000000000000e+06
4.773275000000000000e+06
1.476663000000000000e+06
2.378804000000000000e+06
1.665977000000000000e+06
2.389152000000000000e+06
1.468056000000000000e+06
1.143844000000000000e+06
1.238284000000000000e+06
1.733516000000000000e+06
1.754499000000000000e+06
1.810052000000000000e+06
1.827315000000000000e+06
4.829537000000000000e+06
2.029650000000000000e+06
1.978452000000000000e+06
1.196910000000000000e+06
1.745214000000000000e+06
1.076982000000000000e+06
1.032041000000000000e+06
7.004660000000000000e+05
8.425830000000000000e+05
1.075377000000000000e+06
6.217090000000000000e+05
5.293290000000000000e+05
3.604123000000000000e+06
8.059720000000000000e+05
3.854250000000000000e+05
2.828480000000000000e+05
1.071630000000000000e+06
7.145660000000000000e+05
3.250820000000000000e+05
2.487840000000000000e+05
4.900880000000000000e+05
2.191390000000000000e+05
2.801450000000000000e+05
4.082560000000000000e+05
3.353107000000000000e+06
1.451298000000000000e+06
7.648250000000000000e+05
6.014210000000000000e+05
1.415134000000000000e+06
1.113958000000000000e+06
1.223394000000000000e+06
1.058526000000000000e+06
9.048880000000000000e+05
1.052179000000000000e+06
1.373645000000000000e+06
7.138150000000000000e+05
4.254501000000000000e+06
1.471110000000000000e+06
1.109805000000000000e+06
6.827530000000000000e+05
1.486885000000000000e+06
9.624600000000000000e+05
2.843290000000000000e+05
3.308640000000000000e+05
4.162160000000000000e+05
8.062940000000000000e+05
7.634410000000000000e+05
7.419550000000000000e+05
3.534011000000000000e+06
8.858820000000000000e+05
7.917120000000000000e+05
9.853740000000000000e+05
1.390123000000000000e+06
5.559820000000000000e+05
4.737030000000000000e+05
4.916570000000000000e+05
6.155850000000000000e+05
6.438410000000000000e+05
7.097000000000000000e+05
3.872860000000000000e+05
3.755280000000000000e+06
8.748780000000000000e+05
6.947320000000000000e+05
1.049319000000000000e+06
1.407044000000000000e+06
8.653040000000000000e+05
1.003181000000000000e+06
9.485290000000000000e+05
4.438950000000000000e+05
6.181880000000000000e+05
6.398970000000000000e+05
4.041450000000000000e+05
3.830909000000000000e+06
5.800910000000000000e+05
5.281640000000000000e+05
6.118450000000000000e+05
1.326602000000000000e+06
3.330750000000000000e+05
3.152220000000000000e+05
1.758680000000000000e+05
5.691820000000000000e+05
1.891180000000000000e+05
3.286670000000000000e+05
6.230820000000000000e+05
3.606614000000000000e+06
1.174106000000000000e+06
1.363707000000000000e+06
1.340449000000000000e+06
2.074436000000000000e+06
1.301571000000000000e+06
9.946170000000000000e+05
1.164069000000000000e+06
1.231082000000000000e+06
5.657210000000000000e+05
5.116260000000000000e+05
7.164320000000000000e+05
3.575623000000000000e+06
7.309000000000000000e+05
7.782140000000000000e+05
1.130808000000000000e+06
1.556931000000000000e+06
8.298860000000000000e+05
1.159580000000000000e+06
1.194499000000000000e+06
1.085923000000000000e+06
7.017530000000000000e+05
6.041720000000000000e+05
5.942600000000000000e+05
3.646224000000000000e+06
6.299830000000000000e+05
1.964750000000000000e+05
4.924980000000000000e+05
1.358323000000000000e+06
4.785800000000000000e+05
6.416390000000000000e+05
4.110980000000000000e+05
2.361080000000000000e+05
4.102630000000000000e+05
