9.506330000000000000e+05
3.401516000000000000e+06
5.340950000000000000e+05
5.623070000000000000e+05
9.207320000000000000e+05
4.942310000000000000e+05
3.003670000000000000e+05
2.115130000000000000e+05
2.978620000000000000e+05
3.630120000000000000e+05
5.932440000000000000e+05
1.138752000000000000e+06
4.526030000000000000e+05
3.415127000000000000e+06
5.050560000000000000e+05
3.862490000000000000e+05
6.022820000000000000e+05
2.889750000000000000e+05
1.887050000000000000e+05
2.072910000000000000e+05
4.199970000000000000e+05
3.767840000000000000e+05
3.657710000000000000e+05
1.071470000000000000e+06
6.109440000000000000e+05
3.267517000000000000e+06
7.608700000000000000e+05
9.858710000000000000e+05
9.024000000000000000e+05
1.207529000000000000e+06
1.093570000000000000e+06
1.131975000000000000e+06
1.618781000000000000e+06
1.396965000000000000e+06
1.336151000000000000e+06
1.821170000000000000e+06
1.277484000000000000e+06
4.411472000000000000e+06
1.088773000000000000e+06
9.841470000000000000e+05
7.049690000000000000e+05
5.741960000000000000e+05
3.615060000000000000e+05
3.632510000000000000e+05
4.453720000000000000e+05
9.180570000000000000e+05
6.416570000000000000e+05
1.328919000000000000e+06
5.330000000000000000e+05
3.627952000000000000e+06
4.539610000000000000e+05
3.064120000000000000e+05
2.142470000000000000e+05
5.989190000000000000e+05
2.432950000000000000e+05
3.925970000000000000e+05
5.895530000000000000e+05
8.230550000000000000e+05
1.461386000000000000e+06
1.788185000000000000e+06
1.202865000000000000e+06
3.536311000000000000e+06
1.624074000000000000e+06
1.024339000000000000e+06
9.162730000000000000e+05
1.129684000000000000e+06
1.109490000000000000e+06
6.332510000000000000e+05
9.512260000000000000e+05
1.217094000000000000e+06
1.235948000000000000e+06
1.805878000000000000e+06
1.060685000000000000e+06
4.240003000000000000e+06
1.335070000000000000e+06
7.431640000000000000e+05
8.060790000000000000e+05
7.983600000000000000e+05
1.110306000000000000e+06
8.022530000000000000e+05
7.070010000000000000e+05
7.070570000000000000e+05
9.122230000000000000e+05
1.271822000000000000e+06
6.071110000000000000e+05
3.845755000000000000e+06
1.038985000000000000e+06
4.919740000000000000e+05
6.087760000000000000e+05
8.537380000000000000e+05
1.306562000000000000e+06
1.471519000000000000e+06
9.155040000000000000e+05
1.025552000000000000e+06
1.240229000000000000e+06
1.610415000000000000e+06
7.968070000000000000e+05
4.144350000000000000e+06
8.324200000000000000e+05
8.481000000000000000e+05
7.850400000000000000e+05
4.470600000000000000e+04
6.697250000000000000e+05
6.346820000000000000e+05
4.347620000000000000e+05
4.565920000000000000e+05
5.344830000000000000e+05
1.297711000000000000e+06
8.321930000000000000e+05
3.772950000000000000e+06
1.930717000000000000e+06
1.109540000000000000e+06
1.754229000000000000e+06
1.555431000000000000e+06
1.998106000000000000e+06
2.519219000000000000e+06
2.790143000000000000e+06
3.205138000000000000e+06
3.992503000000000000e+06
5.042757000000000000e+06
4.442576000000000000e+06
6.940172000000000000e+06
4.852797000000000000e+06
5.234501000000000000e+06
5.622288000000000000e+06
5.731754000000000000e+06
5.928357000000000000e+06
6.721890000000000000e+06
6.968223000000000000e+06
7.856191000000000000e+06
8.924989000000000000e+06
1.017917100000000000e+07
1.268984500000000000e+07
1.519403100000000000e+07
1.256253400000000000e+07
1.125102900000000000e+07
1.509624600000000000e+07
1.701502900000000000e+07
1.513059800000000000e+07
1.313125500000000000e+07
1.456369600000000000e+07
1.587044400000000000e+07
1.522942600000000000e+07
1.424754200000000000e+07
1.320521800000000000e+07
1.487924300000000000e+07
1.214491900000000000e+07
1.166879300000000000e+07
1.259614800000000000e+07
