1.385993900000000000e+07
1.207757300000000000e+07
9.872784000000000000e+06
1.020757900000000000e+07
1.114426100000000000e+07
1.175858600000000000e+07
1.170506700000000000e+07
1.376965600000000000e+07
1.033906900000000000e+07
9.897255000000000000e+06
9.665818000000000000e+06
9.406639000000000000e+06
9.411301000000000000e+06
1.001742500000000000e+07
1.052128900000000000e+07
9.697252000000000000e+06
9.529816000000000000e+06
8.716827000000000000e+06
9.085397000000000000e+06
1.130046900000000000e+07
8.610034000000000000e+06
8.598918000000000000e+06
9.286782000000000000e+06
8.960058000000000000e+06
7.899522000000000000e+06
7.985748000000000000e+06
8.113308000000000000e+06
7.879476000000000000e+06
7.644900000000000000e+06
8.066501000000000000e+06
8.190195000000000000e+06
1.069107300000000000e+07
8.256052000000000000e+06
7.790538000000000000e+06
7.911220000000000000e+06
8.002869000000000000e+06
6.766413000000000000e+06
6.319587000000000000e+06
6.251927000000000000e+06
6.265893000000000000e+06
6.094645000000000000e+06
5.991856000000000000e+06
6.412920000000000000e+06
8.987101000000000000e+06
6.645093000000000000e+06
6.481985000000000000e+06
6.549856000000000000e+06
6.718978000000000000e+06
6.152562000000000000e+06
6.260800000000000000e+06
7.541107000000000000e+06
7.716194000000000000e+06
7.223643000000000000e+06
6.722822000000000000e+06
6.928732000000000000e+06
9.220104000000000000e+06
6.578750000000000000e+06
6.237306000000000000e+06
6.679580000000000000e+06
7.304113000000000000e+06
6.831853000000000000e+06
7.186326000000000000e+06
7.253297000000000000e+06
7.622316000000000000e+06
7.521992000000000000e+06
6.824050000000000000e+06
6.658392000000000000e+06
9.295021000000000000e+06
7.830331000000000000e+06
8.555375000000000000e+06
8.975866000000000000e+06
8.737548000000000000e+06
8.298987000000000000e+06
8.727177000000000000e+06
8.600600000000000000e+06
8.409029000000000000e+06
7.998758000000000000e+06
6.962246000000000000e+06
6.698224000000000000e+06
8.295687000000000000e+06
7.039799000000000000e+06
7.438730000000000000e+06
6.341761000000000000e+06
6.129973000000000000e+06
6.061745000000000000e+06
4.850249000000000000e+06
4.247845000000000000e+06
4.242486000000000000e+06
3.852128000000000000e+06
3.440505000000000000e+06
2.999492000000000000e+06
5.335834000000000000e+06
2.812225000000000000e+06
3.578258000000000000e+06
3.212509000000000000e+06
3.295182000000000000e+06
2.554816000000000000e+06
2.119443000000000000e+06
1.554634000000000000e+06
2.390664000000000000e+06
2.810064000000000000e+06
2.566853000000000000e+06
2.692400000000000000e+06
4.238104000000000000e+06
1.018445000000000000e+06
1.112701000000000000e+06
1.903786000000000000e+06
1.600257000000000000e+06
1.005422000000000000e+06
9.873060000000000000e+05
9.554150000000000000e+05
9.998790000000000000e+05
1.043973000000000000e+06
1.019650000000000000e+06
1.060697000000000000e+06
3.402180000000000000e+06
2.265340000000000000e+05
2.791320000000000000e+05
9.887890000000000000e+05
1.348082000000000000e+06
8.204400000000000000e+05
6.713120000000000000e+05
4.595680000000000000e+05
5.277030000000000000e+05
1.089523000000000000e+07
1.847514300000000000e+07
1.803941900000000000e+07
2.133793000000000000e+07
1.512350700000000000e+07
1.229099100000000000e+07
7.497691000000000000e+06
1.702850000000000000e+06
6.922600000000000000e+04
1.333100000000000000e+04
0.000000000000000000e+00
0.000000000000000000e+00
0.000000000000000000e+00
0.000000000000000000e+00
0.000000000000000000e+00
1.770467000000000000e+06
9.166800000000000000e+04
8.044000000000000000e+03
0.000000000000000000e+00
3.100150000000000000e+05
0.000000000000000000e+00
0.000000000000000000e+00
0.000000000000000000e+00
0.000000000000000000e+00
0.000000000000000000e+00
