4.385157051135082396e-06
5.768018388221053449e-06
2.826807298222366674e-06
2.198223005600121514e-07
1.239302476272493856e-07
1.670654901132291655e-07
1.087387707749647814e-07
7.289231534679832359e-08
8.977972387595950783e-08
2.598690524773329891e-07
1.767341785614385143e-07
1.170463007906464447e-07
7.701182395828013182e-08
9.047034589358333323e-08
9.436519075261086196e-08
1.762311376605917896e-07
5.300503939257136205e-08
7.153157763290821525e-08
4.275380906991052163e-08
5.194733788886544956e-08
4.973148706932963696e-08
1.316254191911545048e-07
5.909284797725172881e-08
7.172761271948463580e-08
3.945598870572843165e-08
5.093310899449651778e-08
6.169498285126625756e-08
8.049677502281558733e-08
4.303791789103578079e-08
3.533849706889136488e-08
6.067844247920629361e-08
5.007589229566304733e-08
2.880297455901824818e-08
2.284511111258548132e-08
3.216572170823710815e-08
2.810739053628679739e-08
2.490832521041639912e-08
9.467424076449657622e-09
1.109574874308669812e-08
1.095009100113418837e-08
1.216816673725273273e-08
1.122035075463734725e-08
8.523239885602577327e-09
1.349075640738643991e-08
6.729926693025139792e-09
6.875590275542265681e-06
7.543452337485592881e-05
1.060622889979355969e-04
7.901461351485479046e-05
8.459650233489315213e-05
7.851751787321908753e-05
1.330850988018269533e-04
1.300499147298384798e-04
1.565013511651227218e-04
1.484006237821514226e-04
2.419287250155494192e-04
2.603910407241510016e-04
2.083605649519939770e-04
2.242851622250615208e-04
2.192106579436736745e-04
2.310539183973455031e-04
1.846732330971023555e-04
1.730489487550696524e-04
2.365861417484932340e-04
3.256461652768712555e-04
2.661820779852315608e-04
2.840762641154178725e-04
2.525781895838627076e-04
2.734806870116668386e-04
2.855641501290457837e-04
2.567159683525967553e-04
2.456714912336699927e-04
2.662539076642925088e-04
2.635210144276521746e-04
2.194507186915598722e-04
1.937865399989951900e-04
2.017108558797512047e-04
2.058781328655424577e-04
2.254370726695677002e-04
1.676085652137289275e-04
2.099719582771768342e-04
1.707690102713448684e-04
1.768120292092667197e-04
1.444511875814321071e-04
1.713597044652821939e-04
1.578514876008844773e-04
1.455406550647450072e-04
1.078284922100248796e-04
1.261915276650668854e-04
2.132859359793111615e-04
2.122643042583854803e-04
2.087903671524151718e-04
1.751315837003746836e-04
2.208521982439521302e-04
2.253091051464989098e-04
2.353817021765676519e-04
1.886170737597407199e-04
2.409058363259244191e-04
2.052309967222667997e-04
2.189562839715659297e-04
1.604063474402135712e-04
1.656956007691467699e-04
1.715301453661756458e-04
1.451387393231294695e-04
1.706875303164631208e-04
1.265076654297964836e-04
2.289831232862407672e-04
1.603972952382094253e-04
1.932929567739266250e-04
1.410589737146079165e-04
1.959575276796509725e-04
1.938224852490587238e-04
1.835835628769024710e-04
1.380933081211686831e-04
2.715653708191955872e-04
2.493867663299145516e-04
2.668087174292324473e-04
2.349059192501768887e-04
2.936571228260896420e-04
3.335669332621048959e-04
3.013512309716672431e-04
3.111488762355985884e-04
3.118272541331595926e-04
3.598451614379882704e-04
3.164105472110566742e-04
3.090574627830868686e-04
2.808634926672695675e-04
2.658285048543190658e-04
3.071840928525340977e-04
2.520671304391354831e-04
2.681856252709213513e-04
2.853188182220977773e-04
2.763099613643827681e-04
2.462903253075216718e-04
2.510677795020901546e-04
1.971006798906391156e-04
2.465828543617612067e-04
1.729339563927682910e-04
1.719030190487297132e-04
1.742628966869951153e-04
2.204029535760684984e-04
1.908824151876021462e-04
1.935532912105119034e-04
1.850989805597837287e-04
1.789832196268094594e-04
2.504341456354881065e-04
1.579761707863840245e-04
2.154037255008204416e-04
1.466669395667354980e-04
6.002719913210187349e-05
