1.340850000000000000e+05
1.434160000000000000e+05
1.445730000000000000e+05
1.197470000000000000e+05
1.295070000000000000e+05
1.342540000000000000e+05
1.189630000000000000e+05
1.037840000000000000e+05
1.008000000000000000e+03
1.854120000000000000e+05
1.183690000000000000e+05
6.806600000000000000e+05
1.306428000000000000e+06
1.131732000000000000e+06
1.056700000000000000e+04
1.585920000000000000e+06
1.281516000000000000e+06
2.048244000000000000e+06
1.272036000000000000e+06
7.560300000000000000e+04
5.637600000000000000e+04
8.028000000000000000e+03
3.282800000000000000e+04
2.820620000000000000e+05
3.984000000000000000e+03
1.377000000000000000e+03
1.236000000000000000e+03
1.878000000000000000e+03
1.371000000000000000e+03
1.137000000000000000e+03
1.236000000000000000e+03
1.164000000000000000e+03
1.089000000000000000e+03
1.137000000000000000e+03
3.040000000000000000e+03
1.195510000000000000e+05
1.434000000000000000e+03
1.056000000000000000e+03
1.083000000000000000e+03
1.206000000000000000e+03
1.248000000000000000e+03
9.810000000000000000e+02
1.077000000000000000e+03
1.182000000000000000e+03
1.053000000000000000e+03
1.056000000000000000e+03
1.083000000000000000e+03
6.790000000000000000e+03
1.434000000000000000e+03
1.056000000000000000e+03
1.083000000000000000e+03
1.206000000000000000e+03
1.758000000000000000e+03
1.431000000000000000e+03
1.077000000000000000e+03
1.182000000000000000e+03
1.053000000000000000e+03
1.056000000000000000e+03
1.083000000000000000e+03
1.622200000000000000e+05
1.434000000000000000e+03
1.056000000000000000e+03
1.311000000000000000e+03
1.386000000000000000e+03
1.053000000000000000e+03
1.056000000000000000e+03
1.311000000000000000e+03
1.386000000000000000e+03
1.053000000000000000e+03
5.084568000000000000e+06
1.613691300000000000e+07
1.817103300000000000e+07
1.965588300000000000e+07
2.298847900000000000e+07
1.365530000000000000e+05
2.327933800000000000e+07
2.265722000000000000e+07
2.183442900000000000e+07
1.697833500000000000e+07
1.286014500000000000e+07
5.237030000000000000e+05
9.017757000000000000e+06
6.187550000000000000e+06
5.301611000000000000e+06
5.301880000000000000e+06
5.679206000000000000e+06
1.264180000000000000e+05
2.629554000000000000e+06
2.092466000000000000e+06
5.968070000000000000e+05
6.782500000000000000e+04
4.930500000000000000e+04
3.061100000000000000e+04
2.172030000000000000e+05
1.382153000000000000e+06
1.473830000000000000e+06
6.196600000000000000e+04
5.545200000000000000e+04
2.951100000000000000e+04
6.095700000000000000e+04
6.429300000000000000e+04
5.913300000000000000e+04
1.365580000000000000e+05
6.169000000000000000e+03
2.508240000000000000e+05
1.283000000000000000e+03
2.853000000000000000e+03
1.080142000000000000e+06
5.116590000000000000e+05
4.272000000000000000e+03
0.000000000000000000e+00
0.000000000000000000e+00
3.228000000000000000e+03
4.689000000000000000e+03
1.428000000000000000e+03
3.746300000000000000e+04
3.869000000000000000e+03
4.921000000000000000e+03
4.560000000000000000e+02
4.268840000000000000e+05
3.351000000000000000e+03
0.000000000000000000e+00
2.724000000000000000e+03
3.360000000000000000e+02
5.920000000000000000e+02
0.000000000000000000e+00
0.000000000000000000e+00
0.000000000000000000e+00
7.260000000000000000e+02
0.000000000000000000e+00
0.000000000000000000e+00
1.383890000000000000e+05
0.000000000000000000e+00
0.000000000000000000e+00
0.000000000000000000e+00
0.000000000000000000e+00
1.331031000000000000e+06
8.767053000000000000e+06
1.633805100000000000e+07
2.547223400000000000e+07
7.142600000000000000e+04
2.917883100000000000e+07
2.508659300000000000e+07
2.636551900000000000e+07
2.292992100000000000e+07
2.203663000000000000e+07
1.183130000000000000e+05
1.965279100000000000e+07
2.957039800000000000e+07
