2.277734000000000000e+06
2.213589000000000000e+06
7.171500000000000000e+04
2.281392000000000000e+06
2.331947000000000000e+06
2.377287000000000000e+06
2.454317000000000000e+06
2.586553000000000000e+06
8.549500000000000000e+04
2.883714000000000000e+06
3.243407000000000000e+06
3.596427000000000000e+06
3.678836000000000000e+06
3.739741000000000000e+06
9.469300000000000000e+04
3.820419000000000000e+06
3.987586000000000000e+06
4.313550000000000000e+06
4.491976000000000000e+06
4.711062000000000000e+06
1.332060000000000000e+05
4.836940000000000000e+06
5.043531000000000000e+06
5.480503000000000000e+06
5.575990000000000000e+06
5.423208000000000000e+06
1.509040000000000000e+05
5.445348000000000000e+06
5.528979000000000000e+06
5.529852000000000000e+06
5.549263000000000000e+06
5.544310000000000000e+06
1.555360000000000000e+05
5.635104000000000000e+06
5.711952000000000000e+06
6.474431000000000000e+06
6.680081000000000000e+06
6.353325000000000000e+06
1.990070000000000000e+05
6.276236000000000000e+06
6.412720000000000000e+06
6.596988000000000000e+06
6.918747000000000000e+06
7.142837000000000000e+06
1.339110000000000000e+05
7.379278000000000000e+06
7.664003000000000000e+06
8.527171000000000000e+06
8.620089000000000000e+06
8.638471000000000000e+06
2.427640000000000000e+05
8.933180000000000000e+06
9.234893000000000000e+06
9.306210000000000000e+06
9.227144000000000000e+06
9.069317000000000000e+06
2.360560000000000000e+05
8.933635000000000000e+06
8.779800000000000000e+06
9.254427000000000000e+06
9.027156000000000000e+06
8.372339000000000000e+06
2.387440000000000000e+05
8.169420000000000000e+06
8.080741000000000000e+06
7.846874000000000000e+06
7.785457000000000000e+06
7.737500000000000000e+06
1.993360000000000000e+05
7.790344000000000000e+06
7.820779000000000000e+06
8.483182000000000000e+06
8.259252000000000000e+06
7.521461000000000000e+06
2.532820000000000000e+05
7.360748000000000000e+06
7.102091000000000000e+06
6.913102000000000000e+06
6.692812000000000000e+06
6.477904000000000000e+06
2.179960000000000000e+05
6.294746000000000000e+06
6.106591000000000000e+06
7.125147000000000000e+06
7.181615000000000000e+06
6.360322000000000000e+06
2.280310000000000000e+05
6.159754000000000000e+06
6.121825000000000000e+06
6.001664000000000000e+06
5.735470000000000000e+06
5.314134000000000000e+06
2.070130000000000000e+05
4.996367000000000000e+06
4.623476000000000000e+06
5.236708000000000000e+06
4.804110000000000000e+06
3.611062000000000000e+06
1.116340000000000000e+05
3.228159000000000000e+06
2.943488000000000000e+06
2.571475000000000000e+06
2.323132000000000000e+06
2.011803000000000000e+06
6.808200000000000000e+04
1.629293000000000000e+06
1.253509000000000000e+06
2.274189000000000000e+06
1.167655000000000000e+06
4.165300000000000000e+04
4.632000000000000000e+03
4.172600000000000000e+04
4.928100000000000000e+04
4.349300000000000000e+04
3.417600000000000000e+04
3.617300000000000000e+04
9.255000000000000000e+03
2.775600000000000000e+04
2.415100000000000000e+04
1.603450000000000000e+06
8.745930000000000000e+05
3.209500000000000000e+04
7.461000000000000000e+03
3.903700000000000000e+04
3.701400000000000000e+04
3.552600000000000000e+04
4.095900000000000000e+04
3.015200000000000000e+04
8.316000000000000000e+03
3.413400000000000000e+04
6.042000000000000000e+04
1.162176000000000000e+06
8.502450000000000000e+05
5.530400000000000000e+04
3.340000000000000000e+03
3.501000000000000000e+04
4.247600000000000000e+04
3.590900000000000000e+04
1.937000000000000000e+04
4.219000000000000000e+04
7.659000000000000000e+03
2.582300000000000000e+04
4.299900000000000000e+04
1.033437000000000000e+06
8.535420000000000000e+05
3.708900000000000000e+04
0.000000000000000000e+00
3.654900000000000000e+04
4.686800000000000000e+04
