4.720600000000000000e+04
3.111600000000000000e+04
0.000000000000000000e+00
0.000000000000000000e+00
0.000000000000000000e+00
1.078088000000000000e+06
8.125920000000000000e+05
1.269000000000000000e+03
0.000000000000000000e+00
0.000000000000000000e+00
0.000000000000000000e+00
8.328800000000000000e+04
0.000000000000000000e+00
0.000000000000000000e+00
0.000000000000000000e+00
0.000000000000000000e+00
0.000000000000000000e+00
8.398460000000000000e+05
8.114600000000000000e+05
1.269000000000000000e+03
0.000000000000000000e+00
0.000000000000000000e+00
0.000000000000000000e+00
1.899800000000000000e+04
0.000000000000000000e+00
0.000000000000000000e+00
0.000000000000000000e+00
0.000000000000000000e+00
0.000000000000000000e+00
8.343010000000000000e+05
8.115610000000000000e+05
1.269000000000000000e+03
0.000000000000000000e+00
0.000000000000000000e+00
0.000000000000000000e+00
1.850200000000000000e+04
0.000000000000000000e+00
0.000000000000000000e+00
0.000000000000000000e+00
0.000000000000000000e+00
0.000000000000000000e+00
8.314800000000000000e+05
8.114680000000000000e+05
1.269000000000000000e+03
0.000000000000000000e+00
0.000000000000000000e+00
0.000000000000000000e+00
1.808600000000000000e+04
0.000000000000000000e+00
0.000000000000000000e+00
0.000000000000000000e+00
2.498090000000000000e+06
1.153735500000000000e+07
1.275215400000000000e+07
1.230057000000000000e+07
1.170001500000000000e+07
9.057000000000000000e+03
1.158017500000000000e+07
1.130827800000000000e+07
1.231380800000000000e+07
1.185594600000000000e+07
5.794340000000000000e+05
3.912100000000000000e+04
7.672090000000000000e+05
9.543900000000000000e+05
3.373789000000000000e+06
1.631960000000000000e+06
8.528020000000000000e+05
1.325400000000000000e+04
2.580400000000000000e+04
3.315900000000000000e+04
2.644510000000000000e+05
0.000000000000000000e+00
0.000000000000000000e+00
0.000000000000000000e+00
0.000000000000000000e+00
0.000000000000000000e+00
1.684787000000000000e+06
3.971200000000000000e+05
2.920000000000000000e+03
0.000000000000000000e+00
0.000000000000000000e+00
0.000000000000000000e+00
2.090380000000000000e+05
0.000000000000000000e+00
0.000000000000000000e+00
0.000000000000000000e+00
0.000000000000000000e+00
7.680000000000000000e+02
6.428210000000000000e+05
3.860510000000000000e+05
7.883000000000000000e+03
0.000000000000000000e+00
0.000000000000000000e+00
0.000000000000000000e+00
8.328900000000000000e+04
0.000000000000000000e+00
0.000000000000000000e+00
0.000000000000000000e+00
0.000000000000000000e+00
0.000000000000000000e+00
3.842050000000000000e+05
3.828200000000000000e+05
7.118000000000000000e+03
0.000000000000000000e+00
0.000000000000000000e+00
0.000000000000000000e+00
2.004300000000000000e+04
0.000000000000000000e+00
0.000000000000000000e+00
0.000000000000000000e+00
0.000000000000000000e+00
0.000000000000000000e+00
5.587390000000000000e+05
3.955220000000000000e+05
7.348000000000000000e+03
0.000000000000000000e+00
0.000000000000000000e+00
0.000000000000000000e+00
6.723000000000000000e+04
0.000000000000000000e+00
0.000000000000000000e+00
0.000000000000000000e+00
5.011700000000000000e+04
4.449700000000000000e+04
7.260020000000000000e+05
4.167780000000000000e+05
4.175100000000000000e+04
0.000000000000000000e+00
1.380400000000000000e+04
0.000000000000000000e+00
8.999500000000000000e+04
0.000000000000000000e+00
0.000000000000000000e+00
0.000000000000000000e+00
0.000000000000000000e+00
0.000000000000000000e+00
4.783660000000000000e+05
3.747260000000000000e+05
7.118000000000000000e+03
0.000000000000000000e+00
0.000000000000000000e+00
7.680000000000000000e+02
3.412200000000000000e+04
0.000000000000000000e+00
0.000000000000000000e+00
0.000000000000000000e+00
0.000000000000000000e+00
0.000000000000000000e+00
