1.308770000000000000e+05
1.536930000000000000e+05
6.492000000000000000e+03
1.817370000000000000e+05
2.098370000000000000e+05
1.350574000000000000e+06
1.080959000000000000e+06
2.316220000000000000e+05
1.407900000000000000e+04
2.791790000000000000e+05
3.901970000000000000e+05
5.801860000000000000e+05
7.670360000000000000e+05
1.658261000000000000e+06
6.429500000000000000e+04
6.123240000000000000e+05
7.315470000000000000e+05
2.096916000000000000e+06
1.670124000000000000e+06
1.005651000000000000e+06
5.269400000000000000e+04
6.776380000000000000e+05
6.321230000000000000e+05
7.285880000000000000e+05
6.260840000000000000e+05
6.954410000000000000e+05
8.667200000000000000e+04
7.916860000000000000e+05
7.838470000000000000e+05
2.437918000000000000e+06
1.730815000000000000e+06
1.249207000000000000e+06
9.228300000000000000e+04
7.302860000000000000e+05
7.677730000000000000e+05
9.890470000000000000e+05
7.979360000000000000e+05
6.894610000000000000e+05
8.207700000000000000e+04
6.857770000000000000e+05
6.653300000000000000e+05
2.236027000000000000e+06
1.427832000000000000e+06
6.769910000000000000e+05
6.497200000000000000e+04
7.354460000000000000e+05
7.063070000000000000e+05
8.780460000000000000e+05
6.589430000000000000e+05
6.547100000000000000e+05
5.721200000000000000e+04
6.325630000000000000e+05
6.640150000000000000e+05
2.176866000000000000e+06
1.435572000000000000e+06
5.994330000000000000e+05
6.521600000000000000e+04
6.600690000000000000e+05
7.003820000000000000e+05
8.595840000000000000e+05
6.184390000000000000e+05
6.798510000000000000e+05
7.764600000000000000e+04
7.681120000000000000e+05
7.516920000000000000e+05
2.242962000000000000e+06
1.466399000000000000e+06
7.784970000000000000e+05
5.720900000000000000e+04
7.693290000000000000e+05
6.709120000000000000e+05
7.685120000000000000e+05
6.895200000000000000e+05
8.988190000000000000e+05
5.257600000000000000e+04
8.192030000000000000e+05
6.908290000000000000e+05
2.612305000000000000e+06
1.424083000000000000e+06
6.523580000000000000e+05
5.822200000000000000e+04
8.638200000000000000e+05
8.279230000000000000e+05
9.038670000000000000e+05
7.422720000000000000e+05
5.904570000000000000e+05
3.348400000000000000e+04
5.529520000000000000e+05
6.047870000000000000e+05
2.294879000000000000e+06
1.443306000000000000e+06
6.713390000000000000e+05
6.690300000000000000e+04
6.608240000000000000e+05
6.019270000000000000e+05
7.226150000000000000e+05
6.893710000000000000e+05
7.003130000000000000e+05
1.779700000000000000e+04
7.323110000000000000e+05
6.792740000000000000e+05
1.997456000000000000e+06
1.331563000000000000e+06
6.043600000000000000e+05
6.492800000000000000e+04
6.946660000000000000e+05
6.470530000000000000e+05
6.628560000000000000e+05
5.125430000000000000e+05
4.867980000000000000e+05
3.272600000000000000e+04
4.829550000000000000e+05
4.751630000000000000e+05
1.844922000000000000e+06
1.378307000000000000e+06
5.780010000000000000e+05
7.978500000000000000e+04
5.961690000000000000e+05
5.765070000000000000e+05
1.077490000000000000e+06
1.868645000000000000e+06
2.968044000000000000e+06
1.052450000000000000e+05
3.840763000000000000e+06
5.726355000000000000e+06
8.402859000000000000e+06
7.144722000000000000e+06
5.922841000000000000e+06
2.376340000000000000e+05
5.549211000000000000e+06
5.024838000000000000e+06
4.747531000000000000e+06
4.319103000000000000e+06
3.872050000000000000e+06
9.916300000000000000e+04
3.871588000000000000e+06
3.542864000000000000e+06
4.799514000000000000e+06
2.588379000000000000e+06
1.167434000000000000e+06
6.582900000000000000e+04
1.202292000000000000e+06
1.293853000000000000e+06
1.364849000000000000e+06
1.175843000000000000e+06
1.031574000000000000e+06
6.964100000000000000e+04
1.683591000000000000e+06
9.935187000000000000e+06
