2.062704500000000000e+07
2.588845700000000000e+07
1.678600000000000000e+05
2.789796700000000000e+07
2.567489600000000000e+07
1.666280300000000000e+07
3.118280000000000000e+07
4.689360000000000000e+05
3.745000000000000000e+03
1.248372000000000000e+06
1.100075000000000000e+06
2.325872000000000000e+06
9.628740000000000000e+05
9.049200000000000000e+05
3.637000000000000000e+03
9.122380000000000000e+05
8.964080000000000000e+05
8.575480000000000000e+05
7.845110000000000000e+05
9.783000000000000000e+03
0.000000000000000000e+00
0.000000000000000000e+00
0.000000000000000000e+00
9.942940000000000000e+05
4.918900000000000000e+04
8.980000000000000000e+03
0.000000000000000000e+00
0.000000000000000000e+00
0.000000000000000000e+00
0.000000000000000000e+00
1.235290000000000000e+05
3.976800000000000000e+04
0.000000000000000000e+00
7.821400000000000000e+04
8.176280000000000000e+05
1.883426000000000000e+06
1.902414000000000000e+06
2.421351000000000000e+06
4.604500000000000000e+04
3.056585000000000000e+06
4.222077000000000000e+06
5.252112000000000000e+06
6.337770000000000000e+06
7.563293000000000000e+06
1.261820000000000000e+05
8.756978000000000000e+06
1.045775000000000000e+07
1.288760500000000000e+07
1.343295700000000000e+07
1.422878500000000000e+07
3.235250000000000000e+05
1.506815700000000000e+07
1.603550300000000000e+07
1.670762900000000000e+07
1.723693900000000000e+07
1.803972400000000000e+07
2.924280000000000000e+05
1.860891400000000000e+07
1.976355500000000000e+07
2.239910600000000000e+07
2.262574600000000000e+07
2.154250600000000000e+07
4.030930000000000000e+05
2.118535200000000000e+07
2.103436200000000000e+07
2.096929100000000000e+07
2.083483100000000000e+07
2.080302600000000000e+07
3.298560000000000000e+05
2.094471100000000000e+07
2.130540300000000000e+07
2.388418800000000000e+07
2.398846700000000000e+07
2.321209700000000000e+07
4.789050000000000000e+05
2.245420900000000000e+07
2.179791500000000000e+07
2.129136100000000000e+07
2.094997100000000000e+07
2.096089300000000000e+07
2.519600000000000000e+05
2.069551100000000000e+07
2.065841400000000000e+07
2.259281400000000000e+07
2.172149700000000000e+07
1.985318000000000000e+07
3.706540000000000000e+05
1.976308000000000000e+07
2.022361700000000000e+07
2.062578400000000000e+07
2.113768500000000000e+07
2.146276200000000000e+07
2.998230000000000000e+05
2.138840300000000000e+07
2.112571400000000000e+07
2.334142100000000000e+07
2.279590400000000000e+07
2.099963300000000000e+07
4.745510000000000000e+05
2.015114600000000000e+07
2.030054600000000000e+07
2.124756300000000000e+07
2.237141700000000000e+07
2.395673200000000000e+07
3.864810000000000000e+05
2.263514700000000000e+07
2.191298200000000000e+07
2.445021100000000000e+07
2.023585500000000000e+07
1.563866900000000000e+07
2.164040000000000000e+05
1.467829600000000000e+07
1.460083800000000000e+07
1.505194200000000000e+07
1.716615500000000000e+07
1.690171800000000000e+07
1.825470000000000000e+05
1.471230500000000000e+07
1.110134500000000000e+07
8.347317000000000000e+06
5.557701000000000000e+06
4.460482000000000000e+06
9.760000000000000000e+04
3.325468000000000000e+06
1.814119000000000000e+06
2.053163000000000000e+06
2.157968000000000000e+06
2.195784000000000000e+06
6.830400000000000000e+04
2.107259000000000000e+06
1.624609000000000000e+06
1.321378000000000000e+06
6.811300000000000000e+04
2.943000000000000000e+04
4.341000000000000000e+03
2.874000000000000000e+03
2.375100000000000000e+04
0.000000000000000000e+00
1.575400000000000000e+05
2.993000000000000000e+03
0.000000000000000000e+00
2.068500000000000000e+04
0.000000000000000000e+00
1.264220000000000000e+05
1.656300000000000000e+04
6.498000000000000000e+03
0.000000000000000000e+00
0.000000000000000000e+00
0.000000000000000000e+00
