9.769000000000000000e+03
1.360301000000000000e+06
1.067170000000000000e+05
4.497435000000000000e+06
6.681048000000000000e+06
9.995802000000000000e+06
1.072907900000000000e+07
1.070959900000000000e+07
1.176700000000000000e+05
1.121520000000000000e+07
1.213203800000000000e+07
1.185909200000000000e+07
1.075883800000000000e+07
1.120090200000000000e+07
3.747080000000000000e+05
1.248885400000000000e+07
1.415802300000000000e+07
1.613917700000000000e+07
1.715728000000000000e+07
1.726683200000000000e+07
6.103140000000000000e+05
1.763695900000000000e+07
1.801559900000000000e+07
1.826178200000000000e+07
1.783291600000000000e+07
1.757416100000000000e+07
3.410490000000000000e+05
1.683900700000000000e+07
9.431611000000000000e+06
6.171414000000000000e+06
1.817380000000000000e+05
1.936800000000000000e+04
1.640000000000000000e+02
3.463750000000000000e+05
1.831740200000000000e+07
2.354094900000000000e+07
2.845076900000000000e+07
3.070739400000000000e+07
2.254960000000000000e+06
2.983470500000000000e+07
2.704053000000000000e+07
2.244914400000000000e+07
1.771358400000000000e+07
1.417283400000000000e+07
7.910130000000000000e+05
1.075933300000000000e+07
6.929831000000000000e+06
7.094669000000000000e+06
9.897868000000000000e+06
1.171859400000000000e+07
4.182360000000000000e+05
1.238770600000000000e+07
1.293051200000000000e+07
1.376569200000000000e+07
1.229532600000000000e+07
1.168406700000000000e+07
4.151280000000000000e+05
1.082854300000000000e+07
9.333585000000000000e+06
7.613958000000000000e+06
9.020164000000000000e+06
1.204132200000000000e+07
3.081370000000000000e+05
1.514603300000000000e+07
1.946709500000000000e+07
2.470217800000000000e+07
2.838471200000000000e+07
2.968168600000000000e+07
6.016010000000000000e+05
2.909892300000000000e+07
2.556192700000000000e+07
2.077202000000000000e+07
1.247945300000000000e+07
3.546180000000000000e+05
1.546700000000000000e+04
5.067500000000000000e+05
1.653590000000000000e+05
6.977002000000000000e+06
3.716380000000000000e+05
1.591930000000000000e+05
1.066200000000000000e+04
1.360460000000000000e+05
1.157950000000000000e+05
1.111047000000000000e+06
5.985000000000000000e+03
0.000000000000000000e+00
0.000000000000000000e+00
0.000000000000000000e+00
0.000000000000000000e+00
4.735270000000000000e+05
1.926820000000000000e+05
3.073300000000000000e+04
2.430000000000000000e+02
2.220000000000000000e+02
2.910000000000000000e+02
9.780800000000000000e+04
5.040000000000000000e+02
0.000000000000000000e+00
0.000000000000000000e+00
0.000000000000000000e+00
0.000000000000000000e+00
1.865330000000000000e+05
1.847380000000000000e+05
1.039927400000000000e+07
9.912220000000000000e+05
2.625749000000000000e+07
2.609299900000000000e+07
2.499875500000000000e+07
2.392401800000000000e+07
2.310670000000000000e+07
8.668170000000000000e+05
2.221306700000000000e+07
2.072631100000000000e+07
2.342310000000000000e+07
2.391489200000000000e+07
2.211825900000000000e+07
6.814070000000000000e+05
1.467635900000000000e+07
1.087850800000000000e+07
6.292887000000000000e+06
1.479000000000000000e+03
1.209600000000000000e+05
2.285100000000000000e+04
1.505059000000000000e+06
1.334046000000000000e+06
2.775374000000000000e+06
1.208165000000000000e+06
1.135188000000000000e+06
1.872000000000000000e+04
1.119408000000000000e+06
1.266528000000000000e+06
1.555527000000000000e+06
1.744769000000000000e+06
3.238870000000000000e+05
1.179000000000000000e+04
6.885330000000000000e+05
1.669640000000000000e+05
2.969285000000000000e+06
6.441890000000000000e+05
9.399180000000000000e+05
4.437600000000000000e+04
3.505000000000000000e+03
3.729000000000000000e+03
2.195310000000000000e+05
1.552200000000000000e+04
7.726200000000000000e+04
0.000000000000000000e+00
1.112730000000000000e+05
1.529240000000000000e+05
