2.679770000000000000e+05
5.316200000000000000e+04
4.720000000000000000e+03
0.000000000000000000e+00
0.000000000000000000e+00
0.000000000000000000e+00
0.000000000000000000e+00
0.000000000000000000e+00
0.000000000000000000e+00
0.000000000000000000e+00
0.000000000000000000e+00
4.422200000000000000e+05
1.349570000000000000e+05
2.476100000000000000e+04
4.241000000000000000e+03
0.000000000000000000e+00
0.000000000000000000e+00
0.000000000000000000e+00
0.000000000000000000e+00
0.000000000000000000e+00
0.000000000000000000e+00
0.000000000000000000e+00
0.000000000000000000e+00
1.413830000000000000e+05
1.349330000000000000e+05
2.476100000000000000e+04
4.241000000000000000e+03
0.000000000000000000e+00
0.000000000000000000e+00
0.000000000000000000e+00
0.000000000000000000e+00
0.000000000000000000e+00
0.000000000000000000e+00
0.000000000000000000e+00
0.000000000000000000e+00
2.814980000000000000e+05
1.327120000000000000e+05
2.893200000000000000e+04
0.000000000000000000e+00
0.000000000000000000e+00
0.000000000000000000e+00
0.000000000000000000e+00
0.000000000000000000e+00
0.000000000000000000e+00
0.000000000000000000e+00
0.000000000000000000e+00
0.000000000000000000e+00
1.399950000000000000e+05
1.258550000000000000e+05
2.355600000000000000e+04
0.000000000000000000e+00
0.000000000000000000e+00
0.000000000000000000e+00
0.000000000000000000e+00
0.000000000000000000e+00
0.000000000000000000e+00
0.000000000000000000e+00
0.000000000000000000e+00
0.000000000000000000e+00
1.483420000000000000e+05
1.331040000000000000e+05
2.894400000000000000e+04
0.000000000000000000e+00
0.000000000000000000e+00
0.000000000000000000e+00
0.000000000000000000e+00
0.000000000000000000e+00
0.000000000000000000e+00
0.000000000000000000e+00
0.000000000000000000e+00
0.000000000000000000e+00
4.665570000000000000e+05
1.247310000000000000e+05
1.806200000000000000e+04
0.000000000000000000e+00
0.000000000000000000e+00
0.000000000000000000e+00
0.000000000000000000e+00
0.000000000000000000e+00
0.000000000000000000e+00
0.000000000000000000e+00
0.000000000000000000e+00
0.000000000000000000e+00
1.202550000000000000e+05
1.247310000000000000e+05
1.806200000000000000e+04
0.000000000000000000e+00
0.000000000000000000e+00
0.000000000000000000e+00
0.000000000000000000e+00
0.000000000000000000e+00
0.000000000000000000e+00
0.000000000000000000e+00
0.000000000000000000e+00
0.000000000000000000e+00
1.202550000000000000e+05
1.247310000000000000e+05
1.806200000000000000e+04
0.000000000000000000e+00
0.000000000000000000e+00
0.000000000000000000e+00
0.000000000000000000e+00
0.000000000000000000e+00
0.000000000000000000e+00
0.000000000000000000e+00
0.000000000000000000e+00
0.000000000000000000e+00
1.202550000000000000e+05
1.247310000000000000e+05
1.806200000000000000e+04
0.000000000000000000e+00
0.000000000000000000e+00
0.000000000000000000e+00
0.000000000000000000e+00
0.000000000000000000e+00
0.000000000000000000e+00
0.000000000000000000e+00
0.000000000000000000e+00
0.000000000000000000e+00
1.202550000000000000e+05
4.823310000000000000e+05
5.390540000000000000e+05
8.616000000000000000e+03
5.179860000000000000e+05
4.968780000000000000e+05
5.346780000000000000e+05
5.249370000000000000e+05
5.290040000000000000e+05
4.911000000000000000e+03
6.131150000000000000e+05
6.521520000000000000e+05
1.693044000000000000e+06
2.963730000000000000e+05
8.807100000000000000e+04
0.000000000000000000e+00
1.152360000000000000e+05
6.459290000000000000e+05
6.207060000000000000e+05
1.200257000000000000e+06
1.016093000000000000e+06
3.660000000000000000e+02
7.485820000000000000e+05
3.817080000000000000e+05
1.557715000000000000e+06
7.623480000000000000e+05
3.824500000000000000e+05
1.687800000000000000e+04
4.473630000000000000e+05
3.990000000000000000e+03
