1.626910000000000000e+05
4.737400000000000000e+04
2.764000000000000000e+03
3.737770000000000000e+05
6.947074000000000000e+06
7.944357000000000000e+06
8.463671000000000000e+06
8.850465000000000000e+06
4.922960000000000000e+05
7.229134000000000000e+06
8.020563000000000000e+06
1.185206800000000000e+07
1.188815400000000000e+07
7.845243000000000000e+06
2.660780000000000000e+05
9.559400000000000000e+04
8.145000000000000000e+03
1.188300000000000000e+04
1.029300000000000000e+04
0.000000000000000000e+00
0.000000000000000000e+00
0.000000000000000000e+00
1.199450000000000000e+05
5.970843000000000000e+06
1.763880000000000000e+05
1.786100000000000000e+04
2.742000000000000000e+03
0.000000000000000000e+00
0.000000000000000000e+00
0.000000000000000000e+00
0.000000000000000000e+00
0.000000000000000000e+00
0.000000000000000000e+00
0.000000000000000000e+00
0.000000000000000000e+00
3.105630000000000000e+05
1.758010000000000000e+05
1.786100000000000000e+04
2.742000000000000000e+03
0.000000000000000000e+00
0.000000000000000000e+00
0.000000000000000000e+00
0.000000000000000000e+00
0.000000000000000000e+00
0.000000000000000000e+00
0.000000000000000000e+00
0.000000000000000000e+00
1.862450000000000000e+05
1.707300000000000000e+05
2.117000000000000000e+04
2.742000000000000000e+03
0.000000000000000000e+00
0.000000000000000000e+00
0.000000000000000000e+00
0.000000000000000000e+00
0.000000000000000000e+00
0.000000000000000000e+00
0.000000000000000000e+00
1.872000000000000000e+04
4.362408000000000000e+06
1.346742000000000000e+07
1.496521400000000000e+07
2.321781000000000000e+06
1.509703600000000000e+07
1.606723600000000000e+07
1.245478600000000000e+07
8.047188000000000000e+06
5.382204000000000000e+06
7.516400000000000000e+04
4.203000000000000000e+06
1.815066000000000000e+06
2.599786000000000000e+06
1.150720000000000000e+05
1.519000000000000000e+03
0.000000000000000000e+00
0.000000000000000000e+00
0.000000000000000000e+00
0.000000000000000000e+00
0.000000000000000000e+00
0.000000000000000000e+00
0.000000000000000000e+00
0.000000000000000000e+00
0.000000000000000000e+00
3.025220000000000000e+05
1.188210000000000000e+05
2.539000000000000000e+03
0.000000000000000000e+00
0.000000000000000000e+00
0.000000000000000000e+00
0.000000000000000000e+00
0.000000000000000000e+00
3.717100000000000000e+04
0.000000000000000000e+00
2.562320000000000000e+05
3.726773000000000000e+06
4.914301000000000000e+06
6.431840000000000000e+06
1.155315100000000000e+07
1.498020000000000000e+05
1.604842700000000000e+07
1.262348300000000000e+07
8.161155000000000000e+06
8.047365000000000000e+06
5.649542000000000000e+06
2.514260000000000000e+05
3.392700000000000000e+04
1.920000000000000000e+02
5.188664000000000000e+06
1.706420000000000000e+05
1.523200000000000000e+04
2.742000000000000000e+03
0.000000000000000000e+00
0.000000000000000000e+00
0.000000000000000000e+00
0.000000000000000000e+00
0.000000000000000000e+00
0.000000000000000000e+00
0.000000000000000000e+00
0.000000000000000000e+00
5.608850000000000000e+05
1.744780000000000000e+05
3.361600000000000000e+04
2.742000000000000000e+03
0.000000000000000000e+00
0.000000000000000000e+00
0.000000000000000000e+00
0.000000000000000000e+00
0.000000000000000000e+00
0.000000000000000000e+00
0.000000000000000000e+00
0.000000000000000000e+00
1.816640000000000000e+05
1.760140000000000000e+05
3.425600000000000000e+04
2.742000000000000000e+03
0.000000000000000000e+00
0.000000000000000000e+00
0.000000000000000000e+00
1.194601000000000000e+06
9.324817000000000000e+06
1.382223000000000000e+06
9.648931000000000000e+06
1.091718400000000000e+07
1.189155400000000000e+07
8.575019000000000000e+06
4.821463000000000000e+06
1.386790000000000000e+05
3.265139000000000000e+06
4.597288000000000000e+06
