4.219060000000000000e+05
3.507700000000000000e+04
2.439000000000000000e+03
2.330000000000000000e+03
0.000000000000000000e+00
3.119890000000000000e+06
1.265860000000000000e+05
2.851000000000000000e+04
6.762000000000000000e+03
0.000000000000000000e+00
0.000000000000000000e+00
3.149340000000000000e+05
0.000000000000000000e+00
0.000000000000000000e+00
0.000000000000000000e+00
0.000000000000000000e+00
0.000000000000000000e+00
4.454120000000000000e+05
1.190180000000000000e+05
3.142300000000000000e+04
6.787000000000000000e+03
0.000000000000000000e+00
0.000000000000000000e+00
8.031300000000000000e+04
0.000000000000000000e+00
0.000000000000000000e+00
0.000000000000000000e+00
0.000000000000000000e+00
0.000000000000000000e+00
1.242330000000000000e+05
1.212690000000000000e+05
3.155700000000000000e+04
6.878000000000000000e+03
0.000000000000000000e+00
0.000000000000000000e+00
4.595000000000000000e+04
0.000000000000000000e+00
0.000000000000000000e+00
0.000000000000000000e+00
0.000000000000000000e+00
0.000000000000000000e+00
1.946157000000000000e+06
6.411328000000000000e+06
6.834699000000000000e+06
4.928820000000000000e+05
6.369430000000000000e+06
4.042766000000000000e+06
1.320209000000000000e+06
1.505290000000000000e+05
1.290480000000000000e+05
6.478000000000000000e+03
7.584000000000000000e+03
7.710000000000000000e+03
5.731420000000000000e+05
5.166800000000000000e+04
0.000000000000000000e+00
0.000000000000000000e+00
0.000000000000000000e+00
0.000000000000000000e+00
6.750800000000000000e+04
0.000000000000000000e+00
0.000000000000000000e+00
0.000000000000000000e+00
0.000000000000000000e+00
0.000000000000000000e+00
5.473200000000000000e+04
5.076500000000000000e+04
0.000000000000000000e+00
0.000000000000000000e+00
0.000000000000000000e+00
0.000000000000000000e+00
2.453500000000000000e+04
0.000000000000000000e+00
0.000000000000000000e+00
0.000000000000000000e+00
0.000000000000000000e+00
0.000000000000000000e+00
9.859700000000000000e+04
5.780600000000000000e+04
0.000000000000000000e+00
0.000000000000000000e+00
0.000000000000000000e+00
0.000000000000000000e+00
3.513600000000000000e+04
0.000000000000000000e+00
0.000000000000000000e+00
0.000000000000000000e+00
0.000000000000000000e+00
0.000000000000000000e+00
7.143900000000000000e+04
5.447400000000000000e+04
0.000000000000000000e+00
0.000000000000000000e+00
0.000000000000000000e+00
0.000000000000000000e+00
2.928200000000000000e+04
0.000000000000000000e+00
8.168300000000000000e+04
0.000000000000000000e+00
1.114290000000000000e+05
1.007410000000000000e+05
2.421180000000000000e+05
1.650410000000000000e+05
1.053590000000000000e+05
0.000000000000000000e+00
1.243370000000000000e+05
1.195390000000000000e+05
1.675280000000000000e+05
9.195900000000000000e+04
0.000000000000000000e+00
0.000000000000000000e+00
0.000000000000000000e+00
0.000000000000000000e+00
2.854830000000000000e+05
5.977900000000000000e+04
0.000000000000000000e+00
0.000000000000000000e+00
0.000000000000000000e+00
0.000000000000000000e+00
5.079400000000000000e+04
0.000000000000000000e+00
0.000000000000000000e+00
0.000000000000000000e+00
0.000000000000000000e+00
0.000000000000000000e+00
8.172500000000000000e+04
5.931400000000000000e+04
1.019904000000000000e+06
3.427200000000000000e+04
1.110711000000000000e+06
1.071918000000000000e+06
1.252534000000000000e+06
1.222704000000000000e+06
1.196888000000000000e+06
3.850000000000000000e+04
1.157224000000000000e+06
1.241137000000000000e+06
1.688893000000000000e+06
2.672200000000000000e+05
7.976000000000000000e+03
0.000000000000000000e+00
7.483200000000000000e+04
8.279900000000000000e+04
1.856750000000000000e+05
1.117280000000000000e+05
1.091620000000000000e+05
6.537000000000000000e+03
1.101320000000000000e+05
8.985200000000000000e+04
