3.790069800000000000e+07
4.192610100000000000e+07
1.089320000000000000e+05
3.366282000000000000e+07
2.094423200000000000e+07
9.557998000000000000e+06
5.589080000000000000e+05
3.860100000000000000e+04
5.406000000000000000e+03
0.000000000000000000e+00
4.032000000000000000e+03
2.836770000000000000e+05
0.000000000000000000e+00
0.000000000000000000e+00
0.000000000000000000e+00
0.000000000000000000e+00
0.000000000000000000e+00
7.101520000000000000e+05
6.233090000000000000e+05
9.980000000000000000e+03
0.000000000000000000e+00
0.000000000000000000e+00
0.000000000000000000e+00
4.415800000000000000e+04
0.000000000000000000e+00
0.000000000000000000e+00
0.000000000000000000e+00
0.000000000000000000e+00
0.000000000000000000e+00
6.966410000000000000e+05
6.326680000000000000e+05
5.876000000000000000e+03
0.000000000000000000e+00
0.000000000000000000e+00
0.000000000000000000e+00
4.245400000000000000e+04
0.000000000000000000e+00
0.000000000000000000e+00
0.000000000000000000e+00
0.000000000000000000e+00
0.000000000000000000e+00
6.428950000000000000e+05
6.321650000000000000e+05
5.901000000000000000e+03
0.000000000000000000e+00
0.000000000000000000e+00
0.000000000000000000e+00
1.909272000000000000e+06
9.176400000000000000e+06
1.411112000000000000e+07
3.995160000000000000e+05
1.840676500000000000e+07
2.282682000000000000e+07
2.887335900000000000e+07
2.868017200000000000e+07
2.534360400000000000e+07
1.009110000000000000e+05
1.517169200000000000e+07
8.386689000000000000e+06
5.134104000000000000e+06
5.934634000000000000e+06
4.769952000000000000e+06
4.743400000000000000e+04
7.334933000000000000e+06
9.382118000000000000e+06
8.013869000000000000e+06
3.704264000000000000e+06
1.357960000000000000e+05
3.032000000000000000e+03
8.839000000000000000e+03
0.000000000000000000e+00
2.347820000000000000e+05
0.000000000000000000e+00
0.000000000000000000e+00
0.000000000000000000e+00
0.000000000000000000e+00
0.000000000000000000e+00
1.411740000000000000e+06
1.723020000000000000e+05
1.281300000000000000e+04
0.000000000000000000e+00
0.000000000000000000e+00
1.344000000000000000e+03
1.406250000000000000e+05
0.000000000000000000e+00
0.000000000000000000e+00
0.000000000000000000e+00
0.000000000000000000e+00
0.000000000000000000e+00
2.728110000000000000e+05
1.734360000000000000e+05
1.247900000000000000e+04
0.000000000000000000e+00
0.000000000000000000e+00
0.000000000000000000e+00
2.917200000000000000e+04
0.000000000000000000e+00
0.000000000000000000e+00
0.000000000000000000e+00
0.000000000000000000e+00
0.000000000000000000e+00
2.230020000000000000e+05
1.750500000000000000e+05
1.237700000000000000e+04
0.000000000000000000e+00
0.000000000000000000e+00
0.000000000000000000e+00
1.363300000000000000e+05
2.669190000000000000e+06
3.620788000000000000e+06
1.914240000000000000e+05
4.015549000000000000e+06
4.358878000000000000e+06
4.716479000000000000e+06
4.622386000000000000e+06
4.862403000000000000e+06
9.695500000000000000e+04
6.382626000000000000e+06
8.612097000000000000e+06
1.504241500000000000e+07
1.877547400000000000e+07
2.204969900000000000e+07
2.042710000000000000e+05
2.305570200000000000e+07
2.119746300000000000e+07
2.081832200000000000e+07
1.354814900000000000e+07
4.065800000000000000e+04
9.105000000000000000e+04
8.796000000000000000e+03
1.170000000000000000e+03
2.350730000000000000e+05
3.012000000000000000e+03
0.000000000000000000e+00
0.000000000000000000e+00
1.344000000000000000e+03
6.730000000000000000e+03
1.706812000000000000e+06
9.661040000000000000e+05
5.667000000000000000e+03
0.000000000000000000e+00
0.000000000000000000e+00
0.000000000000000000e+00
1.215240000000000000e+05
0.000000000000000000e+00
0.000000000000000000e+00
0.000000000000000000e+00
0.000000000000000000e+00
0.000000000000000000e+00
