1.408040000000000000e+05
8.612300000000000000e+04
3.564000000000000000e+03
1.044690000000000000e+05
1.470420000000000000e+05
1.379410000000000000e+05
1.754150000000000000e+05
1.557690000000000000e+05
3.099200000000000000e+04
1.088970000000000000e+05
3.096300000000000000e+04
6.617150000000000000e+05
1.708350000000000000e+05
7.639200000000000000e+04
5.785000000000000000e+03
9.456300000000000000e+04
1.197440000000000000e+05
1.133160000000000000e+05
1.197150000000000000e+05
8.097100000000000000e+04
7.478000000000000000e+03
1.209800000000000000e+04
2.887400000000000000e+04
4.332850000000000000e+05
1.718770000000000000e+05
2.573100000000000000e+04
0.000000000000000000e+00
7.576500000000000000e+04
6.823400000000000000e+04
6.546900000000000000e+04
1.889900000000000000e+04
1.303800000000000000e+04
0.000000000000000000e+00
3.973400000000000000e+04
6.674400000000000000e+04
5.120780000000000000e+05
1.832550000000000000e+05
3.099600000000000000e+04
0.000000000000000000e+00
7.342000000000000000e+04
1.028130000000000000e+05
2.418000000000000000e+04
4.759100000000000000e+04
2.687700000000000000e+04
0.000000000000000000e+00
5.495100000000000000e+04
9.506000000000000000e+04
5.828710000000000000e+05
1.847630000000000000e+05
5.007700000000000000e+04
2.320000000000000000e+02
3.190300000000000000e+04
3.210000000000000000e+02
1.344000000000000000e+04
4.496600000000000000e+04
4.039500000000000000e+04
3.624000000000000000e+03
5.237100000000000000e+04
6.720700000000000000e+04
4.641190000000000000e+05
1.901580000000000000e+05
1.837900000000000000e+04
0.000000000000000000e+00
2.673000000000000000e+03
2.421000000000000000e+03
0.000000000000000000e+00
0.000000000000000000e+00
0.000000000000000000e+00
0.000000000000000000e+00
0.000000000000000000e+00
0.000000000000000000e+00
4.959520000000000000e+05
2.058750000000000000e+05
1.589500000000000000e+04
0.000000000000000000e+00
0.000000000000000000e+00
0.000000000000000000e+00
0.000000000000000000e+00
0.000000000000000000e+00
0.000000000000000000e+00
0.000000000000000000e+00
0.000000000000000000e+00
0.000000000000000000e+00
2.359120000000000000e+05
2.039410000000000000e+05
1.149600000000000000e+04
0.000000000000000000e+00
0.000000000000000000e+00
0.000000000000000000e+00
0.000000000000000000e+00
0.000000000000000000e+00
0.000000000000000000e+00
0.000000000000000000e+00
0.000000000000000000e+00
0.000000000000000000e+00
1.996770000000000000e+05
2.039410000000000000e+05
1.149600000000000000e+04
0.000000000000000000e+00
0.000000000000000000e+00
0.000000000000000000e+00
0.000000000000000000e+00
0.000000000000000000e+00
0.000000000000000000e+00
0.000000000000000000e+00
0.000000000000000000e+00
0.000000000000000000e+00
2.071810000000000000e+05
2.039410000000000000e+05
1.149600000000000000e+04
0.000000000000000000e+00
0.000000000000000000e+00
0.000000000000000000e+00
0.000000000000000000e+00
0.000000000000000000e+00
0.000000000000000000e+00
0.000000000000000000e+00
0.000000000000000000e+00
0.000000000000000000e+00
2.056120000000000000e+05
2.039410000000000000e+05
1.149600000000000000e+04
0.000000000000000000e+00
0.000000000000000000e+00
0.000000000000000000e+00
0.000000000000000000e+00
0.000000000000000000e+00
0.000000000000000000e+00
0.000000000000000000e+00
0.000000000000000000e+00
0.000000000000000000e+00
1.996770000000000000e+05
2.039410000000000000e+05
1.149600000000000000e+04
0.000000000000000000e+00
0.000000000000000000e+00
0.000000000000000000e+00
0.000000000000000000e+00
0.000000000000000000e+00
0.000000000000000000e+00
0.000000000000000000e+00
0.000000000000000000e+00
0.000000000000000000e+00
2.737120000000000000e+05
1.958410000000000000e+05
1.072700000000000000e+04
0.000000000000000000e+00
0.000000000000000000e+00
0.000000000000000000e+00
