1.008660000000000000e+05
5.545000000000000000e+03
3.490000000000000000e+02
0.000000000000000000e+00
0.000000000000000000e+00
2.445890000000000000e+05
2.241270000000000000e+05
1.063000000000000000e+04
0.000000000000000000e+00
0.000000000000000000e+00
0.000000000000000000e+00
2.378540000000000000e+05
0.000000000000000000e+00
0.000000000000000000e+00
0.000000000000000000e+00
0.000000000000000000e+00
0.000000000000000000e+00
2.427270000000000000e+05
2.414090000000000000e+05
1.047700000000000000e+04
0.000000000000000000e+00
0.000000000000000000e+00
0.000000000000000000e+00
6.116500000000000000e+04
0.000000000000000000e+00
0.000000000000000000e+00
0.000000000000000000e+00
0.000000000000000000e+00
0.000000000000000000e+00
2.427270000000000000e+05
2.414090000000000000e+05
1.047700000000000000e+04
0.000000000000000000e+00
0.000000000000000000e+00
0.000000000000000000e+00
6.116500000000000000e+04
0.000000000000000000e+00
0.000000000000000000e+00
0.000000000000000000e+00
0.000000000000000000e+00
0.000000000000000000e+00
2.427270000000000000e+05
2.414090000000000000e+05
1.047700000000000000e+04
0.000000000000000000e+00
0.000000000000000000e+00
0.000000000000000000e+00
6.116500000000000000e+04
0.000000000000000000e+00
0.000000000000000000e+00
0.000000000000000000e+00
0.000000000000000000e+00
0.000000000000000000e+00
2.427270000000000000e+05
2.414090000000000000e+05
1.047700000000000000e+04
0.000000000000000000e+00
0.000000000000000000e+00
0.000000000000000000e+00
6.116500000000000000e+04
0.000000000000000000e+00
0.000000000000000000e+00
0.000000000000000000e+00
0.000000000000000000e+00
0.000000000000000000e+00
2.483840000000000000e+05
2.414810000000000000e+05
1.047700000000000000e+04
0.000000000000000000e+00
0.000000000000000000e+00
0.000000000000000000e+00
6.329200000000000000e+04
0.000000000000000000e+00
0.000000000000000000e+00
0.000000000000000000e+00
0.000000000000000000e+00
0.000000000000000000e+00
2.426560000000000000e+05
2.414560000000000000e+05
1.047700000000000000e+04
0.000000000000000000e+00
0.000000000000000000e+00
0.000000000000000000e+00
6.117700000000000000e+04
0.000000000000000000e+00
0.000000000000000000e+00
0.000000000000000000e+00
0.000000000000000000e+00
0.000000000000000000e+00
2.426560000000000000e+05
2.414560000000000000e+05
1.047700000000000000e+04
0.000000000000000000e+00
4.442450000000000000e+05
1.169743000000000000e+06
2.063261000000000000e+06
2.339944000000000000e+06
1.935842000000000000e+06
9.216000000000000000e+03
1.912998000000000000e+06
2.268602000000000000e+06
2.418351000000000000e+06
5.898340000000000000e+05
1.562820000000000000e+05
0.000000000000000000e+00
0.000000000000000000e+00
0.000000000000000000e+00
3.584000000000000000e+03
0.000000000000000000e+00
0.000000000000000000e+00
0.000000000000000000e+00
0.000000000000000000e+00
0.000000000000000000e+00
2.176000000000000000e+04
0.000000000000000000e+00
0.000000000000000000e+00
0.000000000000000000e+00
6.048000000000000000e+03
7.674400000000000000e+04
1.572340000000000000e+05
3.323700000000000000e+05
5.409270000000000000e+05
1.853700000000000000e+04
6.911980000000000000e+05
9.683280000000000000e+05
1.462534000000000000e+06
1.608051000000000000e+06
1.550753000000000000e+06
1.088100000000000000e+04
1.440188000000000000e+06
1.843801000000000000e+06
2.649312000000000000e+06
3.153360000000000000e+06
1.023530000000000000e+05
5.240700000000000000e+04
1.260000000000000000e+03
2.040000000000000000e+02
1.492150000000000000e+06
4.949400000000000000e+04
6.021000000000000000e+03
0.000000000000000000e+00
0.000000000000000000e+00
0.000000000000000000e+00
2.480260000000000000e+05
0.000000000000000000e+00
0.000000000000000000e+00
0.000000000000000000e+00
0.000000000000000000e+00
0.000000000000000000e+00
