1.661697000000000000e+06
1.754093000000000000e+06
1.572730000000000000e+05
1.624321000000000000e+06
1.881358000000000000e+06
1.860457000000000000e+06
1.952783000000000000e+06
1.973277000000000000e+06
1.386590000000000000e+05
2.213448000000000000e+06
2.154250000000000000e+06
2.772560000000000000e+06
2.327737000000000000e+06
2.291551000000000000e+06
2.029780000000000000e+05
2.333728000000000000e+06
2.175406000000000000e+06
2.302623000000000000e+06
2.505353000000000000e+06
2.599031000000000000e+06
2.376400000000000000e+05
2.767433000000000000e+06
2.947182000000000000e+06
3.560389000000000000e+06
2.789562000000000000e+06
2.709204000000000000e+06
1.932300000000000000e+05
2.574253000000000000e+06
3.014117000000000000e+06
3.149316000000000000e+06
2.602652000000000000e+06
2.752103000000000000e+06
2.692460000000000000e+05
2.506473000000000000e+06
2.598890000000000000e+06
3.197161000000000000e+06
2.516013000000000000e+06
2.798848000000000000e+06
2.143330000000000000e+05
2.690454000000000000e+06
2.197406000000000000e+06
2.299414000000000000e+06
2.366087000000000000e+06
1.997206000000000000e+06
1.686060000000000000e+05
1.881049000000000000e+06
1.701610000000000000e+06
2.239420000000000000e+06
1.209279000000000000e+06
1.558809000000000000e+06
1.154270000000000000e+05
1.228516000000000000e+06
1.415063000000000000e+06
1.367683000000000000e+06
1.287910000000000000e+06
1.445956000000000000e+06
1.426530000000000000e+05
9.789020000000000000e+05
1.350987000000000000e+06
1.937945000000000000e+06
1.134702000000000000e+06
1.122147000000000000e+06
6.756800000000000000e+04
7.440770000000000000e+05
7.315550000000000000e+05
5.531720000000000000e+05
6.582950000000000000e+05
5.905280000000000000e+05
3.683200000000000000e+04
2.189530000000000000e+05
3.182570000000000000e+05
5.081550000000000000e+05
1.862710000000000000e+05
1.493070000000000000e+05
8.501000000000000000e+03
1.624790000000000000e+05
8.356100000000000000e+04
4.507400000000000000e+04
0.000000000000000000e+00
0.000000000000000000e+00
0.000000000000000000e+00
0.000000000000000000e+00
0.000000000000000000e+00
8.591200000000000000e+04
1.160000000000000000e+04
0.000000000000000000e+00
0.000000000000000000e+00
0.000000000000000000e+00
0.000000000000000000e+00
0.000000000000000000e+00
0.000000000000000000e+00
0.000000000000000000e+00
0.000000000000000000e+00
0.000000000000000000e+00
0.000000000000000000e+00
3.877500000000000000e+04
1.217400000000000000e+04
0.000000000000000000e+00
0.000000000000000000e+00
0.000000000000000000e+00
0.000000000000000000e+00
0.000000000000000000e+00
0.000000000000000000e+00
0.000000000000000000e+00
0.000000000000000000e+00
0.000000000000000000e+00
0.000000000000000000e+00
1.521300000000000000e+04
1.160000000000000000e+04
0.000000000000000000e+00
0.000000000000000000e+00
0.000000000000000000e+00
0.000000000000000000e+00
0.000000000000000000e+00
0.000000000000000000e+00
0.000000000000000000e+00
0.000000000000000000e+00
0.000000000000000000e+00
4.934400000000000000e+04
2.972700000000000000e+05
7.313900000000000000e+04
2.444740000000000000e+05
2.620100000000000000e+04
2.634440000000000000e+05
2.988500000000000000e+05
2.837120000000000000e+05
3.128500000000000000e+04
9.244300000000000000e+04
7.197000000000000000e+03
1.166320000000000000e+05
1.913750000000000000e+05
8.226950000000000000e+05
2.792500000000000000e+04
1.021990000000000000e+05
2.824000000000000000e+03
2.688000000000000000e+03
1.054320000000000000e+05
1.301940000000000000e+05
1.775320000000000000e+05
1.803250000000000000e+05
1.286000000000000000e+04
1.865600000000000000e+05
2.092200000000000000e+05
6.160320000000000000e+05
5.023600000000000000e+04
3.519900000000000000e+04
1.718000000000000000e+03
5.482700000000000000e+04
5.489400000000000000e+04
