2.316610000000000000e+05
2.456200000000000000e+04
1.843000000000000000e+03
4.716000000000000000e+04
5.843400000000000000e+04
5.095400000000000000e+05
5.836800000000000000e+04
6.709000000000000000e+04
8.440000000000000000e+02
9.009600000000000000e+04
1.681700000000000000e+04
3.071880000000000000e+05
0.000000000000000000e+00
0.000000000000000000e+00
0.000000000000000000e+00
2.232000000000000000e+03
1.408300000000000000e+04
2.597900000000000000e+05
4.010600000000000000e+04
5.706000000000000000e+03
0.000000000000000000e+00
0.000000000000000000e+00
0.000000000000000000e+00
7.169700000000000000e+04
0.000000000000000000e+00
0.000000000000000000e+00
0.000000000000000000e+00
0.000000000000000000e+00
0.000000000000000000e+00
1.079020000000000000e+05
3.745400000000000000e+04
5.063000000000000000e+03
0.000000000000000000e+00
0.000000000000000000e+00
0.000000000000000000e+00
5.735900000000000000e+04
0.000000000000000000e+00
0.000000000000000000e+00
0.000000000000000000e+00
0.000000000000000000e+00
0.000000000000000000e+00
8.844300000000000000e+04
4.006300000000000000e+04
5.063000000000000000e+03
0.000000000000000000e+00
0.000000000000000000e+00
0.000000000000000000e+00
4.494000000000000000e+04
0.000000000000000000e+00
0.000000000000000000e+00
0.000000000000000000e+00
0.000000000000000000e+00
0.000000000000000000e+00
8.722600000000000000e+04
3.979300000000000000e+04
5.063000000000000000e+03
0.000000000000000000e+00
0.000000000000000000e+00
0.000000000000000000e+00
4.763000000000000000e+04
0.000000000000000000e+00
0.000000000000000000e+00
0.000000000000000000e+00
0.000000000000000000e+00
0.000000000000000000e+00
5.980600000000000000e+04
3.972900000000000000e+04
5.063000000000000000e+03
0.000000000000000000e+00
0.000000000000000000e+00
0.000000000000000000e+00
2.813900000000000000e+04
0.000000000000000000e+00
0.000000000000000000e+00
0.000000000000000000e+00
0.000000000000000000e+00
0.000000000000000000e+00
1.531860000000000000e+05
3.782000000000000000e+04
4.957000000000000000e+03
0.000000000000000000e+00
0.000000000000000000e+00
1.092249600000000000e+07
1.047847600000000000e+07
1.046833100000000000e+07
1.081093300000000000e+07
4.690000000000000000e+02
1.088173000000000000e+07
1.099032700000000000e+07
1.288659400000000000e+07
1.020013900000000000e+07
1.051713700000000000e+07
6.428000000000000000e+03
1.108790200000000000e+07
4.392000000000000000e+03
2.582890000000000000e+05
0.000000000000000000e+00
0.000000000000000000e+00
0.000000000000000000e+00
0.000000000000000000e+00
0.000000000000000000e+00
1.064176000000000000e+06
0.000000000000000000e+00
0.000000000000000000e+00
0.000000000000000000e+00
0.000000000000000000e+00
0.000000000000000000e+00
0.000000000000000000e+00
0.000000000000000000e+00
0.000000000000000000e+00
0.000000000000000000e+00
0.000000000000000000e+00
0.000000000000000000e+00
0.000000000000000000e+00
0.000000000000000000e+00
0.000000000000000000e+00
0.000000000000000000e+00
0.000000000000000000e+00
0.000000000000000000e+00
0.000000000000000000e+00
0.000000000000000000e+00
0.000000000000000000e+00
0.000000000000000000e+00
0.000000000000000000e+00
2.563200000000000000e+04
5.161590000000000000e+05
8.598210000000000000e+05
1.254627000000000000e+06
3.345300000000000000e+04
5.079030000000000000e+05
3.659340000000000000e+05
9.614310000000000000e+05
1.606050000000000000e+06
1.024551000000000000e+06
2.381700000000000000e+04
1.030701000000000000e+06
1.037661000000000000e+06
2.014572000000000000e+06
4.438110000000000000e+05
2.394900000000000000e+04
4.650000000000000000e+03
0.000000000000000000e+00
1.311000000000000000e+03
1.485210000000000000e+05
1.272000000000000000e+03
0.000000000000000000e+00
0.000000000000000000e+00
0.000000000000000000e+00
0.000000000000000000e+00
