9.571200000000000000e+04
5.587800000000000000e+04
1.051200000000000000e+04
6.694400000000000000e+04
8.100600000000000000e+04
8.294000000000000000e+04
1.017380000000000000e+05
1.353470000000000000e+05
2.580000000000000000e+02
1.260010000000000000e+05
7.433700000000000000e+04
3.540320000000000000e+05
1.033260000000000000e+05
5.461500000000000000e+04
0.000000000000000000e+00
6.311500000000000000e+04
1.155610000000000000e+05
1.101260000000000000e+05
6.377100000000000000e+04
6.539700000000000000e+04
1.001100000000000000e+04
8.160000000000000000e+04
8.280800000000000000e+04
3.971380000000000000e+05
1.041600000000000000e+05
1.195680000000000000e+05
2.817300000000000000e+04
5.745300000000000000e+04
1.075340000000000000e+05
1.149820000000000000e+05
1.024120000000000000e+05
1.105650000000000000e+05
2.340000000000000000e+02
1.316300000000000000e+05
1.465840000000000000e+05
4.759620000000000000e+05
1.130020000000000000e+05
8.043000000000000000e+03
0.000000000000000000e+00
3.314100000000000000e+04
3.581700000000000000e+04
4.313400000000000000e+04
4.601600000000000000e+04
4.135000000000000000e+03
1.830000000000000000e+02
0.000000000000000000e+00
2.681000000000000000e+03
2.561720000000000000e+05
1.104070000000000000e+05
0.000000000000000000e+00
0.000000000000000000e+00
0.000000000000000000e+00
0.000000000000000000e+00
0.000000000000000000e+00
0.000000000000000000e+00
0.000000000000000000e+00
0.000000000000000000e+00
0.000000000000000000e+00
5.762700000000000000e+04
2.561550000000000000e+05
1.091350000000000000e+05
5.406200000000000000e+04
1.470000000000000000e+04
8.906600000000000000e+04
1.008110000000000000e+05
1.007010000000000000e+05
1.601770000000000000e+05
8.325700000000000000e+04
6.502000000000000000e+03
6.534600000000000000e+04
6.673100000000000000e+04
3.394120000000000000e+05
1.228750000000000000e+05
6.112200000000000000e+04
1.970700000000000000e+04
1.372140000000000000e+05
1.080410000000000000e+05
7.231500000000000000e+04
8.655300000000000000e+04
9.457700000000000000e+04
4.898300000000000000e+04
7.516700000000000000e+04
9.853600000000000000e+04
3.592190000000000000e+05
1.277430000000000000e+05
7.788800000000000000e+04
3.209200000000000000e+04
1.151520000000000000e+05
1.290560000000000000e+05
1.146820000000000000e+05
1.561130000000000000e+05
1.213250000000000000e+05
2.476700000000000000e+04
9.376900000000000000e+04
2.635100000000000000e+04
1.969800000000000000e+05
1.068120000000000000e+05
2.387400000000000000e+04
7.260000000000000000e+03
6.821400000000000000e+04
8.032980000000000000e+05
1.181372000000000000e+06
1.605263000000000000e+06
8.343410000000000000e+05
2.925100000000000000e+04
3.029450000000000000e+05
7.597560000000000000e+05
2.664563000000000000e+06
7.481270000000000000e+05
9.904140000000000000e+05
3.174100000000000000e+04
6.751000000000000000e+05
9.395150000000000000e+05
5.211380000000000000e+05
5.654900000000000000e+04
2.305000000000000000e+03
0.000000000000000000e+00
4.536000000000000000e+03
1.751100000000000000e+04
1.300176000000000000e+06
1.919160000000000000e+05
4.789000000000000000e+03
0.000000000000000000e+00
0.000000000000000000e+00
0.000000000000000000e+00
0.000000000000000000e+00
0.000000000000000000e+00
0.000000000000000000e+00
0.000000000000000000e+00
0.000000000000000000e+00
0.000000000000000000e+00
2.087960000000000000e+05
1.917750000000000000e+05
4.789000000000000000e+03
0.000000000000000000e+00
0.000000000000000000e+00
0.000000000000000000e+00
0.000000000000000000e+00
0.000000000000000000e+00
0.000000000000000000e+00
0.000000000000000000e+00
0.000000000000000000e+00
0.000000000000000000e+00
3.560870000000000000e+05
1.877380000000000000e+05
4.757000000000000000e+03
0.000000000000000000e+00
0.000000000000000000e+00
0.000000000000000000e+00
