7.413000000000000000e+04
5.562000000000000000e+03
9.930000000000000000e+02
0.000000000000000000e+00
0.000000000000000000e+00
2.677850000000000000e+05
2.098900000000000000e+05
4.700000000000000000e+03
0.000000000000000000e+00
0.000000000000000000e+00
0.000000000000000000e+00
2.406790000000000000e+05
0.000000000000000000e+00
0.000000000000000000e+00
0.000000000000000000e+00
0.000000000000000000e+00
0.000000000000000000e+00
2.256260000000000000e+05
2.095210000000000000e+05
4.718000000000000000e+03
0.000000000000000000e+00
0.000000000000000000e+00
0.000000000000000000e+00
9.424500000000000000e+04
0.000000000000000000e+00
0.000000000000000000e+00
0.000000000000000000e+00
0.000000000000000000e+00
5.380000000000000000e+03
3.733270000000000000e+05
1.293140000000000000e+06
1.794921000000000000e+06
2.866200000000000000e+04
3.032922000000000000e+06
1.533058000000000000e+06
8.487000000000000000e+05
1.656828000000000000e+06
2.556753000000000000e+06
2.891100000000000000e+04
2.039703000000000000e+06
4.917277000000000000e+06
3.878202000000000000e+06
2.834732000000000000e+06
2.665617000000000000e+06
1.050600000000000000e+04
2.066806000000000000e+06
2.294666000000000000e+06
3.018064000000000000e+06
3.553684000000000000e+06
4.370500000000000000e+05
1.788100000000000000e+04
7.647360000000000000e+05
8.936950000000000000e+05
2.596788000000000000e+06
4.179650000000000000e+05
3.529950000000000000e+05
1.210100000000000000e+04
3.736120000000000000e+05
3.948650000000000000e+05
3.724360000000000000e+05
1.748660000000000000e+05
2.761000000000000000e+03
0.000000000000000000e+00
0.000000000000000000e+00
0.000000000000000000e+00
9.573200000000000000e+05
8.814600000000000000e+04
5.643000000000000000e+03
0.000000000000000000e+00
0.000000000000000000e+00
0.000000000000000000e+00
2.025880000000000000e+05
0.000000000000000000e+00
0.000000000000000000e+00
0.000000000000000000e+00
0.000000000000000000e+00
0.000000000000000000e+00
2.625140000000000000e+05
8.602200000000000000e+04
5.198000000000000000e+03
0.000000000000000000e+00
6.012155000000000000e+06
1.044494700000000000e+07
1.034976000000000000e+07
1.104021300000000000e+07
1.294744500000000000e+07
5.759830000000000000e+05
1.326253800000000000e+07
1.149162200000000000e+07
1.240083500000000000e+07
9.027088000000000000e+06
9.371530000000000000e+06
7.640300000000000000e+04
6.409970000000000000e+05
1.368730000000000000e+05
5.293120000000000000e+05
5.176000000000000000e+03
3.526000000000000000e+03
2.610000000000000000e+02
2.730000000000000000e+02
0.000000000000000000e+00
3.528828000000000000e+06
1.437650000000000000e+05
1.702500000000000000e+04
1.760000000000000000e+02
0.000000000000000000e+00
0.000000000000000000e+00
3.748670000000000000e+05
0.000000000000000000e+00
1.358300000000000000e+04
2.220000000000000000e+02
1.839000000000000000e+04
2.773200000000000000e+04
2.952360000000000000e+05
1.312020000000000000e+05
8.178000000000000000e+03
0.000000000000000000e+00
2.760000000000000000e+03
2.531000000000000000e+03
9.158900000000000000e+04
0.000000000000000000e+00
0.000000000000000000e+00
0.000000000000000000e+00
0.000000000000000000e+00
0.000000000000000000e+00
1.505930000000000000e+05
1.228140000000000000e+05
1.074400000000000000e+04
0.000000000000000000e+00
0.000000000000000000e+00
0.000000000000000000e+00
5.252400000000000000e+04
8.280000000000000000e+02
0.000000000000000000e+00
0.000000000000000000e+00
0.000000000000000000e+00
0.000000000000000000e+00
3.355030000000000000e+05
1.216750000000000000e+05
1.008300000000000000e+04
1.830000000000000000e+02
1.840000000000000000e+02
0.000000000000000000e+00
1.076310000000000000e+05
6.090000000000000000e+02
0.000000000000000000e+00
0.000000000000000000e+00
0.000000000000000000e+00
2.854000000000000000e+03
