6.798130000000000000e+05
2.162100000000000000e+04
9.440000000000000000e+02
1.429740000000000000e+05
2.084110000000000000e+05
2.549340000000000000e+05
5.400690000000000000e+05
5.193030000000000000e+05
2.031200000000000000e+04
4.846900000000000000e+05
8.029580000000000000e+05
1.163736000000000000e+06
1.073574000000000000e+06
1.913547000000000000e+06
2.309200000000000000e+04
2.993183000000000000e+06
3.486124000000000000e+06
3.310758000000000000e+06
3.537970000000000000e+06
3.596128000000000000e+06
6.707000000000000000e+04
3.505692000000000000e+06
3.524775000000000000e+06
2.689390000000000000e+06
1.355520000000000000e+06
2.870786000000000000e+06
3.998500000000000000e+04
1.609471000000000000e+06
6.582090000000000000e+05
2.008770000000000000e+05
9.084000000000000000e+03
1.990000000000000000e+02
0.000000000000000000e+00
6.928000000000000000e+03
3.351100000000000000e+04
1.849200000000000000e+06
7.693000000000000000e+04
0.000000000000000000e+00
0.000000000000000000e+00
0.000000000000000000e+00
0.000000000000000000e+00
0.000000000000000000e+00
0.000000000000000000e+00
0.000000000000000000e+00
0.000000000000000000e+00
0.000000000000000000e+00
0.000000000000000000e+00
8.022700000000000000e+04
7.693000000000000000e+04
0.000000000000000000e+00
0.000000000000000000e+00
0.000000000000000000e+00
0.000000000000000000e+00
0.000000000000000000e+00
0.000000000000000000e+00
0.000000000000000000e+00
0.000000000000000000e+00
0.000000000000000000e+00
0.000000000000000000e+00
1.867840000000000000e+05
8.295000000000000000e+04
0.000000000000000000e+00
0.000000000000000000e+00
0.000000000000000000e+00
0.000000000000000000e+00
0.000000000000000000e+00
0.000000000000000000e+00
0.000000000000000000e+00
0.000000000000000000e+00
0.000000000000000000e+00
0.000000000000000000e+00
2.094890000000000000e+05
7.943000000000000000e+04
0.000000000000000000e+00
0.000000000000000000e+00
0.000000000000000000e+00
0.000000000000000000e+00
0.000000000000000000e+00
0.000000000000000000e+00
0.000000000000000000e+00
0.000000000000000000e+00
0.000000000000000000e+00
0.000000000000000000e+00
7.943000000000000000e+04
7.943000000000000000e+04
0.000000000000000000e+00
0.000000000000000000e+00
0.000000000000000000e+00
0.000000000000000000e+00
0.000000000000000000e+00
0.000000000000000000e+00
0.000000000000000000e+00
0.000000000000000000e+00
0.000000000000000000e+00
0.000000000000000000e+00
1.433720000000000000e+05
7.943000000000000000e+04
0.000000000000000000e+00
0.000000000000000000e+00
0.000000000000000000e+00
0.000000000000000000e+00
0.000000000000000000e+00
0.000000000000000000e+00
0.000000000000000000e+00
0.000000000000000000e+00
0.000000000000000000e+00
0.000000000000000000e+00
7.943000000000000000e+04
7.943000000000000000e+04
0.000000000000000000e+00
0.000000000000000000e+00
0.000000000000000000e+00
0.000000000000000000e+00
0.000000000000000000e+00
0.000000000000000000e+00
0.000000000000000000e+00
0.000000000000000000e+00
3.576000000000000000e+05
5.219520000000000000e+05
8.078300000000000000e+05
6.123500000000000000e+05
5.212560000000000000e+05
1.872000000000000000e+03
5.376480000000000000e+05
5.252480000000000000e+05
6.056440000000000000e+05
6.434870000000000000e+05
7.355810000000000000e+05
5.146000000000000000e+03
1.257060000000000000e+05
6.379700000000000000e+04
1.051208000000000000e+06
7.743210000000000000e+05
6.195830000000000000e+05
8.958000000000000000e+03
1.349825000000000000e+06
9.535570000000000000e+05
7.197690000000000000e+05
2.533990000000000000e+05
3.695450000000000000e+05
1.878100000000000000e+04
2.148170000000000000e+05
3.240120000000000000e+05
1.798050000000000000e+06
1.996510000000000000e+05
6.197000000000000000e+03
0.000000000000000000e+00
0.000000000000000000e+00
0.000000000000000000e+00
