1.387890000000000000e+05
1.059000000000000000e+04
0.000000000000000000e+00
0.000000000000000000e+00
0.000000000000000000e+00
2.581100000000000000e+05
2.544320000000000000e+05
6.186000000000000000e+03
0.000000000000000000e+00
0.000000000000000000e+00
0.000000000000000000e+00
3.289200000000000000e+05
6.830000000000000000e+02
0.000000000000000000e+00
0.000000000000000000e+00
0.000000000000000000e+00
0.000000000000000000e+00
3.617040000000000000e+05
2.791550000000000000e+05
6.208000000000000000e+03
0.000000000000000000e+00
0.000000000000000000e+00
0.000000000000000000e+00
8.005900000000000000e+04
6.830000000000000000e+02
0.000000000000000000e+00
0.000000000000000000e+00
0.000000000000000000e+00
0.000000000000000000e+00
3.198830000000000000e+05
2.769350000000000000e+05
6.032000000000000000e+03
0.000000000000000000e+00
0.000000000000000000e+00
0.000000000000000000e+00
6.206000000000000000e+04
6.830000000000000000e+02
0.000000000000000000e+00
0.000000000000000000e+00
0.000000000000000000e+00
0.000000000000000000e+00
2.823590000000000000e+05
2.766060000000000000e+05
6.032000000000000000e+03
0.000000000000000000e+00
0.000000000000000000e+00
0.000000000000000000e+00
5.121800000000000000e+04
6.830000000000000000e+02
0.000000000000000000e+00
0.000000000000000000e+00
0.000000000000000000e+00
0.000000000000000000e+00
3.060520000000000000e+05
2.772230000000000000e+05
6.032000000000000000e+03
0.000000000000000000e+00
0.000000000000000000e+00
0.000000000000000000e+00
5.780200000000000000e+04
6.830000000000000000e+02
0.000000000000000000e+00
0.000000000000000000e+00
0.000000000000000000e+00
2.032000000000000000e+03
4.057500000000000000e+05
2.740690000000000000e+05
6.032000000000000000e+03
0.000000000000000000e+00
0.000000000000000000e+00
0.000000000000000000e+00
8.106400000000000000e+04
6.830000000000000000e+02
0.000000000000000000e+00
0.000000000000000000e+00
0.000000000000000000e+00
0.000000000000000000e+00
2.810470000000000000e+05
2.737900000000000000e+05
6.207000000000000000e+03
0.000000000000000000e+00
0.000000000000000000e+00
0.000000000000000000e+00
5.172100000000000000e+04
6.830000000000000000e+02
1.336613000000000000e+06
9.412000000000000000e+03
9.415510000000000000e+05
5.183030000000000000e+05
9.012090000000000000e+05
1.444765000000000000e+06
1.238231000000000000e+06
8.100000000000000000e+02
1.232181000000000000e+06
1.229415000000000000e+06
1.271859000000000000e+06
1.221131000000000000e+06
1.236096000000000000e+06
1.392000000000000000e+03
1.246389000000000000e+06
1.301355000000000000e+06
6.383200000000000000e+05
2.951540000000000000e+05
3.574230000000000000e+05
0.000000000000000000e+00
5.624220000000000000e+05
1.281754000000000000e+06
1.563223000000000000e+06
9.898580000000000000e+05
6.292620000000000000e+05
0.000000000000000000e+00
9.514870000000000000e+05
1.063434000000000000e+06
1.531228000000000000e+06
1.178206000000000000e+06
8.288990000000000000e+05
1.238600000000000000e+04
8.524550000000000000e+05
8.598210000000000000e+05
1.483024000000000000e+06
3.053890000000000000e+05
3.499430000000000000e+05
2.133400000000000000e+04
4.143140000000000000e+05
4.833280000000000000e+05
7.845770000000000000e+05
7.286310000000000000e+05
9.133420000000000000e+05
2.841000000000000000e+04
1.139549000000000000e+06
1.331280000000000000e+06
1.429288000000000000e+06
1.524926000000000000e+06
1.624762000000000000e+06
3.821100000000000000e+04
1.661847000000000000e+06
1.779767000000000000e+06
1.907033000000000000e+06
2.020090000000000000e+06
2.079782000000000000e+06
5.673400000000000000e+04
2.098532000000000000e+06
2.173476000000000000e+06
2.175041000000000000e+06
2.170896000000000000e+06
2.167056000000000000e+06
4.584700000000000000e+04
2.140465000000000000e+06
2.161137000000000000e+06
