6.904210000000000000e+05
1.412880000000000000e+05
3.513900000000000000e+04
3.143900000000000000e+04
8.204000000000000000e+03
7.867000000000000000e+03
1.192000000000000000e+03
1.678000000000000000e+03
9.060000000000000000e+02
7.760000000000000000e+02
7.780000000000000000e+02
1.277388000000000000e+06
5.167375900000000000e+07
1.411440000000000000e+05
2.057450000000000000e+05
4.487900000000000000e+04
9.185700000000000000e+04
3.036700000000000000e+04
2.903850000000000000e+05
5.436200000000000000e+04
2.792810000000000000e+05
6.208700000000000000e+04
2.244400000000000000e+04
1.634857000000000000e+06
2.930600000000000000e+04
2.828300000000000000e+04
6.545000000000000000e+03
5.506729000000000000e+07
6.905600000000000000e+04
6.632000000000000000e+04
1.795300000000000000e+04
9.105000000000000000e+03
5.206800000000000000e+04
5.095500000000000000e+04
9.857000000000000000e+03
1.941558000000000000e+06
6.897400000000000000e+04
1.735600000000000000e+04
1.847000000000000000e+03
9.090000000000000000e+02
4.705000000000000000e+03
1.133980000000000000e+05
4.795241400000000000e+07
6.569900000000000000e+04
5.017300000000000000e+04
2.792000000000000000e+03
3.074000000000000000e+03
1.973896000000000000e+06
6.077800000000000000e+04
2.676000000000000000e+03
2.475000000000000000e+03
0.000000000000000000e+00
0.000000000000000000e+00
0.000000000000000000e+00
1.686000000000000000e+03
0.000000000000000000e+00
0.000000000000000000e+00
5.201913100000000000e+07
9.915300000000000000e+04
5.343680000000000000e+05
9.299000000000000000e+03
1.135000000000000000e+03
4.160000000000000000e+02
0.000000000000000000e+00
0.000000000000000000e+00
0.000000000000000000e+00
0.000000000000000000e+00
0.000000000000000000e+00
0.000000000000000000e+00
1.707724000000000000e+06
1.746280000000000000e+05
1.125830000000000000e+06
4.121501400000000000e+07
3.386690000000000000e+05
4.216500000000000000e+04
8.233000000000000000e+03
2.106000000000000000e+03
1.481000000000000000e+03
5.830000000000000000e+02
5.450000000000000000e+02
5.320000000000000000e+02
0.000000000000000000e+00
1.643000000000000000e+03
7.574360000000000000e+05
3.164760000000000000e+06
3.706600000000000000e+05
2.015600000000000000e+04
2.298372400000000000e+07
3.338140000000000000e+05
1.997950000000000000e+05
3.102300000000000000e+04
0.000000000000000000e+00
0.000000000000000000e+00
0.000000000000000000e+00
1.195500000000000000e+04
9.207380000000000000e+05
4.615297000000000000e+06
4.347830000000000000e+05
2.598300000000000000e+04
5.576000000000000000e+03
1.156000000000000000e+03
5.370000000000000000e+02
1.890577900000000000e+07
2.687980000000000000e+05
1.923160000000000000e+05
1.357500000000000000e+04
2.059000000000000000e+03
8.292150000000000000e+05
3.846348000000000000e+06
2.680350000000000000e+05
1.855600000000000000e+04
6.300000000000000000e+02
4.000000000000000000e+02
3.750000000000000000e+02
4.160000000000000000e+02
2.960000000000000000e+03
2.835000000000000000e+03
2.388364400000000000e+07
3.157330000000000000e+05
9.308370000000000000e+05
4.384467000000000000e+06
4.494050000000000000e+05
2.665700000000000000e+04
4.670000000000000000e+02
0.000000000000000000e+00
2.688000000000000000e+03
0.000000000000000000e+00
1.408000000000000000e+03
1.344000000000000000e+03
3.520000000000000000e+03
2.190000000000000000e+02
8.064150000000000000e+05
2.840138700000000000e+07
2.428740000000000000e+05
1.581000000000000000e+04
8.710000000000000000e+02
0.000000000000000000e+00
0.000000000000000000e+00
8.960000000000000000e+02
0.000000000000000000e+00
0.000000000000000000e+00
0.000000000000000000e+00
0.000000000000000000e+00
5.616980000000000000e+05
1.137815000000000000e+06
2.132450000000000000e+05
9.508000000000000000e+03
3.250091800000000000e+07
2.442800000000000000e+05
