4.654140000000000000e+05
5.791000000000000000e+03
0.000000000000000000e+00
0.000000000000000000e+00
0.000000000000000000e+00
0.000000000000000000e+00
0.000000000000000000e+00
0.000000000000000000e+00
0.000000000000000000e+00
3.844660000000000000e+05
2.054410000000000000e+05
2.791760000000000000e+05
2.142448600000000000e+07
2.361080000000000000e+05
1.989610000000000000e+05
4.069300000000000000e+04
1.071700000000000000e+04
1.509000000000000000e+03
7.211000000000000000e+03
2.040000000000000000e+02
2.913000000000000000e+03
4.001243000000000000e+06
3.207610000000000000e+05
7.885370000000000000e+05
5.072000000000000000e+03
1.910000000000000000e+02
0.000000000000000000e+00
1.606183800000000000e+07
3.749800000000000000e+05
1.782500000000000000e+05
1.278700000000000000e+04
4.140000000000000000e+02
3.210000000000000000e+02
4.397557000000000000e+06
3.589490000000000000e+05
8.417910000000000000e+05
5.144000000000000000e+03
0.000000000000000000e+00
0.000000000000000000e+00
0.000000000000000000e+00
0.000000000000000000e+00
0.000000000000000000e+00
2.446258200000000000e+07
3.229440000000000000e+05
3.450110000000000000e+05
5.015723000000000000e+06
3.981090000000000000e+05
9.629240000000000000e+05
8.991000000000000000e+03
5.490000000000000000e+02
0.000000000000000000e+00
0.000000000000000000e+00
0.000000000000000000e+00
0.000000000000000000e+00
0.000000000000000000e+00
0.000000000000000000e+00
0.000000000000000000e+00
2.528427200000000000e+07
3.719540000000000000e+05
6.838360000000000000e+05
4.420000000000000000e+03
0.000000000000000000e+00
0.000000000000000000e+00
0.000000000000000000e+00
0.000000000000000000e+00
0.000000000000000000e+00
0.000000000000000000e+00
0.000000000000000000e+00
0.000000000000000000e+00
4.500340000000000000e+05
3.531000000000000000e+05
1.914880000000000000e+05
2.096739700000000000e+07
5.769290000000000000e+05
2.800650000000000000e+05
5.058000000000000000e+04
7.515000000000000000e+03
0.000000000000000000e+00
4.146000000000000000e+03
1.569000000000000000e+03
0.000000000000000000e+00
5.233259000000000000e+06
5.260750000000000000e+05
1.027869000000000000e+06
1.444000000000000000e+04
9.880000000000000000e+02
0.000000000000000000e+00
1.707322900000000000e+07
3.739980000000000000e+05
2.217140000000000000e+05
2.599800000000000000e+04
4.124600000000000000e+04
1.009200000000000000e+04
4.969773000000000000e+06
3.922360000000000000e+05
9.578090000000000000e+05
4.993000000000000000e+03
3.360000000000000000e+02
0.000000000000000000e+00
0.000000000000000000e+00
0.000000000000000000e+00
0.000000000000000000e+00
1.675653000000000000e+07
5.621780000000000000e+05
2.400990000000000000e+05
5.130221000000000000e+06
3.993300000000000000e+05
9.988170000000000000e+05
6.298000000000000000e+03
0.000000000000000000e+00
0.000000000000000000e+00
0.000000000000000000e+00
0.000000000000000000e+00
0.000000000000000000e+00
0.000000000000000000e+00
0.000000000000000000e+00
0.000000000000000000e+00
1.601131900000000000e+07
3.741750000000000000e+05
8.127370000000000000e+05
2.864000000000000000e+03
3.300000000000000000e+02
0.000000000000000000e+00
0.000000000000000000e+00
0.000000000000000000e+00
0.000000000000000000e+00
0.000000000000000000e+00
0.000000000000000000e+00
0.000000000000000000e+00
5.776490000000000000e+05
3.404920000000000000e+05
2.233420000000000000e+05
1.600497800000000000e+07
5.570680000000000000e+05
1.179630000000000000e+05
3.365000000000000000e+03
1.659800000000000000e+04
5.688000000000000000e+03
7.100000000000000000e+03
0.000000000000000000e+00
0.000000000000000000e+00
4.877251000000000000e+06
3.794990000000000000e+05
9.609210000000000000e+05
9.124000000000000000e+03
0.000000000000000000e+00
0.000000000000000000e+00
2.172196900000000000e+07
3.744260000000000000e+05
