1.145791000000000000e+06
2.140770000000000000e+05
4.025000000000000000e+04
4.748400000000000000e+04
8.574000000000000000e+03
1.113600000000000000e+04
1.150000000000000000e+03
2.933000000000000000e+03
1.308000000000000000e+03
8.160000000000000000e+02
1.122000000000000000e+03
9.668640000000000000e+05
5.226419800000000000e+07
4.333700000000000000e+04
3.269340000000000000e+05
1.368300000000000000e+04
1.732620000000000000e+05
1.405200000000000000e+04
3.324800000000000000e+05
1.743900000000000000e+04
3.278250000000000000e+05
7.859000000000000000e+03
5.730000000000000000e+03
1.041145000000000000e+06
9.426000000000000000e+03
1.970000000000000000e+04
4.330000000000000000e+03
5.563107900000000000e+07
1.300300000000000000e+04
5.064800000000000000e+04
7.779000000000000000e+03
4.526000000000000000e+03
6.314100000000000000e+04
6.722800000000000000e+04
8.589000000000000000e+03
1.669148000000000000e+06
1.087660000000000000e+05
3.193100000000000000e+04
6.764000000000000000e+03
2.868000000000000000e+03
1.366700000000000000e+04
1.554580000000000000e+05
4.876757700000000000e+07
5.448600000000000000e+04
5.176100000000000000e+04
1.593000000000000000e+03
1.726000000000000000e+03
1.855302000000000000e+06
9.414000000000000000e+04
4.357000000000000000e+03
3.327000000000000000e+03
0.000000000000000000e+00
0.000000000000000000e+00
4.860000000000000000e+02
1.274000000000000000e+03
0.000000000000000000e+00
0.000000000000000000e+00
5.268383900000000000e+07
8.484900000000000000e+04
7.845000000000000000e+03
0.000000000000000000e+00
1.845000000000000000e+03
2.900000000000000000e+02
0.000000000000000000e+00
0.000000000000000000e+00
0.000000000000000000e+00
0.000000000000000000e+00
0.000000000000000000e+00
0.000000000000000000e+00
1.998470000000000000e+06
1.505930000000000000e+05
1.590900000000000000e+04
4.149452000000000000e+07
2.682990000000000000e+05
1.910300000000000000e+04
0.000000000000000000e+00
0.000000000000000000e+00
0.000000000000000000e+00
0.000000000000000000e+00
0.000000000000000000e+00
0.000000000000000000e+00
0.000000000000000000e+00
1.774000000000000000e+03
0.000000000000000000e+00
3.255714000000000000e+06
3.051300000000000000e+05
1.723700000000000000e+04
2.310681200000000000e+07
3.074270000000000000e+05
1.850060000000000000e+05
2.889800000000000000e+04
0.000000000000000000e+00
0.000000000000000000e+00
0.000000000000000000e+00
1.256200000000000000e+04
4.855600000000000000e+04
4.672644000000000000e+06
3.427140000000000000e+05
1.799300000000000000e+04
0.000000000000000000e+00
0.000000000000000000e+00
0.000000000000000000e+00
1.900886900000000000e+07
2.252870000000000000e+05
1.764040000000000000e+05
1.017100000000000000e+04
0.000000000000000000e+00
0.000000000000000000e+00
3.834475000000000000e+06
2.027060000000000000e+05
1.607700000000000000e+04
0.000000000000000000e+00
0.000000000000000000e+00
0.000000000000000000e+00
0.000000000000000000e+00
3.371000000000000000e+03
3.115000000000000000e+03
2.395050500000000000e+07
2.741970000000000000e+05
2.137140000000000000e+05
4.412630000000000000e+06
3.677640000000000000e+05
2.158500000000000000e+04
0.000000000000000000e+00
0.000000000000000000e+00
1.792000000000000000e+03
0.000000000000000000e+00
5.120000000000000000e+02
7.680000000000000000e+02
3.236000000000000000e+03
0.000000000000000000e+00
6.085000000000000000e+03
2.856660800000000000e+07
2.048900000000000000e+05
1.339700000000000000e+04
0.000000000000000000e+00
0.000000000000000000e+00
0.000000000000000000e+00
8.320000000000000000e+02
0.000000000000000000e+00
0.000000000000000000e+00
0.000000000000000000e+00
0.000000000000000000e+00
1.088000000000000000e+03
1.082603000000000000e+06
2.040470000000000000e+05
9.683000000000000000e+03
3.269663800000000000e+07
2.049870000000000000e+05
7.814000000000000000e+03
0.000000000000000000e+00
0.000000000000000000e+00
0.000000000000000000e+00
0.000000000000000000e+00
0.000000000000000000e+00
0.000000000000000000e+00
0.000000000000000000e+00
0.000000000000000000e+00
0.000000000000000000e+00
3.371600000000000000e+05
1.933600000000000000e+05
7.308000000000000000e+03
2.148232000000000000e+07
2.140210000000000000e+05
1.913710000000000000e+05
3.686000000000000000e+04
9.690000000000000000e+03
9.930000000000000000e+02
6.557000000000000000e+03
0.000000000000000000e+00
2.544000000000000000e+03
4.095000000000000000e+06
2.407360000000000000e+05
1.077000000000000000e+04
0.000000000000000000e+00
0.000000000000000000e+00
0.000000000000000000e+00
1.620557600000000000e+07
3.654290000000000000e+05
1.740050000000000000e+05
1.186200000000000000e+04
0.000000000000000000e+00
0.000000000000000000e+00
4.463559000000000000e+06
2.758950000000000000e+05
7.172000000000000000e+03
0.000000000000000000e+00
0.000000000000000000e+00
0.000000000000000000e+00
0.000000000000000000e+00
0.000000000000000000e+00
0.000000000000000000e+00
2.464444100000000000e+07
2.997770000000000000e+05
3.408400000000000000e+05
5.095060000000000000e+06
3.025860000000000000e+05
1.336400000000000000e+04
0.000000000000000000e+00
0.000000000000000000e+00
0.000000000000000000e+00
0.000000000000000000e+00
0.000000000000000000e+00
0.000000000000000000e+00
0.000000000000000000e+00
0.000000000000000000e+00
0.000000000000000000e+00
2.540712600000000000e+07
3.309820000000000000e+05
3.892000000000000000e+03
0.000000000000000000e+00
0.000000000000000000e+00
0.000000000000000000e+00
0.000000000000000000e+00
0.000000000000000000e+00
0.000000000000000000e+00
0.000000000000000000e+00
0.000000000000000000e+00
0.000000000000000000e+00
4.092010000000000000e+05
3.328800000000000000e+05
1.830000000000000000e+03
2.107460400000000000e+07
5.560990000000000000e+05
2.729880000000000000e+05
4.767100000000000000e+04
8.168000000000000000e+03
0.000000000000000000e+00
3.937000000000000000e+03
1.623000000000000000e+03
0.000000000000000000e+00
5.398735000000000000e+06
4.087730000000000000e+05
2.321600000000000000e+04
0.000000000000000000e+00
0.000000000000000000e+00
0.000000000000000000e+00
1.715482200000000000e+07
3.602680000000000000e+05
2.183530000000000000e+05
2.510900000000000000e+04
4.120900000000000000e+04
1.000700000000000000e+04
5.075969000000000000e+06
2.962290000000000000e+05
3.915900000000000000e+04
0.000000000000000000e+00
0.000000000000000000e+00
0.000000000000000000e+00
0.000000000000000000e+00
0.000000000000000000e+00
0.000000000000000000e+00
1.684446100000000000e+07
5.409600000000000000e+05
2.316810000000000000e+05
5.265576000000000000e+06
2.978790000000000000e+05
1.362500000000000000e+04
0.000000000000000000e+00
0.000000000000000000e+00
0.000000000000000000e+00
0.000000000000000000e+00
0.000000000000000000e+00
0.000000000000000000e+00
0.000000000000000000e+00
0.000000000000000000e+00
0.000000000000000000e+00
1.603773000000000000e+07
3.108340000000000000e+05
3.291000000000000000e+03
0.000000000000000000e+00
0.000000000000000000e+00
0.000000000000000000e+00
0.000000000000000000e+00
0.000000000000000000e+00
0.000000000000000000e+00
0.000000000000000000e+00
0.000000000000000000e+00
0.000000000000000000e+00
5.071060000000000000e+05
3.189990000000000000e+05
3.291000000000000000e+03
1.605465400000000000e+07
5.236200000000000000e+05
1.121960000000000000e+05
1.923000000000000000e+03
1.587300000000000000e+04
5.706000000000000000e+03
6.700000000000000000e+03
0.000000000000000000e+00
0.000000000000000000e+00
4.977193000000000000e+06
2.824380000000000000e+05
6.832000000000000000e+03
0.000000000000000000e+00
0.000000000000000000e+00
0.000000000000000000e+00
2.185826000000000000e+07
3.397210000000000000e+05
3.257650000000000000e+05
2.505600000000000000e+04
7.888000000000000000e+03
0.000000000000000000e+00
4.975892000000000000e+06
3.295640000000000000e+05
2.149200000000000000e+04
0.000000000000000000e+00
0.000000000000000000e+00
0.000000000000000000e+00
0.000000000000000000e+00
0.000000000000000000e+00
0.000000000000000000e+00
1.703039000000000000e+07
4.326070000000000000e+05
1.779150000000000000e+05
5.008959000000000000e+06
2.835360000000000000e+05
2.035200000000000000e+04
3.044000000000000000e+03
0.000000000000000000e+00
0.000000000000000000e+00
0.000000000000000000e+00
0.000000000000000000e+00
0.000000000000000000e+00
0.000000000000000000e+00
0.000000000000000000e+00
0.000000000000000000e+00
2.293457900000000000e+07
3.506330000000000000e+05
1.937000000000000000e+04
1.323000000000000000e+03
0.000000000000000000e+00
0.000000000000000000e+00
0.000000000000000000e+00
0.000000000000000000e+00
0.000000000000000000e+00
0.000000000000000000e+00
0.000000000000000000e+00
0.000000000000000000e+00
4.521010000000000000e+05
3.597730000000000000e+05
1.922600000000000000e+04
1.987655000000000000e+07
4.872390000000000000e+05
2.038500000000000000e+05
2.164100000000000000e+04
7.801000000000000000e+03
0.000000000000000000e+00
3.026200000000000000e+04
2.983000000000000000e+03
4.845000000000000000e+03
5.099320000000000000e+06
2.812970000000000000e+05
2.294500000000000000e+04
0.000000000000000000e+00
8.000000000000000000e+02
0.000000000000000000e+00
2.447952100000000000e+07
3.389290000000000000e+05
3.451280000000000000e+05
6.901000000000000000e+04
1.335300000000000000e+04
0.000000000000000000e+00
5.050013000000000000e+06
2.851090000000000000e+05
5.416000000000000000e+03
0.000000000000000000e+00
0.000000000000000000e+00
0.000000000000000000e+00
0.000000000000000000e+00
0.000000000000000000e+00
8.080000000000000000e+02
2.476321400000000000e+07
3.245070000000000000e+05
2.859200000000000000e+05
4.938913000000000000e+06
3.669220000000000000e+05
2.704300000000000000e+04
0.000000000000000000e+00
0.000000000000000000e+00
0.000000000000000000e+00
0.000000000000000000e+00
0.000000000000000000e+00
0.000000000000000000e+00
0.000000000000000000e+00
0.000000000000000000e+00
0.000000000000000000e+00
1.926620500000000000e+07
3.180950000000000000e+05
1.848500000000000000e+04
0.000000000000000000e+00
3.061000000000000000e+03
0.000000000000000000e+00
8.740000000000000000e+02
0.000000000000000000e+00
0.000000000000000000e+00
0.000000000000000000e+00
8.740000000000000000e+02
8.740000000000000000e+02
7.890230000000000000e+05
3.258440000000000000e+05
1.869900000000000000e+04
2.065081300000000000e+07
3.913150000000000000e+05
1.864070000000000000e+05
2.149500000000000000e+04
3.968000000000000000e+03
0.000000000000000000e+00
3.648000000000000000e+03
0.000000000000000000e+00
0.000000000000000000e+00
4.950690000000000000e+06
3.024470000000000000e+05
1.467400000000000000e+04
0.000000000000000000e+00
0.000000000000000000e+00
0.000000000000000000e+00
1.902079500000000000e+07
2.325540000000000000e+05
3.377750000000000000e+05
6.360800000000000000e+04
1.506900000000000000e+04
1.697000000000000000e+03
4.846362000000000000e+06
2.406780000000000000e+05
0.000000000000000000e+00
0.000000000000000000e+00
0.000000000000000000e+00
0.000000000000000000e+00
0.000000000000000000e+00
0.000000000000000000e+00
0.000000000000000000e+00
1.644171400000000000e+07
3.301420000000000000e+05
1.757780000000000000e+05
4.941033000000000000e+06
2.949980000000000000e+05
9.738000000000000000e+03
0.000000000000000000e+00
0.000000000000000000e+00
0.000000000000000000e+00
0.000000000000000000e+00
0.000000000000000000e+00
0.000000000000000000e+00
0.000000000000000000e+00
0.000000000000000000e+00
0.000000000000000000e+00
2.251082200000000000e+07
3.795690000000000000e+05
2.033000000000000000e+04
0.000000000000000000e+00
0.000000000000000000e+00
0.000000000000000000e+00
0.000000000000000000e+00
0.000000000000000000e+00
0.000000000000000000e+00
0.000000000000000000e+00
0.000000000000000000e+00
0.000000000000000000e+00
4.609410000000000000e+05
3.765750000000000000e+05
2.033000000000000000e+04
6.322262500000000000e+07
4.845020000000000000e+05
3.453100000000000000e+04
0.000000000000000000e+00
0.000000000000000000e+00
0.000000000000000000e+00
0.000000000000000000e+00
0.000000000000000000e+00
0.000000000000000000e+00
0.000000000000000000e+00
0.000000000000000000e+00
0.000000000000000000e+00
5.594950000000000000e+05
4.817320000000000000e+05
1.971700000000000000e+04
1.496424800000000000e+07
5.886650000000000000e+05
5.493100000000000000e+04
0.000000000000000000e+00
3.351000000000000000e+03
0.000000000000000000e+00
0.000000000000000000e+00
0.000000000000000000e+00
0.000000000000000000e+00
6.034392000000000000e+06
4.659670000000000000e+05
1.777100000000000000e+04
0.000000000000000000e+00
0.000000000000000000e+00
0.000000000000000000e+00
