1.225055000000000000e+06
1.520880000000000000e+05
5.163700000000000000e+04
3.453200000000000000e+04
1.381800000000000000e+04
1.999600000000000000e+04
8.651000000000000000e+03
1.297200000000000000e+04
1.691000000000000000e+03
8.072000000000000000e+03
1.208100000000000000e+04
7.929140000000000000e+05
5.262000000000000000e+03
1.912000000000000000e+03
0.000000000000000000e+00
7.330000000000000000e+02
5.460100000000000000e+04
4.705000000000000000e+03
2.490000000000000000e+03
4.086000000000000000e+03
0.000000000000000000e+00
2.544000000000000000e+03
4.190000000000000000e+02
5.923260000000000000e+05
8.856000000000000000e+03
1.628000000000000000e+03
3.490000000000000000e+02
1.364000000000000000e+03
2.729100000000000000e+04
1.712000000000000000e+03
8.032000000000000000e+03
2.130000000000000000e+02
0.000000000000000000e+00
0.000000000000000000e+00
3.093300000000000000e+04
5.270850000000000000e+05
6.249000000000000000e+03
2.873000000000000000e+03
8.020000000000000000e+02
6.760000000000000000e+02
9.140000000000000000e+02
5.030000000000000000e+02
3.140000000000000000e+02
2.890000000000000000e+02
6.900000000000000000e+01
7.390000000000000000e+03
2.038000000000000000e+03
2.055960000000000000e+05
7.723000000000000000e+03
3.960000000000000000e+02
0.000000000000000000e+00
5.830000000000000000e+02
2.367000000000000000e+04
1.051000000000000000e+03
3.195000000000000000e+03
1.678000000000000000e+03
6.400000000000000000e+02
7.778000000000000000e+03
2.657000000000000000e+03
4.379380000000000000e+05
1.110700000000000000e+04
8.390000000000000000e+02
2.511000000000000000e+03
5.315000000000000000e+03
3.168000000000000000e+03
2.200000000000000000e+03
1.984000000000000000e+03
2.728000000000000000e+03
0.000000000000000000e+00
2.155000000000000000e+03
3.784500000000000000e+04
5.420720000000000000e+05
2.661000000000000000e+03
1.502000000000000000e+03
7.280000000000000000e+02
4.427000000000000000e+03
5.016000000000000000e+03
3.851000000000000000e+03
7.640000000000000000e+02
5.610000000000000000e+02
5.040000000000000000e+02
1.015000000000000000e+03
2.910000000000000000e+02
1.630040000000000000e+05
6.231000000000000000e+03
9.570000000000000000e+02
0.000000000000000000e+00
0.000000000000000000e+00
4.242000000000000000e+03
2.640000000000000000e+02
0.000000000000000000e+00
0.000000000000000000e+00
0.000000000000000000e+00
0.000000000000000000e+00
0.000000000000000000e+00
4.713260000000000000e+05
7.450000000000000000e+02
3.220000000000000000e+02
2.650000000000000000e+02
3.250000000000000000e+02
3.250000000000000000e+02
3.250000000000000000e+02
3.250000000000000000e+02
3.250000000000000000e+02
3.250000000000000000e+02
3.250000000000000000e+02
7.090000000000000000e+02
6.954320000000000000e+05
3.520000000000000000e+03
2.019000000000000000e+03
8.320000000000000000e+02
0.000000000000000000e+00
0.000000000000000000e+00
0.000000000000000000e+00
0.000000000000000000e+00
0.000000000000000000e+00
0.000000000000000000e+00
0.000000000000000000e+00
0.000000000000000000e+00
2.161875000000000000e+06
5.927900000000000000e+04
4.310700000000000000e+04
3.959200000000000000e+04
1.632000000000000000e+03
0.000000000000000000e+00
0.000000000000000000e+00
0.000000000000000000e+00
0.000000000000000000e+00
0.000000000000000000e+00
0.000000000000000000e+00
0.000000000000000000e+00
2.426041000000000000e+06
6.879900000000000000e+04
1.862500000000000000e+04
0.000000000000000000e+00
0.000000000000000000e+00
0.000000000000000000e+00
0.000000000000000000e+00
0.000000000000000000e+00
0.000000000000000000e+00
0.000000000000000000e+00
0.000000000000000000e+00
0.000000000000000000e+00
2.182622000000000000e+06
5.715860000000000000e+05
1.512800000000000000e+04
0.000000000000000000e+00
0.000000000000000000e+00
0.000000000000000000e+00
