8.423920000000000000e+05
6.452600000000000000e+04
6.566000000000000000e+03
1.069440000000000000e+05
1.324820000000000000e+05
1.574300000000000000e+05
1.903700000000000000e+05
1.595060000000000000e+05
5.220000000000000000e+03
1.629130000000000000e+05
1.972000000000000000e+05
8.930250000000000000e+05
2.471630000000000000e+05
2.256640000000000000e+05
3.766000000000000000e+03
2.439930000000000000e+05
2.031540000000000000e+05
1.780690000000000000e+05
2.055720000000000000e+05
1.844860000000000000e+05
1.104300000000000000e+04
1.869510000000000000e+05
2.979730000000000000e+05
1.029910000000000000e+06
3.133830000000000000e+05
1.500890000000000000e+05
1.480400000000000000e+04
1.046650000000000000e+05
1.460980000000000000e+05
8.779300000000000000e+04
1.009060000000000000e+05
9.117400000000000000e+04
3.139000000000000000e+03
4.072100000000000000e+04
8.332200000000000000e+04
8.300330000000000000e+05
2.018990000000000000e+05
9.513500000000000000e+04
9.220000000000000000e+02
2.011000000000000000e+05
2.380800000000000000e+05
2.059990000000000000e+05
1.804230000000000000e+05
2.042020000000000000e+05
6.533000000000000000e+03
1.899920000000000000e+05
2.088150000000000000e+05
9.343290000000000000e+05
2.455640000000000000e+05
1.273410000000000000e+05
5.491000000000000000e+03
1.452600000000000000e+05
1.492220000000000000e+05
6.882700000000000000e+04
9.566800000000000000e+04
5.773200000000000000e+04
2.478000000000000000e+03
5.687100000000000000e+04
3.543000000000000000e+04
8.054330000000000000e+05
1.232060000000000000e+05
4.260600000000000000e+04
0.000000000000000000e+00
6.762500000000000000e+04
1.006870000000000000e+05
6.195900000000000000e+04
6.428700000000000000e+04
1.016670000000000000e+05
1.119000000000000000e+03
1.144570000000000000e+05
1.502820000000000000e+05
8.556790000000000000e+05
2.273290000000000000e+05
1.176270000000000000e+05
1.500000000000000000e+03
1.700640000000000000e+05
1.028490000000000000e+05
7.337900000000000000e+04
8.553800000000000000e+04
1.213110000000000000e+05
2.407000000000000000e+03
8.517800000000000000e+04
1.087040000000000000e+05
7.909440000000000000e+05
1.127578950000000000e+08
3.250120000000000000e+05
1.480700000000000000e+04
6.390000000000000000e+03
2.184000000000000000e+03
0.000000000000000000e+00
0.000000000000000000e+00
7.755000000000000000e+03
0.000000000000000000e+00
0.000000000000000000e+00
0.000000000000000000e+00
4.987560000000000000e+05
8.811800000000000000e+05
3.032860000000000000e+05
1.875700000000000000e+04
3.170000000000000000e+03
0.000000000000000000e+00
0.000000000000000000e+00
0.000000000000000000e+00
1.339000000000000000e+03
0.000000000000000000e+00
0.000000000000000000e+00
0.000000000000000000e+00
3.586060000000000000e+05
7.294370000000000000e+05
3.016730000000000000e+05
1.542000000000000000e+04
3.148000000000000000e+03
0.000000000000000000e+00
0.000000000000000000e+00
0.000000000000000000e+00
0.000000000000000000e+00
0.000000000000000000e+00
0.000000000000000000e+00
0.000000000000000000e+00
2.926360000000000000e+05
6.217560000000000000e+05
2.853980000000000000e+05
1.849800000000000000e+04
5.661000000000000000e+03
0.000000000000000000e+00
0.000000000000000000e+00
0.000000000000000000e+00
0.000000000000000000e+00
0.000000000000000000e+00
0.000000000000000000e+00
0.000000000000000000e+00
2.275640000000000000e+05
8.057760000000000000e+05
2.946100000000000000e+05
2.231700000000000000e+04
2.972000000000000000e+03
0.000000000000000000e+00
0.000000000000000000e+00
0.000000000000000000e+00
0.000000000000000000e+00
0.000000000000000000e+00
0.000000000000000000e+00
8.640000000000000000e+02
3.130760000000000000e+05
9.943660000000000000e+05
2.937360000000000000e+05
1.465500000000000000e+04
3.003000000000000000e+03
0.000000000000000000e+00
