6.583060000000000000e+05
5.505400000000000000e+04
3.908000000000000000e+03
0.000000000000000000e+00
0.000000000000000000e+00
0.000000000000000000e+00
3.471350000000000000e+05
2.857880000000000000e+05
1.418100000000000000e+04
7.871000000000000000e+03
1.696000000000000000e+03
7.254400000000000000e+05
1.051000000000000000e+03
0.000000000000000000e+00
0.000000000000000000e+00
0.000000000000000000e+00
0.000000000000000000e+00
3.499000000000000000e+03
5.664230000000000000e+05
2.833510000000000000e+05
2.255600000000000000e+04
2.948000000000000000e+03
0.000000000000000000e+00
2.040300000000000000e+05
1.745000000000000000e+03
0.000000000000000000e+00
0.000000000000000000e+00
0.000000000000000000e+00
0.000000000000000000e+00
0.000000000000000000e+00
6.055740000000000000e+05
2.762810000000000000e+05
2.237600000000000000e+04
3.030000000000000000e+03
0.000000000000000000e+00
2.329700000000000000e+05
1.792000000000000000e+03
0.000000000000000000e+00
0.000000000000000000e+00
0.000000000000000000e+00
0.000000000000000000e+00
7.680000000000000000e+02
6.923750000000000000e+05
2.955330000000000000e+05
1.745800000000000000e+04
5.353000000000000000e+03
2.650000000000000000e+03
2.659360000000000000e+05
2.652000000000000000e+03
4.800000000000000000e+02
0.000000000000000000e+00
0.000000000000000000e+00
0.000000000000000000e+00
0.000000000000000000e+00
9.385920000000000000e+05
3.194670000000000000e+05
1.705300000000000000e+04
3.023000000000000000e+03
0.000000000000000000e+00
3.663680000000000000e+05
5.690000000000000000e+02
0.000000000000000000e+00
0.000000000000000000e+00
0.000000000000000000e+00
5.053000000000000000e+03
4.800000000000000000e+02
1.003662000000000000e+06
2.978730000000000000e+05
2.208400000000000000e+04
3.044000000000000000e+03
0.000000000000000000e+00
3.861330000000000000e+05
1.329000000000000000e+03
0.000000000000000000e+00
0.000000000000000000e+00
0.000000000000000000e+00
0.000000000000000000e+00
0.000000000000000000e+00
4.315960000000000000e+05
3.028710000000000000e+05
2.072200000000000000e+04
3.188000000000000000e+03
0.000000000000000000e+00
1.463880000000000000e+05
1.329000000000000000e+03
0.000000000000000000e+00
0.000000000000000000e+00
0.000000000000000000e+00
0.000000000000000000e+00
0.000000000000000000e+00
7.004460000000000000e+05
2.961520000000000000e+05
1.026500000000000000e+04
0.000000000000000000e+00
0.000000000000000000e+00
2.728200000000000000e+05
5.690000000000000000e+02
0.000000000000000000e+00
0.000000000000000000e+00
0.000000000000000000e+00
3.362000000000000000e+03
4.092000000000000000e+03
5.593690000000000000e+05
2.913360000000000000e+05
1.485400000000000000e+04
3.049000000000000000e+03
0.000000000000000000e+00
1.980920000000000000e+05
5.690000000000000000e+02
0.000000000000000000e+00
0.000000000000000000e+00
0.000000000000000000e+00
0.000000000000000000e+00
0.000000000000000000e+00
3.900950000000000000e+05
3.022090000000000000e+05
1.990100000000000000e+04
2.896000000000000000e+03
6.720000000000000000e+02
1.297480000000000000e+05
5.690000000000000000e+02
0.000000000000000000e+00
0.000000000000000000e+00
0.000000000000000000e+00
0.000000000000000000e+00
0.000000000000000000e+00
4.359550000000000000e+05
2.998970000000000000e+05
2.004400000000000000e+04
2.896000000000000000e+03
0.000000000000000000e+00
1.427690000000000000e+05
5.690000000000000000e+02
0.000000000000000000e+00
0.000000000000000000e+00
0.000000000000000000e+00
0.000000000000000000e+00
0.000000000000000000e+00
8.324280000000000000e+05
3.072420000000000000e+05
1.602500000000000000e+04
3.137000000000000000e+03
0.000000000000000000e+00
3.213730000000000000e+05
1.629000000000000000e+03
0.000000000000000000e+00
0.000000000000000000e+00
0.000000000000000000e+00
0.000000000000000000e+00
