8.970220000000000000e+05
3.322500000000000000e+05
2.254000000000000000e+04
2.996000000000000000e+03
2.747000000000000000e+03
0.000000000000000000e+00
1.230000000000000000e+03
0.000000000000000000e+00
0.000000000000000000e+00
0.000000000000000000e+00
0.000000000000000000e+00
7.310120000000000000e+05
7.106910000000000000e+05
3.109470000000000000e+05
1.645200000000000000e+04
3.011000000000000000e+03
0.000000000000000000e+00
0.000000000000000000e+00
6.014000000000000000e+03
1.286634000000000000e+06
1.228450000000000000e+05
2.094062000000000000e+06
2.567474000000000000e+06
2.371441000000000000e+06
2.232402000000000000e+06
3.704900000000000000e+05
3.072100000000000000e+04
9.742000000000000000e+03
1.804000000000000000e+03
0.000000000000000000e+00
0.000000000000000000e+00
0.000000000000000000e+00
0.000000000000000000e+00
0.000000000000000000e+00
0.000000000000000000e+00
5.218260000000000000e+05
7.798140000000000000e+05
3.545720000000000000e+05
1.822100000000000000e+04
3.282000000000000000e+03
0.000000000000000000e+00
0.000000000000000000e+00
0.000000000000000000e+00
0.000000000000000000e+00
0.000000000000000000e+00
0.000000000000000000e+00
0.000000000000000000e+00
2.969200000000000000e+05
8.720190000000000000e+05
3.514510000000000000e+05
2.376100000000000000e+04
3.060000000000000000e+03
0.000000000000000000e+00
0.000000000000000000e+00
0.000000000000000000e+00
0.000000000000000000e+00
0.000000000000000000e+00
0.000000000000000000e+00
4.248000000000000000e+03
3.533880000000000000e+05
9.319360000000000000e+05
3.478690000000000000e+05
9.560000000000000000e+03
3.040000000000000000e+03
0.000000000000000000e+00
0.000000000000000000e+00
0.000000000000000000e+00
0.000000000000000000e+00
0.000000000000000000e+00
0.000000000000000000e+00
0.000000000000000000e+00
3.733640000000000000e+05
5.165210000000000000e+05
3.446660000000000000e+05
1.430600000000000000e+04
3.174000000000000000e+03
0.000000000000000000e+00
0.000000000000000000e+00
9.600000000000000000e+02
0.000000000000000000e+00
0.000000000000000000e+00
0.000000000000000000e+00
0.000000000000000000e+00
1.878290000000000000e+05
1.015442000000000000e+06
3.605320000000000000e+05
1.046200000000000000e+04
3.335000000000000000e+03
0.000000000000000000e+00
0.000000000000000000e+00
0.000000000000000000e+00
0.000000000000000000e+00
0.000000000000000000e+00
0.000000000000000000e+00
0.000000000000000000e+00
3.970650000000000000e+05
9.580760000000000000e+05
3.341190000000000000e+05
3.212800000000000000e+04
3.180000000000000000e+03
0.000000000000000000e+00
0.000000000000000000e+00
0.000000000000000000e+00
0.000000000000000000e+00
0.000000000000000000e+00
0.000000000000000000e+00
0.000000000000000000e+00
3.688510000000000000e+05
5.822000000000000000e+05
3.395290000000000000e+05
2.107400000000000000e+04
2.985000000000000000e+03
0.000000000000000000e+00
0.000000000000000000e+00
0.000000000000000000e+00
0.000000000000000000e+00
0.000000000000000000e+00
0.000000000000000000e+00
0.000000000000000000e+00
2.168430000000000000e+05
8.303610000000000000e+05
3.211650000000000000e+05
2.162200000000000000e+04
3.346000000000000000e+03
0.000000000000000000e+00
0.000000000000000000e+00
0.000000000000000000e+00
0.000000000000000000e+00
0.000000000000000000e+00
0.000000000000000000e+00
6.240000000000000000e+02
3.326940000000000000e+05
9.828870000000000000e+05
3.561080000000000000e+05
3.738300000000000000e+04
3.352000000000000000e+03
0.000000000000000000e+00
0.000000000000000000e+00
0.000000000000000000e+00
0.000000000000000000e+00
0.000000000000000000e+00
0.000000000000000000e+00
0.000000000000000000e+00
3.958590000000000000e+05
4.729840000000000000e+05
3.546480000000000000e+05
3.604900000000000000e+04
3.167000000000000000e+03
0.000000000000000000e+00
