8.661010000000000000e+05
1.410390000000000000e+05
3.321000000000000000e+03
2.869680000000000000e+05
3.600710000000000000e+05
2.280330000000000000e+05
2.127960000000000000e+05
1.952160000000000000e+05
8.120000000000000000e+03
1.958030000000000000e+05
9.635430000000000000e+05
3.894090000000000000e+05
9.425900000000000000e+04
1.199220000000000000e+05
7.690000000000000000e+03
1.731070000000000000e+05
1.981040000000000000e+05
1.325190000000000000e+05
1.224720000000000000e+05
1.335050000000000000e+05
1.071400000000000000e+04
1.153240000000000000e+05
8.540000000000000000e+05
3.368700000000000000e+05
1.329950000000000000e+05
1.398750000000000000e+05
1.331400000000000000e+04
9.757400000000000000e+04
9.367400000000000000e+04
9.782900000000000000e+04
3.733800000000000000e+04
5.439600000000000000e+04
2.916000000000000000e+03
5.245900000000000000e+04
7.914280000000000000e+05
2.697940000000000000e+05
5.929500000000000000e+04
6.073000000000000000e+04
7.657000000000000000e+03
8.513700000000000000e+04
5.202200000000000000e+04
2.164200000000000000e+04
2.850900000000000000e+04
3.733100000000000000e+04
2.130000000000000000e+02
4.528900000000000000e+04
7.096910000000000000e+05
2.803950000000000000e+05
1.418740000000000000e+05
1.459710000000000000e+05
1.830000000000000000e+02
1.727910000000000000e+05
2.362060000000000000e+05
2.256950000000000000e+05
3.296250000000000000e+05
3.040930000000000000e+05
1.769200000000000000e+04
3.781920000000000000e+05
1.061628000000000000e+06
5.794300000000000000e+05
3.159690000000000000e+05
2.514630000000000000e+05
9.160000000000000000e+02
3.368940000000000000e+05
2.305910000000000000e+05
2.630750000000000000e+05
2.761200000000000000e+05
2.179380000000000000e+05
2.580000000000000000e+03
1.771250000000000000e+05
9.330740000000000000e+05
4.869220000000000000e+05
3.800080000000000000e+05
5.101210000000000000e+05
1.310000000000000000e+04
5.871050000000000000e+05
7.494660000000000000e+05
7.872320000000000000e+05
6.403040000000000000e+05
4.486920000000000000e+05
2.086800000000000000e+04
2.736810000000000000e+05
9.985790000000000000e+05
5.062540000000000000e+05
1.848300000000000000e+05
1.336430000000000000e+05
5.040000000000000000e+02
1.493220000000000000e+05
9.371000000000000000e+04
1.731560000000000000e+05
1.811980000000000000e+05
1.624370000000000000e+05
1.800000000000000000e+02
2.383790000000000000e+05
1.038924000000000000e+06
8.209870000000000000e+05
8.133340000000000000e+05
7.761590000000000000e+05
4.541400000000000000e+04
5.184100000000000000e+05
5.024040000000000000e+05
4.372710000000000000e+05
4.111830000000000000e+05
3.998310000000000000e+05
4.146200000000000000e+04
3.618250000000000000e+05
1.266341000000000000e+06
9.061890000000000000e+05
9.195840000000000000e+05
1.074792000000000000e+06
7.071800000000000000e+04
1.131805000000000000e+06
9.792050000000000000e+05
8.994990000000000000e+05
6.302730000000000000e+05
4.719030000000000000e+05
1.907300000000000000e+04
3.633670000000000000e+05
1.114493000000000000e+06
5.315480000000000000e+05
2.947090000000000000e+05
3.128410000000000000e+05
5.731000000000000000e+03
3.114290000000000000e+05
3.903460000000000000e+05
4.061530000000000000e+05
4.368970000000000000e+05
4.781040000000000000e+05
2.225300000000000000e+04
5.156130000000000000e+05
1.178244000000000000e+06
6.228030000000000000e+05
3.146180000000000000e+05
3.069360000000000000e+05
1.836600000000000000e+04
2.819850000000000000e+05
2.493990000000000000e+05
1.332460000000000000e+05
2.467390000000000000e+05
2.905130000000000000e+05
1.001000000000000000e+04
1.429140000000000000e+05
1.036510000000000000e+06
6.792590000000000000e+05
5.653750000000000000e+05
4.788480000000000000e+05
2.646600000000000000e+04
3.778210000000000000e+05
2.703930000000000000e+05
