1.142166000000000000e+06
7.076690000000000000e+05
2.067400000000000000e+04
9.764500000000000000e+05
1.672130000000000000e+06
1.046250000000000000e+06
7.013730000000000000e+05
5.561520000000000000e+05
2.610600000000000000e+04
4.867160000000000000e+05
2.490820000000000000e+05
3.120940000000000000e+05
1.494320000000000000e+05
6.730800000000000000e+04
1.526000000000000000e+03
1.678530000000000000e+05
9.141800000000000000e+05
2.309510000000000000e+05
1.133430000000000000e+05
2.465390000000000000e+05
2.148900000000000000e+04
1.981950000000000000e+05
3.207870000000000000e+05
5.405730000000000000e+05
4.455230000000000000e+05
4.395160000000000000e+05
1.511400000000000000e+04
3.578800000000000000e+05
9.038130000000000000e+05
3.113040000000000000e+05
2.622010000000000000e+05
4.814860000000000000e+05
1.764700000000000000e+04
7.311710000000000000e+05
8.964110000000000000e+05
1.113155000000000000e+06
8.783180000000000000e+05
7.103420000000000000e+05
3.926400000000000000e+04
5.765760000000000000e+05
1.095118000000000000e+06
2.878120000000000000e+05
2.327140000000000000e+05
3.254180000000000000e+05
2.149000000000000000e+04
4.627830000000000000e+05
4.940410000000000000e+05
5.080650000000000000e+05
4.642400000000000000e+05
3.318290000000000000e+05
1.617800000000000000e+04
2.246880000000000000e+05
1.009620000000000000e+06
4.533180000000000000e+05
4.772050000000000000e+05
6.206890000000000000e+05
3.022600000000000000e+04
9.292730000000000000e+05
7.637810000000000000e+05
5.781340000000000000e+05
3.939810000000000000e+05
5.709440000000000000e+05
2.889900000000000000e+04
5.795800000000000000e+05
1.157211000000000000e+06
3.637840000000000000e+05
3.290220000000000000e+05
2.847180000000000000e+05
1.157000000000000000e+04
2.075660000000000000e+05
1.084310000000000000e+05
3.366730000000000000e+05
1.144880000000000000e+05
1.675470000000000000e+05
1.343800000000000000e+04
2.100490000000000000e+05
9.403670000000000000e+05
2.774080000000000000e+05
1.932550000000000000e+05
1.672190000000000000e+05
1.081500000000000000e+04
1.758100000000000000e+05
2.662230000000000000e+05
3.517270000000000000e+05
2.827700000000000000e+05
2.422930000000000000e+05
3.903000000000000000e+03
2.964580000000000000e+05
9.719560000000000000e+05
2.995160000000000000e+05
1.807450000000000000e+05
2.110270000000000000e+05
3.873000000000000000e+03
1.943300000000000000e+05
2.190630000000000000e+05
3.538050000000000000e+05
2.202140000000000000e+05
1.159432240000000000e+08
2.953230000000000000e+05
1.918200000000000000e+04
3.056000000000000000e+03
2.845111500000000000e+07
1.460580000000000000e+05
2.132507200000000000e+07
4.719720000000000000e+05
2.094550000000000000e+05
1.202860600000000000e+07
5.055280000000000000e+05
3.922500000000000000e+04
5.586336000000000000e+06
5.096790000000000000e+05
4.045400000000000000e+04
4.581800000000000000e+04
4.037100000000000000e+04
2.328000000000000000e+03
9.492800000000000000e+04
7.746000000000000000e+03
1.058000000000000000e+03
4.118000000000000000e+04
9.096380000000000000e+05
1.127000000000000000e+03
1.721382000000000000e+06
4.374140000000000000e+05
1.923300000000000000e+04
6.171000000000000000e+04
8.731500000000000000e+04
0.000000000000000000e+00
5.216100000000000000e+04
1.800000000000000000e+02
3.795000000000000000e+03
3.205900000000000000e+04
4.664420000000000000e+05
7.913000000000000000e+03
1.701787000000000000e+06
4.526630000000000000e+05
2.167300000000000000e+04
3.187000000000000000e+04
9.828000000000000000e+03
1.600000000000000000e+02
7.705800000000000000e+04
8.340000000000000000e+03
0.000000000000000000e+00
3.456400000000000000e+04
4.318510000000000000e+05
5.760000000000000000e+02
8.695300000000000000e+05
4.384110000000000000e+05
2.302400000000000000e+04
1.264940000000000000e+05
