6.586450000000000000e+05
1.983880000000000000e+05
1.883600000000000000e+04
4.165000000000000000e+03
6.665100000000000000e+04
8.113300000000000000e+04
7.666000000000000000e+03
2.143656000000000000e+06
4.317140000000000000e+05
2.124000000000000000e+04
5.546600000000000000e+04
8.489950000000000000e+05
1.545300000000000000e+04
9.256000000000000000e+04
1.647800000000000000e+04
0.000000000000000000e+00
5.522500000000000000e+04
5.725700000000000000e+04
8.972000000000000000e+03
1.390969000000000000e+06
4.237840000000000000e+05
1.866800000000000000e+04
6.393500000000000000e+04
4.041120000000000000e+05
2.439400000000000000e+04
9.128800000000000000e+04
9.176000000000000000e+03
2.090000000000000000e+02
3.069400000000000000e+04
7.974700000000000000e+04
0.000000000000000000e+00
1.419060000000000000e+06
4.395100000000000000e+05
1.714600000000000000e+04
1.212230000000000000e+05
3.624890000000000000e+05
1.507000000000000000e+03
1.598380000000000000e+05
4.411000000000000000e+03
0.000000000000000000e+00
1.759060000000000000e+05
1.602180000000000000e+05
2.429800000000000000e+04
1.646187000000000000e+06
4.252210000000000000e+05
2.876300000000000000e+04
2.089540000000000000e+05
4.497640000000000000e+05
1.502300000000000000e+04
1.637980000000000000e+05
1.065800000000000000e+04
0.000000000000000000e+00
4.271800000000000000e+04
3.750700000000000000e+04
2.030000000000000000e+02
1.482560000000000000e+06
4.186960000000000000e+05
1.825500000000000000e+04
8.215000000000000000e+03
3.831630000000000000e+05
1.117300000000000000e+04
6.938200000000000000e+04
5.315000000000000000e+03
0.000000000000000000e+00
4.999000000000000000e+04
6.772800000000000000e+04
5.406000000000000000e+03
1.195101000000000000e+06
4.163200000000000000e+05
1.603000000000000000e+04
8.685800000000000000e+04
3.279610000000000000e+05
1.870700000000000000e+04
5.825400000000000000e+04
3.777000000000000000e+03
0.000000000000000000e+00
4.836200000000000000e+04
6.977100000000000000e+04
9.799000000000000000e+03
1.861197000000000000e+06
4.378960000000000000e+05
1.793300000000000000e+04
1.358670000000000000e+05
5.270390000000000000e+05
2.351500000000000000e+04
9.892800000000000000e+04
1.500800000000000000e+04
0.000000000000000000e+00
7.352200000000000000e+04
5.704300000000000000e+04
2.110000000000000000e+02
1.433816000000000000e+06
4.245550000000000000e+05
7.538000000000000000e+03
4.712900000000000000e+04
4.102230000000000000e+05
1.893700000000000000e+04
1.714620000000000000e+05
4.497000000000000000e+03
0.000000000000000000e+00
1.223740000000000000e+05
1.139490000000000000e+05
2.216000000000000000e+03
1.417443000000000000e+06
4.334840000000000000e+05
2.354300000000000000e+04
3.610600000000000000e+04
3.460450000000000000e+05
1.186300000000000000e+04
1.075650000000000000e+05
1.351400000000000000e+04
2.139000000000000000e+03
3.576000000000000000e+04
4.646200000000000000e+04
2.159000000000000000e+03
1.474865000000000000e+06
4.032360000000000000e+05
2.243000000000000000e+04
3.678300000000000000e+04
3.697060000000000000e+05
1.021000000000000000e+03
5.345600000000000000e+04
1.880000000000000000e+02
0.000000000000000000e+00
3.190600000000000000e+04
2.505300000000000000e+04
0.000000000000000000e+00
1.321331000000000000e+06
4.110150000000000000e+05
1.332600000000000000e+04
4.619500000000000000e+04
3.300730000000000000e+05
1.522000000000000000e+03
1.112430000000000000e+05
8.324000000000000000e+03
0.000000000000000000e+00
6.580200000000000000e+04
1.500000000000000000e+04
1.730000000000000000e+02
1.289692000000000000e+06
4.134640000000000000e+05
7.326000000000000000e+03
3.788300000000000000e+04
3.264310000000000000e+05
5.190000000000000000e+02
3.393000000000000000e+04
6.083000000000000000e+03
0.000000000000000000e+00
7.837000000000000000e+04
