6.708490000000000000e+05
1.860265000000000000e+06
4.143520000000000000e+05
1.405300000000000000e+04
3.072000000000000000e+03
0.000000000000000000e+00
0.000000000000000000e+00
0.000000000000000000e+00
0.000000000000000000e+00
0.000000000000000000e+00
3.360000000000000000e+03
1.014262000000000000e+06
2.667700000000000000e+04
1.527007000000000000e+06
4.348320000000000000e+05
1.387400000000000000e+04
1.005290000000000000e+05
4.991000000000000000e+04
5.024000000000000000e+03
0.000000000000000000e+00
0.000000000000000000e+00
0.000000000000000000e+00
1.668490000000000000e+05
3.862270000000000000e+05
6.085000000000000000e+03
1.278788000000000000e+06
4.278080000000000000e+05
1.957300000000000000e+04
6.809000000000000000e+04
1.286500000000000000e+04
0.000000000000000000e+00
8.484200000000000000e+04
1.700000000000000000e+02
3.072000000000000000e+03
1.147440000000000000e+05
3.038150000000000000e+05
4.624000000000000000e+03
1.433428000000000000e+06
4.271130000000000000e+05
2.444800000000000000e+04
2.250000000000000000e+02
1.344610000000000000e+05
4.198000000000000000e+03
2.526820000000000000e+05
2.872100000000000000e+04
0.000000000000000000e+00
2.152020000000000000e+05
3.852980000000000000e+05
1.554100000000000000e+04
1.481679000000000000e+06
4.242690000000000000e+05
3.163800000000000000e+04
1.062010000000000000e+05
2.019300000000000000e+04
2.028000000000000000e+03
0.000000000000000000e+00
0.000000000000000000e+00
0.000000000000000000e+00
9.135700000000000000e+04
3.604880000000000000e+05
6.162000000000000000e+03
1.343083000000000000e+06
4.164030000000000000e+05
2.058200000000000000e+04
7.529800000000000000e+04
2.985400000000000000e+04
8.069000000000000000e+03
1.488550000000000000e+05
4.426000000000000000e+03
4.916000000000000000e+03
1.323480000000000000e+05
3.605410000000000000e+05
4.510000000000000000e+03
2.020923000000000000e+06
3.860360000000000000e+05
1.810700000000000000e+04
2.272120000000000000e+05
4.202000000000000000e+04
1.461400000000000000e+04
1.479040000000000000e+05
1.696000000000000000e+04
1.860000000000000000e+02
1.680640000000000000e+05
4.806700000000000000e+05
7.260000000000000000e+02
1.390180000000000000e+06
4.166800000000000000e+05
1.707500000000000000e+04
1.317970000000000000e+05
2.628000000000000000e+03
3.072000000000000000e+03
2.106200000000000000e+04
3.838000000000000000e+03
0.000000000000000000e+00
1.163020000000000000e+05
4.604460000000000000e+05
4.022100000000000000e+04
1.400569000000000000e+06
4.241530000000000000e+05
2.181300000000000000e+04
1.220570000000000000e+05
2.563000000000000000e+03
0.000000000000000000e+00
1.962770000000000000e+05
2.014300000000000000e+04
0.000000000000000000e+00
8.094500000000000000e+04
3.532630000000000000e+05
6.766000000000000000e+03
1.540839000000000000e+06
4.534020000000000000e+05
2.042200000000000000e+04
4.262000000000000000e+03
1.033450000000000000e+05
3.926000000000000000e+03
1.706900000000000000e+04
1.090100000000000000e+04
4.834000000000000000e+03
9.578200000000000000e+04
4.849840000000000000e+05
1.208700000000000000e+04
1.547717000000000000e+06
4.385560000000000000e+05
1.835200000000000000e+04
5.383900000000000000e+04
8.872000000000000000e+03
0.000000000000000000e+00
2.907300000000000000e+04
0.000000000000000000e+00
0.000000000000000000e+00
7.181200000000000000e+04
4.567890000000000000e+05
2.474800000000000000e+04
1.176058000000000000e+06
4.194880000000000000e+05
2.195500000000000000e+04
4.897900000000000000e+04
5.101300000000000000e+04
4.114000000000000000e+03
3.005500000000000000e+04
0.000000000000000000e+00
1.791000000000000000e+03
2.150900000000000000e+04
3.468390000000000000e+05
1.680200000000000000e+04
1.770610000000000000e+06
4.274980000000000000e+05
1.050300000000000000e+04
0.000000000000000000e+00
