6.444180000000000000e+05
1.452770000000000000e+05
3.572000000000000000e+03
0.000000000000000000e+00
2.850100000000000000e+04
4.427300000000000000e+04
1.759500000000000000e+04
1.461778000000000000e+06
4.081960000000000000e+05
1.487000000000000000e+04
4.281400000000000000e+04
7.953950000000000000e+05
1.654000000000000000e+03
2.981400000000000000e+04
5.989000000000000000e+03
4.999000000000000000e+03
5.827700000000000000e+04
6.887400000000000000e+04
0.000000000000000000e+00
1.199985000000000000e+06
4.158630000000000000e+05
8.113000000000000000e+03
4.499100000000000000e+04
3.387440000000000000e+05
2.160000000000000000e+02
3.727800000000000000e+04
2.170000000000000000e+02
7.949000000000000000e+03
1.615700000000000000e+04
6.164700000000000000e+04
0.000000000000000000e+00
1.396531000000000000e+06
4.237790000000000000e+05
2.444500000000000000e+04
1.002480000000000000e+05
3.960940000000000000e+05
6.555000000000000000e+03
1.061960000000000000e+05
4.380000000000000000e+02
0.000000000000000000e+00
2.095180000000000000e+05
4.657300000000000000e+04
1.777200000000000000e+04
1.331959000000000000e+06
3.944190000000000000e+05
2.084700000000000000e+04
2.116700000000000000e+05
4.280430000000000000e+05
2.162600000000000000e+04
9.928400000000000000e+04
1.232000000000000000e+03
4.405000000000000000e+03
1.590650000000000000e+05
1.103750000000000000e+05
8.646000000000000000e+03
1.329576000000000000e+06
4.114880000000000000e+05
2.069400000000000000e+04
7.915600000000000000e+04
3.475970000000000000e+05
1.851600000000000000e+04
5.547700000000000000e+04
9.662000000000000000e+03
0.000000000000000000e+00
1.672640000000000000e+05
1.001090000000000000e+05
8.649000000000000000e+03
1.955246000000000000e+06
4.499950000000000000e+05
2.088000000000000000e+04
1.198400000000000000e+05
4.781550000000000000e+05
2.068000000000000000e+03
2.677000000000000000e+03
0.000000000000000000e+00
0.000000000000000000e+00
1.570500000000000000e+04
3.104570000000000000e+05
4.451500000000000000e+04
1.571918000000000000e+06
4.472960000000000000e+05
2.986100000000000000e+04
6.800900000000000000e+04
4.153730000000000000e+05
1.121800000000000000e+04
8.491000000000000000e+03
0.000000000000000000e+00
0.000000000000000000e+00
9.445700000000000000e+04
7.849300000000000000e+04
1.945000000000000000e+03
1.100714000000000000e+06
4.345780000000000000e+05
3.192300000000000000e+04
1.345840000000000000e+05
3.679370000000000000e+05
8.810000000000000000e+03
6.118000000000000000e+03
4.380000000000000000e+03
0.000000000000000000e+00
5.733000000000000000e+04
7.715800000000000000e+04
1.484800000000000000e+04
1.435453000000000000e+06
3.915270000000000000e+05
1.136000000000000000e+04
1.038390000000000000e+05
4.092810000000000000e+05
1.864000000000000000e+03
1.258400000000000000e+04
0.000000000000000000e+00
0.000000000000000000e+00
9.600000000000000000e+04
3.642200000000000000e+04
1.790000000000000000e+02
1.231588000000000000e+06
4.196150000000000000e+05
1.653100000000000000e+04
8.902400000000000000e+04
3.627010000000000000e+05
5.748000000000000000e+03
1.344000000000000000e+03
0.000000000000000000e+00
0.000000000000000000e+00
1.456330000000000000e+05
1.207710000000000000e+05
8.794000000000000000e+03
9.465660000000000000e+05
4.076200000000000000e+05
1.360300000000000000e+04
1.585620000000000000e+05
3.401190000000000000e+05
2.085200000000000000e+04
7.406000000000000000e+03
2.820000000000000000e+03
0.000000000000000000e+00
8.370400000000000000e+04
7.529000000000000000e+04
3.660000000000000000e+02
1.863976000000000000e+06
4.337420000000000000e+05
2.772300000000000000e+04
4.450500000000000000e+04
5.413680000000000000e+05
1.289800000000000000e+04
6.503000000000000000e+03
1.830000000000000000e+02
0.000000000000000000e+00
3.673800000000000000e+04
