8.485200000000000000e+05
6.113000000000000000e+04
6.662000000000000000e+03
6.745300000000000000e+04
7.368500000000000000e+04
8.459360000000000000e+05
1.605120000000000000e+05
1.007200000000000000e+05
7.774000000000000000e+03
6.762300000000000000e+04
7.460200000000000000e+04
2.625120000000000000e+05
6.816900000000000000e+04
7.210400000000000000e+04
0.000000000000000000e+00
3.880500000000000000e+04
1.882200000000000000e+04
7.221090000000000000e+05
1.635220000000000000e+05
1.202020000000000000e+05
8.460000000000000000e+02
1.500080000000000000e+05
1.112040000000000000e+05
3.621460000000000000e+05
2.078440000000000000e+05
2.264950000000000000e+05
9.086000000000000000e+03
1.472280000000000000e+05
2.321280000000000000e+05
8.506230000000000000e+05
1.371890000000000000e+05
1.098560000000000000e+05
7.030000000000000000e+02
1.315080000000000000e+05
9.057800000000000000e+04
2.441040000000000000e+05
1.008420000000000000e+05
1.167810000000000000e+05
8.380000000000000000e+02
1.036450000000000000e+05
1.185230000000000000e+05
7.641790000000000000e+05
2.187490000000000000e+05
1.045520000000000000e+05
6.280000000000000000e+03
1.468900000000000000e+05
1.112500000000000000e+05
2.745600000000000000e+05
8.419000000000000000e+04
6.266600000000000000e+04
6.020000000000000000e+03
6.690600000000000000e+04
1.361360000000000000e+05
7.735140000000000000e+05
1.885550000000000000e+05
2.132160000000000000e+05
1.235500000000000000e+04
2.587720000000000000e+05
1.735710000000000000e+05
3.031210000000000000e+05
1.634260000000000000e+05
1.016750000000000000e+05
3.276000000000000000e+03
1.339770000000000000e+05
1.761270000000000000e+05
8.268650000000000000e+05
2.553240000000000000e+05
1.974990000000000000e+05
1.375600000000000000e+04
1.938160000000000000e+05
2.031580000000000000e+05
3.564240000000000000e+05
2.275070000000000000e+05
9.002100000000000000e+04
1.637000000000000000e+03
1.590650000000000000e+05
2.166930000000000000e+05
8.695960000000000000e+05
1.733520000000000000e+05
1.044080000000000000e+05
0.000000000000000000e+00
1.230860000000000000e+05
1.232770000000000000e+05
3.012330000000000000e+05
8.353500000000000000e+04
1.580940000000000000e+05
1.224700000000000000e+04
4.678700000000000000e+04
3.920500000000000000e+04
7.986140000000000000e+05
1.594790000000000000e+05
1.230850000000000000e+05
5.618000000000000000e+03
9.177800000000000000e+04
4.066400000000000000e+04
2.361220000000000000e+05
7.369800000000000000e+04
6.382600000000000000e+04
2.249000000000000000e+03
5.815000000000000000e+04
1.065000000000000000e+05
7.280720000000000000e+05
2.096360000000000000e+05
1.593260000000000000e+05
1.189700000000000000e+04
1.772260000000000000e+05
1.918350000000000000e+05
3.189940000000000000e+05
1.030290000000000000e+05
9.386400000000000000e+04
2.664000000000000000e+03
1.260680000000000000e+05
6.757200000000000000e+04
8.232040000000000000e+05
2.168260000000000000e+05
8.307200000000000000e+04
3.978000000000000000e+03
6.780400000000000000e+04
4.122700000000000000e+04
2.418930000000000000e+05
1.191010000000000000e+05
8.790600000000000000e+04
3.821000000000000000e+03
8.707600000000000000e+04
8.502600000000000000e+04
7.677230000000000000e+05
1.632780000000000000e+05
7.213700000000000000e+04
2.124000000000000000e+03
1.042940000000000000e+05
7.381800000000000000e+04
2.516930000000000000e+05
1.309740000000000000e+05
3.885000000000000000e+04
2.120000000000000000e+02
1.024230000000000000e+05
9.729100000000000000e+04
7.142290000000000000e+05
1.621070000000000000e+05
8.314600000000000000e+04
4.316000000000000000e+03
5.468800000000000000e+04
8.890600000000000000e+04
2.064740000000000000e+05
2.593600000000000000e+04
2.646900000000000000e+04
2.597000000000000000e+03
2.263300000000000000e+04
5.741100000000000000e+04
