6.754420000000000000e+05
1.948120000000000000e+06
4.122160000000000000e+05
2.227300000000000000e+04
0.000000000000000000e+00
1.008000000000000000e+03
0.000000000000000000e+00
0.000000000000000000e+00
0.000000000000000000e+00
1.740000000000000000e+03
2.479800000000000000e+05
9.678640000000000000e+05
1.171500000000000000e+04
1.174621000000000000e+06
4.253510000000000000e+05
2.542000000000000000e+04
2.195770000000000000e+05
2.342850000000000000e+05
1.831900000000000000e+04
1.006300000000000000e+04
0.000000000000000000e+00
0.000000000000000000e+00
1.757670000000000000e+05
3.736540000000000000e+05
6.991000000000000000e+03
1.480722000000000000e+06
4.462620000000000000e+05
1.304400000000000000e+04
5.261700000000000000e+04
2.369300000000000000e+04
0.000000000000000000e+00
1.390400000000000000e+04
6.011000000000000000e+03
5.441000000000000000e+03
6.315800000000000000e+04
4.390280000000000000e+05
1.209300000000000000e+04
1.463200000000000000e+06
4.174930000000000000e+05
1.877100000000000000e+04
1.534320000000000000e+05
1.112630000000000000e+05
9.612000000000000000e+03
1.055300000000000000e+04
4.952000000000000000e+03
0.000000000000000000e+00
9.948900000000000000e+04
4.409390000000000000e+05
1.313500000000000000e+04
1.574826000000000000e+06
4.170600000000000000e+05
2.150400000000000000e+04
1.427150000000000000e+05
1.558690000000000000e+05
2.091200000000000000e+04
2.932900000000000000e+04
4.580000000000000000e+02
2.872000000000000000e+03
1.299170000000000000e+05
4.764520000000000000e+05
1.379400000000000000e+04
1.633546000000000000e+06
4.289420000000000000e+05
5.627000000000000000e+03
5.492300000000000000e+04
8.381300000000000000e+04
7.423000000000000000e+03
1.009400000000000000e+04
0.000000000000000000e+00
0.000000000000000000e+00
1.765970000000000000e+05
5.479720000000000000e+05
1.024600000000000000e+04
1.787275000000000000e+06
4.309610000000000000e+05
1.675500000000000000e+04
8.229200000000000000e+04
6.734200000000000000e+04
1.850000000000000000e+03
2.962100000000000000e+04
0.000000000000000000e+00
0.000000000000000000e+00
1.406790000000000000e+05
4.813700000000000000e+05
6.152000000000000000e+03
1.235715000000000000e+06
4.247580000000000000e+05
1.668700000000000000e+04
3.610200000000000000e+04
5.894700000000000000e+04
1.694000000000000000e+04
1.312500000000000000e+04
0.000000000000000000e+00
2.189000000000000000e+03
5.689600000000000000e+04
3.434460000000000000e+05
6.669000000000000000e+03
1.593404000000000000e+06
4.258440000000000000e+05
2.099400000000000000e+04
5.073100000000000000e+04
4.382700000000000000e+04
6.811000000000000000e+03
5.590000000000000000e+03
0.000000000000000000e+00
0.000000000000000000e+00
8.430500000000000000e+04
4.194360000000000000e+05
2.322000000000000000e+03
1.548802000000000000e+06
3.928730000000000000e+05
5.118000000000000000e+03
3.889500000000000000e+04
3.317600000000000000e+04
4.870000000000000000e+03
3.481000000000000000e+03
0.000000000000000000e+00
0.000000000000000000e+00
3.567500000000000000e+04
4.391650000000000000e+05
1.381000000000000000e+04
1.184369000000000000e+06
4.273230000000000000e+05
1.491900000000000000e+04
5.458300000000000000e+04
1.036630000000000000e+05
1.305600000000000000e+04
1.172600000000000000e+04
0.000000000000000000e+00
0.000000000000000000e+00
1.494320000000000000e+05
4.442460000000000000e+05
2.172300000000000000e+04
1.356816000000000000e+06
4.342570000000000000e+05
1.134400000000000000e+04
1.803070000000000000e+05
1.192730000000000000e+05
2.002600000000000000e+04
7.939900000000000000e+04
8.001000000000000000e+03
3.651000000000000000e+03
8.341600000000000000e+04
4.646290000000000000e+05
1.391600000000000000e+04
1.862219000000000000e+06
4.215590000000000000e+05
8.328000000000000000e+03
7.862800000000000000e+04
