8.535370000000000000e+05
4.463800000000000000e+04
3.170000000000000000e+03
6.324500000000000000e+04
6.055300000000000000e+04
5.683200000000000000e+04
4.422100000000000000e+04
3.049300000000000000e+04
3.000000000000000000e+02
2.317200000000000000e+04
4.937200000000000000e+04
6.787350000000000000e+05
1.328390000000000000e+05
9.831700000000000000e+04
3.543000000000000000e+03
8.737900000000000000e+04
8.212100000000000000e+04
1.159380000000000000e+05
6.608600000000000000e+04
6.284500000000000000e+04
3.432000000000000000e+03
7.006300000000000000e+04
5.107800000000000000e+04
7.133900000000000000e+05
1.695130000000000000e+05
1.305800000000000000e+05
4.861000000000000000e+03
4.485200000000000000e+04
7.573700000000000000e+04
4.144200000000000000e+04
4.873100000000000000e+04
7.609500000000000000e+04
0.000000000000000000e+00
1.200790000000000000e+05
9.284000000000000000e+04
7.312090000000000000e+05
1.534930000000000000e+05
6.061600000000000000e+04
2.280000000000000000e+02
1.566920000000000000e+05
1.121730000000000000e+05
8.982700000000000000e+04
5.526500000000000000e+04
4.891000000000000000e+04
1.780000000000000000e+03
5.026100000000000000e+04
1.033940000000000000e+05
7.600100000000000000e+05
1.364130000000000000e+05
5.423800000000000000e+04
8.080000000000000000e+03
5.887100000000000000e+04
4.295800000000000000e+04
7.242900000000000000e+04
9.998500000000000000e+04
3.202300000000000000e+04
1.740000000000000000e+02
3.780100000000000000e+04
4.075900000000000000e+04
7.361740000000000000e+05
1.345850000000000000e+05
6.950200000000000000e+04
2.000000000000000000e+02
1.072020000000000000e+05
1.231110000000000000e+05
1.138700000000000000e+05
1.650620000000000000e+05
1.181680000000000000e+05
4.780000000000000000e+03
1.060450000000000000e+05
6.302400000000000000e+04
9.573090000000000000e+05
2.286790000000000000e+05
9.268400000000000000e+04
7.578000000000000000e+03
4.788900000000000000e+04
5.884200000000000000e+04
5.547400000000000000e+04
7.576900000000000000e+04
9.446300000000000000e+04
2.423000000000000000e+03
9.491700000000000000e+04
7.285900000000000000e+04
8.209380000000000000e+05
1.331510000000000000e+05
4.158500000000000000e+04
0.000000000000000000e+00
1.980300000000000000e+04
5.713900000000000000e+04
5.012100000000000000e+04
4.066200000000000000e+04
1.799200000000000000e+04
1.942000000000000000e+03
8.704900000000000000e+04
1.140830000000000000e+05
7.270030000000000000e+05
1.517110000000000000e+05
4.617500000000000000e+04
3.727000000000000000e+03
6.685100000000000000e+04
6.330000000000000000e+04
5.598500000000000000e+04
5.913100000000000000e+04
5.458200000000000000e+04
2.170000000000000000e+02
7.644100000000000000e+04
6.230700000000000000e+04
8.359390000000000000e+05
1.564340000000000000e+05
1.066250000000000000e+05
4.584000000000000000e+03
7.958000000000000000e+04
1.130940000000000000e+05
1.377290000000000000e+05
2.234050000000000000e+05
2.771720000000000000e+05
1.220600000000000000e+04
1.612990000000000000e+05
2.118160000000000000e+05
8.940230000000000000e+05
2.981520000000000000e+05
1.879700000000000000e+05
1.341500000000000000e+04
2.929150000000000000e+05
1.671330000000000000e+05
1.624540000000000000e+05
2.224100000000000000e+05
2.302190000000000000e+05
1.010100000000000000e+04
1.872410000000000000e+05
2.174500000000000000e+05
1.015325000000000000e+06
2.124920000000000000e+05
1.428420000000000000e+05
1.469700000000000000e+04
1.426490000000000000e+05
1.219640000000000000e+05
7.883600000000000000e+04
1.213070000000000000e+05
6.413000000000000000e+04
4.961000000000000000e+03
9.474600000000000000e+04
1.096190000000000000e+05
8.047880000000000000e+05
1.552530000000000000e+05
1.047960000000000000e+05
8.439000000000000000e+03
6.777600000000000000e+04
9.334700000000000000e+04
