8.251900000000000000e+05
5.512700000000000000e+04
2.020000000000000000e+02
4.193900000000000000e+04
9.050400000000000000e+04
7.710380000000000000e+05
1.670890000000000000e+05
6.356200000000000000e+04
2.100000000000000000e+02
5.223400000000000000e+04
3.781000000000000000e+04
1.927110000000000000e+05
2.369800000000000000e+04
7.033000000000000000e+03
1.800000000000000000e+02
1.495900000000000000e+04
4.846000000000000000e+03
6.254160000000000000e+05
1.492950000000000000e+05
1.614500000000000000e+04
4.400000000000000000e+02
1.286100000000000000e+04
1.183836090000000000e+08
1.867350000000000000e+05
5.234000000000000000e+03
0.000000000000000000e+00
0.000000000000000000e+00
0.000000000000000000e+00
0.000000000000000000e+00
0.000000000000000000e+00
4.013000000000000000e+03
2.256000000000000000e+03
0.000000000000000000e+00
7.825000000000000000e+03
2.836770000000000000e+05
1.544570000000000000e+05
5.103000000000000000e+03
0.000000000000000000e+00
0.000000000000000000e+00
3.120000000000000000e+02
0.000000000000000000e+00
0.000000000000000000e+00
0.000000000000000000e+00
0.000000000000000000e+00
0.000000000000000000e+00
0.000000000000000000e+00
4.066630000000000000e+05
1.798080000000000000e+05
5.586000000000000000e+03
0.000000000000000000e+00
0.000000000000000000e+00
0.000000000000000000e+00
0.000000000000000000e+00
0.000000000000000000e+00
0.000000000000000000e+00
0.000000000000000000e+00
0.000000000000000000e+00
0.000000000000000000e+00
4.100030000000000000e+05
1.858270000000000000e+05
8.584000000000000000e+03
0.000000000000000000e+00
0.000000000000000000e+00
0.000000000000000000e+00
0.000000000000000000e+00
0.000000000000000000e+00
0.000000000000000000e+00
0.000000000000000000e+00
0.000000000000000000e+00
0.000000000000000000e+00
2.830080000000000000e+05
1.583260000000000000e+05
5.586000000000000000e+03
0.000000000000000000e+00
0.000000000000000000e+00
0.000000000000000000e+00
0.000000000000000000e+00
0.000000000000000000e+00
0.000000000000000000e+00
0.000000000000000000e+00
0.000000000000000000e+00
0.000000000000000000e+00
2.636300000000000000e+05
1.691220000000000000e+05
6.013000000000000000e+03
0.000000000000000000e+00
0.000000000000000000e+00
0.000000000000000000e+00
0.000000000000000000e+00
0.000000000000000000e+00
0.000000000000000000e+00
0.000000000000000000e+00
0.000000000000000000e+00
0.000000000000000000e+00
3.872230000000000000e+05
1.840170000000000000e+05
4.984000000000000000e+03
0.000000000000000000e+00
0.000000000000000000e+00
3.827386500000000000e+07
2.182400000000000000e+05
2.761300000000000000e+04
0.000000000000000000e+00
2.103000000000000000e+03
0.000000000000000000e+00
0.000000000000000000e+00
1.799081000000000000e+06
5.840220000000000000e+05
2.437900000000000000e+04
2.239000000000000000e+03
0.000000000000000000e+00
4.085000000000000000e+03
0.000000000000000000e+00
0.000000000000000000e+00
0.000000000000000000e+00
0.000000000000000000e+00
0.000000000000000000e+00
0.000000000000000000e+00
7.593140000000000000e+05
4.373580000000000000e+05
1.747500000000000000e+04
0.000000000000000000e+00
0.000000000000000000e+00
0.000000000000000000e+00
0.000000000000000000e+00
0.000000000000000000e+00
0.000000000000000000e+00
0.000000000000000000e+00
0.000000000000000000e+00
3.298000000000000000e+03
6.164680000000000000e+05
3.963420000000000000e+05
1.843300000000000000e+04
0.000000000000000000e+00
0.000000000000000000e+00
0.000000000000000000e+00
0.000000000000000000e+00
0.000000000000000000e+00
0.000000000000000000e+00
0.000000000000000000e+00
0.000000000000000000e+00
0.000000000000000000e+00
4.340650000000000000e+05
3.663130000000000000e+05
1.904700000000000000e+04
0.000000000000000000e+00
0.000000000000000000e+00
0.000000000000000000e+00
0.000000000000000000e+00
