4.865950000000000000e+05
1.306200000000000000e+04
1.267000000000000000e+03
0.000000000000000000e+00
5.512570000000000000e+05
2.903790000000000000e+05
2.489200000000000000e+04
0.000000000000000000e+00
0.000000000000000000e+00
0.000000000000000000e+00
0.000000000000000000e+00
3.896460000000000000e+05
1.650000000000000000e+03
0.000000000000000000e+00
0.000000000000000000e+00
0.000000000000000000e+00
4.763010000000000000e+05
2.877290000000000000e+05
2.971700000000000000e+04
0.000000000000000000e+00
0.000000000000000000e+00
0.000000000000000000e+00
3.928000000000000000e+03
1.435880000000000000e+05
1.143000000000000000e+03
0.000000000000000000e+00
0.000000000000000000e+00
0.000000000000000000e+00
6.146310000000000000e+05
2.946360000000000000e+05
2.349200000000000000e+04
2.160000000000000000e+02
0.000000000000000000e+00
0.000000000000000000e+00
0.000000000000000000e+00
1.811820000000000000e+05
2.820000000000000000e+03
0.000000000000000000e+00
0.000000000000000000e+00
0.000000000000000000e+00
6.080650000000000000e+05
2.859000000000000000e+05
1.950100000000000000e+04
0.000000000000000000e+00
0.000000000000000000e+00
0.000000000000000000e+00
0.000000000000000000e+00
1.802890000000000000e+05
2.118000000000000000e+03
0.000000000000000000e+00
0.000000000000000000e+00
0.000000000000000000e+00
4.313560000000000000e+05
2.778180000000000000e+05
1.581000000000000000e+04
0.000000000000000000e+00
0.000000000000000000e+00
0.000000000000000000e+00
0.000000000000000000e+00
1.372790000000000000e+05
1.121000000000000000e+03
0.000000000000000000e+00
0.000000000000000000e+00
0.000000000000000000e+00
5.863570000000000000e+05
2.854150000000000000e+05
2.132800000000000000e+04
0.000000000000000000e+00
0.000000000000000000e+00
0.000000000000000000e+00
0.000000000000000000e+00
1.662220000000000000e+05
2.344000000000000000e+03
0.000000000000000000e+00
0.000000000000000000e+00
0.000000000000000000e+00
5.549600000000000000e+05
2.724590000000000000e+05
2.562300000000000000e+04
0.000000000000000000e+00
0.000000000000000000e+00
0.000000000000000000e+00
0.000000000000000000e+00
1.517110000000000000e+05
1.533000000000000000e+03
0.000000000000000000e+00
0.000000000000000000e+00
3.539000000000000000e+03
6.711020000000000000e+05
2.779830000000000000e+05
2.412700000000000000e+04
0.000000000000000000e+00
0.000000000000000000e+00
0.000000000000000000e+00
5.153000000000000000e+03
1.685510000000000000e+05
9.740000000000000000e+02
0.000000000000000000e+00
0.000000000000000000e+00
0.000000000000000000e+00
8.091090000000000000e+05
2.968480000000000000e+05
1.198100000000000000e+04
0.000000000000000000e+00
0.000000000000000000e+00
0.000000000000000000e+00
0.000000000000000000e+00
2.219860000000000000e+05
3.438000000000000000e+03
0.000000000000000000e+00
0.000000000000000000e+00
0.000000000000000000e+00
6.511850000000000000e+05
2.817340000000000000e+05
9.481000000000000000e+03
2.086000000000000000e+03
0.000000000000000000e+00
0.000000000000000000e+00
0.000000000000000000e+00
2.032460000000000000e+05
4.305000000000000000e+03
0.000000000000000000e+00
0.000000000000000000e+00
0.000000000000000000e+00
4.416330000000000000e+05
2.811830000000000000e+05
1.320000000000000000e+04
0.000000000000000000e+00
0.000000000000000000e+00
0.000000000000000000e+00
0.000000000000000000e+00
1.426460000000000000e+05
4.866000000000000000e+03
2.184000000000000000e+03
1.904000000000000000e+03
0.000000000000000000e+00
6.740620000000000000e+05
2.982730000000000000e+05
1.728900000000000000e+04
0.000000000000000000e+00
0.000000000000000000e+00
0.000000000000000000e+00
0.000000000000000000e+00
1.959350000000000000e+05
3.725000000000000000e+03
0.000000000000000000e+00
0.000000000000000000e+00
0.000000000000000000e+00
6.463750000000000000e+05
