5.103420000000000000e+05
1.295200000000000000e+04
9.560000000000000000e+02
2.220000000000000000e+02
0.000000000000000000e+00
0.000000000000000000e+00
1.295257000000000000e+06
1.575839000000000000e+06
1.172270000000000000e+05
1.595527000000000000e+06
2.278686000000000000e+06
1.891637000000000000e+06
7.454000000000000000e+04
8.096000000000000000e+03
0.000000000000000000e+00
0.000000000000000000e+00
9.352000000000000000e+03
4.215000000000000000e+03
6.722500000000000000e+04
1.599530000000000000e+05
1.287000000000000000e+04
4.701690000000000000e+05
1.838241000000000000e+06
6.196590000000000000e+05
2.785100000000000000e+04
3.954000000000000000e+03
4.124000000000000000e+03
3.553000000000000000e+03
3.804000000000000000e+03
6.197000000000000000e+03
0.000000000000000000e+00
0.000000000000000000e+00
0.000000000000000000e+00
0.000000000000000000e+00
1.076174000000000000e+06
5.136850000000000000e+05
2.484000000000000000e+04
0.000000000000000000e+00
0.000000000000000000e+00
0.000000000000000000e+00
0.000000000000000000e+00
0.000000000000000000e+00
0.000000000000000000e+00
0.000000000000000000e+00
0.000000000000000000e+00
0.000000000000000000e+00
5.237240000000000000e+05
3.988170000000000000e+05
2.321800000000000000e+04
0.000000000000000000e+00
0.000000000000000000e+00
0.000000000000000000e+00
3.941000000000000000e+03
0.000000000000000000e+00
0.000000000000000000e+00
0.000000000000000000e+00
0.000000000000000000e+00
0.000000000000000000e+00
7.654820000000000000e+05
4.475080000000000000e+05
1.918500000000000000e+04
0.000000000000000000e+00
0.000000000000000000e+00
0.000000000000000000e+00
0.000000000000000000e+00
0.000000000000000000e+00
0.000000000000000000e+00
0.000000000000000000e+00
0.000000000000000000e+00
0.000000000000000000e+00
8.701460000000000000e+05
4.836030000000000000e+05
1.604400000000000000e+04
9.370000000000000000e+02
0.000000000000000000e+00
0.000000000000000000e+00
0.000000000000000000e+00
0.000000000000000000e+00
0.000000000000000000e+00
0.000000000000000000e+00
0.000000000000000000e+00
0.000000000000000000e+00
5.061150000000000000e+05
3.842890000000000000e+05
9.786000000000000000e+03
0.000000000000000000e+00
0.000000000000000000e+00
0.000000000000000000e+00
8.905000000000000000e+03
0.000000000000000000e+00
0.000000000000000000e+00
0.000000000000000000e+00
0.000000000000000000e+00
0.000000000000000000e+00
6.625720000000000000e+05
4.337300000000000000e+05
2.640700000000000000e+04
0.000000000000000000e+00
0.000000000000000000e+00
0.000000000000000000e+00
0.000000000000000000e+00
0.000000000000000000e+00
0.000000000000000000e+00
0.000000000000000000e+00
0.000000000000000000e+00
0.000000000000000000e+00
6.868130000000000000e+05
4.415450000000000000e+05
2.959800000000000000e+04
0.000000000000000000e+00
0.000000000000000000e+00
0.000000000000000000e+00
0.000000000000000000e+00
0.000000000000000000e+00
0.000000000000000000e+00
3.348000000000000000e+03
0.000000000000000000e+00
0.000000000000000000e+00
4.447540000000000000e+05
3.683650000000000000e+05
2.112300000000000000e+04
7.706000000000000000e+03
0.000000000000000000e+00
0.000000000000000000e+00
2.003000000000000000e+03
0.000000000000000000e+00
0.000000000000000000e+00
0.000000000000000000e+00
0.000000000000000000e+00
0.000000000000000000e+00
5.842850000000000000e+05
4.124800000000000000e+05
1.942900000000000000e+04
0.000000000000000000e+00
0.000000000000000000e+00
0.000000000000000000e+00
0.000000000000000000e+00
0.000000000000000000e+00
0.000000000000000000e+00
0.000000000000000000e+00
0.000000000000000000e+00
3.363000000000000000e+03
6.785530000000000000e+05
4.289680000000000000e+05
2.911500000000000000e+04
0.000000000000000000e+00
0.000000000000000000e+00
0.000000000000000000e+00
0.000000000000000000e+00
