7.546270000000000000e+05
2.694000000000000000e+04
1.664000000000000000e+03
1.840000000000000000e+02
0.000000000000000000e+00
3.023369000000000000e+06
2.430947000000000000e+06
8.746930000000000000e+05
3.600000000000000000e+02
1.670000000000000000e+02
5.910000000000000000e+02
5.025350000000000000e+05
0.000000000000000000e+00
0.000000000000000000e+00
0.000000000000000000e+00
0.000000000000000000e+00
0.000000000000000000e+00
2.018868000000000000e+06
9.413600000000000000e+04
7.291000000000000000e+03
3.210000000000000000e+02
0.000000000000000000e+00
0.000000000000000000e+00
4.719050000000000000e+05
6.660000000000000000e+02
0.000000000000000000e+00
0.000000000000000000e+00
0.000000000000000000e+00
0.000000000000000000e+00
2.075700000000000000e+05
6.418600000000000000e+04
9.258000000000000000e+03
1.948000000000000000e+03
0.000000000000000000e+00
0.000000000000000000e+00
9.794200000000000000e+04
6.660000000000000000e+02
0.000000000000000000e+00
0.000000000000000000e+00
0.000000000000000000e+00
0.000000000000000000e+00
9.505600000000000000e+04
6.063500000000000000e+04
8.805000000000000000e+03
0.000000000000000000e+00
0.000000000000000000e+00
9.600000000000000000e+02
4.365100000000000000e+04
6.660000000000000000e+02
0.000000000000000000e+00
0.000000000000000000e+00
0.000000000000000000e+00
9.600000000000000000e+02
2.209270000000000000e+05
6.298300000000000000e+04
6.408000000000000000e+03
1.870000000000000000e+02
0.000000000000000000e+00
0.000000000000000000e+00
1.101010000000000000e+05
6.660000000000000000e+02
0.000000000000000000e+00
0.000000000000000000e+00
0.000000000000000000e+00
1.505000000000000000e+03
2.609660000000000000e+05
6.507300000000000000e+04
9.072000000000000000e+03
1.800000000000000000e+02
0.000000000000000000e+00
0.000000000000000000e+00
1.227440000000000000e+05
6.660000000000000000e+02
0.000000000000000000e+00
0.000000000000000000e+00
9.600000000000000000e+02
0.000000000000000000e+00
9.465500000000000000e+04
5.747600000000000000e+04
8.584000000000000000e+03
0.000000000000000000e+00
0.000000000000000000e+00
0.000000000000000000e+00
4.611200000000000000e+04
6.660000000000000000e+02
0.000000000000000000e+00
0.000000000000000000e+00
0.000000000000000000e+00
0.000000000000000000e+00
2.253280000000000000e+05
6.107900000000000000e+04
1.004500000000000000e+04
0.000000000000000000e+00
0.000000000000000000e+00
0.000000000000000000e+00
1.102810000000000000e+05
6.660000000000000000e+02
0.000000000000000000e+00
0.000000000000000000e+00
0.000000000000000000e+00
3.999000000000000000e+03
1.212982000000000000e+06
1.266680000000000000e+05
1.231850000000000000e+05
3.843000000000000000e+03
4.599080000000000000e+05
4.986840000000000000e+05
1.011438000000000000e+06
8.378440000000000000e+05
7.644150000000000000e+05
1.188070000000000000e+05
6.958800000000000000e+05
9.517990000000000000e+05
3.330868000000000000e+06
2.634060000000000000e+05
2.335230000000000000e+05
4.588900000000000000e+04
6.638210000000000000e+05
8.480560000000000000e+05
1.129759000000000000e+06
8.709080000000000000e+05
1.036708000000000000e+06
5.109320000000000000e+05
7.968020000000000000e+05
1.130763000000000000e+06
2.306768000000000000e+06
1.737500000000000000e+05
8.695960000000000000e+05
7.447000000000000000e+03
6.472890000000000000e+05
2.615367000000000000e+06
3.197000000000000000e+06
3.359340000000000000e+06
2.758873000000000000e+06
4.571400000000000000e+04
2.700264000000000000e+06
3.237271000000000000e+06
3.784245000000000000e+06
2.837598000000000000e+06
3.036692000000000000e+06
6.130500000000000000e+04
3.238576000000000000e+06
2.899330000000000000e+06
3.155053000000000000e+06
3.318839000000000000e+06
3.363624000000000000e+06
8.692100000000000000e+04
3.250499000000000000e+06
3.447307000000000000e+06
