8.635420000000000000e+05
1.516920000000000000e+05
2.532000000000000000e+03
2.009630000000000000e+05
2.170360000000000000e+05
8.890950000000000000e+05
2.118770000000000000e+05
2.491390000000000000e+05
6.252000000000000000e+03
2.592960000000000000e+05
3.093460000000000000e+05
4.662910000000000000e+05
3.407090000000000000e+05
2.679950000000000000e+05
1.537800000000000000e+04
2.772940000000000000e+05
2.469410000000000000e+05
1.024856000000000000e+06
2.969640000000000000e+05
1.904860000000000000e+05
2.258900000000000000e+04
1.748270000000000000e+05
1.409050000000000000e+05
2.898430000000000000e+05
6.519600000000000000e+04
4.477900000000000000e+04
0.000000000000000000e+00
4.120300000000000000e+04
4.621800000000000000e+04
7.808960000000000000e+05
1.347660000000000000e+05
5.034400000000000000e+04
0.000000000000000000e+00
7.964100000000000000e+04
7.294100000000000000e+04
2.217290000000000000e+05
7.588500000000000000e+04
9.523900000000000000e+04
1.132000000000000000e+03
8.923800000000000000e+04
9.554900000000000000e+04
7.854130000000000000e+05
1.661250000000000000e+05
1.852870000000000000e+05
1.980000000000000000e+02
2.027010000000000000e+05
2.613910000000000000e+05
3.427010000000000000e+05
2.033710000000000000e+05
1.527380000000000000e+05
1.530300000000000000e+04
1.291460000000000000e+05
2.552570000000000000e+05
9.701240000000000000e+05
3.907730000000000000e+05
3.449740000000000000e+05
9.925000000000000000e+03
3.308240000000000000e+05
2.806260000000000000e+05
5.190340000000000000e+05
5.182310000000000000e+05
7.445180000000000000e+05
2.599400000000000000e+04
8.290090000000000000e+05
8.970930000000000000e+05
1.681982000000000000e+06
7.231780000000000000e+05
2.194530000000000000e+05
7.363000000000000000e+03
2.377000000000000000e+05
3.412120000000000000e+05
4.758550000000000000e+05
2.255460000000000000e+05
3.554870000000000000e+05
2.671600000000000000e+04
2.138170000000000000e+05
1.864340000000000000e+05
9.469840000000000000e+05
2.067690000000000000e+05
9.125800000000000000e+04
1.977000000000000000e+03
2.215800000000000000e+05
2.666870000000000000e+05
5.259580000000000000e+05
1.828730000000000000e+05
1.434010000000000000e+05
1.279200000000000000e+04
1.919300000000000000e+05
1.347360000000000000e+05
8.136060000000000000e+05
1.794560000000000000e+05
8.607000000000000000e+04
4.513000000000000000e+03
1.235850000000000000e+05
2.027350000000000000e+05
4.165930000000000000e+05
2.088810000000000000e+05
1.165480000000000000e+05
5.029000000000000000e+03
1.720850000000000000e+05
1.967440000000000000e+05
7.963940000000000000e+05
2.196120000000000000e+05
1.678940000000000000e+05
1.880200000000000000e+04
1.723640000000000000e+05
1.278580000000000000e+05
3.029270000000000000e+05
1.844870000000000000e+05
1.022120000000000000e+05
3.583000000000000000e+03
8.064200000000000000e+04
2.109640000000000000e+05
1.000460000000000000e+06
5.922680000000000000e+05
5.173170000000000000e+05
1.508600000000000000e+04
5.392390000000000000e+05
5.419780000000000000e+05
6.084070000000000000e+05
4.028590000000000000e+05
2.956000000000000000e+05
5.854000000000000000e+03
2.570770000000000000e+05
3.393790000000000000e+05
9.773000000000000000e+05
2.738150000000000000e+05
1.953510000000000000e+05
1.127000000000000000e+04
1.228272170000000000e+08
3.087750000000000000e+05
1.617200000000000000e+04
0.000000000000000000e+00
0.000000000000000000e+00
0.000000000000000000e+00
0.000000000000000000e+00
0.000000000000000000e+00
0.000000000000000000e+00
0.000000000000000000e+00
0.000000000000000000e+00
0.000000000000000000e+00
3.863220000000000000e+05
3.132480000000000000e+05
1.617600000000000000e+04
0.000000000000000000e+00
0.000000000000000000e+00
0.000000000000000000e+00
0.000000000000000000e+00
0.000000000000000000e+00
