5.098700000000000000e+05
2.236700000000000000e+04
1.945000000000000000e+03
8.879300000000000000e+05
3.291990000000000000e+05
1.695500000000000000e+04
1.470000000000000000e+02
0.000000000000000000e+00
0.000000000000000000e+00
0.000000000000000000e+00
0.000000000000000000e+00
4.644110000000000000e+05
2.901000000000000000e+03
0.000000000000000000e+00
0.000000000000000000e+00
4.161250000000000000e+05
3.117810000000000000e+05
1.114200000000000000e+04
4.065000000000000000e+03
0.000000000000000000e+00
0.000000000000000000e+00
0.000000000000000000e+00
0.000000000000000000e+00
1.384270000000000000e+05
2.202492000000000000e+06
2.686196000000000000e+06
2.204510000000000000e+05
3.759179000000000000e+06
2.617082000000000000e+06
2.629565000000000000e+06
1.076270000000000000e+05
9.634000000000000000e+03
1.614000000000000000e+03
2.437000000000000000e+03
1.258600000000000000e+04
2.805360000000000000e+05
4.820000000000000000e+03
1.705000000000000000e+03
0.000000000000000000e+00
1.405193000000000000e+06
3.063730000000000000e+05
1.609900000000000000e+04
3.782000000000000000e+03
0.000000000000000000e+00
0.000000000000000000e+00
0.000000000000000000e+00
0.000000000000000000e+00
2.623430000000000000e+05
4.130000000000000000e+02
0.000000000000000000e+00
0.000000000000000000e+00
4.335320000000000000e+05
2.898770000000000000e+05
1.228900000000000000e+04
0.000000000000000000e+00
0.000000000000000000e+00
0.000000000000000000e+00
1.704000000000000000e+03
0.000000000000000000e+00
1.351010000000000000e+05
6.823000000000000000e+03
0.000000000000000000e+00
0.000000000000000000e+00
7.386980000000000000e+05
2.843500000000000000e+05
1.288000000000000000e+04
0.000000000000000000e+00
0.000000000000000000e+00
0.000000000000000000e+00
0.000000000000000000e+00
7.693000000000000000e+03
2.063090000000000000e+05
1.188000000000000000e+03
0.000000000000000000e+00
0.000000000000000000e+00
7.968280000000000000e+05
2.813450000000000000e+05
1.097000000000000000e+04
0.000000000000000000e+00
0.000000000000000000e+00
0.000000000000000000e+00
0.000000000000000000e+00
0.000000000000000000e+00
2.214480000000000000e+05
1.449000000000000000e+03
0.000000000000000000e+00
0.000000000000000000e+00
4.123110000000000000e+05
2.735430000000000000e+05
2.260000000000000000e+03
1.472000000000000000e+03
0.000000000000000000e+00
0.000000000000000000e+00
0.000000000000000000e+00
0.000000000000000000e+00
1.197050000000000000e+05
1.449000000000000000e+03
0.000000000000000000e+00
0.000000000000000000e+00
5.835620000000000000e+05
2.827630000000000000e+05
1.140600000000000000e+04
0.000000000000000000e+00
0.000000000000000000e+00
0.000000000000000000e+00
0.000000000000000000e+00
0.000000000000000000e+00
1.683730000000000000e+05
1.422000000000000000e+03
0.000000000000000000e+00
0.000000000000000000e+00
5.883260000000000000e+05
2.935650000000000000e+05
8.378000000000000000e+03
1.590000000000000000e+02
0.000000000000000000e+00
0.000000000000000000e+00
0.000000000000000000e+00
0.000000000000000000e+00
1.696440000000000000e+05
1.372000000000000000e+03
0.000000000000000000e+00
0.000000000000000000e+00
3.478020000000000000e+05
2.856770000000000000e+05
7.815000000000000000e+03
0.000000000000000000e+00
0.000000000000000000e+00
0.000000000000000000e+00
0.000000000000000000e+00
0.000000000000000000e+00
9.811600000000000000e+04
1.372000000000000000e+03
0.000000000000000000e+00
0.000000000000000000e+00
4.077180000000000000e+05
2.813340000000000000e+05
7.532000000000000000e+03
0.000000000000000000e+00
0.000000000000000000e+00
0.000000000000000000e+00
0.000000000000000000e+00
0.000000000000000000e+00
1.152900000000000000e+05
1.319000000000000000e+03
0.000000000000000000e+00
0.000000000000000000e+00
5.998660000000000000e+05
2.922830000000000000e+05
