7.537350000000000000e+05
2.735100000000000000e+04
2.318000000000000000e+03
5.449190000000000000e+05
1.979040000000000000e+05
1.285900000000000000e+04
8.680000000000000000e+03
5.100000000000000000e+01
4.500000000000000000e+01
1.395000000000000000e+03
4.500000000000000000e+01
4.956270000000000000e+05
1.490000000000000000e+03
0.000000000000000000e+00
0.000000000000000000e+00
6.135840000000000000e+05
2.041490000000000000e+05
1.309100000000000000e+04
0.000000000000000000e+00
0.000000000000000000e+00
0.000000000000000000e+00
0.000000000000000000e+00
0.000000000000000000e+00
2.226460000000000000e+05
0.000000000000000000e+00
0.000000000000000000e+00
0.000000000000000000e+00
3.727520000000000000e+05
1.847410000000000000e+05
8.514000000000000000e+03
0.000000000000000000e+00
0.000000000000000000e+00
0.000000000000000000e+00
0.000000000000000000e+00
0.000000000000000000e+00
1.204570000000000000e+05
0.000000000000000000e+00
0.000000000000000000e+00
0.000000000000000000e+00
5.604520000000000000e+05
1.904680000000000000e+05
6.397000000000000000e+03
0.000000000000000000e+00
0.000000000000000000e+00
0.000000000000000000e+00
0.000000000000000000e+00
0.000000000000000000e+00
2.091110000000000000e+05
0.000000000000000000e+00
0.000000000000000000e+00
0.000000000000000000e+00
5.086080000000000000e+05
2.102430000000000000e+05
1.144900000000000000e+04
0.000000000000000000e+00
0.000000000000000000e+00
0.000000000000000000e+00
0.000000000000000000e+00
0.000000000000000000e+00
1.936960000000000000e+05
0.000000000000000000e+00
0.000000000000000000e+00
0.000000000000000000e+00
2.708720000000000000e+05
1.991690000000000000e+05
1.959900000000000000e+04
0.000000000000000000e+00
0.000000000000000000e+00
0.000000000000000000e+00
0.000000000000000000e+00
0.000000000000000000e+00
8.153300000000000000e+04
0.000000000000000000e+00
0.000000000000000000e+00
0.000000000000000000e+00
5.949510000000000000e+05
1.883860000000000000e+05
1.276700000000000000e+04
3.692000000000000000e+03
0.000000000000000000e+00
0.000000000000000000e+00
0.000000000000000000e+00
0.000000000000000000e+00
2.097370000000000000e+05
1.050000000000000000e+03
0.000000000000000000e+00
0.000000000000000000e+00
5.043790000000000000e+05
1.882460000000000000e+05
6.955000000000000000e+03
0.000000000000000000e+00
0.000000000000000000e+00
0.000000000000000000e+00
0.000000000000000000e+00
0.000000000000000000e+00
1.802730000000000000e+05
6.262090000000000000e+05
9.048780000000000000e+05
5.183000000000000000e+04
2.061300000000000000e+06
7.767570000000000000e+05
9.937050000000000000e+05
4.987900000000000000e+04
2.081200000000000000e+04
1.860000000000000000e+02
1.587000000000000000e+03
1.125200000000000000e+04
3.154280000000000000e+05
1.572000000000000000e+03
0.000000000000000000e+00
0.000000000000000000e+00
1.672629000000000000e+06
2.451640000000000000e+05
3.660300000000000000e+04
0.000000000000000000e+00
4.717000000000000000e+03
0.000000000000000000e+00
1.684000000000000000e+03
7.627000000000000000e+03
3.676830000000000000e+05
1.606000000000000000e+03
0.000000000000000000e+00
0.000000000000000000e+00
7.113940000000000000e+05
2.429210000000000000e+05
1.579200000000000000e+04
4.386000000000000000e+03
0.000000000000000000e+00
0.000000000000000000e+00
0.000000000000000000e+00
0.000000000000000000e+00
2.893660000000000000e+05
5.590000000000000000e+02
0.000000000000000000e+00
0.000000000000000000e+00
4.289540000000000000e+05
2.263280000000000000e+05
2.544100000000000000e+04
0.000000000000000000e+00
0.000000000000000000e+00
0.000000000000000000e+00
0.000000000000000000e+00
0.000000000000000000e+00
1.740450000000000000e+05
5.590000000000000000e+02
0.000000000000000000e+00
0.000000000000000000e+00
8.244770000000000000e+05
2.265530000000000000e+05
