6.710830000000000000e+05
4.816300000000000000e+04
4.657000000000000000e+03
7.490000000000000000e+02
0.000000000000000000e+00
0.000000000000000000e+00
0.000000000000000000e+00
0.000000000000000000e+00
0.000000000000000000e+00
7.507090000000000000e+05
2.263540000000000000e+05
7.265030000000000000e+05
6.240000000000000000e+02
0.000000000000000000e+00
0.000000000000000000e+00
0.000000000000000000e+00
0.000000000000000000e+00
0.000000000000000000e+00
0.000000000000000000e+00
0.000000000000000000e+00
0.000000000000000000e+00
5.398250000000000000e+05
2.537910000000000000e+05
2.281940000000000000e+05
0.000000000000000000e+00
0.000000000000000000e+00
0.000000000000000000e+00
0.000000000000000000e+00
0.000000000000000000e+00
0.000000000000000000e+00
0.000000000000000000e+00
0.000000000000000000e+00
0.000000000000000000e+00
7.533390000000000000e+05
2.502250000000000000e+05
3.144980000000000000e+05
1.416000000000000000e+03
0.000000000000000000e+00
0.000000000000000000e+00
0.000000000000000000e+00
0.000000000000000000e+00
0.000000000000000000e+00
0.000000000000000000e+00
0.000000000000000000e+00
0.000000000000000000e+00
5.535300000000000000e+05
2.209470000000000000e+05
2.286790000000000000e+05
5.590000000000000000e+02
0.000000000000000000e+00
0.000000000000000000e+00
0.000000000000000000e+00
0.000000000000000000e+00
0.000000000000000000e+00
0.000000000000000000e+00
2.979000000000000000e+03
0.000000000000000000e+00
3.008160000000000000e+05
2.255830000000000000e+05
1.143560000000000000e+05
5.590000000000000000e+02
0.000000000000000000e+00
0.000000000000000000e+00
0.000000000000000000e+00
0.000000000000000000e+00
0.000000000000000000e+00
0.000000000000000000e+00
0.000000000000000000e+00
0.000000000000000000e+00
7.683220000000000000e+05
2.244000000000000000e+05
3.209080000000000000e+05
0.000000000000000000e+00
0.000000000000000000e+00
0.000000000000000000e+00
0.000000000000000000e+00
0.000000000000000000e+00
0.000000000000000000e+00
0.000000000000000000e+00
0.000000000000000000e+00
0.000000000000000000e+00
5.112680000000000000e+05
2.171160000000000000e+05
2.166210000000000000e+05
0.000000000000000000e+00
0.000000000000000000e+00
0.000000000000000000e+00
7.680000000000000000e+02
0.000000000000000000e+00
0.000000000000000000e+00
6.208000000000000000e+03
0.000000000000000000e+00
0.000000000000000000e+00
8.595330000000000000e+05
2.372100000000000000e+05
3.511830000000000000e+05
5.590000000000000000e+02
0.000000000000000000e+00
0.000000000000000000e+00
0.000000000000000000e+00
0.000000000000000000e+00
0.000000000000000000e+00
0.000000000000000000e+00
0.000000000000000000e+00
0.000000000000000000e+00
8.986160000000000000e+05
2.201340000000000000e+05
3.443700000000000000e+05
6.540000000000000000e+02
0.000000000000000000e+00
0.000000000000000000e+00
0.000000000000000000e+00
0.000000000000000000e+00
0.000000000000000000e+00
0.000000000000000000e+00
0.000000000000000000e+00
0.000000000000000000e+00
7.040740000000000000e+05
2.135000000000000000e+05
3.006410000000000000e+05
1.697000000000000000e+03
0.000000000000000000e+00
0.000000000000000000e+00
0.000000000000000000e+00
0.000000000000000000e+00
0.000000000000000000e+00
0.000000000000000000e+00
0.000000000000000000e+00
0.000000000000000000e+00
3.581590000000000000e+05
2.037520000000000000e+05
1.396260000000000000e+05
2.361000000000000000e+03
0.000000000000000000e+00
0.000000000000000000e+00
0.000000000000000000e+00
0.000000000000000000e+00
0.000000000000000000e+00
0.000000000000000000e+00
0.000000000000000000e+00
0.000000000000000000e+00
7.666690000000000000e+05
2.206610000000000000e+05
3.286100000000000000e+05
0.000000000000000000e+00
0.000000000000000000e+00
0.000000000000000000e+00
0.000000000000000000e+00
0.000000000000000000e+00
