1.400135000000000000e+06
7.369300000000000000e+05
3.597800000000000000e+04
5.838060000000000000e+05
7.200090000000000000e+05
1.091586000000000000e+06
1.205396000000000000e+06
1.044030000000000000e+06
3.086200000000000000e+04
6.133670000000000000e+05
2.629090000000000000e+05
1.063389000000000000e+06
3.882090000000000000e+05
3.277480000000000000e+05
1.941600000000000000e+04
2.706360000000000000e+05
3.869240000000000000e+05
4.328950000000000000e+05
3.277440000000000000e+05
2.022280000000000000e+05
1.112000000000000000e+03
1.119430000000000000e+05
2.168510000000000000e+05
1.016806000000000000e+06
2.579410000000000000e+05
2.341260000000000000e+05
9.741000000000000000e+03
1.139090000000000000e+05
7.150300000000000000e+04
1.391180000000000000e+05
1.436360000000000000e+05
9.484600000000000000e+04
1.292000000000000000e+03
5.566900000000000000e+04
9.051300000000000000e+04
8.230790000000000000e+05
1.881200000000000000e+05
6.925100000000000000e+04
2.535000000000000000e+03
8.387600000000000000e+04
5.246500000000000000e+04
8.502400000000000000e+04
8.031900000000000000e+04
9.370200000000000000e+04
4.368000000000000000e+03
1.394800000000000000e+05
1.696300000000000000e+05
8.667840000000000000e+05
1.847770000000000000e+05
3.580600000000000000e+04
1.454000000000000000e+03
3.609300000000000000e+04
8.633200000000000000e+04
1.007670000000000000e+05
1.292640000000000000e+05
1.368790000000000000e+05
2.650000000000000000e+03
1.174930000000000000e+05
9.769100000000000000e+04
8.376100000000000000e+05
2.012530000000000000e+05
9.266000000000000000e+04
7.440000000000000000e+02
8.327600000000000000e+04
1.040300000000000000e+05
9.277200000000000000e+04
1.157150000000000000e+05
6.991000000000000000e+04
0.000000000000000000e+00
8.942000000000000000e+04
1.391560000000000000e+05
8.711890000000000000e+05
2.150500000000000000e+05
2.709680000000000000e+05
3.790000000000000000e+02
2.403280000000000000e+05
2.131460000000000000e+05
2.052470000000000000e+05
1.585060000000000000e+05
8.859900000000000000e+04
2.140000000000000000e+02
1.203240000000000000e+05
2.126530000000000000e+05
9.294540000000000000e+05
2.225260000000000000e+05
1.421760000000000000e+05
6.143000000000000000e+03
1.777390000000000000e+05
3.970930000000000000e+05
7.078360000000000000e+05
6.219610000000000000e+05
6.102850000000000000e+05
1.762500000000000000e+04
4.296630000000000000e+05
2.357800000000000000e+05
8.756430000000000000e+05
3.191770000000000000e+05
2.771580000000000000e+05
4.814000000000000000e+03
3.032670000000000000e+05
3.206660000000000000e+05
1.853850000000000000e+05
1.738110000000000000e+05
1.988100000000000000e+05
1.561200000000000000e+04
1.792240000000000000e+05
5.538500000000000000e+04
9.250600000000000000e+05
1.553320000000000000e+05
9.980100000000000000e+04
5.096000000000000000e+03
1.091450000000000000e+05
1.640380000000000000e+05
1.458590000000000000e+05
1.411110000000000000e+05
8.589900000000000000e+04
3.850000000000000000e+02
2.053260000000000000e+05
3.220640000000000000e+05
1.293547000000000000e+06
8.064250000000000000e+05
5.271890000000000000e+05
4.257900000000000000e+04
8.764100000000000000e+05
8.599920000000000000e+05
5.625740000000000000e+05
2.803470000000000000e+05
3.593900000000000000e+05
1.438100000000000000e+04
2.911650000000000000e+05
1.870650000000000000e+05
9.876420000000000000e+05
2.127000000000000000e+05
1.329030000000000000e+05
5.259000000000000000e+03
2.447470000000000000e+05
1.815040000000000000e+05
7.790700000000000000e+04
1.377350000000000000e+05
2.132950000000000000e+05
3.648000000000000000e+03
1.722890000000000000e+05
2.239420000000000000e+05
8.919620000000000000e+05
5.502500000000000000e+05
1.040358000000000000e+06
4.259400000000000000e+04
8.887890000000000000e+05
8.706670000000000000e+05
