1.027052000000000000e+06
1.952715000000000000e+06
1.750111000000000000e+06
1.600658000000000000e+06
1.630451000000000000e+06
1.759062000000000000e+06
1.234290000000000000e+05
2.373631000000000000e+06
1.049457000000000000e+06
8.713290000000000000e+05
9.235860000000000000e+05
3.837944000000000000e+06
2.156580000000000000e+05
1.629665000000000000e+06
1.005572000000000000e+06
8.095640000000000000e+05
6.663690000000000000e+05
5.954190000000000000e+05
8.405100000000000000e+04
9.976620000000000000e+05
6.437580000000000000e+05
4.634910000000000000e+05
4.776990000000000000e+05
2.901973000000000000e+06
2.566890000000000000e+05
6.056200000000000000e+05
4.073380000000000000e+05
5.787380000000000000e+05
7.732170000000000000e+05
8.361900000000000000e+05
7.441000000000000000e+04
1.678069000000000000e+06
8.857840000000000000e+05
9.380840000000000000e+05
1.050095000000000000e+06
4.327358000000000000e+06
2.836170000000000000e+05
1.705353000000000000e+06
1.067164000000000000e+06
9.829820000000000000e+05
5.684410000000000000e+05
7.433790000000000000e+05
7.957700000000000000e+04
2.015756000000000000e+06
8.470990000000000000e+05
8.600460000000000000e+05
7.388420000000000000e+05
3.834140000000000000e+06
3.028590000000000000e+05
1.113497000000000000e+06
3.330840000000000000e+05
1.533700000000000000e+05
1.777600000000000000e+05
3.177970000000000000e+05
9.056600000000000000e+04
8.979650000000000000e+05
5.228170000000000000e+05
3.720290000000000000e+05
3.380020000000000000e+05
3.760239000000000000e+06
2.655350000000000000e+05
6.945730000000000000e+05
1.785820000000000000e+05
2.175240000000000000e+05
1.477900000000000000e+05
2.815690000000000000e+05
5.672100000000000000e+04
1.313917000000000000e+06
1.235957000000000000e+06
9.815500000000000000e+05
9.612600000000000000e+05
4.339409000000000000e+06
3.474100000000000000e+05
1.337225000000000000e+06
7.885070000000000000e+05
6.640020000000000000e+05
3.919250000000000000e+05
2.236400000000000000e+05
1.089870000000000000e+05
7.696880000000000000e+05
5.657030000000000000e+05
5.189620000000000000e+05
6.322880000000000000e+05
3.566909000000000000e+06
2.978670000000000000e+05
6.553720000000000000e+05
4.275940000000000000e+05
4.987760000000000000e+05
6.371690000000000000e+05
6.220870000000000000e+05
6.298200000000000000e+04
6.304250000000000000e+05
3.908750000000000000e+05
4.084030000000000000e+05
2.640290000000000000e+05
2.348493000000000000e+06
3.188490000000000000e+05
6.610998600000000000e+07
6.513240000000000000e+05
4.903010000000000000e+05
9.660330000000000000e+05
5.606160000000000000e+05
6.488000000000000000e+04
6.535500000000000000e+05
9.347010000000000000e+05
1.011869000000000000e+06
1.575409000000000000e+06
1.881681000000000000e+06
8.847100000000000000e+04
5.660011000000000000e+06
1.434886000000000000e+06
1.326776000000000000e+06
2.320094000000000000e+06
1.367451000000000000e+06
1.244170000000000000e+05
1.349319000000000000e+06
1.493875000000000000e+06
1.455482000000000000e+06
2.422393000000000000e+06
2.472167000000000000e+06
1.214160000000000000e+05
6.085665000000000000e+06
1.729640000000000000e+06
1.449529000000000000e+06
2.452645000000000000e+06
1.456419000000000000e+06
1.576560000000000000e+05
1.360206000000000000e+06
1.245518000000000000e+06
1.199329000000000000e+06
1.736574000000000000e+06
1.691604000000000000e+06
9.846600000000000000e+04
3.491077000000000000e+06
1.273709000000000000e+06
1.035896000000000000e+06
1.567353000000000000e+06
1.107682000000000000e+06
9.435700000000000000e+04
1.297333000000000000e+06
1.377075000000000000e+06
1.416637000000000000e+06
2.227826000000000000e+06
1.822169000000000000e+06
1.580680000000000000e+05
5.158856000000000000e+06
1.739457000000000000e+06
1.411642000000000000e+06
2.631773000000000000e+06
