1.160763000000000000e+07
3.167251000000000000e+06
1.191092100000000000e+07
1.229517900000000000e+07
1.306596900000000000e+07
1.415918700000000000e+07
1.486307900000000000e+07
2.963370000000000000e+05
1.609255200000000000e+07
1.816891600000000000e+07
1.926672600000000000e+07
2.062398900000000000e+07
2.195471100000000000e+07
3.564220000000000000e+06
2.379182700000000000e+07
2.558009800000000000e+07
2.821901700000000000e+07
3.624807900000000000e+07
4.155055100000000000e+07
7.422820000000000000e+05
3.517137400000000000e+07
2.588995500000000000e+07
2.229441500000000000e+07
2.118272300000000000e+07
1.504913600000000000e+07
4.477532000000000000e+06
9.380707000000000000e+06
2.703944300000000000e+07
1.516556000000000000e+06
1.692636000000000000e+06
1.650186000000000000e+06
1.331230000000000000e+05
2.655027000000000000e+06
1.519530000000000000e+06
1.585056000000000000e+06
2.350463000000000000e+06
1.309756000000000000e+06
4.977067000000000000e+06
2.180095000000000000e+06
6.551500000000000000e+05
5.594470000000000000e+05
6.612860000000000000e+05
6.290490000000000000e+05
6.016600000000000000e+04
2.035484000000000000e+06
1.227473000000000000e+06
1.016866000000000000e+06
1.586693000000000000e+06
1.093074000000000000e+06
3.702037000000000000e+06
3.758770000000000000e+06
2.500857000000000000e+06
2.384681000000000000e+06
1.944835000000000000e+06
1.514858000000000000e+06
1.931550000000000000e+05
1.265761000000000000e+06
7.819750000000000000e+05
8.276300000000000000e+05
1.805961000000000000e+06
1.246565000000000000e+06
3.834732000000000000e+06
2.070201000000000000e+06
7.184230000000000000e+05
1.525240000000000000e+06
1.863036000000000000e+06
1.457652000000000000e+06
1.529540000000000000e+05
1.819864000000000000e+06
9.838700000000000000e+05
9.182610000000000000e+05
1.634926000000000000e+06
9.829650000000000000e+05
3.360156000000000000e+06
1.933358000000000000e+06
8.606890000000000000e+05
1.126688000000000000e+06
1.290480000000000000e+06
1.169276000000000000e+06
1.058300000000000000e+05
1.845232000000000000e+06
1.124063000000000000e+06
1.199619000000000000e+06
1.452339000000000000e+06
7.702930000000000000e+05
3.480789000000000000e+06
1.495328000000000000e+06
4.172020000000000000e+05
3.563110000000000000e+05
3.691930000000000000e+05
3.218160000000000000e+05
2.735200000000000000e+04
5.337740000000000000e+05
3.536980000000000000e+05
4.609410000000000000e+05
1.188844000000000000e+06
3.833270000000000000e+05
3.189875000000000000e+06
9.417800000000000000e+05
1.363887000000000000e+06
1.796488000000000000e+06
2.285129000000000000e+06
2.311140000000000000e+06
2.256461000000000000e+06
2.132450000000000000e+05
3.089935000000000000e+06
1.491529000000000000e+06
1.970207000000000000e+06
9.924120000000000000e+05
3.659179000000000000e+06
6.001120000000000000e+05
1.077784000000000000e+06
6.704200000000000000e+05
8.044910000000000000e+05
6.736140000000000000e+05
4.766260000000000000e+05
4.142600000000000000e+04
7.824880000000000000e+05
3.566890000000000000e+05
1.050667000000000000e+06
3.469510000000000000e+05
3.414644000000000000e+06
5.717790000000000000e+05
1.214215000000000000e+06
7.472570000000000000e+05
9.418990000000000000e+05
1.415709000000000000e+06
1.604798000000000000e+06
1.047150000000000000e+05
1.940935000000000000e+06
4.223560000000000000e+05
1.105786000000000000e+06
3.467520000000000000e+05
3.294395000000000000e+06
6.292390000000000000e+05
1.244445000000000000e+06
1.203384000000000000e+06
1.422253000000000000e+06
1.278249000000000000e+06
9.310860000000000000e+05
7.615300000000000000e+04
2.014499000000000000e+06
1.766846000000000000e+06
2.210522000000000000e+06
1.321627000000000000e+06
3.640902000000000000e+06
6.051610000000000000e+05
1.134573000000000000e+06
8.062670000000000000e+05
