8.108460000000000000e+05
4.222840000000000000e+05
3.290400000000000000e+04
8.441450000000000000e+05
4.553330000000000000e+05
7.312670000000000000e+05
7.003670000000000000e+05
3.753518000000000000e+06
5.625520000000000000e+05
1.360338000000000000e+06
8.550080000000000000e+05
1.679573000000000000e+06
8.765220000000000000e+05
6.272080000000000000e+05
8.923100000000000000e+04
1.126867000000000000e+06
7.253030000000000000e+05
9.204870000000000000e+05
1.046589000000000000e+06
6.692784300000000000e+07
4.259230000000000000e+05
2.224190000000000000e+05
1.332590000000000000e+05
8.110190000000000000e+05
1.387260000000000000e+05
1.666920000000000000e+05
3.366900000000000000e+04
2.168320000000000000e+05
3.531480000000000000e+05
5.871550000000000000e+05
6.300460000000000000e+05
2.980501000000000000e+06
4.419810000000000000e+05
1.502056000000000000e+06
1.882835000000000000e+06
2.356514000000000000e+06
2.087370000000000000e+06
1.907695000000000000e+06
1.496950000000000000e+05
1.517347000000000000e+06
1.367030000000000000e+06
1.776613000000000000e+06
2.269847000000000000e+06
4.941578000000000000e+06
5.334740000000000000e+05
3.778376000000000000e+06
3.620634000000000000e+06
3.547463000000000000e+06
2.362483000000000000e+06
1.547203000000000000e+06
1.603260000000000000e+05
7.729580000000000000e+05
1.957574000000000000e+06
2.292658000000000000e+06
2.201643000000000000e+06
3.961100000000000000e+06
5.008830000000000000e+05
1.641316000000000000e+06
1.414198000000000000e+06
1.950654000000000000e+06
1.568771000000000000e+06
1.280910000000000000e+06
1.139630000000000000e+05
1.064484000000000000e+06
1.245916000000000000e+06
1.754141000000000000e+06
2.681930000000000000e+06
5.591450000000000000e+06
5.091940000000000000e+05
3.000857000000000000e+06
3.216197000000000000e+06
3.436446000000000000e+06
2.514277000000000000e+06
2.381370000000000000e+06
2.430910000000000000e+05
2.331849000000000000e+06
4.076412000000000000e+06
3.841038000000000000e+06
3.357124000000000000e+06
6.834295200000000000e+07
4.209600000000000000e+05
2.208788000000000000e+06
2.195197000000000000e+06
2.637236000000000000e+06
5.621232000000000000e+06
4.225405000000000000e+06
1.013000000000000000e+05
6.854748000000000000e+06
9.608740000000000000e+06
7.436308000000000000e+06
9.727119000000000000e+06
1.093114800000000000e+07
2.057400000000000000e+05
5.082292000000000000e+06
1.679659000000000000e+06
6.575257000000000000e+06
1.717074900000000000e+07
3.168504000000000000e+06
2.568560000000000000e+05
7.018133000000000000e+06
7.221767000000000000e+06
4.202584000000000000e+06
9.667332000000000000e+06
9.506847000000000000e+06
1.859890000000000000e+05
2.909580000000000000e+06
6.514136000000000000e+06
8.595159000000000000e+06
4.369677000000000000e+06
7.913209000000000000e+06
1.097890000000000000e+05
7.966880000000000000e+06
6.488895000000000000e+06
5.716870500000000000e+07
1.107583000000000000e+06
1.338950000000000000e+05
1.950800000000000000e+04
6.516700000000000000e+04
3.287530000000000000e+05
1.090602000000000000e+06
1.315342000000000000e+06
7.186760000000000000e+05
3.198000000000000000e+04
9.716740000000000000e+05
1.491701000000000000e+06
3.309463000000000000e+06
3.064692000000000000e+06
2.159426000000000000e+06
1.766690000000000000e+05
2.408446000000000000e+06
2.235748000000000000e+06
2.300874000000000000e+06
2.716064000000000000e+06
7.815020000000000000e+05
1.088210000000000000e+05
5.226490000000000000e+05
6.855290000000000000e+05
3.280068000000000000e+06
1.379416000000000000e+06
2.155250000000000000e+05
1.917800000000000000e+04
2.955320000000000000e+05
3.513310000000000000e+05
1.193341000000000000e+06
1.642145000000000000e+06
8.544520000000000000e+05
8.547100000000000000e+04
6.544655700000000000e+07
1.932423000000000000e+06
