1.529513000000000000e+06
1.147175000000000000e+06
1.282027000000000000e+06
6.212700000000000000e+04
2.252023000000000000e+06
1.187826000000000000e+06
1.100220000000000000e+06
9.602490000000000000e+05
1.013262000000000000e+06
3.448002000000000000e+06
1.735033000000000000e+06
1.267673000000000000e+06
2.931370000000000000e+05
1.846280000000000000e+05
2.340820000000000000e+05
7.869000000000000000e+03
5.160390000000000000e+05
2.136800000000000000e+05
3.123710000000000000e+05
3.703020000000000000e+05
4.391340000000000000e+05
3.022538000000000000e+06
1.471899000000000000e+06
1.288220000000000000e+06
7.695010000000000000e+05
7.617530000000000000e+05
5.934140000000000000e+05
6.882400000000000000e+04
7.350930000000000000e+05
2.165310000000000000e+05
2.282240000000000000e+05
3.609650000000000000e+05
5.088870000000000000e+05
3.120666000000000000e+06
2.087406000000000000e+06
1.723323000000000000e+06
1.146528000000000000e+06
1.095436000000000000e+06
1.012408000000000000e+06
9.931300000000000000e+04
1.673233000000000000e+06
1.556652000000000000e+06
1.702047000000000000e+06
1.298290000000000000e+06
1.195157000000000000e+06
3.661118000000000000e+06
2.383291000000000000e+06
1.549825000000000000e+06
9.079710000000000000e+05
8.421950000000000000e+05
6.831910000000000000e+05
7.622300000000000000e+04
5.859490000000000000e+05
5.326140000000000000e+05
5.758510000000000000e+05
3.635860000000000000e+05
3.453750000000000000e+05
3.673989000000000000e+06
1.315872000000000000e+06
1.129824000000000000e+06
5.614190000000000000e+05
5.747460000000000000e+05
5.088160000000000000e+05
7.280900000000000000e+04
7.474300000000000000e+05
3.839050000000000000e+05
4.629540000000000000e+05
3.416000000000000000e+05
3.558820000000000000e+05
2.920645000000000000e+06
1.078426000000000000e+06
8.921770000000000000e+05
2.049290000000000000e+05
3.220250000000000000e+05
3.299950000000000000e+05
4.574800000000000000e+04
6.320950000000000000e+05
5.341930000000000000e+05
5.974260000000000000e+05
4.833700000000000000e+05
5.107730000000000000e+05
2.800047000000000000e+06
1.821965000000000000e+06
1.462449000000000000e+06
1.071825000000000000e+06
1.115893000000000000e+06
1.312708000000000000e+06
1.033640000000000000e+05
2.053255000000000000e+06
1.205336000000000000e+06
1.135212000000000000e+06
1.278488000000000000e+06
1.130543000000000000e+06
3.226272000000000000e+06
1.934773000000000000e+06
1.521207000000000000e+06
1.207500000000000000e+06
1.153316000000000000e+06
1.127031000000000000e+06
8.093900000000000000e+04
1.652464000000000000e+06
5.018630000000000000e+05
5.203140000000000000e+05
1.203009000000000000e+06
2.260642000000000000e+06
3.549343000000000000e+06
5.488443000000000000e+06
4.192768000000000000e+06
3.348098000000000000e+06
3.545899000000000000e+06
3.784585000000000000e+06
1.946640000000000000e+05
6.913362000000000000e+06
4.013050000000000000e+06
3.401997000000000000e+06
5.051753000000000000e+06
8.271024000000000000e+06
5.045018000000000000e+06
1.694993000000000000e+07
1.959905600000000000e+07
1.704140300000000000e+07
1.618839900000000000e+07
1.329068800000000000e+07
2.982020000000000000e+05
9.841133000000000000e+06
8.644848000000000000e+06
9.174227000000000000e+06
9.189678000000000000e+06
9.294332000000000000e+06
6.053761000000000000e+06
1.266054700000000000e+07
1.343320600000000000e+07
1.422543600000000000e+07
1.435034000000000000e+07
1.805841100000000000e+07
5.464900000000000000e+05
2.225396400000000000e+07
2.249079100000000000e+07
2.003675100000000000e+07
1.746433600000000000e+07
6.131921700000000000e+07
6.367179000000000000e+06
2.419994500000000000e+07
2.372743800000000000e+07
2.294787600000000000e+07
2.207291800000000000e+07
2.020953300000000000e+07
4.840270000000000000e+05
2.112380600000000000e+07
