1.567444000000000000e+06
1.342687000000000000e+06
1.229428000000000000e+06
1.299111000000000000e+06
1.094740000000000000e+05
2.032924000000000000e+06
3.851052000000000000e+06
1.277630000000000000e+06
7.966460000000000000e+05
7.300140000000000000e+05
6.658100000000000000e+04
2.117657000000000000e+06
5.008480000000000000e+05
6.968790000000000000e+05
7.101350000000000000e+05
6.389070000000000000e+05
5.836600000000000000e+04
1.376302000000000000e+06
3.504544000000000000e+06
1.081134000000000000e+06
6.910720000000000000e+05
6.749700000000000000e+05
4.749900000000000000e+04
1.941942000000000000e+06
6.872550000000000000e+05
8.833720000000000000e+05
1.280983000000000000e+06
1.511037000000000000e+06
1.031770000000000000e+05
3.006609000000000000e+06
4.300828000000000000e+06
2.058792000000000000e+06
1.590502000000000000e+06
1.181007000000000000e+06
1.052270000000000000e+05
1.938743000000000000e+06
3.692970000000000000e+05
3.902760000000000000e+05
3.971030000000000000e+05
3.354690000000000000e+05
4.879600000000000000e+04
1.241917000000000000e+06
3.612727000000000000e+06
1.701129000000000000e+06
1.628764000000000000e+06
1.758902000000000000e+06
1.158880000000000000e+05
3.333191000000000000e+06
1.658107000000000000e+06
1.814885000000000000e+06
1.927638000000000000e+06
1.918978000000000000e+06
2.064670000000000000e+05
3.184880000000000000e+06
4.460358000000000000e+06
1.906718000000000000e+06
1.408393000000000000e+06
1.358673000000000000e+06
9.580700000000000000e+04
3.022549000000000000e+06
1.273196000000000000e+06
1.181947000000000000e+06
9.973460000000000000e+05
6.878454000000000000e+07
4.423440000000000000e+05
6.413190000000000000e+05
1.076685000000000000e+06
1.275514000000000000e+06
2.684714000000000000e+06
1.628855000000000000e+06
1.171340000000000000e+05
2.142215000000000000e+06
1.845331000000000000e+06
1.375086000000000000e+06
2.120500000000000000e+06
3.453832000000000000e+06
4.973060000000000000e+05
7.485570000000000000e+05
5.747720000000000000e+05
6.131880000000000000e+05
1.243307000000000000e+06
5.388920000000000000e+05
4.646200000000000000e+04
1.288388000000000000e+06
9.455440000000000000e+05
1.045755000000000000e+06
2.034064000000000000e+06
3.499392000000000000e+06
4.916490000000000000e+05
8.012800000000000000e+05
8.413570000000000000e+05
7.678560000000000000e+05
1.556195000000000000e+06
6.792700000000000000e+05
5.514200000000000000e+04
1.423408000000000000e+06
9.786650000000000000e+05
1.007680000000000000e+06
1.840336000000000000e+06
3.267485000000000000e+06
1.249656000000000000e+06
6.257600000000000000e+04
1.070196000000000000e+06
9.885670000000000000e+05
8.122370000000000000e+05
1.977232000000000000e+06
1.285770000000000000e+06
8.583580000000000000e+05
1.423204000000000000e+06
1.522834000000000000e+06
1.453291000000000000e+06
4.037399000000000000e+06
1.015678000000000000e+06
5.514300000000000000e+04
5.628560000000000000e+05
4.410290000000000000e+05
3.106990000000000000e+05
7.407766900000000000e+07
6.351550000000000000e+05
7.007190000000000000e+05
2.100440000000000000e+05
4.503150000000000000e+05
4.814820000000000000e+05
1.252031000000000000e+06
9.257240000000000000e+05
1.028290000000000000e+05
1.161715000000000000e+06
1.420770000000000000e+06
1.553829000000000000e+06
4.869460000000000000e+06
1.969606000000000000e+06
8.754350000000000000e+05
1.568118000000000000e+06
1.548886000000000000e+06
1.583562000000000000e+06
2.245357000000000000e+06
1.070111000000000000e+06
1.184100000000000000e+05
1.104799000000000000e+06
1.056608000000000000e+06
1.100574000000000000e+06
4.725703000000000000e+06
1.455271000000000000e+06
8.826030000000000000e+05
1.090952000000000000e+06
1.295093000000000000e+06
1.381399000000000000e+06
2.406096000000000000e+06
1.390511000000000000e+06
