1.922661000000000000e+06
1.406518000000000000e+06
1.225210000000000000e+06
4.110290000000000000e+06
1.046952000000000000e+06
5.352000000000000000e+04
6.904060000000000000e+05
7.358530000000000000e+05
7.777910000000000000e+05
1.402015000000000000e+06
1.008496000000000000e+06
1.001067000000000000e+06
1.096570000000000000e+06
9.988410000000000000e+05
8.745540000000000000e+05
4.419465000000000000e+06
1.576915000000000000e+06
8.463500000000000000e+04
1.330405000000000000e+06
1.327774000000000000e+06
1.089560000000000000e+06
1.691350000000000000e+06
1.199346000000000000e+06
9.255280000000000000e+05
1.255608000000000000e+06
1.167698000000000000e+06
1.043995000000000000e+06
4.526132000000000000e+06
1.168121000000000000e+06
8.758000000000000000e+04
7.879950000000000000e+05
8.688790000000000000e+05
8.436820000000000000e+05
1.747249000000000000e+06
8.148780000000000000e+05
9.623010000000000000e+05
7.099410000000000000e+05
6.300424200000000000e+07
2.120189000000000000e+06
1.590101000000000000e+06
1.283055000000000000e+06
9.399400000000000000e+04
2.872543000000000000e+06
1.487291000000000000e+06
2.008656000000000000e+06
1.681605000000000000e+06
1.856899000000000000e+06
1.017515000000000000e+06
2.308922000000000000e+06
3.854337000000000000e+06
1.123515000000000000e+06
9.922260000000000000e+05
2.143009000000000000e+06
1.318700000000000000e+05
3.242877000000000000e+06
1.802577000000000000e+06
2.104169000000000000e+06
1.677893000000000000e+06
2.433907000000000000e+06
1.070242000000000000e+06
4.752533000000000000e+06
5.299111000000000000e+06
3.877543000000000000e+06
3.078849000000000000e+06
2.889685000000000000e+06
2.026360000000000000e+05
4.044883000000000000e+06
2.223959000000000000e+06
2.382450000000000000e+06
2.149186000000000000e+06
2.184550000000000000e+06
1.046405000000000000e+06
3.305381000000000000e+06
4.230452000000000000e+06
2.440612000000000000e+06
1.925913000000000000e+06
1.824466000000000000e+06
1.599700000000000000e+05
2.289145000000000000e+06
1.346718000000000000e+06
1.756668000000000000e+06
2.176356000000000000e+06
2.176269000000000000e+06
9.771370000000000000e+05
3.319159000000000000e+06
4.049293000000000000e+06
2.843523000000000000e+06
2.897773000000000000e+06
2.561973000000000000e+06
2.158000000000000000e+05
3.764053000000000000e+06
2.107754000000000000e+06
2.129600000000000000e+06
2.016453000000000000e+06
2.319140000000000000e+06
9.762630000000000000e+05
2.583704000000000000e+06
5.534649000000000000e+06
2.710450000000000000e+06
2.240847000000000000e+06
2.088026000000000000e+06
1.826230000000000000e+05
1.485299000000000000e+06
1.553009000000000000e+06
2.606250000000000000e+05
4.400340000000000000e+05
1.109643000000000000e+06
9.335860000000000000e+05
1.715025000000000000e+06
3.930497000000000000e+06
1.096622000000000000e+06
8.471390000000000000e+05
1.077436000000000000e+06
6.321900000000000000e+04
8.462220000000000000e+05
2.856942000000000000e+06
1.762036000000000000e+06
1.620145000000000000e+06
1.074965000000000000e+06
9.163740000000000000e+05
7.816470000000000000e+05
3.661865000000000000e+06
1.507219000000000000e+06
1.129646000000000000e+06
1.092132000000000000e+06
5.556400000000000000e+04
1.023774000000000000e+06
1.243116000000000000e+06
8.054970000000000000e+05
1.239553000000000000e+06
1.408696000000000000e+06
8.554840000000000000e+05
1.826055000000000000e+06
4.767081000000000000e+06
2.893169000000000000e+06
2.781846000000000000e+06
2.979181000000000000e+06
1.786060000000000000e+05
2.856789000000000000e+06
4.763026000000000000e+06
3.259492000000000000e+06
3.303706000000000000e+06
2.607960000000000000e+06
9.752500000000000000e+05
1.635954000000000000e+06
4.884438000000000000e+06
2.786684000000000000e+06
1.822843000000000000e+06
1.449282000000000000e+06
