8.943860000000000000e+05
1.456283000000000000e+06
1.205967000000000000e+06
4.290880000000000000e+05
7.816810000000000000e+05
4.603330000000000000e+05
3.292300000000000000e+04
4.792290000000000000e+05
6.652370000000000000e+05
7.508170000000000000e+05
1.933322000000000000e+06
3.172351000000000000e+06
3.897930000000000000e+05
1.372323000000000000e+06
1.501642000000000000e+06
1.466338000000000000e+06
2.336217000000000000e+06
7.135956800000000000e+07
4.195700000000000000e+05
2.448178000000000000e+06
3.182604000000000000e+06
3.052054000000000000e+06
2.783530000000000000e+06
2.755945000000000000e+06
2.690420000000000000e+05
1.784838000000000000e+06
1.338232000000000000e+06
1.133917000000000000e+06
7.806350000000000000e+05
3.251668000000000000e+06
4.399560000000000000e+05
5.176440000000000000e+05
6.337420000000000000e+05
7.199150000000000000e+05
8.933820000000000000e+05
1.213686000000000000e+06
7.135900000000000000e+04
4.288540000000000000e+05
2.711300000000000000e+05
7.192420000000000000e+05
8.427880000000000000e+05
2.884145000000000000e+06
4.028930000000000000e+05
1.113739000000000000e+06
1.311321000000000000e+06
1.547462000000000000e+06
1.376071000000000000e+06
1.763492000000000000e+06
1.120460000000000000e+05
1.223921000000000000e+06
1.475125000000000000e+06
2.046915000000000000e+06
2.416992000000000000e+06
4.411501000000000000e+06
2.494604000000000000e+06
1.583140000000000000e+05
2.235280000000000000e+06
2.448824000000000000e+06
2.562575000000000000e+06
2.771479000000000000e+06
2.225271000000000000e+06
1.536710000000000000e+05
2.247149000000000000e+06
2.292763000000000000e+06
7.324754600000000000e+07
3.361424000000000000e+06
2.530870000000000000e+06
1.952140000000000000e+05
2.847641000000000000e+06
2.956748000000000000e+06
2.774341000000000000e+06
4.167337000000000000e+06
1.440598000000000000e+06
1.674050000000000000e+05
2.434864000000000000e+06
2.918432000000000000e+06
4.660890000000000000e+06
3.941362000000000000e+06
8.774560000000000000e+05
1.394460000000000000e+05
1.196307000000000000e+06
2.181210000000000000e+06
3.110199000000000000e+06
6.024099000000000000e+06
7.735250000000000000e+05
9.059100000000000000e+04
2.120198000000000000e+06
2.669983000000000000e+06
4.453964000000000000e+06
4.278579000000000000e+06
2.283838000000000000e+06
2.230380000000000000e+05
2.258852000000000000e+06
2.204084000000000000e+06
1.998996000000000000e+06
3.334234000000000000e+06
1.581672000000000000e+06
1.396850000000000000e+05
1.486371000000000000e+06
1.357959000000000000e+06
3.651331000000000000e+06
2.604450000000000000e+06
1.672599000000000000e+06
1.262960000000000000e+05
1.560453000000000000e+06
1.220646000000000000e+06
1.020576000000000000e+06
1.431205000000000000e+06
8.928180000000000000e+05
6.389800000000000000e+04
8.440920000000000000e+05
8.704860000000000000e+05
2.995206000000000000e+06
1.562491000000000000e+06
5.581750000000000000e+05
6.372800000000000000e+04
1.041686000000000000e+06
1.699477000000000000e+06
2.385025000000000000e+06
4.337278000000000000e+06
1.376886000000000000e+06
1.391110000000000000e+05
9.315530000000000000e+05
1.020357000000000000e+06
3.399463000000000000e+06
2.359975000000000000e+06
1.259193000000000000e+06
1.281440000000000000e+05
1.227667000000000000e+06
1.229517000000000000e+06
9.077180000000000000e+05
3.154937000000000000e+06
2.384080000000000000e+06
1.772210000000000000e+05
2.447840000000000000e+06
2.039349000000000000e+06
3.226808000000000000e+06
2.333865000000000000e+06
9.252840000000000000e+05
8.401600000000000000e+04
6.287970000000000000e+05
2.887740000000000000e+05
2.131790000000000000e+05
1.428591000000000000e+06
7.763600000000000000e+05
3.137100000000000000e+04
7.211025500000000000e+07
1.305360000000000000e+06
4.782190000000000000e+05
