7.886790000000000000e+05
4.699580000000000000e+05
5.291800000000000000e+04
4.507500000000000000e+05
9.248650000000000000e+05
3.140680000000000000e+05
3.065320000000000000e+05
2.523130000000000000e+05
2.797311000000000000e+06
6.748350000000000000e+05
5.053750000000000000e+05
1.011127000000000000e+06
2.986580000000000000e+05
4.004980000000000000e+05
3.685200000000000000e+04
4.602740000000000000e+05
7.076980000000000000e+05
3.117820000000000000e+05
3.405020000000000000e+05
3.403250000000000000e+05
3.095379000000000000e+06
8.437090000000000000e+05
8.670120000000000000e+05
1.138039000000000000e+06
5.760280000000000000e+05
4.267890000000000000e+05
3.957100000000000000e+04
2.696660000000000000e+05
3.932420000000000000e+05
3.025630000000000000e+05
3.820220000000000000e+05
3.555570000000000000e+05
3.200238000000000000e+06
8.021840000000000000e+05
6.182080000000000000e+05
9.786570000000000000e+05
3.786560000000000000e+05
2.800820000000000000e+05
3.662800000000000000e+04
2.580480000000000000e+05
5.389990000000000000e+05
2.109290000000000000e+05
2.464370000000000000e+05
2.120700000000000000e+05
2.843620000000000000e+06
6.812470000000000000e+05
4.684160000000000000e+05
8.577850000000000000e+05
2.479390000000000000e+05
2.659360000000000000e+05
3.803000000000000000e+04
3.437860000000000000e+05
6.696380000000000000e+05
3.629240000000000000e+05
3.248020000000000000e+05
3.681410000000000000e+05
2.528230000000000000e+06
7.748330000000000000e+05
7.001400000000000000e+05
9.095470000000000000e+05
4.753060000000000000e+05
5.035470000000000000e+05
3.868200000000000000e+04
5.982750000000000000e+05
7.965770000000000000e+05
2.874520000000000000e+05
4.166290000000000000e+05
3.408220000000000000e+05
3.080734000000000000e+06
9.806250000000000000e+05
1.587765000000000000e+06
1.639376000000000000e+06
1.100048000000000000e+06
9.227400000000000000e+05
1.411460000000000000e+05
1.011773000000000000e+06
1.394290000000000000e+06
7.739440000000000000e+05
7.966510000000000000e+05
8.439840000000000000e+05
3.451749000000000000e+06
1.434602000000000000e+06
2.102016000000000000e+06
1.592299000000000000e+06
1.082813000000000000e+06
1.124058000000000000e+06
9.749000000000000000e+04
1.229790000000000000e+06
2.023310000000000000e+06
1.162378000000000000e+06
1.457280000000000000e+06
1.306900000000000000e+06
3.552916000000000000e+06
1.804537000000000000e+06
2.953999000000000000e+06
2.269477000000000000e+06
1.791552000000000000e+06
1.609497000000000000e+06
1.693990000000000000e+05
1.397790000000000000e+06
2.348865000000000000e+06
1.300698000000000000e+06
1.453076000000000000e+06
1.323479000000000000e+06
4.271235000000000000e+06
6.055760000000000000e+05
1.461598000000000000e+06
1.389343000000000000e+06
8.624630000000000000e+05
6.093280000000000000e+05
5.470710000000000000e+05
1.992000000000000000e+04
9.756750000000000000e+05
6.778300000000000000e+05
9.285380000000000000e+05
9.376900000000000000e+05
3.718785000000000000e+06
5.906990000000000000e+05
1.825102000000000000e+06
1.575682000000000000e+06
1.027578000000000000e+06
1.126415000000000000e+06
1.131694000000000000e+06
9.272000000000000000e+04
1.882589000000000000e+06
1.544614000000000000e+06
1.729220000000000000e+06
1.622388000000000000e+06
6.862123600000000000e+07
5.457640000000000000e+05
2.377193000000000000e+06
1.443287000000000000e+06
6.217420000000000000e+05
6.060680000000000000e+05
8.423110000000000000e+05
7.661900000000000000e+04
1.339354000000000000e+06
4.905690000000000000e+05
9.189310000000000000e+05
1.031573000000000000e+06
4.113732000000000000e+06
6.470930000000000000e+05
1.908245000000000000e+06
2.080346000000000000e+06
1.244740000000000000e+06
6.860710000000000000e+05
3.239500000000000000e+05
3.540200000000000000e+04
1.369136000000000000e+06
