1.095936000000000000e+06
9.577740000000000000e+05
3.995257000000000000e+06
6.311510000000000000e+05
2.195550000000000000e+06
5.594370000000000000e+05
9.328370000000000000e+05
1.307665000000000000e+06
1.211967000000000000e+06
8.725400000000000000e+04
1.060330000000000000e+06
1.394012000000000000e+06
7.213800000000000000e+05
4.952880000000000000e+05
3.616421000000000000e+06
5.962860000000000000e+05
8.598890000000000000e+05
4.803710000000000000e+05
7.219090000000000000e+05
4.181590000000000000e+05
1.717830000000000000e+05
1.541700000000000000e+04
9.046970000000000000e+05
1.168294000000000000e+06
2.451460000000000000e+05
8.393300000000000000e+04
3.060184000000000000e+06
6.293660000000000000e+05
7.089570000000000000e+05
3.003110000000000000e+05
3.721310000000000000e+05
3.062420000000000000e+05
3.899380000000000000e+05
2.858200000000000000e+04
1.159262000000000000e+06
1.040790000000000000e+06
4.394520000000000000e+05
5.394300000000000000e+05
3.206680000000000000e+06
6.053810000000000000e+05
9.307070000000000000e+05
4.065820000000000000e+05
3.466510000000000000e+05
5.614200000000000000e+05
5.294730000000000000e+05
7.024200000000000000e+04
6.320520000000000000e+05
9.189270000000000000e+05
1.455630000000000000e+05
3.559890000000000000e+05
3.036161000000000000e+06
5.337960000000000000e+05
6.097120000000000000e+05
4.563780000000000000e+05
3.882070000000000000e+05
4.186370000000000000e+05
4.227510000000000000e+05
3.131700000000000000e+04
5.978970000000000000e+05
8.922070000000000000e+05
2.750150000000000000e+05
1.698090000000000000e+05
2.920175000000000000e+06
5.330500000000000000e+05
3.185220000000000000e+05
8.799900000000000000e+04
2.130740000000000000e+05
4.578240000000000000e+05
6.115350000000000000e+05
2.056000000000000000e+04
1.977662000000000000e+06
2.484288000000000000e+06
2.182388000000000000e+06
1.802917000000000000e+06
4.046348000000000000e+06
6.772200000000000000e+05
2.184482000000000000e+06
1.838314000000000000e+06
1.639883000000000000e+06
1.396853000000000000e+06
1.532302000000000000e+06
7.238900000000000000e+04
2.171975000000000000e+06
7.287460500000000000e+07
5.202430000000000000e+05
1.928370000000000000e+05
7.480330000000000000e+05
4.322500000000000000e+04
9.798090000000000000e+05
7.555480000000000000e+05
8.348110000000000000e+05
1.043841000000000000e+06
9.064860000000000000e+05
4.796100000000000000e+04
6.398770000000000000e+05
3.011685000000000000e+06
1.022500000000000000e+06
8.428950000000000000e+05
7.736030000000000000e+05
5.802700000000000000e+04
7.526630000000000000e+05
5.633540000000000000e+05
7.033800000000000000e+05
1.026668000000000000e+06
7.443730000000000000e+05
8.905500000000000000e+04
5.185580000000000000e+05
2.926157000000000000e+06
6.234100000000000000e+05
2.898710000000000000e+05
3.861120000000000000e+05
2.433100000000000000e+04
1.335880000000000000e+05
2.467180000000000000e+05
2.580680000000000000e+05
3.079230000000000000e+05
7.495370400000000000e+07
4.013740000000000000e+05
1.540060000000000000e+05
5.951180000000000000e+05
2.043620000000000000e+05
4.059230000000000000e+05
1.455880000000000000e+05
1.037200000000000000e+04
1.260970000000000000e+05
2.628650000000000000e+05
3.984460000000000000e+05
1.147200000000000000e+06
2.223759000000000000e+06
4.462440000000000000e+05
4.542260000000000000e+05
8.587040000000000000e+05
5.030470000000000000e+05
9.992260000000000000e+05
4.992730000000000000e+05
2.559100000000000000e+04
5.041620000000000000e+05
3.627640000000000000e+05
3.268770000000000000e+05
6.421690000000000000e+05
2.606929000000000000e+06
4.505880000000000000e+05
3.603890000000000000e+05
8.771070000000000000e+05
6.929034700000000000e+07
2.631315000000000000e+06
2.877663000000000000e+06
1.191700000000000000e+05
3.258665000000000000e+06
