4.137471000000000000e+06
3.628806000000000000e+06
3.356264000000000000e+06
3.718588000000000000e+06
3.307320000000000000e+05
6.750376000000000000e+06
6.880854000000000000e+06
3.996700000000000000e+06
3.156239000000000000e+06
2.679467000000000000e+06
2.337660000000000000e+05
4.570420000000000000e+06
2.972855000000000000e+06
3.614014000000000000e+06
4.343099000000000000e+06
4.918221000000000000e+06
1.145660000000000000e+05
6.539245000000000000e+06
5.401641000000000000e+06
2.848570000000000000e+06
2.632639000000000000e+06
2.665156000000000000e+06
1.964080000000000000e+05
3.927474000000000000e+06
1.367592000000000000e+06
1.226592000000000000e+06
9.180300000000000000e+05
5.845220000000000000e+05
6.130700000000000000e+04
4.609090000000000000e+05
3.881530000000000000e+06
9.570550000000000000e+05
4.824170000000000000e+05
6.908614400000000000e+07
5.451500000000000000e+05
1.149509000000000000e+06
6.372870000000000000e+05
5.350930000000000000e+05
5.777410000000000000e+05
1.112665000000000000e+06
7.203000000000000000e+04
4.017330000000000000e+05
8.108060000000000000e+05
9.595790000000000000e+05
9.122810000000000000e+05
3.345155000000000000e+06
5.162320000000000000e+05
1.073583000000000000e+06
6.004380000000000000e+05
6.325920000000000000e+05
6.598840000000000000e+05
1.329942000000000000e+06
9.254000000000000000e+04
6.253100000000000000e+05
6.976310000000000000e+05
7.506920000000000000e+05
6.514900000000000000e+05
3.425430000000000000e+06
5.757200000000000000e+05
1.389610000000000000e+06
9.226050000000000000e+05
8.577850000000000000e+05
8.003940000000000000e+05
1.287294000000000000e+06
8.281900000000000000e+04
5.213720000000000000e+05
6.613540000000000000e+05
7.267100000000000000e+05
7.216590000000000000e+05
3.597883000000000000e+06
5.571440000000000000e+05
1.103604000000000000e+06
6.005730000000000000e+05
6.950000000000000000e+05
5.874180000000000000e+05
9.954620000000000000e+05
5.628500000000000000e+04
6.011400000000000000e+05
8.007460000000000000e+05
8.504820000000000000e+05
7.584830000000000000e+05
6.586926900000000000e+07
5.382560000000000000e+05
2.540898000000000000e+06
2.425256000000000000e+06
3.268376000000000000e+06
3.565536000000000000e+06
3.079136000000000000e+06
2.558320000000000000e+05
3.619179000000000000e+06
1.892343000000000000e+06
2.453915000000000000e+06
2.341150000000000000e+06
3.891313000000000000e+06
6.497070000000000000e+05
3.069640000000000000e+06
1.082260000000000000e+06
9.012060000000000000e+05
6.626100000000000000e+05
4.265530000000000000e+05
2.708000000000000000e+04
1.219110000000000000e+06
6.465100000000000000e+05
1.129291000000000000e+06
1.666241000000000000e+06
4.215317000000000000e+06
5.771800000000000000e+05
4.049197000000000000e+06
1.307620000000000000e+06
7.016660000000000000e+05
5.568930000000000000e+05
4.995760000000000000e+05
4.165600000000000000e+04
5.911070000000000000e+05
2.708680000000000000e+05
3.643140000000000000e+05
3.238540000000000000e+05
2.836073000000000000e+06
6.126780000000000000e+05
1.417371000000000000e+06
4.753450000000000000e+05
7.316470000000000000e+05
6.706940000000000000e+05
6.514134700000000000e+07
5.608190000000000000e+05
1.492457000000000000e+06
1.480965000000000000e+06
1.255573000000000000e+06
1.460578000000000000e+06
7.439590000000000000e+05
6.879900000000000000e+04
1.779960000000000000e+06
1.423509000000000000e+06
1.254851000000000000e+06
2.041308000000000000e+06
3.959466000000000000e+06
6.216180000000000000e+05
1.304234000000000000e+06
1.527333000000000000e+06
1.533243000000000000e+06
2.374834000000000000e+06
9.460660000000000000e+05
1.156280000000000000e+05
1.492351000000000000e+06
8.424650000000000000e+05
7.202740000000000000e+05
1.475262000000000000e+06
3.616303000000000000e+06
6.337940000000000000e+05
