1.233701000000000000e+06
7.001350000000000000e+05
1.295451000000000000e+06
5.111170000000000000e+05
4.408100000000000000e+04
5.461700000000000000e+05
7.677020000000000000e+05
8.796230000000000000e+05
1.902178000000000000e+06
3.847543000000000000e+06
6.186020000000000000e+05
1.991191000000000000e+06
1.331761000000000000e+06
1.155777000000000000e+06
2.038094000000000000e+06
1.005846000000000000e+06
8.904200000000000000e+04
9.629720000000000000e+05
1.025458000000000000e+06
1.039548000000000000e+06
1.780889000000000000e+06
3.520479000000000000e+06
5.859430000000000000e+05
1.146993000000000000e+06
6.920470000000000000e+05
5.147110000000000000e+05
8.655880000000000000e+05
2.480270000000000000e+05
2.443900000000000000e+04
3.333580000000000000e+05
3.812280000000000000e+05
3.923890000000000000e+05
5.044910000000000000e+05
3.643219000000000000e+06
6.090520000000000000e+05
9.800220000000000000e+05
6.846409200000000000e+07
1.060823000000000000e+06
6.642580000000000000e+05
6.435210000000000000e+05
5.777900000000000000e+04
5.567820000000000000e+05
1.277449000000000000e+06
4.572140000000000000e+05
5.487250000000000000e+05
4.394540000000000000e+05
2.828700000000000000e+04
9.711230000000000000e+05
2.861684000000000000e+06
9.199260000000000000e+05
2.448090000000000000e+05
1.098120000000000000e+05
1.278420000000000000e+05
6.914000000000000000e+03
1.315600000000000000e+05
5.654200000000000000e+05
2.585550000000000000e+05
2.401110000000000000e+05
3.104870000000000000e+05
6.678560000000000000e+05
2.266028000000000000e+06
7.423230000000000000e+05
8.586090000000000000e+05
1.384937000000000000e+06
1.472606000000000000e+06
6.782300000000000000e+04
1.731872000000000000e+06
2.909777000000000000e+06
1.519686000000000000e+06
2.501781000000000000e+06
8.125719000000000000e+06
7.979590000000000000e+05
1.287112600000000000e+07
1.854920000000000000e+07
8.923697000000000000e+06
8.116758000000000000e+06
7.288175000000000000e+06
2.117270000000000000e+05
5.957772000000000000e+07
1.118588000000000000e+06
8.181680000000000000e+05
1.772115000000000000e+06
7.663580000000000000e+05
8.664710000000000000e+05
1.034619000000000000e+06
9.481750000000000000e+05
7.220270000000000000e+05
7.738900000000000000e+05
4.205730000000000000e+05
3.190300000000000000e+04
3.074522000000000000e+06
1.333824000000000000e+06
1.112852000000000000e+06
2.244902000000000000e+06
1.853077000000000000e+06
9.156970000000000000e+05
1.950509000000000000e+06
1.268224000000000000e+06
7.448370000000000000e+05
1.978458000000000000e+06
1.361241000000000000e+06
1.146470000000000000e+05
3.458827000000000000e+06
1.032376000000000000e+06
7.226260000000000000e+05
1.305209000000000000e+06
6.811840000000000000e+05
8.586280000000000000e+05
1.167567000000000000e+06
1.002382000000000000e+06
8.910650000000000000e+05
3.289539000000000000e+06
1.243071000000000000e+06
1.219490000000000000e+05
3.221740000000000000e+06
1.933066000000000000e+06
1.865015000000000000e+06
2.452287000000000000e+06
1.671954000000000000e+06
9.565600000000000000e+05
1.794187000000000000e+06
1.773149000000000000e+06
1.746666000000000000e+06
2.691660000000000000e+06
9.945670000000000000e+05
8.199200000000000000e+04
3.236487000000000000e+06
1.183559000000000000e+06
5.933440000000000000e+05
1.395562000000000000e+06
4.763830000000000000e+05
8.571480000000000000e+05
5.186380000000000000e+05
1.059088000000000000e+06
1.831624000000000000e+06
3.606712000000000000e+06
1.624101000000000000e+06
1.670520000000000000e+05
4.156555000000000000e+06
1.730242000000000000e+06
6.734478500000000000e+07
2.182284000000000000e+06
1.995325000000000000e+06
8.243690000000000000e+05
2.169448000000000000e+06
1.581775000000000000e+06
2.310335000000000000e+06
3.891882000000000000e+06
2.006667000000000000e+06
