2.523283000000000000e+06
2.092192000000000000e+06
4.357972000000000000e+06
2.220058000000000000e+06
4.607700000000000000e+05
4.468700000000000000e+04
8.481660000000000000e+05
1.156575000000000000e+06
1.229989000000000000e+06
2.201196000000000000e+06
1.304581000000000000e+06
1.098327000000000000e+06
1.535875000000000000e+06
1.802489000000000000e+06
4.069567000000000000e+06
3.264359000000000000e+06
6.869080600000000000e+07
4.443960000000000000e+05
2.167921000000000000e+06
1.137094000000000000e+06
9.626570000000000000e+05
1.019366000000000000e+06
7.320760000000000000e+05
8.294840000000000000e+05
2.035942000000000000e+06
1.070483000000000000e+06
1.102809000000000000e+06
1.072174000000000000e+06
3.377430000000000000e+06
5.086590000000000000e+05
2.242232000000000000e+06
1.923650000000000000e+06
2.357794000000000000e+06
2.439996000000000000e+06
1.859370000000000000e+06
9.635550000000000000e+05
2.028488000000000000e+06
7.338400000000000000e+05
1.537668000000000000e+06
2.146430000000000000e+06
4.212830000000000000e+06
5.036860000000000000e+05
3.857609000000000000e+06
2.065497000000000000e+06
1.596449000000000000e+06
1.255219000000000000e+06
1.236613000000000000e+06
9.167480000000000000e+05
3.263455000000000000e+06
2.147989000000000000e+06
2.304855000000000000e+06
1.925940000000000000e+06
3.434019000000000000e+06
5.166940000000000000e+05
3.707376000000000000e+06
2.028519000000000000e+06
1.821959000000000000e+06
1.330752000000000000e+06
9.751250000000000000e+05
8.701420000000000000e+05
1.679323000000000000e+06
1.175879000000000000e+06
1.264128000000000000e+06
1.484182000000000000e+06
3.378890000000000000e+06
5.036420000000000000e+05
2.472578000000000000e+06
1.680648000000000000e+06
2.161224000000000000e+06
2.147576000000000000e+06
2.294199000000000000e+06
8.972040000000000000e+05
3.607749000000000000e+06
1.585881000000000000e+06
1.034129000000000000e+06
5.639250000000000000e+05
3.295401000000000000e+06
4.874610000000000000e+05
3.347031000000000000e+06
2.646514000000000000e+06
2.834879000000000000e+06
2.679014000000000000e+06
2.232364000000000000e+06
9.636300000000000000e+05
2.935800000000000000e+06
1.257065000000000000e+06
1.402766000000000000e+06
1.615564000000000000e+06
3.776822000000000000e+06
5.174960000000000000e+05
3.475382000000000000e+06
1.754844000000000000e+06
1.656743000000000000e+06
1.224051000000000000e+06
9.411970000000000000e+05
8.590850000000000000e+05
7.607390000000000000e+05
2.636700000000000000e+05
6.131890000000000000e+05
9.317650000000000000e+05
3.269142000000000000e+06
2.184327000000000000e+06
1.032170000000000000e+05
8.298420000000000000e+05
9.339600000000000000e+05
7.611820000000000000e+05
7.408390000000000000e+05
1.909009000000000000e+06
9.602600000000000000e+04
6.444680000000000000e+05
6.795130000000000000e+05
5.476930000000000000e+05
2.856940000000000000e+06
1.219046000000000000e+06
5.419400000000000000e+04
3.435050000000000000e+05
3.783900000000000000e+05
3.115090000000000000e+05
3.849390000000000000e+05
9.812520000000000000e+05
6.088100000000000000e+04
8.131100000000000000e+04
2.681950000000000000e+05
4.561240000000000000e+05
2.252191000000000000e+06
1.677403000000000000e+06
6.918100000000000000e+04
6.687354300000000000e+07
1.665806000000000000e+06
8.922530000000000000e+05
8.606260000000000000e+05
1.262702000000000000e+06
1.097350000000000000e+05
7.214770000000000000e+05
3.653180000000000000e+06
3.057980000000000000e+06
2.685513000000000000e+06
2.564062000000000000e+06
1.012300000000000000e+05
4.827624000000000000e+06
4.094156000000000000e+06
2.076086000000000000e+06
3.354461000000000000e+06
4.181592000000000000e+06
1.451330000000000000e+05
3.457523000000000000e+06
5.189892000000000000e+06
2.941000000000000000e+06
3.219557000000000000e+06
