1.656380000000000000e+06
2.102787000000000000e+06
1.910365000000000000e+06
1.615870000000000000e+06
1.651111000000000000e+06
1.775658000000000000e+06
1.108140000000000000e+05
2.381404000000000000e+06
1.058390000000000000e+06
8.745890000000000000e+05
9.299920000000000000e+05
3.741830000000000000e+06
2.408730000000000000e+05
1.632117000000000000e+06
1.012721000000000000e+06
8.184940000000000000e+05
6.772870000000000000e+05
5.992760000000000000e+05
8.399300000000000000e+04
1.001066000000000000e+06
6.351540000000000000e+05
4.699610000000000000e+05
4.915080000000000000e+05
2.816899000000000000e+06
2.712530000000000000e+05
6.045650000000000000e+05
4.053520000000000000e+05
5.793510000000000000e+05
7.533330000000000000e+05
8.446350000000000000e+05
7.959700000000000000e+04
1.684980000000000000e+06
8.999440000000000000e+05
9.473310000000000000e+05
1.060868000000000000e+06
4.181960000000000000e+06
3.059080000000000000e+05
1.701595000000000000e+06
1.073849000000000000e+06
9.803140000000000000e+05
5.700970000000000000e+05
7.446920000000000000e+05
8.416000000000000000e+04
2.027659000000000000e+06
8.539580000000000000e+05
8.622500000000000000e+05
7.424040000000000000e+05
3.676816000000000000e+06
3.255080000000000000e+05
1.104479000000000000e+06
3.324910000000000000e+05
1.542270000000000000e+05
1.732080000000000000e+05
3.234450000000000000e+05
9.188300000000000000e+04
8.943070000000000000e+05
5.269980000000000000e+05
3.729960000000000000e+05
3.377830000000000000e+05
3.598645000000000000e+06
2.835280000000000000e+05
6.921900000000000000e+05
1.753860000000000000e+05
2.207640000000000000e+05
1.484760000000000000e+05
2.869910000000000000e+05
5.327000000000000000e+04
1.327076000000000000e+06
1.241566000000000000e+06
9.894480000000000000e+05
9.665820000000000000e+05
4.260716000000000000e+06
3.403170000000000000e+05
1.340100000000000000e+06
7.890450000000000000e+05
6.668100000000000000e+05
3.899060000000000000e+05
2.255020000000000000e+05
1.079390000000000000e+05
7.699870000000000000e+05
5.623110000000000000e+05
5.196160000000000000e+05
6.318130000000000000e+05
3.494026000000000000e+06
3.136360000000000000e+05
6.490580000000000000e+05
4.270950000000000000e+05
5.002870000000000000e+05
6.460580000000000000e+05
6.260680000000000000e+05
6.679700000000000000e+04
6.399070000000000000e+05
3.886950000000000000e+05
4.059380000000000000e+05
2.674490000000000000e+05
2.331096000000000000e+06
3.339990000000000000e+05
6.633712900000000000e+07
6.011540000000000000e+05
4.710300000000000000e+05
9.537180000000000000e+05
5.548440000000000000e+05
6.193500000000000000e+04
6.468140000000000000e+05
9.330080000000000000e+05
1.008998000000000000e+06
1.575148000000000000e+06
1.085464000000000000e+06
7.618100000000000000e+04
5.697083000000000000e+06
1.367507000000000000e+06
1.305692000000000000e+06
2.298820000000000000e+06
1.350587000000000000e+06
1.182450000000000000e+05
1.340504000000000000e+06
1.482160000000000000e+06
1.443564000000000000e+06
2.419443000000000000e+06
1.597700000000000000e+06
1.038050000000000000e+05
6.106070000000000000e+06
1.655949000000000000e+06
1.421205000000000000e+06
2.435956000000000000e+06
1.445813000000000000e+06
1.532510000000000000e+05
1.348458000000000000e+06
1.239963000000000000e+06
1.189663000000000000e+06
1.724092000000000000e+06
8.134130000000000000e+05
8.737000000000000000e+04
3.515119000000000000e+06
1.213366000000000000e+06
1.008528000000000000e+06
1.559874000000000000e+06
1.095150000000000000e+06
9.313400000000000000e+04
1.280417000000000000e+06
1.361276000000000000e+06
1.403898000000000000e+06
2.222367000000000000e+06
1.246359000000000000e+06
1.506960000000000000e+05
5.198460000000000000e+06
1.671944000000000000e+06
1.396135000000000000e+06
2.623986000000000000e+06
1.437836000000000000e+06
1.623560000000000000e+05
1.378531000000000000e+06
1.403800000000000000e+06
1.559925000000000000e+06
2.687586000000000000e+06
1.407302000000000000e+06
1.761300000000000000e+05
4.360626000000000000e+06
1.564096000000000000e+06
1.110845000000000000e+06
1.967868000000000000e+06
1.251974000000000000e+06
1.127580000000000000e+05
1.159616000000000000e+06
1.233554000000000000e+06
1.062203000000000000e+06
1.686929000000000000e+06
1.010572000000000000e+06
1.146620000000000000e+05
3.454013000000000000e+06
1.180703000000000000e+06
7.821520000000000000e+05
1.630337000000000000e+06
1.305204000000000000e+06
1.229960000000000000e+05
1.564672000000000000e+06
1.567693000000000000e+06
1.588125000000000000e+06
3.072311000000000000e+06
2.255447000000000000e+06
1.612970000000000000e+05
4.627062000000000000e+06
2.688853000000000000e+06
2.383834000000000000e+06
3.173044000000000000e+06
1.431980000000000000e+06
1.274320000000000000e+05
1.341338000000000000e+06
1.201551000000000000e+06
1.093599000000000000e+06
1.691046000000000000e+06
6.621120000000000000e+05
7.322900000000000000e+04
3.041325000000000000e+06
9.096190000000000000e+05
6.050970000000000000e+05
1.642365000000000000e+06
1.000680000000000000e+06
9.909300000000000000e+04
1.134526000000000000e+06
1.191598000000000000e+06
1.340364000000000000e+06
2.655564000000000000e+06
1.462849000000000000e+06
1.395163000000000000e+06
3.368937000000000000e+06
1.451060000000000000e+06
1.588678000000000000e+06
3.320789000000000000e+06
4.124789000000000000e+06
6.265699000000000000e+06
1.457420000000000000e+05
7.335077000000000000e+06
8.824537000000000000e+06
9.140871000000000000e+06
8.721387000000000000e+06
1.011885000000000000e+07
4.055111000000000000e+06
8.691923000000000000e+06
7.732830000000000000e+06
6.612229000000000000e+06
4.511179000000000000e+06
4.618549000000000000e+06
1.564370000000000000e+05
1.315293200000000000e+07
1.799281100000000000e+07
1.930714900000000000e+07
1.704771600000000000e+07
1.489266500000000000e+07
3.684765000000000000e+06
1.274716800000000000e+07
1.041681100000000000e+07
8.223268000000000000e+06
4.233397000000000000e+06
7.697200000000000000e+05
8.324700000000000000e+04
6.684660000000000000e+05
6.598000000000000000e+05
8.564230000000000000e+05
6.348710000000000000e+05
6.000600000000000000e+05
2.996884000000000000e+06
6.103340000000000000e+05
7.289720000000000000e+05
7.395790000000000000e+05
4.908320000000000000e+05
5.496600000000000000e+05
4.062600000000000000e+04
4.633160000000000000e+05
5.082210000000000000e+05
5.706260000000000000e+05
4.696490000000000000e+05
5.355160000000000000e+05
2.738875000000000000e+06
5.981010000000000000e+05
5.280980000000000000e+05
4.704390000000000000e+05
5.680090000000000000e+05
4.662810000000000000e+05
1.969100000000000000e+04
5.450230000000000000e+05
5.141530000000000000e+05
5.650390000000000000e+05
6.118080000000000000e+05
5.467330000000000000e+05
2.664637000000000000e+06
7.312050000000000000e+05
5.573650000000000000e+05
7.083910000000000000e+05
6.418810000000000000e+05
7.273260000000000000e+05
3.713000000000000000e+04
7.531280000000000000e+05
8.678840000000000000e+05
8.447740000000000000e+05
9.369970000000000000e+05
9.514370000000000000e+05
2.904685000000000000e+06
1.189049000000000000e+06
1.178665000000000000e+06
1.173139000000000000e+06
1.251092000000000000e+06
1.294543000000000000e+06
3.817600000000000000e+04
1.324454000000000000e+06
1.310363000000000000e+06
1.396328000000000000e+06
1.331784000000000000e+06
1.287177000000000000e+06
2.808093000000000000e+06
2.123981000000000000e+06
3.031906000000000000e+06
4.088507000000000000e+06
5.155194000000000000e+06
6.192565000000000000e+06
1.107980000000000000e+05
7.461923000000000000e+06
8.568420000000000000e+06
9.106648000000000000e+06
1.001017500000000000e+07
1.091592000000000000e+07
3.138085000000000000e+06
1.190226900000000000e+07
1.229114100000000000e+07
1.307315300000000000e+07
1.417360600000000000e+07
1.487613700000000000e+07
2.711530000000000000e+05
1.612792600000000000e+07
1.821364100000000000e+07
1.931010900000000000e+07
2.043494500000000000e+07
2.201719600000000000e+07
3.709119000000000000e+06
2.389677200000000000e+07
2.571067400000000000e+07
2.838652700000000000e+07
3.654358000000000000e+07
4.192553600000000000e+07
6.418660000000000000e+05
3.548808200000000000e+07
2.617163400000000000e+07
2.263585600000000000e+07
2.134727500000000000e+07
1.513458000000000000e+07
4.743877000000000000e+06
9.315115000000000000e+06
2.712582800000000000e+07
1.456210000000000000e+06
1.637294000000000000e+06
1.612449000000000000e+06
1.237240000000000000e+05
2.631878000000000000e+06
1.495806000000000000e+06
1.562506000000000000e+06
1.617891000000000000e+06
1.267580000000000000e+06
5.067070000000000000e+06
2.045616000000000000e+06
6.113660000000000000e+05
5.250260000000000000e+05
6.269560000000000000e+05
5.994150000000000000e+05
5.403000000000000000e+04
2.018451000000000000e+06
1.201153000000000000e+06
9.980200000000000000e+05
7.823220000000000000e+05
1.058313000000000000e+06
3.741298000000000000e+06
3.694357000000000000e+06
2.465843000000000000e+06
2.353626000000000000e+06
1.913148000000000000e+06
1.485059000000000000e+06
1.837860000000000000e+05
1.244930000000000000e+06
7.700810000000000000e+05
8.119680000000000000e+05
1.139750000000000000e+06
1.210870000000000000e+06
3.880418000000000000e+06
1.978524000000000000e+06
6.719540000000000000e+05
1.481684000000000000e+06
1.812821000000000000e+06
1.411388000000000000e+06
1.439060000000000000e+05
1.777999000000000000e+06
9.510290000000000000e+05
8.894940000000000000e+05
9.662870000000000000e+05
9.404000000000000000e+05
3.400803000000000000e+06
1.848051000000000000e+06
8.164300000000000000e+05
1.069369000000000000e+06
1.257347000000000000e+06
1.138204000000000000e+06
9.582700000000000000e+04
1.823894000000000000e+06
1.110348000000000000e+06
1.186877000000000000e+06
7.880810000000000000e+05
7.378060000000000000e+05
3.517319000000000000e+06
1.381156000000000000e+06
3.844390000000000000e+05
3.374790000000000000e+05
3.503000000000000000e+05
3.085270000000000000e+05
2.317600000000000000e+04
5.099440000000000000e+05
3.298400000000000000e+05
4.351040000000000000e+05
4.092420000000000000e+05
3.483490000000000000e+05
3.218872000000000000e+06
8.649460000000000000e+05
1.333674000000000000e+06
1.775332000000000000e+06
2.279428000000000000e+06
2.311487000000000000e+06
2.248177000000000000e+06
2.056930000000000000e+05
3.091118000000000000e+06
1.482796000000000000e+06
1.390164000000000000e+06
9.564880000000000000e+05
3.701779000000000000e+06
5.057450000000000000e+05
1.023925000000000000e+06
6.390920000000000000e+05
7.621030000000000000e+05
6.580530000000000000e+05
4.676670000000000000e+05
4.043500000000000000e+04
7.713880000000000000e+05
3.534370000000000000e+05
2.428210000000000000e+05
3.111950000000000000e+05
3.439851000000000000e+06
4.997910000000000000e+05
1.181919000000000000e+06
7.150780000000000000e+05
9.066560000000000000e+05
1.384771000000000000e+06
1.584212000000000000e+06
9.944800000000000000e+04
1.925517000000000000e+06
4.211600000000000000e+05
3.498790000000000000e+05
3.081780000000000000e+05
3.329301000000000000e+06
5.396530000000000000e+05
1.186131000000000000e+06
1.153646000000000000e+06
1.381861000000000000e+06
1.239061000000000000e+06
9.028490000000000000e+05
7.006500000000000000e+04
1.995374000000000000e+06
1.749555000000000000e+06
1.704054000000000000e+06
1.287234000000000000e+06
3.677391000000000000e+06
5.166190000000000000e+05
1.085919000000000000e+06
7.514040000000000000e+05
5.517790000000000000e+05
3.356770000000000000e+05
3.676810000000000000e+05
2.511900000000000000e+04
8.173310000000000000e+05
4.362360000000000000e+05
7.125930000000000000e+05
6.813800000000000000e+05
3.763818000000000000e+06
4.841220000000000000e+05
1.309206000000000000e+06
8.134870000000000000e+05
9.423140000000000000e+05
8.291960000000000000e+05
6.024250000000000000e+05
8.526700000000000000e+04
1.107797000000000000e+06
7.102540000000000000e+05
8.990930000000000000e+05
1.033412000000000000e+06
6.700701600000000000e+07
3.639450000000000000e+05
1.957220000000000000e+05
1.208680000000000000e+05
2.393630000000000000e+05
1.193110000000000000e+05
1.635630000000000000e+05
3.246100000000000000e+04
2.072910000000000000e+05
3.485270000000000000e+05
5.774000000000000000e+05
6.238910000000000000e+05
2.972692000000000000e+06
3.893540000000000000e+05
1.467482000000000000e+06
1.849415000000000000e+06
2.004009000000000000e+06
2.026425000000000000e+06
1.868674000000000000e+06
1.387940000000000000e+05
1.491390000000000000e+06
1.350088000000000000e+06
1.759030000000000000e+06
2.257739000000000000e+06
4.921170000000000000e+06
4.495920000000000000e+05
3.726196000000000000e+06
3.563146000000000000e+06
3.155634000000000000e+06
2.306625000000000000e+06
1.513757000000000000e+06
1.558260000000000000e+05
7.583860000000000000e+05
1.937398000000000000e+06
2.279223000000000000e+06
2.177310000000000000e+06
3.950459000000000000e+06
4.134300000000000000e+05
1.542796000000000000e+06
1.339325000000000000e+06
1.459533000000000000e+06
1.510543000000000000e+06
1.247091000000000000e+06
1.091310000000000000e+05
1.037456000000000000e+06
1.229768000000000000e+06
1.741884000000000000e+06
2.674262000000000000e+06
5.568128000000000000e+06
4.271000000000000000e+05
2.944873000000000000e+06
3.175428000000000000e+06
3.034100000000000000e+06
2.467368000000000000e+06
2.352624000000000000e+06
2.356500000000000000e+05
2.313431000000000000e+06
4.048491000000000000e+06
3.826950000000000000e+06
3.347012000000000000e+06
6.832395000000000000e+07
3.839740000000000000e+05
2.149054000000000000e+06
2.145498000000000000e+06
2.210208000000000000e+06
5.554721000000000000e+06
4.163284000000000000e+06
8.525600000000000000e+04
6.797921000000000000e+06
9.596106000000000000e+06
7.432498000000000000e+06
9.694263000000000000e+06
1.093008800000000000e+07
1.487280000000000000e+05
5.014098000000000000e+06
1.623277000000000000e+06
6.072801000000000000e+06
1.715112300000000000e+07
3.149355000000000000e+06
2.412650000000000000e+05
6.993005000000000000e+06
7.167399000000000000e+06
4.170401000000000000e+06
9.631855000000000000e+06
9.478029000000000000e+06
1.225950000000000000e+05
2.842643000000000000e+06
6.436923000000000000e+06
8.140859000000000000e+06
4.289401000000000000e+06
7.865973000000000000e+06
9.862600000000000000e+04
7.966848000000000000e+06
6.501879000000000000e+06
5.724525400000000000e+07
1.075606000000000000e+06
1.264040000000000000e+05
1.658000000000000000e+04
6.452000000000000000e+04
3.205480000000000000e+05
5.445680000000000000e+05
1.291892000000000000e+06
6.999890000000000000e+05
2.972400000000000000e+04
9.633280000000000000e+05
1.485991000000000000e+06
3.325162000000000000e+06
3.026075000000000000e+06
2.126715000000000000e+06
1.582040000000000000e+05
2.372593000000000000e+06
2.212049000000000000e+06
1.905121000000000000e+06
2.670412000000000000e+06
7.580560000000000000e+05
9.934500000000000000e+04
5.103260000000000000e+05
6.702430000000000000e+05
3.313833000000000000e+06
1.313955000000000000e+06
1.971580000000000000e+05
1.551400000000000000e+04
2.768880000000000000e+05
3.335940000000000000e+05
5.847210000000000000e+05
1.607129000000000000e+06
8.365150000000000000e+05
8.176000000000000000e+04
6.549839400000000000e+07
1.861961000000000000e+06
9.501220000000000000e+05
9.327610000000000000e+05
1.098424000000000000e+06
1.263059000000000000e+06
5.929600000000000000e+04
2.240967000000000000e+06
1.177566000000000000e+06
1.090456000000000000e+06
9.557660000000000000e+05
1.005809000000000000e+06
3.497122000000000000e+06
1.667350000000000000e+06
3.850700000000000000e+05
2.775410000000000000e+05
1.782920000000000000e+05
2.262070000000000000e+05
7.923000000000000000e+03
5.102220000000000000e+05
2.089610000000000000e+05
3.052060000000000000e+05
3.608620000000000000e+05
4.309430000000000000e+05
3.031423000000000000e+06
1.408996000000000000e+06
6.530020000000000000e+05
7.478050000000000000e+05
7.469500000000000000e+05
5.791150000000000000e+05
6.770300000000000000e+04
7.221170000000000000e+05
2.142110000000000000e+05
2.249550000000000000e+05
3.579760000000000000e+05
5.060880000000000000e+05
3.158528000000000000e+06
2.004127000000000000e+06
1.106668000000000000e+06
1.118791000000000000e+06
1.087575000000000000e+06
9.988290000000000000e+05
9.503000000000000000e+04
1.658725000000000000e+06
1.545925000000000000e+06
1.692637000000000000e+06
1.290111000000000000e+06
1.188392000000000000e+06
3.709201000000000000e+06
2.305829000000000000e+06
8.978740000000000000e+05
8.718480000000000000e+05
8.125540000000000000e+05
6.625340000000000000e+05
7.194100000000000000e+04
5.656720000000000000e+05
5.251980000000000000e+05
5.656060000000000000e+05
3.603740000000000000e+05
3.425280000000000000e+05
3.728155000000000000e+06
1.243945000000000000e+06
4.201320000000000000e+05
5.356750000000000000e+05
5.606250000000000000e+05
5.010570000000000000e+05
7.095300000000000000e+04
7.396550000000000000e+05
3.827670000000000000e+05
4.573830000000000000e+05
3.379690000000000000e+05
3.474380000000000000e+05
2.916755000000000000e+06
1.016041000000000000e+06
2.157010000000000000e+05
1.902700000000000000e+05
3.134100000000000000e+05
3.224480000000000000e+05
4.410900000000000000e+04
6.214520000000000000e+05
5.265690000000000000e+05
5.892460000000000000e+05
4.737890000000000000e+05
5.070990000000000000e+05
2.820679000000000000e+06
1.752243000000000000e+06
9.294100000000000000e+05
1.032128000000000000e+06
1.095388000000000000e+06
1.298718000000000000e+06
9.934500000000000000e+04
2.048671000000000000e+06
1.200301000000000000e+06
1.126708000000000000e+06
1.270897000000000000e+06
1.125134000000000000e+06
3.256184000000000000e+06
1.854731000000000000e+06
9.667360000000000000e+05
1.165242000000000000e+06
1.131535000000000000e+06
1.107278000000000000e+06
7.725200000000000000e+04
1.639561000000000000e+06
4.945780000000000000e+05
5.155670000000000000e+05
1.195755000000000000e+06
2.257212000000000000e+06
3.591841000000000000e+06
5.405501000000000000e+06
3.604646000000000000e+06
3.326499000000000000e+06
3.521009000000000000e+06
3.758293000000000000e+06
1.863230000000000000e+05
6.892091000000000000e+06
3.994357000000000000e+06
3.390169000000000000e+06
5.028648000000000000e+06
8.277480000000000000e+06
5.106108000000000000e+06
1.693357400000000000e+07
1.920319900000000000e+07
1.708839400000000000e+07
1.622572000000000000e+07
1.332029600000000000e+07
2.712860000000000000e+05
9.816739000000000000e+06
8.617688000000000000e+06
9.137383000000000000e+06
9.154110000000000000e+06
9.258882000000000000e+06
6.216104000000000000e+06
1.251895700000000000e+07
1.286375800000000000e+07
1.419445700000000000e+07
1.431938600000000000e+07
1.805284800000000000e+07
5.149110000000000000e+05
2.224718800000000000e+07
2.248228100000000000e+07
2.002181200000000000e+07
1.744508500000000000e+07
6.132848400000000000e+07
6.482481000000000000e+06
2.410808600000000000e+07
2.338353700000000000e+07
2.293110500000000000e+07
2.206052200000000000e+07
2.020956700000000000e+07
4.483770000000000000e+05
2.112040000000000000e+07
2.281978800000000000e+07
2.187089900000000000e+07
2.176932100000000000e+07
2.338183300000000000e+07
7.042236000000000000e+06
2.171234700000000000e+07
2.181312800000000000e+07
2.325558500000000000e+07
2.382726500000000000e+07
2.283176400000000000e+07
4.329230000000000000e+05
1.833690200000000000e+07
1.741471900000000000e+07
1.729250100000000000e+07
1.998074100000000000e+07
2.283867300000000000e+07
6.866094000000000000e+06
2.145155800000000000e+07
2.078575400000000000e+07
2.383041900000000000e+07
2.639030100000000000e+07
2.406633300000000000e+07
5.057730000000000000e+05
2.121154200000000000e+07
2.087181800000000000e+07
2.197191800000000000e+07
5.384497400000000000e+07
1.852130200000000000e+07
6.490726000000000000e+06
1.810049300000000000e+07
1.715939600000000000e+07
1.604412900000000000e+07
1.632002400000000000e+07
1.549299100000000000e+07
4.484710000000000000e+05
1.577698300000000000e+07
1.670647900000000000e+07
1.830058500000000000e+07
1.895505300000000000e+07
1.637611000000000000e+07
6.810540000000000000e+06
1.600977800000000000e+07
1.757992900000000000e+07
1.929082200000000000e+07
2.009095100000000000e+07
2.275278900000000000e+07
5.555490000000000000e+05
2.390057600000000000e+07
2.317998100000000000e+07
2.007362900000000000e+07
1.928639300000000000e+07
2.119687600000000000e+07
2.468427700000000000e+07
2.190200000000000000e+05
2.375806600000000000e+07
2.534849400000000000e+07
2.562836700000000000e+07
2.395649200000000000e+07
2.341473500000000000e+07
5.745620000000000000e+05
2.375693700000000000e+07
2.467059600000000000e+07
2.586269900000000000e+07
3.116774100000000000e+07
3.539969200000000000e+07
1.191470000000000000e+05
4.098307300000000000e+07
4.448393600000000000e+07
3.505888700000000000e+07
2.730844800000000000e+07
2.380022200000000000e+07
2.955580000000000000e+05
4.820531900000000000e+07
2.144212000000000000e+06
1.794900000000000000e+05
3.956390000000000000e+05
4.564954000000000000e+06
4.128670000000000000e+05
5.478300000000000000e+04
1.414710000000000000e+05
9.056400000000000000e+04
2.529420000000000000e+05
9.676200000000000000e+04
9.086000000000000000e+03
1.360260000000000000e+05
6.993418800000000000e+07
1.036225000000000000e+06
6.329410000000000000e+05
4.665110000000000000e+05
4.205000000000000000e+04
5.524610000000000000e+05
2.260420000000000000e+05
3.586280000000000000e+05
4.132570000000000000e+05
5.074400000000000000e+05
2.194000000000000000e+04
1.338211000000000000e+06
3.383658000000000000e+06
7.949710000000000000e+05
2.243160000000000000e+05
1.453480000000000000e+05
2.598300000000000000e+04
3.611650000000000000e+05
3.300280000000000000e+05
6.194920000000000000e+05
8.258330000000000000e+05
9.785110000000000000e+05
7.232000000000000000e+04
1.698143000000000000e+06
3.510628000000000000e+06
9.420710000000000000e+05
5.689810000000000000e+05
3.497600000000000000e+05
4.293800000000000000e+04
6.334840000000000000e+05
3.842250000000000000e+05
4.325820000000000000e+05
6.945490000000000000e+05
1.034866000000000000e+06
5.453300000000000000e+04
1.880882000000000000e+06
3.676028000000000000e+06
1.934234000000000000e+06
1.871649000000000000e+06
1.794729000000000000e+06
1.611890000000000000e+05
2.204899000000000000e+06
9.014670000000000000e+05
8.279930000000000000e+05
6.138260000000000000e+05
3.201670000000000000e+05
5.482000000000000000e+04
6.222010000000000000e+05
3.492792000000000000e+06
6.933690000000000000e+05
2.720480000000000000e+05
1.725490000000000000e+05
1.498600000000000000e+04
3.536800000000000000e+05
2.268840000000000000e+05
3.828930000000000000e+05
4.996600000000000000e+05
3.523010000000000000e+05
2.879600000000000000e+04
5.226280000000000000e+05
3.257322000000000000e+06
9.330060000000000000e+05
9.562210000000000000e+05
1.089824000000000000e+06
7.295000000000000000e+04
1.927980000000000000e+06
1.161018000000000000e+06
1.300313000000000000e+06
1.199720000000000000e+06
1.265506000000000000e+06
9.817700000000000000e+04
2.008654000000000000e+06
3.864063000000000000e+06
1.185688000000000000e+06
7.366270000000000000e+05
6.834750000000000000e+05
5.844500000000000000e+04
1.423610000000000000e+06
4.570840000000000000e+05
6.638490000000000000e+05
6.769360000000000000e+05
6.254030000000000000e+05
5.348600000000000000e+04
1.359095000000000000e+06
3.545476000000000000e+06
9.926930000000000000e+05
6.375860000000000000e+05
6.314600000000000000e+05
4.358500000000000000e+04
1.361054000000000000e+06
6.212950000000000000e+05
8.481730000000000000e+05
1.239307000000000000e+06
1.482125000000000000e+06
9.633600000000000000e+04
3.004526000000000000e+06
4.315130000000000000e+06
1.934805000000000000e+06
1.495826000000000000e+06
1.100181000000000000e+06
9.095700000000000000e+04
1.303338000000000000e+06
3.151360000000000000e+05
3.530350000000000000e+05
3.710570000000000000e+05
3.264570000000000000e+05
4.281400000000000000e+04
1.219447000000000000e+06
3.645857000000000000e+06
1.605722000000000000e+06
1.546050000000000000e+06
1.684949000000000000e+06
1.049570000000000000e+05
2.875061000000000000e+06
1.609316000000000000e+06
1.778271000000000000e+06
1.905165000000000000e+06
1.897156000000000000e+06
1.997190000000000000e+05
3.178109000000000000e+06
4.504614000000000000e+06
1.803853000000000000e+06
1.341603000000000000e+06
1.295961000000000000e+06
8.055200000000000000e+04
2.485257000000000000e+06
1.207486000000000000e+06
1.136019000000000000e+06
9.649020000000000000e+05
6.881752300000000000e+07
3.881920000000000000e+05
6.012980000000000000e+05
1.048887000000000000e+06
1.255528000000000000e+06
2.666520000000000000e+06
1.611140000000000000e+06
1.127630000000000000e+05
1.711870000000000000e+06
1.782973000000000000e+06
1.346275000000000000e+06
2.088528000000000000e+06
3.450022000000000000e+06
4.235590000000000000e+05
7.018780000000000000e+05
5.329870000000000000e+05
5.769020000000000000e+05
1.192634000000000000e+06
5.169030000000000000e+05
4.240500000000000000e+04
6.917940000000000000e+05
8.875330000000000000e+05
1.013406000000000000e+06
2.009373000000000000e+06
3.471367000000000000e+06
4.260720000000000000e+05
7.442590000000000000e+05
7.852730000000000000e+05
7.241930000000000000e+05
1.492925000000000000e+06
6.488930000000000000e+05
4.825800000000000000e+04
8.708710000000000000e+05
9.076450000000000000e+05
9.708970000000000000e+05
1.798566000000000000e+06
3.232203000000000000e+06
1.153538000000000000e+06
4.787100000000000000e+04
1.013941000000000000e+06
9.452830000000000000e+05
7.801430000000000000e+05
1.938543000000000000e+06
1.254927000000000000e+06
8.251900000000000000e+04
1.372146000000000000e+06
1.491391000000000000e+06
1.432167000000000000e+06
3.997307000000000000e+06
9.272120000000000000e+05
3.808400000000000000e+04
5.281870000000000000e+05
4.100260000000000000e+05
2.899830000000000000e+05
7.415401400000000000e+07
5.946690000000000000e+05
7.799100000000000000e+04
1.970290000000000000e+05
4.389870000000000000e+05
4.762130000000000000e+05
1.241625000000000000e+06
9.230710000000000000e+05
1.019220000000000000e+05
1.156674000000000000e+06
1.415698000000000000e+06
1.555745000000000000e+06
4.878455000000000000e+06
1.888703000000000000e+06
1.178150000000000000e+05
1.537051000000000000e+06
1.534243000000000000e+06
1.571158000000000000e+06
2.230594000000000000e+06
1.065273000000000000e+06
1.182260000000000000e+05
1.102142000000000000e+06
1.055310000000000000e+06
1.100335000000000000e+06
4.746267000000000000e+06
1.374729000000000000e+06
1.150630000000000000e+05
1.068929000000000000e+06
1.281759000000000000e+06
1.369161000000000000e+06
2.401441000000000000e+06
1.383780000000000000e+06
1.708070000000000000e+05
1.280786000000000000e+06
1.371122000000000000e+06
1.214297000000000000e+06
4.122738000000000000e+06
9.738980000000000000e+05
4.837100000000000000e+04
6.673750000000000000e+05
7.156460000000000000e+05
7.603460000000000000e+05
1.381601000000000000e+06
9.992370000000000000e+05
7.426200000000000000e+04
1.069154000000000000e+06
9.850200000000000000e+05
8.614770000000000000e+05
4.434205000000000000e+06
1.517559000000000000e+06
7.526600000000000000e+04
1.311756000000000000e+06
1.316988000000000000e+06
1.073983000000000000e+06
1.682530000000000000e+06
1.193202000000000000e+06
1.352920000000000000e+05
1.221323000000000000e+06
1.148970000000000000e+06
1.027878000000000000e+06
4.557373000000000000e+06
1.087799000000000000e+06
7.857800000000000000e+04
7.698080000000000000e+05
8.444200000000000000e+05
8.291680000000000000e+05
1.725478000000000000e+06
8.033610000000000000e+05
8.146600000000000000e+04
6.654230000000000000e+05
6.300468200000000000e+07
2.082353000000000000e+06
1.566004000000000000e+06
1.274637000000000000e+06
9.269800000000000000e+04
2.864078000000000000e+06
1.477381000000000000e+06
2.004799000000000000e+06
1.674496000000000000e+06
1.857448000000000000e+06
1.256540000000000000e+05
2.243271000000000000e+06
3.903316000000000000e+06
1.040230000000000000e+06
9.543430000000000000e+05
2.104498000000000000e+06
1.226880000000000000e+05
3.218545000000000000e+06
1.774118000000000000e+06
2.078294000000000000e+06
1.659481000000000000e+06
2.420315000000000000e+06
1.659500000000000000e+05
4.721599000000000000e+06
5.313372000000000000e+06
3.795795000000000000e+06
3.018037000000000000e+06
2.845565000000000000e+06
1.911290000000000000e+05
4.021744000000000000e+06
2.203328000000000000e+06
2.358990000000000000e+06
2.125878000000000000e+06
2.166045000000000000e+06
2.025370000000000000e+05
3.268274000000000000e+06
4.255615000000000000e+06
2.365058000000000000e+06
1.877314000000000000e+06
1.781351000000000000e+06
1.457840000000000000e+05
2.260322000000000000e+06
1.325966000000000000e+06
1.736812000000000000e+06
2.159760000000000000e+06
2.159882000000000000e+06
1.612270000000000000e+05
3.284712000000000000e+06
4.048833000000000000e+06
2.761219000000000000e+06
2.838219000000000000e+06
2.514614000000000000e+06
1.937110000000000000e+05
3.739317000000000000e+06
2.084690000000000000e+06
2.106593000000000000e+06
1.991290000000000000e+06
2.308049000000000000e+06
1.354960000000000000e+05
2.551861000000000000e+06
5.528800000000000000e+06
2.638164000000000000e+06
2.189419000000000000e+06
2.057581000000000000e+06
1.723900000000000000e+05
1.459406000000000000e+06
1.532482000000000000e+06
2.556550000000000000e+05
4.267320000000000000e+05
1.092884000000000000e+06
5.002400000000000000e+04
1.660818000000000000e+06
3.926986000000000000e+06
1.017427000000000000e+06
8.099920000000000000e+05
1.041822000000000000e+06
5.736700000000000000e+04
8.187590000000000000e+05
2.839219000000000000e+06
1.733468000000000000e+06
1.594023000000000000e+06
1.056039000000000000e+06
9.285100000000000000e+04
7.433490000000000000e+05
3.665264000000000000e+06
1.454224000000000000e+06
1.109040000000000000e+06
1.065908000000000000e+06
4.816400000000000000e+04
9.985110000000000000e+05
1.218052000000000000e+06
7.965980000000000000e+05
1.217147000000000000e+06
1.389090000000000000e+06
7.740700000000000000e+04
1.785756000000000000e+06
4.758065000000000000e+06
2.822262000000000000e+06
2.736629000000000000e+06
2.942862000000000000e+06
1.683340000000000000e+05
2.833657000000000000e+06
4.759435000000000000e+06
3.251821000000000000e+06
3.299506000000000000e+06
2.603189000000000000e+06
2.026080000000000000e+05
1.589527000000000000e+06
4.880236000000000000e+06
2.718329000000000000e+06
1.776589000000000000e+06
1.404840000000000000e+06
6.401928500000000000e+07
4.872710000000000000e+05
6.833380000000000000e+05
7.309880000000000000e+05
9.539830000000000000e+05
5.363390000000000000e+05
5.812810000000000000e+05
6.556600000000000000e+04
5.916330000000000000e+05
6.840730000000000000e+05
1.074209000000000000e+06
5.567730000000000000e+05
3.533339000000000000e+06
4.625950000000000000e+05
1.027273000000000000e+06
1.354455000000000000e+06
2.278432000000000000e+06
9.471930000000000000e+05
8.171560000000000000e+05
8.615500000000000000e+04
6.543470000000000000e+05
6.337870000000000000e+05
1.328849000000000000e+06
7.167430000000000000e+05
3.525729000000000000e+06
4.946320000000000000e+05
6.284330000000000000e+05
7.682070000000000000e+05
1.451115000000000000e+06
9.115970000000000000e+05
1.226498000000000000e+06
9.378000000000000000e+04
1.242482000000000000e+06
1.519878000000000000e+06
2.646874000000000000e+06
1.380729000000000000e+06
4.168677000000000000e+06
5.276720000000000000e+05
9.680370000000000000e+05
1.111305000000000000e+06
1.850543000000000000e+06
9.227090000000000000e+05
9.808420000000000000e+05
1.017980000000000000e+05
1.048966000000000000e+06
1.329072000000000000e+06
2.329513000000000000e+06
1.183971000000000000e+06
4.130805000000000000e+06
4.712560000000000000e+05
9.338920000000000000e+05
9.111530000000000000e+05
1.207093000000000000e+06
4.203850000000000000e+05
4.751610000000000000e+05
3.258700000000000000e+04
4.906010000000000000e+05
4.234100000000000000e+05
1.071389000000000000e+06
4.413390000000000000e+05
4.006073000000000000e+06
5.425620000000000000e+05
3.792010000000000000e+05
4.717050000000000000e+05
9.158470000000000000e+05
5.191960000000000000e+05
7.405688200000000000e+07
4.018930000000000000e+05
5.205760000000000000e+05
4.035790000000000000e+05
3.275400000000000000e+05
8.580540000000000000e+05
2.597220000000000000e+05
1.818100000000000000e+04
1.589320000000000000e+05
3.234310000000000000e+05
4.055230000000000000e+05
1.130337000000000000e+06
2.756656000000000000e+06
4.283670000000000000e+05
6.168350000000000000e+05
6.754600000000000000e+05
8.053310000000000000e+05
1.674806000000000000e+06
8.212490000000000000e+05
7.298500000000000000e+04
6.238180000000000000e+05
5.675550000000000000e+05
4.354130000000000000e+05
6.947060000000000000e+05
2.586954000000000000e+06
3.919750000000000000e+05
1.843620000000000000e+05
3.691420000000000000e+05
3.635780000000000000e+05
7.868520000000000000e+05
3.350430000000000000e+05
2.249900000000000000e+04
4.692630000000000000e+05
1.019334000000000000e+06
2.054412000000000000e+06
4.412222000000000000e+06
4.333293000000000000e+06
2.503040000000000000e+05
2.044943000000000000e+06
1.732414000000000000e+06
1.314613000000000000e+06
1.772443000000000000e+06
8.075050000000000000e+05
5.153400000000000000e+04
8.345110000000000000e+05
7.971250000000000000e+05
7.159950000000000000e+05
1.558094000000000000e+06
3.603257000000000000e+06
3.959500000000000000e+05
1.218589000000000000e+06
1.360027000000000000e+06
1.254108000000000000e+06
1.970013000000000000e+06
6.690110000000000000e+05
5.692000000000000000e+04
5.895570000000000000e+05
5.649810000000000000e+05
5.508050000000000000e+05
1.267854000000000000e+06
3.047308000000000000e+06
3.813780000000000000e+05
4.435180000000000000e+05
7.417410000000000000e+05
8.386670000000000000e+05
9.433610000000000000e+05
6.048600000000000000e+05
4.286100000000000000e+04
6.807100000000000000e+05
6.595960000000000000e+05
7.080070000000000000e+05
9.126220000000000000e+05
2.511647000000000000e+06
3.911430000000000000e+05
1.382820000000000000e+06
1.894755000000000000e+06
2.011474000000000000e+06
2.508084000000000000e+06
1.203376000000000000e+06
1.290890000000000000e+05
1.238895000000000000e+06
1.415994000000000000e+06
1.398139000000000000e+06
2.333403000000000000e+06
3.763840000000000000e+06
4.093980000000000000e+05
1.450021000000000000e+06
1.201107000000000000e+06
4.259520000000000000e+05
7.787070000000000000e+05
4.565260000000000000e+05
3.098500000000000000e+04
4.781780000000000000e+05
6.610750000000000000e+05
7.445760000000000000e+05
1.924856000000000000e+06
3.029027000000000000e+06
3.970880000000000000e+05
1.369349000000000000e+06
1.499271000000000000e+06
1.463280000000000000e+06
2.332315000000000000e+06
7.131395600000000000e+07
3.736220000000000000e+05
2.404247000000000000e+06
3.147957000000000000e+06
3.030860000000000000e+06
2.770845000000000000e+06
2.318497000000000000e+06
2.508330000000000000e+05
1.762673000000000000e+06
1.319854000000000000e+06
1.116704000000000000e+06
7.661840000000000000e+05
3.266357000000000000e+06
3.666110000000000000e+05
4.926220000000000000e+05
5.922000000000000000e+05
6.847700000000000000e+05
8.458900000000000000e+05
6.875000000000000000e+05
4.563800000000000000e+04
4.013000000000000000e+05
2.596530000000000000e+05
6.970610000000000000e+05
8.185460000000000000e+05
2.856817000000000000e+06
3.447170000000000000e+05
1.064223000000000000e+06
1.270060000000000000e+06
1.514859000000000000e+06
1.355317000000000000e+06
1.338031000000000000e+06
9.456700000000000000e+04
1.188162000000000000e+06
1.450191000000000000e+06
2.030163000000000000e+06
2.395778000000000000e+06
4.391254000000000000e+06
2.381189000000000000e+06
1.367670000000000000e+05
2.173113000000000000e+06
2.386993000000000000e+06
2.496171000000000000e+06
2.382814000000000000e+06
2.144994000000000000e+06
1.425900000000000000e+05
2.186715000000000000e+06
2.244883000000000000e+06
7.321196000000000000e+07
3.306171000000000000e+06
2.489672000000000000e+06
1.851020000000000000e+05
2.826786000000000000e+06
2.940962000000000000e+06
2.761004000000000000e+06
3.773329000000000000e+06
1.405051000000000000e+06
1.603350000000000000e+05
2.416915000000000000e+06
2.903958000000000000e+06
4.624927000000000000e+06
3.844014000000000000e+06
8.268710000000000000e+05
1.196120000000000000e+05
1.146608000000000000e+06
2.146328000000000000e+06
3.064609000000000000e+06
5.638760000000000000e+06
7.395470000000000000e+05
8.202200000000000000e+04
2.103665000000000000e+06
2.642608000000000000e+06
4.419483000000000000e+06
4.212248000000000000e+06
2.252266000000000000e+06
2.055510000000000000e+05
2.221573000000000000e+06
2.164241000000000000e+06
1.966100000000000000e+06
2.917135000000000000e+06
1.535098000000000000e+06
1.238010000000000000e+05
1.464908000000000000e+06
1.330562000000000000e+06
3.630180000000000000e+06
2.510122000000000000e+06
1.624374000000000000e+06
1.142430000000000000e+05
1.524994000000000000e+06
1.182308000000000000e+06
9.935610000000000000e+05
8.424780000000000000e+05
8.495200000000000000e+05
5.462300000000000000e+04
8.207770000000000000e+05
8.486060000000000000e+05
2.965453000000000000e+06
1.478688000000000000e+06
5.122090000000000000e+05
5.690600000000000000e+04
1.002857000000000000e+06
1.666553000000000000e+06
2.356232000000000000e+06
3.981925000000000000e+06
1.337767000000000000e+06
1.265950000000000000e+05
9.119700000000000000e+05
9.968690000000000000e+05
3.374163000000000000e+06
2.282755000000000000e+06
1.220945000000000000e+06
1.126460000000000000e+05
1.198382000000000000e+06
1.194085000000000000e+06
8.717690000000000000e+05
2.741730000000000000e+06
2.343919000000000000e+06
1.705350000000000000e+05
2.433982000000000000e+06
2.021551000000000000e+06
3.184652000000000000e+06
2.225599000000000000e+06
8.783610000000000000e+05
7.274300000000000000e+04
5.952070000000000000e+05
2.661520000000000000e+05
2.040870000000000000e+05
8.762130000000000000e+05
7.256480000000000000e+05
2.189200000000000000e+04
7.221380700000000000e+07
1.266784000000000000e+06
4.656820000000000000e+05
4.491200000000000000e+05
3.028300000000000000e+04
4.310290000000000000e+05
4.746600000000000000e+04
4.363410000000000000e+05
9.168810000000000000e+05
3.113490000000000000e+05
3.021750000000000000e+05
2.486380000000000000e+05
2.825253000000000000e+06
6.167230000000000000e+05
4.918200000000000000e+05
2.409730000000000000e+05
2.787950000000000000e+05
3.876830000000000000e+05
3.513300000000000000e+04
4.480880000000000000e+05
6.980740000000000000e+05
3.038740000000000000e+05
3.330710000000000000e+05
3.350860000000000000e+05
3.123652000000000000e+06
7.776930000000000000e+05
8.390490000000000000e+05
5.151520000000000000e+05
5.415190000000000000e+05
4.062210000000000000e+05
3.805100000000000000e+04
2.613790000000000000e+05
3.866880000000000000e+05
2.906390000000000000e+05
3.735140000000000000e+05
3.435450000000000000e+05
3.232539000000000000e+06
7.372030000000000000e+05
6.026730000000000000e+05
3.008770000000000000e+05
3.544070000000000000e+05
2.722110000000000000e+05
3.149500000000000000e+04
2.460410000000000000e+05
5.256340000000000000e+05
2.036160000000000000e+05
2.382410000000000000e+05
2.061230000000000000e+05
2.856060000000000000e+06
6.258830000000000000e+05
4.515720000000000000e+05
2.317630000000000000e+05
2.292700000000000000e+05
2.563280000000000000e+05
3.478500000000000000e+04
3.374410000000000000e+05
6.590410000000000000e+05
3.564870000000000000e+05
3.186710000000000000e+05
3.566860000000000000e+05
2.532987000000000000e+06
7.251270000000000000e+05
6.789790000000000000e+05
3.906230000000000000e+05
4.465110000000000000e+05
4.836900000000000000e+05
3.721500000000000000e+04
5.834780000000000000e+05
7.841280000000000000e+05
2.791070000000000000e+05
4.073210000000000000e+05
3.393130000000000000e+05
3.098347000000000000e+06
9.158650000000000000e+05
1.550786000000000000e+06
1.105418000000000000e+06
1.054172000000000000e+06
9.026470000000000000e+05
1.362100000000000000e+05
9.955890000000000000e+05
1.377986000000000000e+06
7.633600000000000000e+05
7.911250000000000000e+05
8.303620000000000000e+05
3.487608000000000000e+06
1.355140000000000000e+06
2.050055000000000000e+06
9.773570000000000000e+05
1.046044000000000000e+06
1.100993000000000000e+06
9.323800000000000000e+04
1.211533000000000000e+06
2.003925000000000000e+06
1.152840000000000000e+06
1.446198000000000000e+06
1.303522000000000000e+06
3.582955000000000000e+06
1.737690000000000000e+06
2.927577000000000000e+06
1.732644000000000000e+06
1.757295000000000000e+06
1.586336000000000000e+06
1.645250000000000000e+05
1.379558000000000000e+06
2.335351000000000000e+06
1.287105000000000000e+06
1.446084000000000000e+06
1.314434000000000000e+06
4.296388000000000000e+06
5.199220000000000000e+05
1.406835000000000000e+06
7.207590000000000000e+05
8.290610000000000000e+05
5.929120000000000000e+05
5.382310000000000000e+05
1.983700000000000000e+04
9.683940000000000000e+05
6.690480000000000000e+05
9.197640000000000000e+05
9.336570000000000000e+05
3.739580000000000000e+06
5.161410000000000000e+05
1.783926000000000000e+06
1.033675000000000000e+06
9.784320000000000000e+05
1.101898000000000000e+06
1.109462000000000000e+06
8.810700000000000000e+04
1.870270000000000000e+06
1.536795000000000000e+06
1.717151000000000000e+06
1.616516000000000000e+06
6.866606800000000000e+07
5.180220000000000000e+05
2.355483000000000000e+06
7.735820000000000000e+05
5.902040000000000000e+05
5.817100000000000000e+05
8.249470000000000000e+05
7.692100000000000000e+04
1.322480000000000000e+06
4.790840000000000000e+05
9.088380000000000000e+05
1.018623000000000000e+06
4.167907000000000000e+06
5.599740000000000000e+05
1.872268000000000000e+06
1.389829000000000000e+06
1.206630000000000000e+06
6.529640000000000000e+05
3.141030000000000000e+05
3.524000000000000000e+04
1.361532000000000000e+06
6.461520000000000000e+05
6.315040000000000000e+05
9.021480000000000000e+05
3.995834000000000000e+06
5.576470000000000000e+05
2.165429000000000000e+06
5.293630000000000000e+05
8.953380000000000000e+05
1.273148000000000000e+06
1.178456000000000000e+06
8.367900000000000000e+04
1.033778000000000000e+06
5.277460000000000000e+05
6.697000000000000000e+05
4.791130000000000000e+05
3.666102000000000000e+06
5.248750000000000000e+05
8.017110000000000000e+05
4.428030000000000000e+05
6.685640000000000000e+05
3.838870000000000000e+05
1.626920000000000000e+05
1.601900000000000000e+04
8.712090000000000000e+05
4.219220000000000000e+05
2.101250000000000000e+05
7.819400000000000000e+04
3.101933000000000000e+06
5.747190000000000000e+05
6.694880000000000000e+05
2.785300000000000000e+05
3.578520000000000000e+05
2.916930000000000000e+05
3.690380000000000000e+05
2.729900000000000000e+04
1.142887000000000000e+06
3.459930000000000000e+05
3.973310000000000000e+05
5.161550000000000000e+05
3.245296000000000000e+06
5.530970000000000000e+05
8.947370000000000000e+05
3.840420000000000000e+05
3.284440000000000000e+05
5.358190000000000000e+05
5.050670000000000000e+05
6.832100000000000000e+04
6.066470000000000000e+05
1.193050000000000000e+05
1.277310000000000000e+05
3.351740000000000000e+05
3.063490000000000000e+06
4.760040000000000000e+05
5.783440000000000000e+05
4.309110000000000000e+05
3.685630000000000000e+05
3.925550000000000000e+05
3.951640000000000000e+05
2.728200000000000000e+04
5.671730000000000000e+05
1.191620000000000000e+05
2.314250000000000000e+05
1.542510000000000000e+05
2.965590000000000000e+06
4.870460000000000000e+05
2.891990000000000000e+05
8.047100000000000000e+04
1.975940000000000000e+05
4.190790000000000000e+05
5.745020000000000000e+05
1.691300000000000000e+04
1.949138000000000000e+06
2.057543000000000000e+06
2.139992000000000000e+06
1.776226000000000000e+06
4.093984000000000000e+06
5.980840000000000000e+05
2.132756000000000000e+06
1.787893000000000000e+06
1.596843000000000000e+06
1.358334000000000000e+06
1.496137000000000000e+06
6.872800000000000000e+04
2.153509000000000000e+06
7.293494700000000000e+07
5.233630000000000000e+05
1.890280000000000000e+05
7.441740000000000000e+05
4.442400000000000000e+04
9.749200000000000000e+05
7.544030000000000000e+05
8.374620000000000000e+05
1.037486000000000000e+06
9.055620000000000000e+05
4.716700000000000000e+04
6.367160000000000000e+05
2.959590000000000000e+06
1.026210000000000000e+06
8.447850000000000000e+05
7.731810000000000000e+05
5.611700000000000000e+04
7.516250000000000000e+05
5.637610000000000000e+05
7.027760000000000000e+05
1.028143000000000000e+06
7.433890000000000000e+05
8.808800000000000000e+04
5.191990000000000000e+05
2.882833000000000000e+06
6.312300000000000000e+05
2.879290000000000000e+05
3.854540000000000000e+05
2.506300000000000000e+04
1.336720000000000000e+05
2.481740000000000000e+05
2.576540000000000000e+05
3.064280000000000000e+05
7.489111300000000000e+07
3.723440000000000000e+05
1.442030000000000000e+05
1.687730000000000000e+05
1.853470000000000000e+05
4.002370000000000000e+05
1.397010000000000000e+05
1.025600000000000000e+04
1.223630000000000000e+05
2.571650000000000000e+05
3.880290000000000000e+05
1.137965000000000000e+06
2.212426000000000000e+06
4.024900000000000000e+05
4.266660000000000000e+05
4.225200000000000000e+05
4.703960000000000000e+05
9.704740000000000000e+05
4.883680000000000000e+05
2.378500000000000000e+04
4.934140000000000000e+05
3.496880000000000000e+05
3.189650000000000000e+05
6.319530000000000000e+05
2.604214000000000000e+06
3.937590000000000000e+05
3.377710000000000000e+05
3.238380000000000000e+05
6.927507400000000000e+07
2.610445000000000000e+06
2.866391000000000000e+06
1.145650000000000000e+05
3.255424000000000000e+06
5.689038000000000000e+06
3.816530000000000000e+06
3.590112000000000000e+06
3.337520000000000000e+06
3.702605000000000000e+06
3.219700000000000000e+05
6.746896000000000000e+06
6.919878000000000000e+06
3.871988000000000000e+06
3.072484000000000000e+06
2.601975000000000000e+06
2.166800000000000000e+05
3.958341000000000000e+06
2.939652000000000000e+06
3.598605000000000000e+06
4.330678000000000000e+06
4.919554000000000000e+06
1.100200000000000000e+05
6.549738000000000000e+06
5.412234000000000000e+06
2.754073000000000000e+06
2.567997000000000000e+06
2.616173000000000000e+06
1.762480000000000000e+05
3.409316000000000000e+06
1.320358000000000000e+06
1.195921000000000000e+06
8.981740000000000000e+05
5.736990000000000000e+05
5.586100000000000000e+04
4.497260000000000000e+05
3.988027000000000000e+06
8.761100000000000000e+05
4.357070000000000000e+05
6.916983400000000000e+07
4.916160000000000000e+05
5.189360000000000000e+05
6.190500000000000000e+05
5.237680000000000000e+05
5.730100000000000000e+05
1.101828000000000000e+06
6.988000000000000000e+04
3.946320000000000000e+05
8.030100000000000000e+05
9.543040000000000000e+05
9.061800000000000000e+05
3.375329000000000000e+06
4.567680000000000000e+05
4.702560000000000000e+05
5.857450000000000000e+05
6.227290000000000000e+05
6.560280000000000000e+05
1.327648000000000000e+06
9.186200000000000000e+04
6.228300000000000000e+05
6.987180000000000000e+05
7.504950000000000000e+05
6.494920000000000000e+05
3.416473000000000000e+06
5.126290000000000000e+05
8.444480000000000000e+05
9.028200000000000000e+05
8.516470000000000000e+05
7.972650000000000000e+05
1.280463000000000000e+06
8.314800000000000000e+04
5.174200000000000000e+05
6.561290000000000000e+05
7.249730000000000000e+05
7.162920000000000000e+05
3.615035000000000000e+06
4.842190000000000000e+05
4.907410000000000000e+05
5.792350000000000000e+05
6.831120000000000000e+05
5.781720000000000000e+05
9.904050000000000000e+05
5.591700000000000000e+04
5.935760000000000000e+05
7.954850000000000000e+05
8.474440000000000000e+05
7.520830000000000000e+05
6.591035300000000000e+07
5.076560000000000000e+05
2.139904000000000000e+06
2.389153000000000000e+06
3.249734000000000000e+06
3.543977000000000000e+06
3.069145000000000000e+06
2.489190000000000000e+05
3.607427000000000000e+06
1.876447000000000000e+06
2.442857000000000000e+06
2.328398000000000000e+06
3.899216000000000000e+06
5.821460000000000000e+05
2.717567000000000000e+06
1.037528000000000000e+06
8.769040000000000000e+05
6.498950000000000000e+05
4.181600000000000000e+05
2.527700000000000000e+04
1.199334000000000000e+06
6.287810000000000000e+05
1.116058000000000000e+06
1.659179000000000000e+06
4.237389000000000000e+06
5.199270000000000000e+05
3.704405000000000000e+06
1.271748000000000000e+06
6.931320000000000000e+05
5.438870000000000000e+05
4.865660000000000000e+05
3.861400000000000000e+04
5.861570000000000000e+05
2.651230000000000000e+05
3.555960000000000000e+05
3.185210000000000000e+05
2.878613000000000000e+06
5.547120000000000000e+05
9.437510000000000000e+05
4.413040000000000000e+05
7.072350000000000000e+05
6.570130000000000000e+05
6.516693500000000000e+07
5.147580000000000000e+05
1.464409000000000000e+06
1.465571000000000000e+06
1.245051000000000000e+06
1.445483000000000000e+06
7.350400000000000000e+05
6.544400000000000000e+04
1.240809000000000000e+06
1.381755000000000000e+06
1.226043000000000000e+06
2.028737000000000000e+06
3.967283000000000000e+06
5.505340000000000000e+05
1.243749000000000000e+06
1.469498000000000000e+06
1.491181000000000000e+06
2.347269000000000000e+06
9.178910000000000000e+05
1.104360000000000000e+05
7.848140000000000000e+05
7.953490000000000000e+05
7.045010000000000000e+05
1.463679000000000000e+06
3.644699000000000000e+06
5.572740000000000000e+05
7.075550000000000000e+05
8.364420000000000000e+05
6.724460000000000000e+05
1.289041000000000000e+06
5.027660000000000000e+05
4.191900000000000000e+04
5.380870000000000000e+05
7.557980000000000000e+05
8.671310000000000000e+05
1.896465000000000000e+06
3.882065000000000000e+06
5.510920000000000000e+05
1.255238000000000000e+06
1.291822000000000000e+06
1.132889000000000000e+06
2.028766000000000000e+06
9.931110000000000000e+05
8.799600000000000000e+04
9.576420000000000000e+05
1.018084000000000000e+06
1.044336000000000000e+06
1.775499000000000000e+06
3.558332000000000000e+06
5.325780000000000000e+05
4.782380000000000000e+05
6.624910000000000000e+05
5.021610000000000000e+05
8.507140000000000000e+05
2.420510000000000000e+05
1.994300000000000000e+04
3.292870000000000000e+05
3.765930000000000000e+05
3.856530000000000000e+05
4.961940000000000000e+05
3.707291000000000000e+06
5.472590000000000000e+05
2.012150000000000000e+05
6.843218300000000000e+07
1.013385000000000000e+06
6.393310000000000000e+05
6.226150000000000000e+05
5.471600000000000000e+04
5.388570000000000000e+05
1.245579000000000000e+06
4.436140000000000000e+05
5.350100000000000000e+05
4.309460000000000000e+05
2.327800000000000000e+04
3.360840000000000000e+05
2.847409000000000000e+06
8.646710000000000000e+05
2.264890000000000000e+05
1.021920000000000000e+05
1.166300000000000000e+05
4.329000000000000000e+03
1.261540000000000000e+05
5.544080000000000000e+05
2.461910000000000000e+05
2.246430000000000000e+05
2.942330000000000000e+05
9.259000000000000000e+03
2.201353000000000000e+06
6.927910000000000000e+05
8.332520000000000000e+05
1.348692000000000000e+06
1.438978000000000000e+06
6.207800000000000000e+04
1.703115000000000000e+06
2.895369000000000000e+06
1.499803000000000000e+06
2.496547000000000000e+06
8.145462000000000000e+06
1.610700000000000000e+05
1.286180200000000000e+07
1.848744200000000000e+07
8.857803000000000000e+06
8.062043000000000000e+06
7.233754000000000000e+06
1.950370000000000000e+05
5.964246900000000000e+07
1.087487000000000000e+06
8.000650000000000000e+05
1.755119000000000000e+06
7.588390000000000000e+05
3.893100000000000000e+04
9.998440000000000000e+05
9.279250000000000000e+05
7.112760000000000000e+05
7.499120000000000000e+05
4.104470000000000000e+05
2.820600000000000000e+04
3.130698000000000000e+06
1.270033000000000000e+06
1.067334000000000000e+06
2.217667000000000000e+06
1.832949000000000000e+06
1.493920000000000000e+05
1.920447000000000000e+06
1.244514000000000000e+06
7.273680000000000000e+05
1.965372000000000000e+06
1.349781000000000000e+06
1.110490000000000000e+05
3.504148000000000000e+06
9.498570000000000000e+05
6.888830000000000000e+05
1.255687000000000000e+06
6.516560000000000000e+05
3.999700000000000000e+04
1.116603000000000000e+06
9.759070000000000000e+05
8.753200000000000000e+05
3.268657000000000000e+06
1.232332000000000000e+06
1.166260000000000000e+05
3.264099000000000000e+06
1.859246000000000000e+06
1.829559000000000000e+06
2.432280000000000000e+06
1.643945000000000000e+06
1.534060000000000000e+05
1.758029000000000000e+06
1.752668000000000000e+06
1.734264000000000000e+06
2.676012000000000000e+06
9.895560000000000000e+05
7.996500000000000000e+04
3.304758000000000000e+06
1.114372000000000000e+06
5.589190000000000000e+05
1.352755000000000000e+06
4.597920000000000000e+05
4.226400000000000000e+04
4.835910000000000000e+05
1.025809000000000000e+06
1.808678000000000000e+06
3.595121000000000000e+06
1.610125000000000000e+06
1.623100000000000000e+05
4.176355000000000000e+06
1.649378000000000000e+06
6.734426300000000000e+07
2.142321000000000000e+06
1.962980000000000000e+06
1.126370000000000000e+05
2.100648000000000000e+06
1.535562000000000000e+06
2.276433000000000000e+06
3.885168000000000000e+06
1.982493000000000000e+06
1.600280000000000000e+05
2.165775000000000000e+06
2.042211000000000000e+06
4.388438000000000000e+06
2.131244000000000000e+06
4.246720000000000000e+05
3.571400000000000000e+04
7.926830000000000000e+05
1.091466000000000000e+06
1.174674000000000000e+06
2.170495000000000000e+06
1.266716000000000000e+06
9.263800000000000000e+04
1.485885000000000000e+06
1.780612000000000000e+06
4.084496000000000000e+06
3.174934000000000000e+06
6.865795800000000000e+07
3.838400000000000000e+05
2.120290000000000000e+06
1.104027000000000000e+06
9.399100000000000000e+05
9.977880000000000000e+05
7.195550000000000000e+05
5.427100000000000000e+04
1.970234000000000000e+06
1.041585000000000000e+06
1.082075000000000000e+06
1.055473000000000000e+06
3.348114000000000000e+06
4.336100000000000000e+05
2.175815000000000000e+06
1.863901000000000000e+06
2.290547000000000000e+06
2.382447000000000000e+06
1.802179000000000000e+06
1.526340000000000000e+05
1.945578000000000000e+06
6.974260000000000000e+05
1.498669000000000000e+06
2.107960000000000000e+06
4.198347000000000000e+06
4.173060000000000000e+05
3.766433000000000000e+06
2.002219000000000000e+06
1.534581000000000000e+06
1.211476000000000000e+06
1.205519000000000000e+06
1.115480000000000000e+05
3.196988000000000000e+06
2.106786000000000000e+06
2.255284000000000000e+06
1.880431000000000000e+06
3.440680000000000000e+06
4.312860000000000000e+05
3.626125000000000000e+06
1.950525000000000000e+06
1.762868000000000000e+06
1.284835000000000000e+06
9.464600000000000000e+05
8.301000000000000000e+04
1.604010000000000000e+06
1.115924000000000000e+06
1.213985000000000000e+06
1.435974000000000000e+06
3.341960000000000000e+06
4.266850000000000000e+05
2.384064000000000000e+06
1.610737000000000000e+06
2.102083000000000000e+06
2.117868000000000000e+06
2.269467000000000000e+06
1.414380000000000000e+05
3.543567000000000000e+06
1.549753000000000000e+06
1.000687000000000000e+06
5.323470000000000000e+05
3.274002000000000000e+06
4.106600000000000000e+05
3.280180000000000000e+06
2.591454000000000000e+06
2.789786000000000000e+06
2.640898000000000000e+06
2.210464000000000000e+06
2.093930000000000000e+05
2.880005000000000000e+06
1.214289000000000000e+06
1.364043000000000000e+06
1.582116000000000000e+06
3.769163000000000000e+06
4.435650000000000000e+05
3.397990000000000000e+06
1.700065000000000000e+06
1.599517000000000000e+06
1.182671000000000000e+06
8.992230000000000000e+05
7.834300000000000000e+04
7.018880000000000000e+05
2.452740000000000000e+05
5.889540000000000000e+05
9.137100000000000000e+05
3.273806000000000000e+06
2.084939000000000000e+06
8.922700000000000000e+04
7.767260000000000000e+05
8.871610000000000000e+05
7.213970000000000000e+05
6.999920000000000000e+05
1.452052000000000000e+06
5.839100000000000000e+04
5.982730000000000000e+05
6.323440000000000000e+05
5.191260000000000000e+05
2.869613000000000000e+06
1.144365000000000000e+06
4.671900000000000000e+04
3.249690000000000000e+05
3.538710000000000000e+05
2.923770000000000000e+05
3.628420000000000000e+05
4.192300000000000000e+05
3.947000000000000000e+04
7.539600000000000000e+04
2.553880000000000000e+05
4.384920000000000000e+05
2.198728000000000000e+06
1.614304000000000000e+06
6.108000000000000000e+04
6.689754900000000000e+07
1.648952000000000000e+06
8.802110000000000000e+05
8.503780000000000000e+05
7.109930000000000000e+05
7.889300000000000000e+04
6.938400000000000000e+05
3.638652000000000000e+06
3.030286000000000000e+06
2.661751000000000000e+06
2.551648000000000000e+06
9.465700000000000000e+04
4.884279000000000000e+06
4.032269000000000000e+06
2.021519000000000000e+06
3.306455000000000000e+06
3.676312000000000000e+06
1.239860000000000000e+05
3.411698000000000000e+06
5.175908000000000000e+06
2.911744000000000000e+06
3.201024000000000000e+06
3.362638000000000000e+06
2.749850000000000000e+05
6.081462000000000000e+06
2.986180000000000000e+06
3.717970000000000000e+06
2.508815000000000000e+06
2.596031000000000000e+06
1.230730000000000000e+05
2.607479000000000000e+06
2.511246000000000000e+06
3.712129000000000000e+06
1.389014000000000000e+06
9.781610000000000000e+05
7.992000000000000000e+04
3.764917000000000000e+06
8.384500000000000000e+05
1.209219000000000000e+06
7.841730000000000000e+05
7.545860000000000000e+05
6.822500000000000000e+04
8.465470000000000000e+05
8.914970000000000000e+05
1.706378000000000000e+06
3.883480000000000000e+05
3.225070000000000000e+05
2.637300000000000000e+04
3.471350000000000000e+06
8.565510000000000000e+05
1.089462000000000000e+06
1.141320000000000000e+06
8.142680000000000000e+05
7.321800000000000000e+04
2.005480000000000000e+05
1.824790000000000000e+05
6.788680000000000000e+05
9.152100000000000000e+04
2.261850000000000000e+05
1.138300000000000000e+04
7.341519200000000000e+07
1.570227000000000000e+06
1.445536000000000000e+06
1.306216000000000000e+06
1.251769000000000000e+06
6.717200000000000000e+04
9.867550000000000000e+05
1.064487000000000000e+06
1.002674000000000000e+06
6.820740000000000000e+05
6.660030000000000000e+05
3.783700000000000000e+04
4.167872000000000000e+06
1.531265000000000000e+06
2.123333000000000000e+06
1.929247000000000000e+06
1.253357000000000000e+06
5.236500000000000000e+04
1.654771000000000000e+06
2.007802000000000000e+06
2.214620000000000000e+06
1.864894000000000000e+06
1.595442000000000000e+06
1.709090000000000000e+05
4.619397000000000000e+06
1.718302000000000000e+06
9.038520000000000000e+05
4.628850000000000000e+05
5.941570000000000000e+05
4.339800000000000000e+04
3.620760000000000000e+05
4.637730000000000000e+05
5.734350000000000000e+05
5.180500000000000000e+05
7.785690000000000000e+05
4.391100000000000000e+04
3.212839000000000000e+06
1.105731000000000000e+06
9.538730000000000000e+05
1.255471000000000000e+06
1.538534000000000000e+06
7.341300000000000000e+04
1.521601000000000000e+06
1.953246000000000000e+06
2.103365000000000000e+06
1.905688000000000000e+06
1.554317000000000000e+06
1.080120000000000000e+05
4.045217000000000000e+06
2.313686000000000000e+06
2.498932000000000000e+06
2.463842000000000000e+06
2.058610000000000000e+06
1.887160000000000000e+05
1.366806000000000000e+06
1.080455000000000000e+06
1.786235000000000000e+06
2.606567000000000000e+06
3.336530000000000000e+06
1.534360000000000000e+05
5.305279000000000000e+06
3.236723000000000000e+06
2.395253000000000000e+06
1.780801000000000000e+06
1.359837000000000000e+06
9.771600000000000000e+04
9.600790000000000000e+05
1.200068000000000000e+06
1.406822000000000000e+06
1.515526000000000000e+06
1.523028000000000000e+06
1.082980000000000000e+05
4.046626000000000000e+06
3.082757000000000000e+06
3.186047000000000000e+06
3.178567000000000000e+06
2.774827000000000000e+06
2.702960000000000000e+05
2.212285000000000000e+06
1.776119000000000000e+06
9.900630000000000000e+05
5.415390000000000000e+05
5.146820000000000000e+05
1.072180000000000000e+05
3.485073000000000000e+06
1.437672000000000000e+06
1.448930000000000000e+06
1.501970000000000000e+06
1.207971000000000000e+06
9.644900000000000000e+04
1.208520000000000000e+06
1.351556000000000000e+06
1.658097000000000000e+06
1.859548000000000000e+06
1.631559000000000000e+06
1.186110000000000000e+05
3.481409000000000000e+06
1.393590000000000000e+06
9.407940000000000000e+05
5.740280000000000000e+05
3.827000000000000000e+05
1.620100000000000000e+04
4.275700000000000000e+05
3.388400000000000000e+05
7.785421700000000000e+07
1.903517000000000000e+06
1.781365000000000000e+06
1.143650000000000000e+05
2.197378000000000000e+06
2.429989000000000000e+06
3.995451000000000000e+06
2.197721000000000000e+06
1.994265000000000000e+06
1.806644000000000000e+06
1.284390000000000000e+05
1.490486000000000000e+06
4.501799000000000000e+06
1.202653000000000000e+06
6.894310000000000000e+05
4.371880000000000000e+05
6.327800000000000000e+04
3.197870000000000000e+05
5.897510000000000000e+05
4.591870000000000000e+05
6.101030000000000000e+05
6.886960000000000000e+05
5.284800000000000000e+04
9.472820000000000000e+05
4.004514000000000000e+06
1.269475000000000000e+06
9.417120000000000000e+05
1.268067000000000000e+06
8.727400000000000000e+04
1.376176000000000000e+06
3.102780000000000000e+06
1.644283000000000000e+06
1.791145000000000000e+06
1.775881000000000000e+06
1.672050000000000000e+05
1.940765000000000000e+06
6.318582000000000000e+06
2.562480000000000000e+06
2.417997000000000000e+06
2.390003000000000000e+06
1.919250000000000000e+05
2.183833000000000000e+06
4.318425000000000000e+06
2.147767000000000000e+06
2.352449000000000000e+06
2.331072000000000000e+06
1.530930000000000000e+05
2.215041000000000000e+06
6.802215600000000000e+07
8.216940000000000000e+05
5.637370000000000000e+05
7.918740000000000000e+05
3.596200000000000000e+04
6.230120000000000000e+05
6.902710000000000000e+05
7.534730000000000000e+05
6.153350000000000000e+05
1.060952000000000000e+06
4.276600000000000000e+04
6.990010000000000000e+05
2.735112000000000000e+06
8.072280000000000000e+05
4.063500000000000000e+05
7.217790000000000000e+05
4.022900000000000000e+04
2.236210000000000000e+05
1.518210000000000000e+05
1.706930000000000000e+05
2.069720000000000000e+05
3.950610000000000000e+05
9.522000000000000000e+03
1.731015000000000000e+06
3.252595000000000000e+06
2.491681000000000000e+06
2.519438000000000000e+06
2.594923000000000000e+06
1.689690000000000000e+05
4.115680000000000000e+06
2.705937000000000000e+06
2.457539000000000000e+06
2.233705000000000000e+06
1.969741000000000000e+06
1.627290000000000000e+05
2.901807000000000000e+06
3.226832000000000000e+06
1.396111000000000000e+06
1.077544000000000000e+06
1.079690000000000000e+06
4.716800000000000000e+04
2.032866000000000000e+06
5.753295600000000000e+07
1.311646000000000000e+06
4.137950000000000000e+05
4.092960000000000000e+05
5.439700000000000000e+04
5.701110000000000000e+05
5.431080000000000000e+05
5.459150000000000000e+05
5.406570000000000000e+05
8.387830000000000000e+05
5.047900000000000000e+04
6.383720000000000000e+05
2.824036000000000000e+06
1.044100000000000000e+06
2.778520000000000000e+05
4.791290000000000000e+05
3.540400000000000000e+04
4.674410000000000000e+05
6.712950000000000000e+05
1.831233000000000000e+06
8.916200000000000000e+04
7.080520000000000000e+05
7.030960000000000000e+05
5.378100000000000000e+04
2.974388000000000000e+06
7.386880000000000000e+05
4.044080000000000000e+05
1.696560000000000000e+05
2.608880000000000000e+05
2.193100000000000000e+04
3.232530000000000000e+05
1.399720000000000000e+05
1.501810000000000000e+05
9.462300000000000000e+04
6.595252300000000000e+07
5.139590000000000000e+05
8.092300000000000000e+05
1.031037000000000000e+06
2.144817000000000000e+06
1.496902000000000000e+06
1.370633000000000000e+06
1.096490000000000000e+05
1.093171000000000000e+06
8.781730000000000000e+05
1.877482000000000000e+06
9.877720000000000000e+05
3.956863000000000000e+06
5.431710000000000000e+05
8.633310000000000000e+05
1.060715000000000000e+06
1.917870000000000000e+06
9.219320000000000000e+05
9.081970000000000000e+05
8.824200000000000000e+04
8.244510000000000000e+05
8.958900000000000000e+05
1.830511000000000000e+06
1.235064000000000000e+06
3.879806000000000000e+06
4.831200000000000000e+05
1.081357000000000000e+06
1.056741000000000000e+06
1.205943000000000000e+06
4.163470000000000000e+05
2.936630000000000000e+05
2.336600000000000000e+04
3.339420000000000000e+05
2.503830000000000000e+05
5.304450000000000000e+05
1.902060000000000000e+05
3.017284000000000000e+06
4.742460000000000000e+05
2.064790000000000000e+05
3.294010000000000000e+05
5.778260000000000000e+05
2.689700000000000000e+05
1.796110000000000000e+05
2.029000000000000000e+04
1.537010000000000000e+05
1.780950000000000000e+05
5.743700000000000000e+05
1.706470000000000000e+05
2.692763000000000000e+06
4.738180000000000000e+05
1.370160000000000000e+05
1.519280000000000000e+05
4.558990000000000000e+05
7.035777800000000000e+07
1.066807000000000000e+06
5.544900000000000000e+04
1.488180000000000000e+06
2.184525000000000000e+06
2.343086000000000000e+06
3.904538000000000000e+06
2.009076000000000000e+06
1.679730000000000000e+05
1.903354000000000000e+06
1.934826000000000000e+06
1.566614000000000000e+06
3.890886000000000000e+06
1.199492000000000000e+06
5.588700000000000000e+04
9.155230000000000000e+05
1.102369000000000000e+06
1.214192000000000000e+06
1.444449000000000000e+06
3.023746000000000000e+06
1.480310000000000000e+05
2.047617000000000000e+06
2.521644000000000000e+06
2.708009000000000000e+06
4.530253000000000000e+06
3.711688000000000000e+06
1.521410000000000000e+05
1.422389000000000000e+06
1.384099000000000000e+06
1.091155000000000000e+06
9.545770000000000000e+05
1.443853000000000000e+06
7.849200000000000000e+04
6.063380000000000000e+05
8.151530000000000000e+05
7.825980000000000000e+05
3.189487000000000000e+06
1.118739000000000000e+06
2.368250000000000000e+05
2.208500000000000000e+04
2.214900000000000000e+05
2.561640000000000000e+05
2.996240000000000000e+05
4.273180000000000000e+05
6.072600000000000000e+04
6.549000000000000000e+03
8.582100000000000000e+04
1.449990000000000000e+05
2.288170000000000000e+06
7.093690000000000000e+05
1.889000000000000000e+05
1.588600000000000000e+04
1.230660000000000000e+05
6.669600000000000000e+04
2.904500000000000000e+04
4.666790000000000000e+05
5.780560000000000000e+05
1.461200000000000000e+04
7.266300000000000000e+05
7.399890000000000000e+05
2.602357000000000000e+06
9.210890000000000000e+05
2.468560000000000000e+05
7.932000000000000000e+03
2.958850000000000000e+05
2.195240000000000000e+05
3.088860000000000000e+05
8.324050000000000000e+05
3.502540000000000000e+05
1.874300000000000000e+04
3.409800000000000000e+05
3.114610000000000000e+05
2.144169000000000000e+06
7.262520000000000000e+05
1.006380000000000000e+05
9.791000000000000000e+03
1.740180000000000000e+05
1.114800000000000000e+05
1.076240000000000000e+05
6.494560000000000000e+05
6.180780000000000000e+05
2.042600000000000000e+04
7.178070000000000000e+05
5.457544000000000000e+07
9.727360000000000000e+05
3.764960000000000000e+05
3.909050000000000000e+05
4.442200000000000000e+04
8.080200000000000000e+05
3.640960000000000000e+05
4.284150000000000000e+05
3.782000000000000000e+05
3.816900000000000000e+05
2.110800000000000000e+04
6.218280000000000000e+05
2.594106000000000000e+06
5.735560000000000000e+05
2.907280000000000000e+05
4.047220000000000000e+05
2.690300000000000000e+04
1.072861000000000000e+06
3.375140000000000000e+05
4.356570000000000000e+05
4.352860000000000000e+05
2.493960000000000000e+05
4.300500000000000000e+04
7.736320000000000000e+05
2.922913000000000000e+06
6.005580000000000000e+05
2.563040000000000000e+05
2.095360000000000000e+05
8.794000000000000000e+03
4.422970000000000000e+05
1.384110000000000000e+05
9.785100000000000000e+04
5.783500000000000000e+04
1.222680000000000000e+05
3.437800000000000000e+04
5.748920000000000000e+05
2.412315000000000000e+06
1.100777000000000000e+06
4.502590000000000000e+05
5.088870000000000000e+05
2.001400000000000000e+04
1.209499000000000000e+06
2.848800000000000000e+05
2.514190000000000000e+05
2.702500000000000000e+05
2.929550000000000000e+05
3.102400000000000000e+04
1.052038000000000000e+06
