1.728310000000000000e+05
7.449000000000000000e+03
2.182960000000000000e+05
2.682440000000000000e+05
2.748490000000000000e+05
2.800320000000000000e+05
2.652030000000000000e+05
2.697880000000000000e+05
6.841000000000000000e+03
2.447250000000000000e+05
2.484880000000000000e+05
2.903890000000000000e+05
2.140840000000000000e+05
2.070000000000000000e+05
4.135200000000000000e+04
2.178370000000000000e+05
1.968160000000000000e+05
2.011670000000000000e+05
1.978690000000000000e+05
2.060290000000000000e+05
6.991700000000000000e+04
1.464840000000000000e+05
1.769440000000000000e+05
2.497150000000000000e+05
9.036700000000000000e+04
3.557800000000000000e+04
2.012700000000000000e+04
2.587300000000000000e+04
7.355400000000000000e+04
3.580200000000000000e+04
5.252800000000000000e+04
4.382300000000000000e+04
4.949000000000000000e+03
3.728700000000000000e+04
5.462200000000000000e+04
1.401200000000000000e+05
9.634000000000000000e+03
3.086600000000000000e+04
1.668900000000000000e+04
2.304400000000000000e+04
3.414600000000000000e+04
4.029600000000000000e+04
4.456700000000000000e+04
4.730600000000000000e+04
3.838000000000000000e+03
4.733500000000000000e+04
4.776500000000000000e+04
1.307530000000000000e+05
1.857500000000000000e+04
2.933100000000000000e+04
1.377600000000000000e+04
3.277400000000000000e+04
4.007700000000000000e+04
3.616100000000000000e+04
4.512300000000000000e+04
3.692200000000000000e+04
5.593000000000000000e+03
4.410800000000000000e+04
3.651600000000000000e+04
1.329980000000000000e+05
3.397700000000000000e+04
2.690500000000000000e+04
1.383300000000000000e+04
2.037000000000000000e+04
4.092900000000000000e+04
3.946700000000000000e+04
4.664000000000000000e+04
4.440000000000000000e+04
4.273000000000000000e+03
5.142400000000000000e+04
1.297930000000000000e+05
2.241220000000000000e+05
1.330170000000000000e+05
1.629500000000000000e+05
3.917400000000000000e+04
1.696450000000000000e+05
1.963540000000000000e+05
2.111200000000000000e+05
2.234280000000000000e+05
2.451730000000000000e+05
6.225100000000000000e+04
2.221430000000000000e+05
2.668410000000000000e+05
3.504040000000000000e+05
2.217480000000000000e+05
2.934650000000000000e+05
4.838800000000000000e+04
3.049070000000000000e+05
3.204240000000000000e+05
3.203870000000000000e+05
3.452330000000000000e+05
3.838730000000000000e+05
5.060500000000000000e+04
3.387120000000000000e+05
2.490440000000000000e+05
9.761000000000000000e+03
4.818000000000000000e+03
4.728000000000000000e+03
1.440000000000000000e+02
3.495000000000000000e+03
3.636000000000000000e+03
3.456000000000000000e+03
2.604000000000000000e+03
4.912020000000000000e+05
1.617000000000000000e+03
9.513630000000000000e+05
1.215619000000000000e+06
1.381790000000000000e+06
1.301331000000000000e+06
1.182671000000000000e+06
6.466100000000000000e+04
1.034910000000000000e+06
9.542910000000000000e+05
9.826400000000000000e+05
9.531570000000000000e+05
9.475850000000000000e+05
1.046320000000000000e+05
7.944890000000000000e+05
6.497950000000000000e+05
1.511408000000000000e+06
1.019436000000000000e+06
5.860530000000000000e+05
6.497100000000000000e+04
4.574420000000000000e+05
5.214760000000000000e+05
4.547320000000000000e+05
4.412850000000000000e+05
6.102410000000000000e+05
8.747900000000000000e+04
5.612390000000000000e+05
5.090210000000000000e+05
1.397871000000000000e+06
1.522169000000000000e+06
2.277658000000000000e+06
9.600000000000000000e+03
2.990048000000000000e+06
1.572757000000000000e+06
1.082669000000000000e+06
9.502870000000000000e+05
9.152980000000000000e+05
1.542680000000000000e+05
8.532450000000000000e+05
1.000590000000000000e+06
2.900695000000000000e+06
2.805455000000000000e+06
3.007863000000000000e+06
1.085913000000000000e+06
5.050020000000000000e+05
5.850340000000000000e+05
