5.592484000000000000e+06
5.380845000000000000e+06
3.836500000000000000e+04
5.385516000000000000e+06
4.627330000000000000e+06
4.145762000000000000e+06
3.097529000000000000e+06
1.918256000000000000e+06
4.683700000000000000e+04
1.163311000000000000e+06
4.424910000000000000e+05
2.365884000000000000e+06
8.775900000000000000e+04
9.600000000000000000e+02
0.000000000000000000e+00
0.000000000000000000e+00
1.376000000000000000e+04
1.778400000000000000e+04
1.049850000000000000e+05
1.665610000000000000e+05
4.527600000000000000e+04
2.792090000000000000e+05
4.602110000000000000e+05
2.834072000000000000e+06
1.442983000000000000e+06
1.954371000000000000e+06
1.677500000000000000e+04
2.196091000000000000e+06
2.290814000000000000e+06
2.529234000000000000e+06
2.933529000000000000e+06
3.311768000000000000e+06
6.675100000000000000e+04
3.046739000000000000e+06
2.714385000000000000e+06
3.597460000000000000e+06
3.460658000000000000e+06
2.398139000000000000e+06
1.631000000000000000e+04
2.248904000000000000e+06
2.262420000000000000e+06
2.018540000000000000e+06
1.724204000000000000e+06
1.505295000000000000e+06
4.972100000000000000e+04
1.198463000000000000e+06
1.186484000000000000e+06
3.534591000000000000e+06
2.738849000000000000e+06
1.684553000000000000e+06
1.781700000000000000e+04
1.067605000000000000e+06
1.058904000000000000e+06
1.004230000000000000e+06
9.970270000000000000e+05
9.762860000000000000e+05
1.097100000000000000e+04
9.471140000000000000e+05
9.177140000000000000e+05
2.208994000000000000e+06
1.541331000000000000e+06
9.228210000000000000e+05
1.520600000000000000e+04
8.452070000000000000e+05
7.965400000000000000e+05
7.569660000000000000e+05
8.201870000000000000e+05
7.948170000000000000e+05
2.040900000000000000e+04
7.983340000000000000e+05
7.841060000000000000e+05
1.563458000000000000e+06
1.400145000000000000e+06
7.780400000000000000e+05
8.941000000000000000e+03
7.059530000000000000e+05
6.784620000000000000e+05
6.597300000000000000e+05
6.281510000000000000e+05
6.004390000000000000e+05
1.294000000000000000e+04
6.010850000000000000e+05
6.003850000000000000e+05
1.318772000000000000e+06
1.331567000000000000e+06
7.467110000000000000e+05
2.111300000000000000e+04
5.735960000000000000e+05
5.651800000000000000e+05
5.630300000000000000e+05
6.546880000000000000e+05
7.821540000000000000e+05
6.768800000000000000e+04
7.889120000000000000e+05
7.763730000000000000e+05
1.216393000000000000e+06
2.395950000000000000e+06
8.090360000000000000e+05
1.476500000000000000e+04
7.196420000000000000e+05
7.008000000000000000e+05
6.781940000000000000e+05
6.758430000000000000e+05
6.607220000000000000e+05
6.446700000000000000e+04
6.228840000000000000e+05
6.436150000000000000e+05
2.438609000000000000e+06
2.239691000000000000e+06
6.553900000000000000e+05
6.677000000000000000e+03
6.580880000000000000e+05
7.956910000000000000e+05
9.776770000000000000e+05
1.085760000000000000e+06
1.105725000000000000e+06
1.582710000000000000e+05
1.084885000000000000e+06
1.170011000000000000e+06
1.615038000000000000e+06
1.213073000000000000e+06
1.174769000000000000e+06
4.522500000000000000e+04
1.106492000000000000e+06
1.146239000000000000e+06
1.160004000000000000e+06
1.221944000000000000e+06
1.228677000000000000e+06
6.966800000000000000e+04
1.290637000000000000e+06
1.401926000000000000e+06
3.882727000000000000e+06
1.662046000000000000e+06
1.659235000000000000e+06
6.365600000000000000e+04
1.724003000000000000e+06
1.908335000000000000e+06
1.937182000000000000e+06
2.103229000000000000e+06
2.235130000000000000e+06
7.169500000000000000e+04
2.452838000000000000e+06
2.571256000000000000e+06
3.953294000000000000e+06
3.371439000000000000e+06
3.586369000000000000e+06
7.656500000000000000e+04
3.932352000000000000e+06
4.250273000000000000e+06
