3.144400000000000000e+05
2.779730000000000000e+05
4.389000000000000000e+03
3.180310000000000000e+05
2.988750000000000000e+05
1.563260000000000000e+05
2.010120000000000000e+05
2.133560000000000000e+05
3.921000000000000000e+03
9.696930000000000000e+05
4.953280000000000000e+05
3.903680000000000000e+05
3.206470000000000000e+05
2.302840000000000000e+05
2.822400000000000000e+04
1.878710000000000000e+05
2.301770000000000000e+05
2.830360000000000000e+05
2.063120000000000000e+05
1.856620000000000000e+05
1.729100000000000000e+04
9.766250000000000000e+05
2.546080000000000000e+05
3.438200000000000000e+05
2.913800000000000000e+05
1.971810000000000000e+05
5.564000000000000000e+03
3.175340000000000000e+05
2.892970000000000000e+05
1.708250000000000000e+05
1.701770000000000000e+05
1.631480000000000000e+05
2.985000000000000000e+03
8.663120000000000000e+05
2.728640000000000000e+05
3.614550000000000000e+05
2.636860000000000000e+05
3.330270000000000000e+05
6.240000000000000000e+03
1.712160000000000000e+05
3.281640000000000000e+05
2.262640000000000000e+05
2.334390000000000000e+05
3.004040000000000000e+05
6.702000000000000000e+03
1.021980000000000000e+06
3.709480000000000000e+05
4.994480000000000000e+05
3.854220000000000000e+05
2.713820000000000000e+05
1.420300000000000000e+04
2.898000000000000000e+05
2.212570000000000000e+05
1.992090000000000000e+05
2.007860000000000000e+05
1.812010000000000000e+05
1.875600000000000000e+04
9.179800000000000000e+05
3.786560000000000000e+05
3.638060000000000000e+05
1.994120000000000000e+05
2.304670000000000000e+05
1.332000000000000000e+04
3.465350000000000000e+05
2.213660000000000000e+05
1.856120000000000000e+05
1.644930000000000000e+05
1.782330000000000000e+05
1.129300000000000000e+04
9.519810000000000000e+05
4.463730000000000000e+05
4.316900000000000000e+05
2.477910000000000000e+05
2.304700000000000000e+05
4.409000000000000000e+03
1.901060000000000000e+05
2.220840000000000000e+05
1.891450000000000000e+05
2.103630000000000000e+05
2.142960000000000000e+05
4.657000000000000000e+03
9.449220000000000000e+05
2.925040000000000000e+05
4.108750000000000000e+05
2.628240000000000000e+05
2.354510000000000000e+05
1.676400000000000000e+04
2.510230000000000000e+05
1.858140000000000000e+05
1.347320000000000000e+05
1.199560000000000000e+05
8.135700000000000000e+04
4.726000000000000000e+03
8.197020000000000000e+05
2.575980000000000000e+05
2.758750000000000000e+05
7.581400000000000000e+04
5.018200000000000000e+04
1.700000000000000000e+02
1.291810000000000000e+05
7.477100000000000000e+04
4.018600000000000000e+04
1.646100000000000000e+04
2.054500000000000000e+04
4.424000000000000000e+03
7.723170000000000000e+05
1.659510000000000000e+05
2.543650000000000000e+05
3.081800000000000000e+04
3.287800000000000000e+04
7.569000000000000000e+03
6.081400000000000000e+04
1.261140000000000000e+05
3.082600000000000000e+04
2.473600000000000000e+04
3.985500000000000000e+04
4.960000000000000000e+02
7.699740000000000000e+05
1.218930000000000000e+05
1.923460000000000000e+05
7.276900000000000000e+04
8.856900000000000000e+04
1.910500000000000000e+04
6.956200000000000000e+04
2.300320000000000000e+05
3.966530000000000000e+05
5.735490000000000000e+05
6.221410000000000000e+05
9.368000000000000000e+03
1.175910000000000000e+06
9.269220000000000000e+05
1.001316000000000000e+06
1.115985000000000000e+06
1.077944000000000000e+06
1.525600000000000000e+04
1.134664000000000000e+06
1.259789000000000000e+06
1.429275000000000000e+06
1.537145000000000000e+06
1.528078000000000000e+06
8.062700000000000000e+04
2.148602000000000000e+06
1.927432000000000000e+06
1.881793000000000000e+06
1.809130000000000000e+06
1.688783000000000000e+06
3.131600000000000000e+04
1.724662000000000000e+06
1.675476000000000000e+06
