1.430100000000000000e+04
5.959000000000000000e+03
0.000000000000000000e+00
1.042938000000000000e+06
1.615462000000000000e+06
1.600000000000000000e+03
0.000000000000000000e+00
0.000000000000000000e+00
0.000000000000000000e+00
0.000000000000000000e+00
0.000000000000000000e+00
1.055870000000000000e+05
0.000000000000000000e+00
0.000000000000000000e+00
0.000000000000000000e+00
1.858439000000000000e+06
2.581200000000000000e+04
1.719700000000000000e+04
1.500000000000000000e+03
3.968600000000000000e+04
4.770000000000000000e+03
7.271200000000000000e+04
5.701600000000000000e+04
1.786170000000000000e+05
8.571100000000000000e+04
8.040000000000000000e+04
8.117000000000000000e+03
9.828470000000000000e+05
9.219300000000000000e+04
8.319200000000000000e+04
7.513200000000000000e+04
7.236600000000000000e+04
1.417200000000000000e+04
1.004100000000000000e+04
7.346000000000000000e+03
1.316770000000000000e+05
2.577000000000000000e+03
0.000000000000000000e+00
3.167000000000000000e+03
1.154989000000000000e+06
1.614332000000000000e+06
1.600000000000000000e+03
0.000000000000000000e+00
0.000000000000000000e+00
0.000000000000000000e+00
1.148000000000000000e+03
0.000000000000000000e+00
1.275870000000000000e+05
0.000000000000000000e+00
0.000000000000000000e+00
0.000000000000000000e+00
1.926031000000000000e+06
2.618700000000000000e+04
1.902000000000000000e+03
1.223000000000000000e+03
1.152000000000000000e+03
0.000000000000000000e+00
0.000000000000000000e+00
5.254800000000000000e+04
1.234490000000000000e+05
1.472700000000000000e+04
1.603200000000000000e+04
0.000000000000000000e+00
4.685150000000000000e+05
1.410839000000000000e+06
8.100800000000000000e+04
1.828000000000000000e+04
1.088000000000000000e+03
0.000000000000000000e+00
0.000000000000000000e+00
7.654000000000000000e+03
1.512210000000000000e+05
6.336400000000000000e+04
9.134800000000000000e+04
2.311700000000000000e+04
1.853288000000000000e+06
1.029600000000000000e+05
7.680100000000000000e+04
7.365200000000000000e+04
9.075000000000000000e+04
1.205600000000000000e+04
9.655900000000000000e+04
1.091810000000000000e+05
2.356710000000000000e+05
8.338000000000000000e+04
8.302900000000000000e+04
1.151000000000000000e+04
4.284020000000000000e+05
3.939400000000000000e+04
1.164300000000000000e+04
0.000000000000000000e+00
1.173600000000000000e+04
0.000000000000000000e+00
1.591600000000000000e+04
1.351890000000000000e+05
1.598620000000000000e+05
1.276540000000000000e+05
3.825700000000000000e+04
9.350000000000000000e+03
4.065070000000000000e+05
2.892000000000000000e+04
2.020000000000000000e+02
8.896000000000000000e+03
4.777000000000000000e+03
0.000000000000000000e+00
1.053600000000000000e+04
8.868000000000000000e+04
1.205440000000000000e+05
8.049400000000000000e+04
8.612500000000000000e+04
5.340000000000000000e+03
3.393710000000000000e+05
4.886900000000000000e+04
4.340000000000000000e+02
0.000000000000000000e+00
2.644000000000000000e+03
0.000000000000000000e+00
3.194000000000000000e+04
4.470500000000000000e+04
1.018110000000000000e+05
1.740790000000000000e+05
3.110700000000000000e+04
5.085000000000000000e+03
5.066840000000000000e+05
1.379052000000000000e+06
6.482100000000000000e+04
1.353800000000000000e+04
1.681000000000000000e+03
0.000000000000000000e+00
8.334000000000000000e+03
4.706000000000000000e+04
1.844930000000000000e+05
8.711500000000000000e+04
3.682900000000000000e+04
0.000000000000000000e+00
1.708969000000000000e+06
1.347079000000000000e+06
6.195100000000000000e+04
2.855300000000000000e+04
0.000000000000000000e+00
0.000000000000000000e+00
1.024000000000000000e+03
2.032000000000000000e+03
1.035870000000000000e+05
2.957600000000000000e+04
6.026800000000000000e+05
1.585900000000000000e+04
2.439107000000000000e+06
3.089731000000000000e+06
