1.100610000000000000e+05
9.224890000000000000e+05
3.151400000000000000e+04
1.807732000000000000e+06
2.147374000000000000e+06
2.642235000000000000e+06
3.156196000000000000e+06
3.752547000000000000e+06
4.074900000000000000e+04
4.204396000000000000e+06
4.774874000000000000e+06
7.308631000000000000e+06
6.721183000000000000e+06
7.829159000000000000e+06
4.280200000000000000e+04
8.706960000000000000e+06
9.442275000000000000e+06
9.166292000000000000e+06
8.138344000000000000e+06
6.840717000000000000e+06
2.305500000000000000e+04
5.107924000000000000e+06
3.658068000000000000e+06
3.780474000000000000e+06
4.825279000000000000e+06
3.384202000000000000e+06
1.832700000000000000e+04
2.368905000000000000e+06
1.792668000000000000e+06
1.454717000000000000e+06
1.401431000000000000e+06
1.302866000000000000e+06
1.364500000000000000e+04
1.097018000000000000e+06
1.025144000000000000e+06
1.783867000000000000e+06
9.128790000000000000e+05
7.851040000000000000e+05
7.598000000000000000e+03
7.324470000000000000e+05
7.183010000000000000e+05
6.408740000000000000e+05
5.511640000000000000e+05
4.533940000000000000e+05
5.064000000000000000e+03
4.498850000000000000e+05
4.018520000000000000e+05
9.045640000000000000e+05
4.693300000000000000e+05
3.129890000000000000e+05
1.382000000000000000e+03
2.415970000000000000e+05
3.652330000000000000e+05
2.636580000000000000e+05
2.047410000000000000e+05
1.384020000000000000e+05
9.240000000000000000e+02
1.517660000000000000e+05
5.361300000000000000e+04
1.513265000000000000e+06
8.561100000000000000e+04
8.911000000000000000e+03
5.791000000000000000e+03
1.149200000000000000e+04
1.275000000000000000e+04
1.767700000000000000e+04
1.477000000000000000e+04
1.085290000000000000e+05
5.610000000000000000e+02
4.763000000000000000e+04
4.790400000000000000e+04
1.595583000000000000e+06
1.409500000000000000e+04
1.344000000000000000e+03
0.000000000000000000e+00
0.000000000000000000e+00
1.150000000000000000e+04
1.034000000000000000e+04
1.069600000000000000e+04
6.391000000000000000e+03
0.000000000000000000e+00
6.735600000000000000e+04
1.973000000000000000e+04
1.650711000000000000e+06
6.916400000000000000e+04
5.275000000000000000e+04
0.000000000000000000e+00
0.000000000000000000e+00
1.088000000000000000e+03
8.042000000000000000e+03
0.000000000000000000e+00
1.771200000000000000e+04
7.632000000000000000e+03
1.583900000000000000e+04
4.147100000000000000e+04
1.673614000000000000e+06
1.364524000000000000e+06
3.256000000000000000e+04
9.280000000000000000e+02
5.424000000000000000e+03
3.453780000000000000e+05
1.822116000000000000e+06
3.253248000000000000e+06
2.635227000000000000e+06
3.600000000000000000e+02
1.860610000000000000e+06
1.432600000000000000e+06
3.894164000000000000e+06
9.423920000000000000e+05
7.545330000000000000e+05
2.024000000000000000e+03
6.057690000000000000e+05
4.705590000000000000e+05
4.332780000000000000e+05
7.166260000000000000e+05
1.363144000000000000e+06
3.751000000000000000e+04
1.439302000000000000e+06
1.182177000000000000e+06
1.925854000000000000e+06
8.503690000000000000e+05
5.882630000000000000e+05
9.460000000000000000e+03
5.027130000000000000e+05
4.212300000000000000e+05
2.259140000000000000e+05
2.349710000000000000e+05
3.136720000000000000e+05
1.963000000000000000e+04
1.773770000000000000e+05
2.405620000000000000e+05
2.920249000000000000e+06
1.917010000000000000e+05
9.860500000000000000e+04
4.608000000000000000e+03
1.536980000000000000e+05
5.447400000000000000e+04
5.320400000000000000e+04
9.459700000000000000e+04
1.409780000000000000e+05
0.000000000000000000e+00
5.259200000000000000e+04
5.389300000000000000e+04
2.255336000000000000e+06
3.362700000000000000e+04
8.639000000000000000e+03
1.173000000000000000e+03
1.540700000000000000e+04
2.594600000000000000e+04
