6.525100000000000000e+04
3.698500000000000000e+04
4.545000000000000000e+03
8.727600000000000000e+04
1.091590000000000000e+05
1.790951000000000000e+06
5.830920000000000000e+05
1.459400000000000000e+04
0.000000000000000000e+00
0.000000000000000000e+00
2.521100000000000000e+04
3.198370000000000000e+05
5.357700000000000000e+04
5.132100000000000000e+04
1.498500000000000000e+04
1.258970000000000000e+05
2.606200000000000000e+04
1.174872000000000000e+06
1.034350000000000000e+05
5.743700000000000000e+04
0.000000000000000000e+00
3.328000000000000000e+03
0.000000000000000000e+00
3.095270000000000000e+05
2.629800000000000000e+04
8.775700000000000000e+04
2.751900000000000000e+04
1.640930000000000000e+05
1.355180000000000000e+05
2.001470000000000000e+06
1.238456000000000000e+06
1.478400000000000000e+04
0.000000000000000000e+00
1.136100000000000000e+04
0.000000000000000000e+00
2.371030000000000000e+05
1.811200000000000000e+04
2.010700000000000000e+04
1.205300000000000000e+04
4.281400000000000000e+04
1.822520000000000000e+05
1.847603000000000000e+06
1.526540000000000000e+05
1.966100000000000000e+04
5.250000000000000000e+02
6.375000000000000000e+04
2.514900000000000000e+04
2.038480000000000000e+05
2.734600000000000000e+04
2.190830000000000000e+05
2.528500000000000000e+04
3.377300000000000000e+04
7.888000000000000000e+04
1.679120000000000000e+06
4.578400000000000000e+05
6.992900000000000000e+04
0.000000000000000000e+00
5.632000000000000000e+03
1.833300000000000000e+04
2.638470000000000000e+05
1.404150000000000000e+05
1.099510000000000000e+05
6.326000000000000000e+03
6.387800000000000000e+04
1.065050000000000000e+05
1.777580000000000000e+06
1.097030000000000000e+05
5.417800000000000000e+04
0.000000000000000000e+00
0.000000000000000000e+00
1.088000000000000000e+03
2.345520000000000000e+05
1.109920000000000000e+05
1.978638000000000000e+06
8.507000000000000000e+03
3.681543000000000000e+06
5.978347000000000000e+06
1.106089400000000000e+07
1.291487100000000000e+07
1.627678900000000000e+07
7.371800000000000000e+04
1.957506800000000000e+07
6.720000000000000000e+03
1.179200000000000000e+04
2.880000000000000000e+03
2.880000000000000000e+03
0.000000000000000000e+00
4.800000000000000000e+03
5.440000000000000000e+03
4.680000000000000000e+05
3.584000000000000000e+04
0.000000000000000000e+00
0.000000000000000000e+00
9.600000000000000000e+02
0.000000000000000000e+00
3.840000000000000000e+03
1.920000000000000000e+03
2.304000000000000000e+03
2.809600000000000000e+04
0.000000000000000000e+00
1.280000000000000000e+03
2.118400000000000000e+06
2.184000000000000000e+03
1.274400000000000000e+04
3.120000000000000000e+03
6.448800000000000000e+04
2.599680000000000000e+05
7.476480000000000000e+05
1.820062000000000000e+06
3.331479000000000000e+06
1.357010000000000000e+05
4.807909000000000000e+06
5.748745000000000000e+06
7.946706000000000000e+06
6.367608000000000000e+06
6.530449000000000000e+06
2.221460000000000000e+05
6.615525000000000000e+06
6.555632000000000000e+06
6.315710000000000000e+06
5.868218000000000000e+06
5.423785000000000000e+06
2.001620000000000000e+05
4.899357000000000000e+06
4.366064000000000000e+06
4.599931000000000000e+06
3.641559000000000000e+06
3.035695000000000000e+06
1.569120000000000000e+05
2.475148000000000000e+06
1.967173000000000000e+06
1.585528000000000000e+06
1.054223000000000000e+06
5.714450000000000000e+05
3.663500000000000000e+04
6.230220000000000000e+05
5.822090000000000000e+05
1.818830000000000000e+06
8.131960000000000000e+05
5.266760000000000000e+05
4.537800000000000000e+04
6.875910000000000000e+05
6.279200000000000000e+05
9.379840000000000000e+05
6.226110000000000000e+05
6.495230000000000000e+05
3.334700000000000000e+04
5.849360000000000000e+05
5.775110000000000000e+05
