8.336730000000000000e+05
5.929640000000000000e+05
2.925300000000000000e+04
7.072190000000000000e+05
5.958770000000000000e+05
6.407590000000000000e+05
7.208720000000000000e+05
6.137710000000000000e+05
3.050500000000000000e+04
6.337460000000000000e+05
6.416000000000000000e+05
1.753120000000000000e+06
8.665120000000000000e+05
5.737790000000000000e+05
3.652500000000000000e+04
6.292710000000000000e+05
6.193390000000000000e+05
6.805940000000000000e+05
6.383260000000000000e+05
6.791370000000000000e+05
4.805700000000000000e+04
5.745400000000000000e+05
6.668050000000000000e+05
1.776676000000000000e+06
7.954050000000000000e+05
6.446890000000000000e+05
3.114500000000000000e+04
6.383900000000000000e+05
6.619030000000000000e+05
6.397570000000000000e+05
6.459620000000000000e+05
6.678220000000000000e+05
5.302500000000000000e+04
6.090020000000000000e+05
7.314280000000000000e+05
1.757949000000000000e+06
7.941870000000000000e+05
6.410850000000000000e+05
3.101800000000000000e+04
6.678200000000000000e+05
6.218460000000000000e+05
6.667710000000000000e+05
6.341200000000000000e+05
7.042070000000000000e+05
2.983600000000000000e+04
6.391220000000000000e+05
6.238500000000000000e+05
1.770700000000000000e+06
8.112030000000000000e+05
6.530920000000000000e+05
6.240000000000000000e+04
6.264890000000000000e+05
7.229740000000000000e+05
6.535240000000000000e+05
6.611390000000000000e+05
7.194500000000000000e+05
4.564400000000000000e+04
5.811920000000000000e+05
7.283400000000000000e+05
1.766924000000000000e+06
8.266550000000000000e+05
6.233470000000000000e+05
3.710600000000000000e+04
6.862040000000000000e+05
6.721710000000000000e+05
7.061490000000000000e+05
7.104770000000000000e+05
6.639910000000000000e+05
4.996200000000000000e+04
6.732730000000000000e+05
6.273740000000000000e+05
1.807222000000000000e+06
8.385210000000000000e+05
6.674500000000000000e+05
4.891000000000000000e+04
6.434110000000000000e+05
7.023980000000000000e+05
6.799830000000000000e+05
6.984530000000000000e+05
7.334090000000000000e+05
5.672200000000000000e+04
6.383440000000000000e+05
7.287740000000000000e+05
1.810273000000000000e+06
8.715780000000000000e+05
6.754760000000000000e+05
8.814500000000000000e+04
6.888280000000000000e+05
7.603080000000000000e+05
6.757770000000000000e+05
6.693330000000000000e+05
7.759810000000000000e+05
6.586000000000000000e+04
5.954570000000000000e+05
6.759600000000000000e+05
1.849729000000000000e+06
8.263690000000000000e+05
7.610650000000000000e+05
1.011520000000000000e+05
7.094250000000000000e+05
6.979910000000000000e+05
6.928860000000000000e+05
6.856360000000000000e+05
7.283390000000000000e+05
5.378500000000000000e+04
6.451630000000000000e+05
7.586580000000000000e+05
1.889049000000000000e+06
8.852300000000000000e+05
6.821820000000000000e+05
8.166400000000000000e+04
7.789870000000000000e+05
7.120890000000000000e+05
7.441240000000000000e+05
6.665750000000000000e+05
7.224350000000000000e+05
7.129000000000000000e+04
6.857000000000000000e+05
7.294780000000000000e+05
1.901287000000000000e+06
8.397180000000000000e+05
7.384570000000000000e+05
5.647400000000000000e+04
6.966600000000000000e+05
7.514700000000000000e+05
7.306520000000000000e+05
7.423860000000000000e+05
7.498970000000000000e+05
2.748600000000000000e+04
7.168790000000000000e+05
7.118550000000000000e+05
1.925717000000000000e+06
8.411600000000000000e+05
7.556800000000000000e+05
4.711600000000000000e+04
7.658780000000000000e+05
6.913170000000000000e+05
7.606790000000000000e+05
7.436980000000000000e+05
7.417250000000000000e+05
7.037400000000000000e+04
6.815950000000000000e+05
7.663540000000000000e+05
1.911460000000000000e+06
8.881100000000000000e+05
7.182830000000000000e+05
7.058500000000000000e+04
7.891000000000000000e+05
7.326590000000000000e+05
