8.411730000000000000e+05
7.786660000000000000e+05
3.816100000000000000e+04
7.167490000000000000e+05
7.838420000000000000e+05
1.855073000000000000e+06
9.737320000000000000e+05
7.706100000000000000e+05
5.121000000000000000e+04
7.296600000000000000e+05
8.104440000000000000e+05
1.020889000000000000e+06
7.859980000000000000e+05
7.001100000000000000e+05
6.483900000000000000e+04
7.933820000000000000e+05
6.845700000000000000e+05
1.819808000000000000e+06
9.087680000000000000e+05
7.669880000000000000e+05
7.029300000000000000e+04
7.121830000000000000e+05
7.682420000000000000e+05
1.116490000000000000e+06
1.666520000000000000e+06
2.667218000000000000e+06
1.050330000000000000e+05
3.587041000000000000e+06
4.948894000000000000e+06
6.901997000000000000e+06
8.728638000000000000e+06
1.036655000000000000e+07
2.640520000000000000e+05
1.111967700000000000e+07
1.205951200000000000e+07
1.204054800000000000e+07
9.752188000000000000e+06
8.025439000000000000e+06
1.161890000000000000e+05
1.073002400000000000e+07
1.336239200000000000e+07
1.948187000000000000e+07
2.149797300000000000e+07
2.591059900000000000e+07
6.694000000000000000e+03
3.489210700000000000e+07
7.080986000000000000e+06
1.272903000000000000e+07
3.998047400000000000e+07
2.627718800000000000e+07
1.537710000000000000e+05
3.746901700000000000e+07
3.698862600000000000e+07
2.301120900000000000e+07
2.081087500000000000e+07
1.764307500000000000e+07
1.649220000000000000e+05
1.632127400000000000e+07
1.300931900000000000e+07
1.064140500000000000e+07
9.619066000000000000e+06
9.416017000000000000e+06
2.951020000000000000e+05
1.124942500000000000e+07
8.135506000000000000e+06
7.000078000000000000e+06
6.223786000000000000e+06
5.385629000000000000e+06
2.254810000000000000e+05
4.601195000000000000e+06
4.050181000000000000e+06
3.582632000000000000e+06
2.994205000000000000e+06
2.681034000000000000e+06
6.710900000000000000e+04
4.229437000000000000e+06
2.339069000000000000e+06
1.660485000000000000e+06
1.514422000000000000e+06
1.048952000000000000e+06
3.005900000000000000e+04
6.329820000000000000e+05
6.577430000000000000e+05
1.353790000000000000e+05
1.239900000000000000e+04
5.447100000000000000e+04
2.069000000000000000e+03
2.402550000000000000e+06
4.536420000000000000e+05
6.805400000000000000e+04
1.538190000000000000e+05
3.209150000000000000e+05
1.757300000000000000e+04
2.926860000000000000e+05
1.751290000000000000e+05
2.094660000000000000e+05
1.133170000000000000e+05
1.510370000000000000e+05
1.020000000000000000e+04
2.154882000000000000e+06
2.990440000000000000e+05
1.127680000000000000e+05
1.986480000000000000e+05
3.066990000000000000e+05
8.866000000000000000e+03
2.517660000000000000e+05
2.586520000000000000e+05
1.361480000000000000e+05
8.500700000000000000e+04
1.311770000000000000e+05
2.224000000000000000e+03
2.026648000000000000e+06
2.682000000000000000e+05
1.992300000000000000e+05
4.215940000000000000e+05
1.636010000000000000e+05
2.131000000000000000e+03
2.275500000000000000e+05
2.087620000000000000e+05
1.388650000000000000e+05
1.231130000000000000e+05
8.657800000000000000e+04
4.159000000000000000e+03
2.074188000000000000e+06
4.157780000000000000e+05
1.183620000000000000e+05
2.911100000000000000e+05
1.657680000000000000e+05
9.665000000000000000e+03
1.356790000000000000e+05
3.181200000000000000e+05
2.067720000000000000e+05
1.554940000000000000e+05
1.056220000000000000e+05
3.114000000000000000e+03
2.132052000000000000e+06
1.260710000000000000e+05
6.150700000000000000e+04
2.463750000000000000e+05
2.131190000000000000e+05
6.261000000000000000e+03
2.864190000000000000e+05
2.224870000000000000e+05
2.117180000000000000e+05
1.077070000000000000e+05
6.489100000000000000e+04
9.249000000000000000e+03
1.951012000000000000e+06
1.440160000000000000e+05
