7.317460000000000000e+05
7.894120000000000000e+05
1.461700000000000000e+05
8.160290000000000000e+05
5.810940000000000000e+05
2.504119000000000000e+06
2.006827000000000000e+06
5.055950000000000000e+05
5.942000000000000000e+03
3.229220000000000000e+05
4.417290000000000000e+05
4.939410000000000000e+05
4.521900000000000000e+05
5.290360000000000000e+05
1.163810000000000000e+05
4.351940000000000000e+05
5.583790000000000000e+05
2.416345000000000000e+06
2.486596000000000000e+06
2.743249000000000000e+06
1.355139000000000000e+06
1.676174000000000000e+06
5.639300000000000000e+05
4.715220000000000000e+05
3.972280000000000000e+05
5.807540000000000000e+05
1.511690000000000000e+05
9.736560000000000000e+05
5.329110000000000000e+05
2.962679000000000000e+06
2.007085000000000000e+06
1.146315000000000000e+06
1.884400000000000000e+04
3.782470000000000000e+05
4.730230000000000000e+05
5.959990000000000000e+05
4.635230000000000000e+05
6.076700000000000000e+05
1.617340000000000000e+05
4.954650000000000000e+05
5.415760000000000000e+05
2.863706000000000000e+06
2.625789000000000000e+06
1.939973000000000000e+06
1.336318000000000000e+06
4.015190000000000000e+05
5.110320000000000000e+05
5.700400000000000000e+05
4.696670000000000000e+05
5.473420000000000000e+05
1.517980000000000000e+05
1.829391000000000000e+06
1.901050000000000000e+06
1.485211000000000000e+06
1.630880000000000000e+06
5.891540000000000000e+05
2.191600000000000000e+04
4.144330000000000000e+05
4.839310000000000000e+05
6.536740000000000000e+05
4.405260000000000000e+05
5.704060000000000000e+05
1.046580000000000000e+05
5.545350000000000000e+05
4.999410000000000000e+05
1.894201000000000000e+06
1.866932000000000000e+06
2.122795000000000000e+06
1.328786000000000000e+06
5.002720000000000000e+05
4.934770000000000000e+05
6.779760000000000000e+05
4.222730000000000000e+05
5.184910000000000000e+05
9.192700000000000000e+04
6.107000000000000000e+05
6.109410000000000000e+05
1.128342000000000000e+06
3.714254000000000000e+06
1.475857000000000000e+06
7.604800000000000000e+04
1.252956000000000000e+06
9.764430000000000000e+05
1.154424000000000000e+06
8.394120000000000000e+05
9.493760000000000000e+05
1.411030000000000000e+05
9.630180000000000000e+05
9.877310000000000000e+05
2.965658000000000000e+06
7.566680000000000000e+05
6.951050000000000000e+05
1.042970000000000000e+05
5.133620000000000000e+05
6.489870000000000000e+05
8.757890000000000000e+05
6.782730000000000000e+05
8.168750000000000000e+05
8.084400000000000000e+04
5.405390000000000000e+05
3.639520000000000000e+05
1.301243000000000000e+06
2.479920000000000000e+05
5.377320000000000000e+05
5.316800000000000000e+04
3.003050000000000000e+05
3.652370000000000000e+05
5.200470000000000000e+05
3.166430000000000000e+05
4.631940000000000000e+05
5.730800000000000000e+04
4.864300000000000000e+05
5.875240000000000000e+05
1.639219000000000000e+06
1.731657000000000000e+06
5.878370000000000000e+05
1.354800000000000000e+04
2.782970000000000000e+05
3.476930000000000000e+05
5.775330000000000000e+05
3.191760000000000000e+05
4.777090000000000000e+05
8.848300000000000000e+04
3.909490000000000000e+05
4.467730000000000000e+05
1.302812000000000000e+06
3.417040000000000000e+05
5.921690000000000000e+05
5.987900000000000000e+04
3.341420000000000000e+05
4.513050000000000000e+05
5.291740000000000000e+05
3.610010000000000000e+05
5.284920000000000000e+05
7.376300000000000000e+04
4.377300000000000000e+05
1.357190000000000000e+06
2.943975000000000000e+06
4.713095000000000000e+06
4.071583000000000000e+06
4.852300000000000000e+04
4.436984000000000000e+06
4.468859000000000000e+06
4.368088000000000000e+06
4.615635000000000000e+06
4.930204000000000000e+06
1.360750000000000000e+05
4.657377000000000000e+06
4.767563000000000000e+06
