4.634610000000000000e+05
3.419850000000000000e+05
3.096400000000000000e+04
3.087870000000000000e+05
7.339400000000000000e+04
1.632460000000000000e+05
7.645500000000000000e+04
1.465950000000000000e+05
4.263000000000000000e+03
2.022262000000000000e+06
3.021180000000000000e+05
5.739250000000000000e+05
4.368250000000000000e+05
4.246830000000000000e+05
4.283800000000000000e+04
2.663330000000000000e+05
2.058800000000000000e+05
2.950380000000000000e+05
4.363380000000000000e+05
9.548090000000000000e+05
3.155600000000000000e+04
2.446321000000000000e+06
1.594306000000000000e+06
2.071491000000000000e+06
2.341232000000000000e+06
2.773948000000000000e+06
5.016200000000000000e+04
3.261248000000000000e+06
3.604619000000000000e+06
3.587443000000000000e+06
4.280126000000000000e+06
4.289562000000000000e+06
2.304190000000000000e+05
6.385821000000000000e+06
5.503462000000000000e+06
4.933543000000000000e+06
3.403571000000000000e+06
3.296338000000000000e+06
1.353380000000000000e+05
3.259431000000000000e+06
3.260815000000000000e+06
2.865227000000000000e+06
2.603382000000000000e+06
2.858591000000000000e+06
7.526400000000000000e+04
4.320948000000000000e+06
4.205070000000000000e+06
4.665198000000000000e+06
5.613629000000000000e+06
6.694374000000000000e+06
8.862500000000000000e+04
8.312781000000000000e+06
8.995474000000000000e+06
7.973118000000000000e+06
6.563470000000000000e+06
4.993114000000000000e+06
4.771700000000000000e+04
5.034600000000000000e+06
3.584211000000000000e+06
2.817413000000000000e+06
2.084967000000000000e+06
1.635350000000000000e+06
1.638400000000000000e+04
1.526409000000000000e+06
1.219866000000000000e+06
8.068730000000000000e+05
8.827610000000000000e+05
5.264960000000000000e+05
2.631000000000000000e+03
1.929392000000000000e+06
6.428180000000000000e+05
7.278590000000000000e+05
4.321450000000000000e+05
4.666890000000000000e+05
1.297600000000000000e+04
3.707740000000000000e+05
3.696940000000000000e+05
3.031070000000000000e+05
3.577980000000000000e+05
3.980480000000000000e+05
3.171000000000000000e+04
1.418011000000000000e+06
3.347260000000000000e+05
5.425000000000000000e+05
3.323210000000000000e+05
2.627510000000000000e+05
1.941000000000000000e+03
1.942380000000000000e+05
2.270730000000000000e+05
2.284180000000000000e+05
2.261050000000000000e+05
1.245900000000000000e+05
5.177000000000000000e+03
1.511665000000000000e+06
1.719070000000000000e+05
3.774210000000000000e+05
5.225800000000000000e+04
7.323900000000000000e+04
8.208000000000000000e+03
9.901500000000000000e+04
1.022920000000000000e+05
1.055600000000000000e+05
1.404110000000000000e+05
1.247780000000000000e+05
1.460800000000000000e+04
1.186185000000000000e+06
3.920400000000000000e+05
3.951670000000000000e+05
8.486200000000000000e+04
8.860800000000000000e+04
3.022000000000000000e+03
1.263080000000000000e+05
1.121590000000000000e+05
1.069440000000000000e+05
1.219740000000000000e+05
1.669270000000000000e+05
1.002600000000000000e+04
1.182284000000000000e+06
2.149330000000000000e+05
3.508410000000000000e+05
9.394100000000000000e+04
1.762380000000000000e+05
1.602900000000000000e+04
1.539690000000000000e+05
1.342450000000000000e+05
1.325180000000000000e+05
1.311910000000000000e+05
1.729390000000000000e+05
1.351100000000000000e+04
1.273409000000000000e+06
2.559720000000000000e+05
3.864180000000000000e+05
8.755300000000000000e+04
9.698100000000000000e+04
1.669500000000000000e+04
9.792500000000000000e+04
1.827980000000000000e+05
9.971400000000000000e+04
1.166440000000000000e+05
1.034440000000000000e+05
2.000000000000000000e+02
1.098745000000000000e+06
2.030860000000000000e+05
3.569490000000000000e+05
1.470440000000000000e+05
1.775270000000000000e+05
3.064000000000000000e+03
1.106680000000000000e+05
1.285030000000000000e+05
