2.050870000000000000e+05
1.656660000000000000e+05
1.040000000000000000e+04
1.185387000000000000e+06
4.094250000000000000e+05
6.965600000000000000e+04
8.282500000000000000e+04
1.002170000000000000e+05
8.220000000000000000e+02
1.627470000000000000e+05
1.786680000000000000e+05
4.963390000000000000e+05
1.762460000000000000e+05
2.740350000000000000e+05
3.549000000000000000e+03
1.132696000000000000e+06
3.453590000000000000e+05
7.455600000000000000e+04
9.896800000000000000e+04
7.478500000000000000e+04
6.254000000000000000e+03
7.485700000000000000e+04
1.753170000000000000e+05
3.866740000000000000e+05
1.110770000000000000e+05
2.600700000000000000e+05
3.158000000000000000e+03
1.029751000000000000e+06
2.322820000000000000e+05
9.177400000000000000e+04
1.384280000000000000e+05
1.361280000000000000e+05
4.938000000000000000e+03
1.110050000000000000e+05
1.026680000000000000e+05
4.042620000000000000e+05
1.627370000000000000e+05
1.634550000000000000e+05
1.568000000000000000e+03
1.261093000000000000e+06
2.684740000000000000e+05
8.930400000000000000e+04
7.316900000000000000e+04
1.248610000000000000e+05
1.036000000000000000e+03
1.179860000000000000e+05
2.598310000000000000e+05
4.065920000000000000e+05
1.724430000000000000e+05
1.254570000000000000e+05
8.230000000000000000e+02
1.233195000000000000e+06
2.650380000000000000e+05
1.070590000000000000e+05
2.309500000000000000e+05
1.966740000000000000e+05
2.050700000000000000e+04
1.816860000000000000e+05
2.401810000000000000e+05
4.260480000000000000e+05
1.455630000000000000e+05
2.580350000000000000e+05
7.220000000000000000e+03
1.298796000000000000e+06
3.111730000000000000e+05
2.329350000000000000e+05
3.250690000000000000e+05
3.258530000000000000e+05
1.980600000000000000e+04
6.023210000000000000e+05
1.205819000000000000e+06
1.526338000000000000e+06
8.097270000000000000e+05
8.958520000000000000e+05
2.052100000000000000e+04
1.748593000000000000e+06
9.460590000000000000e+05
7.685170000000000000e+05
7.221970000000000000e+05
6.782920000000000000e+05
2.049400000000000000e+04
5.755940000000000000e+05
3.063710000000000000e+05
6.663490000000000000e+05
4.391120000000000000e+05
4.887780000000000000e+05
3.005600000000000000e+04
1.808339000000000000e+06
8.471170000000000000e+05
1.492450000000000000e+05
1.128650000000000000e+05
1.187530000000000000e+05
2.696000000000000000e+03
1.023120000000000000e+05
1.595040000000000000e+05
4.028320000000000000e+05
1.345880000000000000e+05
1.482650000000000000e+05
1.911200000000000000e+04
1.163089000000000000e+06
4.471480000000000000e+05
2.781730000000000000e+05
3.704500000000000000e+05
2.957590000000000000e+05
1.552400000000000000e+04
2.061350000000000000e+05
1.937400000000000000e+05
4.655000000000000000e+05
1.745860000000000000e+05
1.947890000000000000e+05
1.332500000000000000e+04
1.290293000000000000e+06
5.225870000000000000e+05
1.750110000000000000e+05
1.410240000000000000e+05
1.764700000000000000e+05
4.689000000000000000e+03
1.913940000000000000e+05
1.757200000000000000e+05
4.364420000000000000e+05
1.900040000000000000e+05
1.747430000000000000e+05
6.111000000000000000e+03
1.181925000000000000e+06
3.765250000000000000e+05
1.752050000000000000e+05
2.343690000000000000e+05
2.416500000000000000e+05
1.076700000000000000e+04
2.423330000000000000e+05
4.126580000000000000e+05
5.285130000000000000e+05
2.843050000000000000e+05
2.168560000000000000e+05
2.500000000000000000e+03
1.382701000000000000e+06
4.163800000000000000e+05
2.336650000000000000e+05
2.193780000000000000e+05
2.298420000000000000e+05
8.634000000000000000e+03
3.188100000000000000e+05
3.270990000000000000e+05
5.921380000000000000e+05
3.402680000000000000e+05
3.566300000000000000e+05
5.673000000000000000e+03
1.383829000000000000e+06
4.594600000000000000e+05
