3.714370000000000000e+05
3.404760000000000000e+05
1.016300000000000000e+04
3.302090000000000000e+05
2.781830000000000000e+05
3.237440000000000000e+05
3.133780000000000000e+05
2.796790000000000000e+05
2.433400000000000000e+04
1.601630000000000000e+06
4.900100000000000000e+05
5.922430000000000000e+05
2.474790000000000000e+05
3.143670000000000000e+05
2.497200000000000000e+04
2.954950000000000000e+05
2.956010000000000000e+05
2.451400000000000000e+05
2.838910000000000000e+05
2.852980000000000000e+05
8.764000000000000000e+03
1.572868000000000000e+06
4.812440000000000000e+05
5.653870000000000000e+05
2.633440000000000000e+05
2.935300000000000000e+05
1.330500000000000000e+04
3.173550000000000000e+05
3.388910000000000000e+05
3.689170000000000000e+05
3.299920000000000000e+05
3.042470000000000000e+05
2.291200000000000000e+04
1.433882000000000000e+06
6.257350000000000000e+05
5.465830000000000000e+05
2.364610000000000000e+05
2.395440000000000000e+05
4.236000000000000000e+03
2.516120000000000000e+05
2.670880000000000000e+05
2.628170000000000000e+05
3.300200000000000000e+05
2.943100000000000000e+05
1.051400000000000000e+04
1.413570000000000000e+06
3.891170000000000000e+05
5.508950000000000000e+05
3.196500000000000000e+05
3.576590000000000000e+05
1.224200000000000000e+04
3.267550000000000000e+05
2.622190000000000000e+05
2.610350000000000000e+05
2.440960000000000000e+05
2.912650000000000000e+05
3.327000000000000000e+03
1.500753000000000000e+06
6.355530000000000000e+05
5.663530000000000000e+05
3.292170000000000000e+05
2.709010000000000000e+05
5.218000000000000000e+03
2.768930000000000000e+05
3.007880000000000000e+05
2.776610000000000000e+05
3.283680000000000000e+05
3.205340000000000000e+05
6.797000000000000000e+03
1.493535000000000000e+06
5.462600000000000000e+05
5.757980000000000000e+05
2.641520000000000000e+05
2.925060000000000000e+05
1.448600000000000000e+04
4.401120000000000000e+05
2.609630000000000000e+05
2.717790000000000000e+05
2.676290000000000000e+05
2.781420000000000000e+05
1.761400000000000000e+04
1.508451000000000000e+06
4.951160000000000000e+05
5.750190000000000000e+05
2.735000000000000000e+05
2.519000000000000000e+05
2.651000000000000000e+03
2.967620000000000000e+05
3.840210000000000000e+05
2.821750000000000000e+05
3.210120000000000000e+05
3.252160000000000000e+05
2.370000000000000000e+04
1.483565000000000000e+06
4.195530000000000000e+05
5.879980000000000000e+05
3.777980000000000000e+05
3.657980000000000000e+05
2.043500000000000000e+04
3.526790000000000000e+05
3.758830000000000000e+05
3.508840000000000000e+05
3.396090000000000000e+05
2.882690000000000000e+05
7.026000000000000000e+03
1.577193000000000000e+06
3.929430000000000000e+05
6.632520000000000000e+05
4.162330000000000000e+05
5.167330000000000000e+05
1.720500000000000000e+04
4.866620000000000000e+05
9.099510000000000000e+05
1.408896000000000000e+06
1.377564000000000000e+06
1.173535000000000000e+06
7.867200000000000000e+04
2.171122000000000000e+06
1.042930000000000000e+06
1.173824000000000000e+06
9.727110000000000000e+05
9.495060000000000000e+05
4.592000000000000000e+04
8.881240000000000000e+05
8.347960000000000000e+05
4.618130000000000000e+05
5.441900000000000000e+05
5.775480000000000000e+05
3.005000000000000000e+04
1.984493000000000000e+06
8.643590000000000000e+05
1.086806000000000000e+06
2.792940000000000000e+05
2.682340000000000000e+05
6.879900000000000000e+04
2.539280000000000000e+05
2.594610000000000000e+05
2.846870000000000000e+05
3.032820000000000000e+05
3.272350000000000000e+05
2.357100000000000000e+04
1.371384000000000000e+06
4.568500000000000000e+05
6.920860000000000000e+05
5.643140000000000000e+05
6.509340000000000000e+05
2.751900000000000000e+04
6.189190000000000000e+05
3.491100000000000000e+05
