2.035950000000000000e+05
1.656210000000000000e+05
1.566000000000000000e+03
7.594330000000000000e+05
3.873540000000000000e+05
2.341650000000000000e+05
1.994360000000000000e+05
1.793210000000000000e+05
4.909000000000000000e+03
1.905130000000000000e+05
1.876730000000000000e+05
3.642070000000000000e+05
1.869920000000000000e+05
1.715400000000000000e+05
9.593000000000000000e+03
6.178370000000000000e+05
3.856130000000000000e+05
2.270560000000000000e+05
2.144050000000000000e+05
1.601690000000000000e+05
6.457000000000000000e+03
1.973850000000000000e+05
1.515470000000000000e+05
2.881810000000000000e+05
1.603240000000000000e+05
1.717110000000000000e+05
1.035000000000000000e+03
6.319590000000000000e+05
4.906970000000000000e+05
4.144070000000000000e+05
3.735610000000000000e+05
3.593940000000000000e+05
8.591000000000000000e+03
3.855630000000000000e+05
3.339860000000000000e+05
4.677950000000000000e+05
2.741980000000000000e+05
3.181420000000000000e+05
1.243100000000000000e+04
9.334310000000000000e+05
5.456370000000000000e+05
3.242110000000000000e+05
2.837770000000000000e+05
2.520920000000000000e+05
6.376000000000000000e+03
2.563710000000000000e+05
2.620930000000000000e+05
4.003860000000000000e+05
2.553410000000000000e+05
3.004810000000000000e+05
9.950000000000000000e+03
8.585910000000000000e+05
7.078990000000000000e+05
5.144880000000000000e+05
3.877080000000000000e+05
3.522550000000000000e+05
7.348000000000000000e+03
3.690050000000000000e+05
3.679700000000000000e+05
4.448070000000000000e+05
3.259940000000000000e+05
2.691360000000000000e+05
2.824500000000000000e+04
1.038358000000000000e+06
5.361990000000000000e+05
3.344630000000000000e+05
3.203220000000000000e+05
4.324600000000000000e+05
1.158800000000000000e+04
4.152040000000000000e+05
4.263480000000000000e+05
6.280710000000000000e+05
4.184640000000000000e+05
4.080750000000000000e+05
2.806900000000000000e+04
1.197989000000000000e+06
5.449020000000000000e+05
4.117860000000000000e+05
2.298680000000000000e+05
2.321970000000000000e+05
1.705000000000000000e+03
4.543200000000000000e+05
5.159280000000000000e+05
8.134460000000000000e+05
3.611510000000000000e+05
5.497220000000000000e+05
1.574700000000000000e+04
1.106991000000000000e+06
6.063650000000000000e+05
2.681360000000000000e+05
4.632730000000000000e+05
7.106000000000000000e+05
3.634800000000000000e+04
3.429750000000000000e+05
4.919730000000000000e+05
6.542120000000000000e+05
4.530020000000000000e+05
2.873260000000000000e+05
1.534000000000000000e+04
1.094229000000000000e+06
8.464540000000000000e+05
8.044250000000000000e+05
5.797280000000000000e+05
5.436750000000000000e+05
2.843500000000000000e+04
4.562760000000000000e+05
4.492400000000000000e+05
4.420220000000000000e+05
4.273850000000000000e+05
5.267870000000000000e+05
5.005500000000000000e+04
1.185779000000000000e+06
4.895230000000000000e+05
6.382860000000000000e+05
5.080550000000000000e+05
4.241900000000000000e+05
2.370300000000000000e+04
3.520530000000000000e+05
1.947540000000000000e+05
3.806660000000000000e+05
1.828740000000000000e+05
1.979390000000000000e+05
2.001000000000000000e+03
9.341700000000000000e+05
6.592600000000000000e+05
4.997410000000000000e+05
6.054720000000000000e+05
6.431490000000000000e+05
2.031600000000000000e+04
4.979460000000000000e+05
5.361770000000000000e+05
6.052320000000000000e+05
4.654980000000000000e+05
2.750200000000000000e+05
1.389400000000000000e+04
1.258893000000000000e+06
9.592280000000000000e+05
2.769370000000000000e+05
5.684230000000000000e+05
5.370530000000000000e+05
1.030600000000000000e+04
4.802600000000000000e+05
2.276050000000000000e+05
6.329270000000000000e+05
6.525090000000000000e+05
5.646330000000000000e+05
3.357000000000000000e+04
1.234761000000000000e+06
7.123110000000000000e+05
