8.737130000000000000e+05
9.389200000000000000e+05
6.212700000000000000e+04
1.428652000000000000e+06
1.497037000000000000e+06
1.900667000000000000e+06
1.855633000000000000e+06
2.349705000000000000e+06
9.556500000000000000e+04
3.390800000000000000e+06
3.431948000000000000e+06
3.700854000000000000e+06
3.977657000000000000e+06
4.432037000000000000e+06
2.322440000000000000e+05
4.624421000000000000e+06
4.861285000000000000e+06
4.875292000000000000e+06
4.561146000000000000e+06
3.871511000000000000e+06
1.379320000000000000e+05
3.958950000000000000e+06
2.852401000000000000e+06
2.469656000000000000e+06
2.046714000000000000e+06
1.604956000000000000e+06
4.612300000000000000e+04
1.296737000000000000e+06
8.953980000000000000e+05
7.687070000000000000e+05
6.500400000000000000e+05
4.323270000000000000e+05
1.737800000000000000e+04
1.555176000000000000e+06
1.981790000000000000e+05
2.907710000000000000e+05
5.945100000000000000e+04
1.645240000000000000e+05
7.364000000000000000e+03
9.628200000000000000e+04
1.699630000000000000e+05
6.484000000000000000e+04
5.624900000000000000e+04
5.595900000000000000e+04
4.775000000000000000e+03
5.517390000000000000e+05
1.283120000000000000e+05
1.720490000000000000e+05
6.360600000000000000e+04
5.688700000000000000e+04
0.000000000000000000e+00
7.416100000000000000e+04
1.613550000000000000e+05
1.248700000000000000e+05
1.231380000000000000e+05
1.119850000000000000e+05
3.293000000000000000e+03
6.109860000000000000e+05
2.376050000000000000e+05
2.632060000000000000e+05
2.064290000000000000e+05
2.102600000000000000e+05
9.743000000000000000e+03
2.332010000000000000e+05
2.750530000000000000e+05
1.487280000000000000e+05
2.088210000000000000e+05
2.170060000000000000e+05
3.182000000000000000e+04
7.965790000000000000e+05
4.536960000000000000e+05
4.499440000000000000e+05
3.593940000000000000e+05
4.263350000000000000e+05
3.949700000000000000e+04
3.589220000000000000e+05
3.561360000000000000e+05
3.051790000000000000e+05
2.919900000000000000e+05
3.419470000000000000e+05
9.437000000000000000e+03
1.115109000000000000e+06
2.669430000000000000e+05
3.953880000000000000e+05
1.967820000000000000e+05
1.840320000000000000e+05
1.920000000000000000e+02
1.931350000000000000e+05
2.824370000000000000e+05
3.158070000000000000e+05
3.251660000000000000e+05
2.508180000000000000e+05
2.846200000000000000e+04
1.021791000000000000e+06
5.113090000000000000e+05
4.857490000000000000e+05
3.648570000000000000e+05
3.486720000000000000e+05
3.148100000000000000e+04
2.949840000000000000e+05
2.932700000000000000e+05
3.369910000000000000e+05
3.383460000000000000e+05
3.578550000000000000e+05
5.507800000000000000e+04
1.188920000000000000e+06
4.768370000000000000e+05
6.492500000000000000e+05
6.853620000000000000e+05
8.481620000000000000e+05
5.116300000000000000e+04
6.442880000000000000e+05
7.342950000000000000e+05
5.680510000000000000e+05
5.717320000000000000e+05
5.747910000000000000e+05
2.808300000000000000e+04
1.381163000000000000e+06
6.494300000000000000e+05
7.552610000000000000e+05
4.312930000000000000e+05
4.896660000000000000e+05
3.341900000000000000e+04
5.199000000000000000e+05
4.525500000000000000e+05
4.724300000000000000e+05
5.738840000000000000e+05
4.200710000000000000e+05
2.513500000000000000e+04
1.189891000000000000e+06
4.891100000000000000e+05
7.479020000000000000e+05
7.345060000000000000e+05
8.957580000000000000e+05
5.823100000000000000e+04
7.064580000000000000e+05
7.015780000000000000e+05
5.577250000000000000e+05
7.013220000000000000e+05
6.560260000000000000e+05
3.539800000000000000e+04
1.521617000000000000e+06
7.979570000000000000e+05
7.876770000000000000e+05
5.144090000000000000e+05
5.202270000000000000e+05
3.920700000000000000e+04
4.380510000000000000e+05
5.316970000000000000e+05
