7.445190000000000000e+05
4.391990000000000000e+05
2.661500000000000000e+04
1.338126000000000000e+06
4.657820000000000000e+05
4.478330000000000000e+05
5.409730000000000000e+05
4.596690000000000000e+05
4.201600000000000000e+04
6.065220000000000000e+05
8.290760000000000000e+05
1.037729000000000000e+06
8.178110000000000000e+05
7.572450000000000000e+05
4.291000000000000000e+04
1.490359000000000000e+06
7.950580000000000000e+05
6.500050000000000000e+05
7.073440000000000000e+05
6.378180000000000000e+05
6.262500000000000000e+04
6.302990000000000000e+05
5.687820000000000000e+05
6.384810000000000000e+05
4.770190000000000000e+05
5.669140000000000000e+05
2.790300000000000000e+04
1.601114000000000000e+06
7.594650000000000000e+05
5.714320000000000000e+05
4.367690000000000000e+05
5.245930000000000000e+05
1.389700000000000000e+04
4.640340000000000000e+05
3.882590000000000000e+05
5.983720000000000000e+05
3.880500000000000000e+05
3.609080000000000000e+05
2.700500000000000000e+04
1.326370000000000000e+06
5.393150000000000000e+05
6.146150000000000000e+05
5.663920000000000000e+05
5.006300000000000000e+05
2.954900000000000000e+04
4.231960000000000000e+05
4.173940000000000000e+05
6.549130000000000000e+05
4.392560000000000000e+05
4.604690000000000000e+05
3.007000000000000000e+04
1.440623000000000000e+06
6.137960000000000000e+05
5.478830000000000000e+05
5.321160000000000000e+05
4.421320000000000000e+05
3.004000000000000000e+04
5.253190000000000000e+05
8.312000000000000000e+05
1.027694000000000000e+06
8.118050000000000000e+05
7.181390000000000000e+05
4.651900000000000000e+04
1.543453000000000000e+06
7.605860000000000000e+05
6.721010000000000000e+05
6.741310000000000000e+05
7.268320000000000000e+05
3.906600000000000000e+04
7.006160000000000000e+05
5.232970000000000000e+05
7.443940000000000000e+05
6.213610000000000000e+05
5.914050000000000000e+05
4.503100000000000000e+04
1.569689000000000000e+06
9.787900000000000000e+05
5.120330000000000000e+05
4.351950000000000000e+05
4.476310000000000000e+05
2.673800000000000000e+04
4.288540000000000000e+05
4.974930000000000000e+05
6.474590000000000000e+05
4.241690000000000000e+05
5.584950000000000000e+05
1.480500000000000000e+04
1.343397000000000000e+06
5.297100000000000000e+05
5.013220000000000000e+05
7.117830000000000000e+05
4.777160000000000000e+05
3.257900000000000000e+04
5.127270000000000000e+05
4.094970000000000000e+05
6.022900000000000000e+05
4.264470000000000000e+05
5.023540000000000000e+05
4.833900000000000000e+04
1.334267000000000000e+06
6.085730000000000000e+05
5.125180000000000000e+05
4.346390000000000000e+05
4.952620000000000000e+05
3.936800000000000000e+04
4.412700000000000000e+05
4.386210000000000000e+05
6.539150000000000000e+05
3.902480000000000000e+05
4.163030000000000000e+05
1.077100000000000000e+04
1.411527000000000000e+06
5.911880000000000000e+05
4.288360000000000000e+05
4.523750000000000000e+05
4.702710000000000000e+05
2.871800000000000000e+04
4.179330000000000000e+05
4.743970000000000000e+05
7.091850000000000000e+05
4.224940000000000000e+05
4.440140000000000000e+05
8.084000000000000000e+03
1.308932000000000000e+06
5.747580000000000000e+05
4.165510000000000000e+05
4.545010000000000000e+05
5.855650000000000000e+05
3.495500000000000000e+04
3.996310000000000000e+05
4.287840000000000000e+05
5.415230000000000000e+05
3.938750000000000000e+05
5.081500000000000000e+05
4.011000000000000000e+04
1.352425000000000000e+06
4.763370000000000000e+05
4.249290000000000000e+05
4.064470000000000000e+05
5.068040000000000000e+05
3.531300000000000000e+04
3.712660000000000000e+05
3.798750000000000000e+05
5.680360000000000000e+05
3.317220000000000000e+05
3.267480000000000000e+05
6.580000000000000000e+03
1.155564000000000000e+06
5.276470000000000000e+05
