4.390270000000000000e+05
3.547190000000000000e+05
3.099100000000000000e+04
3.980670000000000000e+05
3.893100000000000000e+05
3.943670000000000000e+05
3.406010000000000000e+05
3.650830000000000000e+05
1.927300000000000000e+04
1.081873000000000000e+06
4.482630000000000000e+05
5.469830000000000000e+05
5.325810000000000000e+05
4.586580000000000000e+05
2.257200000000000000e+04
3.518970000000000000e+05
4.137480000000000000e+05
3.372530000000000000e+05
3.622210000000000000e+05
3.498620000000000000e+05
3.419200000000000000e+04
1.192436000000000000e+06
4.425160000000000000e+05
5.738860000000000000e+05
4.404780000000000000e+05
4.608020000000000000e+05
1.016400000000000000e+04
3.085430000000000000e+05
3.224840000000000000e+05
3.387050000000000000e+05
3.331720000000000000e+05
4.697170000000000000e+05
2.120800000000000000e+04
1.209631000000000000e+06
4.465390000000000000e+05
5.481100000000000000e+05
4.468950000000000000e+05
3.404080000000000000e+05
1.657500000000000000e+04
3.769320000000000000e+05
4.717520000000000000e+05
3.706150000000000000e+05
4.203120000000000000e+05
4.072680000000000000e+05
3.175800000000000000e+04
1.299808000000000000e+06
5.380780000000000000e+05
6.346840000000000000e+05
5.246660000000000000e+05
3.711350000000000000e+05
1.264900000000000000e+04
4.562560000000000000e+05
3.722780000000000000e+05
3.504400000000000000e+05
3.670550000000000000e+05
4.670510000000000000e+05
3.650500000000000000e+04
1.267119000000000000e+06
4.456680000000000000e+05
5.505730000000000000e+05
3.475310000000000000e+05
3.972820000000000000e+05
4.108400000000000000e+04
3.990090000000000000e+05
4.193090000000000000e+05
3.660500000000000000e+05
3.006970000000000000e+05
3.042040000000000000e+05
2.163600000000000000e+04
1.112960000000000000e+06
4.695930000000000000e+05
4.478200000000000000e+05
2.939840000000000000e+05
2.838930000000000000e+05
5.702700000000000000e+04
2.982100000000000000e+05
3.402950000000000000e+05
3.528960000000000000e+05
4.246000000000000000e+05
3.806880000000000000e+05
2.734400000000000000e+04
1.092337000000000000e+06
3.206740000000000000e+05
4.684140000000000000e+05
2.962570000000000000e+05
2.581680000000000000e+05
1.166000000000000000e+04
2.739630000000000000e+05
2.975130000000000000e+05
3.225260000000000000e+05
2.441770000000000000e+05
2.703530000000000000e+05
1.549000000000000000e+03
1.081377000000000000e+06
3.413730000000000000e+05
4.916850000000000000e+05
3.129140000000000000e+05
4.359560000000000000e+05
4.712500000000000000e+04
3.192250000000000000e+05
3.251690000000000000e+05
2.834420000000000000e+05
2.921780000000000000e+05
2.778740000000000000e+05
8.841000000000000000e+03
1.104616000000000000e+06
4.024580000000000000e+05
4.746330000000000000e+05
3.176760000000000000e+05
3.034140000000000000e+05
4.020000000000000000e+04
2.652560000000000000e+05
2.704690000000000000e+05
4.347730000000000000e+05
2.451710000000000000e+05
2.248430000000000000e+05
3.341000000000000000e+04
1.015249000000000000e+06
3.467370000000000000e+05
4.614870000000000000e+05
3.208700000000000000e+05
2.523340000000000000e+05
9.751000000000000000e+03
2.535000000000000000e+05
2.448760000000000000e+05
2.108510000000000000e+05
2.363070000000000000e+05
3.385960000000000000e+05
2.928300000000000000e+04
1.021766000000000000e+06
3.287270000000000000e+05
5.298590000000000000e+05
2.307170000000000000e+05
2.042130000000000000e+05
2.007000000000000000e+03
2.180340000000000000e+05
2.324600000000000000e+05
3.550230000000000000e+05
2.348540000000000000e+05
3.607840000000000000e+05
1.863200000000000000e+04
1.069706000000000000e+06
4.580220000000000000e+05
4.795880000000000000e+05
2.299360000000000000e+05
2.442850000000000000e+05
1.692900000000000000e+04
2.345100000000000000e+05
2.526170000000000000e+05
