1.705440000000000000e+05
1.193000000000000000e+04
2.173570000000000000e+05
2.712030000000000000e+05
2.734510000000000000e+05
2.740110000000000000e+05
2.621380000000000000e+05
2.617470000000000000e+05
5.797000000000000000e+03
2.405440000000000000e+05
2.394030000000000000e+05
2.593490000000000000e+05
2.161060000000000000e+05
2.039990000000000000e+05
4.882200000000000000e+04
2.107440000000000000e+05
1.913920000000000000e+05
1.945100000000000000e+05
1.930080000000000000e+05
2.005480000000000000e+05
6.686700000000000000e+04
1.421870000000000000e+05
1.722290000000000000e+05
2.192530000000000000e+05
1.121170000000000000e+05
3.798400000000000000e+04
2.864600000000000000e+04
2.701200000000000000e+04
7.323700000000000000e+04
3.216300000000000000e+04
5.001700000000000000e+04
4.118400000000000000e+04
2.026000000000000000e+03
3.629600000000000000e+04
5.332300000000000000e+04
1.112420000000000000e+05
1.392600000000000000e+04
3.538800000000000000e+04
2.058700000000000000e+04
2.042000000000000000e+04
3.429500000000000000e+04
4.019200000000000000e+04
4.226100000000000000e+04
4.535300000000000000e+04
3.126000000000000000e+03
4.475400000000000000e+04
4.295400000000000000e+04
9.738300000000000000e+04
2.491000000000000000e+04
3.185700000000000000e+04
2.199600000000000000e+04
3.215500000000000000e+04
3.995600000000000000e+04
3.523600000000000000e+04
4.554200000000000000e+04
3.495600000000000000e+04
4.047000000000000000e+03
4.201800000000000000e+04
3.513700000000000000e+04
1.030140000000000000e+05
3.861400000000000000e+04
3.072100000000000000e+04
2.440300000000000000e+04
1.968200000000000000e+04
3.987400000000000000e+04
3.697200000000000000e+04
4.403400000000000000e+04
4.185200000000000000e+04
2.959000000000000000e+03
5.294400000000000000e+04
1.418510000000000000e+05
1.987460000000000000e+05
1.410050000000000000e+05
1.602220000000000000e+05
4.332500000000000000e+04
1.679790000000000000e+05
1.918190000000000000e+05
2.068740000000000000e+05
2.182270000000000000e+05
2.387920000000000000e+05
6.320500000000000000e+04
2.195850000000000000e+05
2.605920000000000000e+05
3.257230000000000000e+05
2.313780000000000000e+05
2.900490000000000000e+05
5.316100000000000000e+04
3.025270000000000000e+05
3.201470000000000000e+05
3.212720000000000000e+05
3.446850000000000000e+05
3.792380000000000000e+05
5.203300000000000000e+04
3.239330000000000000e+05
2.438180000000000000e+05
1.133900000000000000e+04
5.991000000000000000e+03
6.507000000000000000e+03
1.071000000000000000e+03
3.777000000000000000e+03
4.074000000000000000e+03
3.621000000000000000e+03
3.774000000000000000e+03
4.751020000000000000e+05
4.575000000000000000e+03
9.388140000000000000e+05
1.199755000000000000e+06
1.355234000000000000e+06
1.277928000000000000e+06
1.160362000000000000e+06
6.738500000000000000e+04
1.016384000000000000e+06
9.417690000000000000e+05
9.712530000000000000e+05
9.454180000000000000e+05
9.377920000000000000e+05
1.086240000000000000e+05
7.877970000000000000e+05
6.427020000000000000e+05
1.501002000000000000e+06
1.289228000000000000e+06
5.784100000000000000e+05
6.711000000000000000e+04
4.563960000000000000e+05
5.152750000000000000e+05
4.515740000000000000e+05
4.399350000000000000e+05
6.039430000000000000e+05
9.208600000000000000e+04
5.573050000000000000e+05
5.094340000000000000e+05
1.654298000000000000e+06
1.730120000000000000e+06
2.003526000000000000e+06
6.671000000000000000e+03
2.737005000000000000e+06
1.575002000000000000e+06
1.079402000000000000e+06
9.399990000000000000e+05
9.082080000000000000e+05
1.595280000000000000e+05
8.480310000000000000e+05
9.939070000000000000e+05
2.600897000000000000e+06
2.524948000000000000e+06
2.993514000000000000e+06
1.080049000000000000e+06
4.935100000000000000e+05
5.751160000000000000e+05
6.756190000000000000e+05
6.846700000000000000e+05
7.787700000000000000e+05
1.452560000000000000e+05
7.978370000000000000e+05
5.702680000000000000e+05
2.262084000000000000e+06
1.728870000000000000e+06
4.876750000000000000e+05
2.920000000000000000e+03
3.217450000000000000e+05
4.319580000000000000e+05
4.172690000000000000e+05
4.514090000000000000e+05
5.158480000000000000e+05
1.222040000000000000e+05
4.364310000000000000e+05
5.576100000000000000e+05
2.185751000000000000e+06
2.193153000000000000e+06
2.735354000000000000e+06
8.123060000000000000e+05
1.669663000000000000e+06
5.554110000000000000e+05
3.575530000000000000e+05
3.904970000000000000e+05
5.676920000000000000e+05
1.526070000000000000e+05
1.498555000000000000e+06
5.349190000000000000e+05
2.979092000000000000e+06
1.991632000000000000e+06
1.645119000000000000e+06
1.326600000000000000e+04
3.708840000000000000e+05
4.637040000000000000e+05
5.210930000000000000e+05
4.615060000000000000e+05
6.028090000000000000e+05
1.598860000000000000e+05
4.935680000000000000e+05
5.389420000000000000e+05
2.904414000000000000e+06
2.614007000000000000e+06
1.399733000000000000e+06
1.331891000000000000e+06
3.893580000000000000e+05
5.005320000000000000e+05
4.688710000000000000e+05
4.590270000000000000e+05
5.373060000000000000e+05
1.545790000000000000e+05
1.821565000000000000e+06
1.904742000000000000e+06
1.528009000000000000e+06
1.630527000000000000e+06
5.708080000000000000e+05
1.577800000000000000e+04
4.034370000000000000e+05
4.733060000000000000e+05
5.663670000000000000e+05
4.356580000000000000e+05
5.639280000000000000e+05
1.036010000000000000e+05
5.506070000000000000e+05
4.969520000000000000e+05
1.949439000000000000e+06
1.311989000000000000e+06
2.115605000000000000e+06
1.340279000000000000e+06
4.960790000000000000e+05
4.834870000000000000e+05
5.816310000000000000e+05
4.153040000000000000e+05
5.178490000000000000e+05
9.237700000000000000e+04
6.127910000000000000e+05
6.064640000000000000e+05
1.154578000000000000e+06
3.709206000000000000e+06
1.473852000000000000e+06
6.528900000000000000e+04
1.257111000000000000e+06
9.758610000000000000e+05
1.069731000000000000e+06
8.324280000000000000e+05
9.455270000000000000e+05
1.381870000000000000e+05
9.622710000000000000e+05
9.820950000000000000e+05
3.014863000000000000e+06
7.390040000000000000e+05
6.764820000000000000e+05
1.016010000000000000e+05
4.992420000000000000e+05
6.410630000000000000e+05
7.772670000000000000e+05
6.717650000000000000e+05
8.117740000000000000e+05
7.686100000000000000e+04
5.433150000000000000e+05
3.656290000000000000e+05
1.863277000000000000e+06
2.385630000000000000e+05
5.238690000000000000e+05
5.216500000000000000e+04
2.958760000000000000e+05
3.666980000000000000e+05
4.655360000000000000e+05
3.133170000000000000e+05
4.596080000000000000e+05
5.537400000000000000e+04
4.891760000000000000e+05
5.869680000000000000e+05
1.666373000000000000e+06
1.719852000000000000e+06
5.742680000000000000e+05
9.202000000000000000e+03
2.747300000000000000e+05
3.444940000000000000e+05
5.222050000000000000e+05
3.190560000000000000e+05
4.744020000000000000e+05
8.680500000000000000e+04
3.916140000000000000e+05
4.416120000000000000e+05
1.876640000000000000e+06
3.311540000000000000e+05
5.861850000000000000e+05
5.909800000000000000e+04
3.329970000000000000e+05
4.477070000000000000e+05
4.656420000000000000e+05
3.570040000000000000e+05
5.214120000000000000e+05
7.623900000000000000e+04
4.326270000000000000e+05
1.353035000000000000e+06
3.505156000000000000e+06
4.723757000000000000e+06
4.086515000000000000e+06
3.856500000000000000e+04
4.451050000000000000e+06
4.477844000000000000e+06
4.369551000000000000e+06
4.616743000000000000e+06
4.939911000000000000e+06
1.296700000000000000e+05
4.670435000000000000e+06
4.783830000000000000e+06
5.479606000000000000e+06
5.589780000000000000e+06
5.407986000000000000e+06
2.958600000000000000e+04
5.472334000000000000e+06
4.643462000000000000e+06
4.163644000000000000e+06
3.113572000000000000e+06
1.927873000000000000e+06
3.889700000000000000e+04
1.162938000000000000e+06
4.429540000000000000e+05
2.416891000000000000e+06
8.507000000000000000e+04
1.152000000000000000e+03
0.000000000000000000e+00
0.000000000000000000e+00
1.267200000000000000e+04
1.748900000000000000e+04
1.060760000000000000e+05
1.855130000000000000e+05
4.052200000000000000e+04
2.762150000000000000e+05
4.603840000000000000e+05
2.544611000000000000e+06
1.447196000000000000e+06
1.963005000000000000e+06
1.572100000000000000e+04
2.208683000000000000e+06
2.300234000000000000e+06
2.536401000000000000e+06
2.945245000000000000e+06
3.325679000000000000e+06
6.453200000000000000e+04
3.053679000000000000e+06
2.718510000000000000e+06
3.605964000000000000e+06
3.484439000000000000e+06
2.404929000000000000e+06
1.472400000000000000e+04
2.251233000000000000e+06
2.265729000000000000e+06
2.017601000000000000e+06
1.722198000000000000e+06
1.504844000000000000e+06
4.813500000000000000e+04
1.193924000000000000e+06
1.183992000000000000e+06
3.514429000000000000e+06
2.734530000000000000e+06
2.182595000000000000e+06
1.513500000000000000e+04
1.062834000000000000e+06
1.056516000000000000e+06
1.002435000000000000e+06
9.935070000000000000e+05
9.723730000000000000e+05
1.056100000000000000e+04
9.440600000000000000e+05
9.140430000000000000e+05
2.214179000000000000e+06
1.521076000000000000e+06
9.131910000000000000e+05
1.500700000000000000e+04
8.343300000000000000e+05
7.918360000000000000e+05
7.495190000000000000e+05
8.140010000000000000e+05
7.881240000000000000e+05
1.958100000000000000e+04
7.936290000000000000e+05
7.791610000000000000e+05
1.536384000000000000e+06
1.373217000000000000e+06
7.699290000000000000e+05
8.315000000000000000e+03
6.999800000000000000e+05
6.732240000000000000e+05
6.521160000000000000e+05
6.235890000000000000e+05
5.946410000000000000e+05
1.297300000000000000e+04
5.969830000000000000e+05
5.983840000000000000e+05
1.299782000000000000e+06
1.308162000000000000e+06
7.741780000000000000e+05
1.788900000000000000e+04
5.687410000000000000e+05
5.582350000000000000e+05
5.568140000000000000e+05
6.473400000000000000e+05
7.738120000000000000e+05
6.412800000000000000e+04
7.859480000000000000e+05
7.752270000000000000e+05
1.264363000000000000e+06
2.389486000000000000e+06
8.020190000000000000e+05
1.363800000000000000e+04
7.127490000000000000e+05
6.925230000000000000e+05
6.739360000000000000e+05
6.691720000000000000e+05
6.550340000000000000e+05
6.149100000000000000e+04
6.145030000000000000e+05
6.421680000000000000e+05
2.432364000000000000e+06
2.235079000000000000e+06
6.497650000000000000e+05
5.822000000000000000e+03
6.516910000000000000e+05
7.896930000000000000e+05
9.731380000000000000e+05
1.089850000000000000e+06
1.100027000000000000e+06
1.582680000000000000e+05
1.073782000000000000e+06
1.162768000000000000e+06
1.614091000000000000e+06
1.199180000000000000e+06
1.164547000000000000e+06
3.818400000000000000e+04
1.091723000000000000e+06
1.130284000000000000e+06
1.144852000000000000e+06
1.208013000000000000e+06
1.215953000000000000e+06
5.917600000000000000e+04
1.275882000000000000e+06
1.383534000000000000e+06
3.888473000000000000e+06
1.642690000000000000e+06
1.640226000000000000e+06
5.223000000000000000e+04
1.706610000000000000e+06
1.887136000000000000e+06
1.915701000000000000e+06
2.083590000000000000e+06
2.213300000000000000e+06
6.204300000000000000e+04
2.436616000000000000e+06
2.556775000000000000e+06
3.951737000000000000e+06
3.349598000000000000e+06
3.569488000000000000e+06
6.424400000000000000e+04
3.890932000000000000e+06
4.247603000000000000e+06
3.890714000000000000e+06
3.925798000000000000e+06
3.975339000000000000e+06
7.740000000000000000e+04
3.915406000000000000e+06
3.779673000000000000e+06
5.418288000000000000e+06
3.696603000000000000e+06
3.381509000000000000e+06
9.467400000000000000e+04
3.071889000000000000e+06
2.981929000000000000e+06
2.840466000000000000e+06
2.720827000000000000e+06
2.508094000000000000e+06
5.977000000000000000e+04
2.445286000000000000e+06
2.268552000000000000e+06
3.014895000000000000e+06
2.286330000000000000e+06
1.873765000000000000e+06
5.027900000000000000e+04
1.870022000000000000e+06
1.777827000000000000e+06
1.749680000000000000e+06
1.691268000000000000e+06
1.517595000000000000e+06
3.985200000000000000e+04
1.579312000000000000e+06
1.651136000000000000e+06
2.528373000000000000e+06
1.645843000000000000e+06
1.175101000000000000e+06
1.847800000000000000e+04
1.073617000000000000e+06
1.041067000000000000e+06
9.378250000000000000e+05
8.960730000000000000e+05
8.152970000000000000e+05
1.884800000000000000e+04
8.793780000000000000e+05
7.468940000000000000e+05
1.878556000000000000e+06
9.145350000000000000e+05
7.699570000000000000e+05
1.487600000000000000e+04
6.970210000000000000e+05
6.921810000000000000e+05
6.741540000000000000e+05
6.678090000000000000e+05
6.163360000000000000e+05
1.076300000000000000e+04
6.439140000000000000e+05
6.316970000000000000e+05
1.609698000000000000e+06
8.685930000000000000e+05
5.871480000000000000e+05
0.000000000000000000e+00
7.543230000000000000e+05
5.730750000000000000e+05
6.596240000000000000e+05
5.920870000000000000e+05
5.986240000000000000e+05
2.405400000000000000e+04
5.961510000000000000e+05
5.680870000000000000e+05
2.992638000000000000e+06
7.679500000000000000e+05
5.209300000000000000e+05
1.279200000000000000e+04
5.878830000000000000e+05
5.886690000000000000e+05
5.583850000000000000e+05
5.308410000000000000e+05
5.678290000000000000e+05
1.120900000000000000e+04
4.921950000000000000e+05
6.112550000000000000e+05
3.901935000000000000e+06
7.345470000000000000e+05
3.814690000000000000e+05
2.269100000000000000e+04
5.895820000000000000e+05
5.176010000000000000e+05
4.572540000000000000e+05
4.738450000000000000e+05
5.236660000000000000e+05
1.697000000000000000e+03
6.075760000000000000e+05
7.095460000000000000e+05
4.033791000000000000e+06
8.178570000000000000e+05
5.091350000000000000e+05
3.870300000000000000e+04
7.984410000000000000e+05
6.125350000000000000e+05
6.932060000000000000e+05
5.573850000000000000e+05
5.795820000000000000e+05
7.862000000000000000e+03
4.835030000000000000e+05
3.537800000000000000e+05
1.320054000000000000e+06
5.018000000000000000e+05
3.096120000000000000e+05
1.595000000000000000e+04
4.204950000000000000e+05
3.543950000000000000e+05
4.541730000000000000e+05
4.736870000000000000e+05
3.734960000000000000e+05
4.281300000000000000e+04
4.251910000000000000e+05
4.439260000000000000e+05
1.394500000000000000e+06
5.325840000000000000e+05
3.813640000000000000e+05
1.708300000000000000e+04
3.357620000000000000e+05
4.637630000000000000e+05
3.454260000000000000e+05
3.778050000000000000e+05
3.554800000000000000e+05
4.607900000000000000e+04
4.025010000000000000e+05
4.254120000000000000e+05
3.786355000000000000e+06
5.202090000000000000e+05
3.765010000000000000e+05
8.253000000000000000e+03
2.943740000000000000e+05
3.960830000000000000e+05
3.113330000000000000e+05
3.744670000000000000e+05
3.139620000000000000e+05
9.517000000000000000e+03
3.683430000000000000e+05
3.920900000000000000e+05
2.138421000000000000e+06
3.223780000000000000e+05
4.179880000000000000e+05
2.421900000000000000e+04
2.824670000000000000e+05
2.999260000000000000e+05
3.790670000000000000e+05
2.825520000000000000e+05
3.255160000000000000e+05
7.396000000000000000e+03
3.400200000000000000e+05
2.902110000000000000e+05
2.315432000000000000e+06
3.298080000000000000e+05
3.577290000000000000e+05
2.158600000000000000e+04
3.002250000000000000e+05
2.017520000000000000e+05
2.900860000000000000e+05
3.568380000000000000e+05
2.143750000000000000e+05
3.829000000000000000e+03
2.964770000000000000e+05
3.066020000000000000e+05
1.283735000000000000e+06
2.989710000000000000e+05
3.537020000000000000e+05
1.731700000000000000e+04
2.442700000000000000e+05
2.092830000000000000e+05
2.322560000000000000e+05
2.995880000000000000e+05
2.317590000000000000e+05
3.928100000000000000e+04
2.328620000000000000e+05
2.459070000000000000e+05
1.243833000000000000e+06
2.188600000000000000e+05
3.743270000000000000e+05
2.515200000000000000e+04
2.273480000000000000e+05
2.159970000000000000e+05
1.673880000000000000e+05
2.270690000000000000e+05
3.030410000000000000e+05
9.070000000000000000e+02
2.332470000000000000e+05
1.901470000000000000e+05
1.306661000000000000e+06
1.577642000000000000e+06
1.847200000000000000e+05
0.000000000000000000e+00
2.670270000000000000e+05
1.607620000000000000e+05
1.230250000000000000e+05
1.452380000000000000e+05
2.011940000000000000e+05
4.300300000000000000e+04
1.901290000000000000e+05
2.267820000000000000e+05
2.458076000000000000e+06
1.521612000000000000e+06
1.406960000000000000e+05
0.000000000000000000e+00
2.131340000000000000e+05
1.662140000000000000e+05
1.921490000000000000e+05
1.034280000000000000e+05
1.021240000000000000e+05
1.219500000000000000e+04
1.989100000000000000e+05
1.316620000000000000e+05
2.376395000000000000e+06
1.484526000000000000e+06
1.130770000000000000e+05
2.886000000000000000e+03
1.460890000000000000e+05
2.554890000000000000e+05
1.073270000000000000e+05
1.174100000000000000e+05
1.286810000000000000e+05
1.841500000000000000e+04
1.301360000000000000e+05
1.879850000000000000e+05
3.590431000000000000e+06
2.996080000000000000e+05
2.127150000000000000e+05
6.618000000000000000e+03
9.826300000000000000e+04
1.054910000000000000e+05
2.632180000000000000e+05
1.824680000000000000e+05
1.553400000000000000e+05
1.090300000000000000e+04
7.626000000000000000e+04
1.115790000000000000e+05
2.105563000000000000e+06
1.549878000000000000e+06
5.946200000000000000e+04
0.000000000000000000e+00
6.038700000000000000e+04
4.255500000000000000e+04
1.885670000000000000e+05
4.776250000000000000e+05
7.494940000000000000e+05
4.650000000000000000e+03
9.347290000000000000e+05
1.325749000000000000e+06
4.705684000000000000e+06
2.521874000000000000e+06
2.970468000000000000e+06
1.032240000000000000e+05
3.753385000000000000e+06
4.568807000000000000e+06
5.574898000000000000e+06
6.327695000000000000e+06
6.122011000000000000e+06
7.830600000000000000e+04
5.369476000000000000e+06
4.143972000000000000e+06
5.175735000000000000e+06
3.100499000000000000e+06
2.804030000000000000e+06
7.498800000000000000e+04
2.573467000000000000e+06
2.271581000000000000e+06
2.048974000000000000e+06
1.899068000000000000e+06
1.616224000000000000e+06
3.745000000000000000e+04
1.270055000000000000e+06
1.151572000000000000e+06
1.714968000000000000e+06
8.377910000000000000e+05
6.073210000000000000e+05
1.069200000000000000e+04
3.816700000000000000e+05
2.367390000000000000e+05
1.162040000000000000e+05
3.730000000000000000e+04
6.006700000000000000e+04
9.872800000000000000e+04
5.426400000000000000e+04
1.222800000000000000e+05
2.613218000000000000e+06
1.492610000000000000e+05
2.382100000000000000e+04
0.000000000000000000e+00
7.171800000000000000e+04
5.193600000000000000e+04
7.295600000000000000e+04
3.882000000000000000e+04
1.344350000000000000e+05
6.650100000000000000e+04
6.017900000000000000e+04
1.043000000000000000e+05
3.608772000000000000e+06
1.955340000000000000e+05
1.344280000000000000e+05
0.000000000000000000e+00
1.584100000000000000e+04
2.147800000000000000e+04
6.031900000000000000e+04
4.613400000000000000e+04
9.593700000000000000e+04
1.024900000000000000e+04
8.323200000000000000e+04
1.847660000000000000e+05
2.109269000000000000e+06
7.534100000000000000e+04
2.726000000000000000e+04
0.000000000000000000e+00
3.499700000000000000e+04
4.011100000000000000e+04
7.197900000000000000e+04
1.294230000000000000e+05
2.031280000000000000e+05
5.288000000000000000e+03
8.192800000000000000e+04
1.964690000000000000e+05
1.069016000000000000e+06
1.440259000000000000e+06
5.239100000000000000e+04
0.000000000000000000e+00
7.468800000000000000e+04
1.112680000000000000e+05
9.181400000000000000e+04
6.261600000000000000e+04
6.890900000000000000e+04
1.751700000000000000e+04
3.886400000000000000e+04
7.463800000000000000e+04
2.082106000000000000e+06
1.396925000000000000e+06
1.104700000000000000e+04
5.037000000000000000e+03
3.806000000000000000e+03
1.658200000000000000e+04
3.452700000000000000e+04
9.075800000000000000e+04
7.672400000000000000e+04
1.524600000000000000e+04
7.716700000000000000e+04
1.239470000000000000e+05
2.193724000000000000e+06
2.195770000000000000e+05
5.190000000000000000e+04
0.000000000000000000e+00
3.965800000000000000e+04
4.065300000000000000e+04
7.426000000000000000e+04
6.224500000000000000e+04
1.091290000000000000e+05
1.377000000000000000e+04
6.896400000000000000e+04
3.655300000000000000e+04
9.659900000000000000e+05
1.234390000000000000e+06
1.744220000000000000e+05
0.000000000000000000e+00
6.081000000000000000e+03
9.213000000000000000e+03
1.879000000000000000e+04
5.419100000000000000e+04
8.786400000000000000e+04
1.821600000000000000e+04
8.669600000000000000e+04
1.232150000000000000e+05
1.995244000000000000e+06
1.411294000000000000e+06
1.587200000000000000e+04
0.000000000000000000e+00
1.858100000000000000e+04
2.009900000000000000e+04
2.985800000000000000e+04
5.764200000000000000e+04
5.437300000000000000e+04
2.511000000000000000e+04
1.394640000000000000e+05
1.828500000000000000e+05
2.278312000000000000e+06
8.306700000000000000e+04
3.709200000000000000e+04
0.000000000000000000e+00
3.027200000000000000e+04
1.669600000000000000e+04
2.007600000000000000e+04
3.424900000000000000e+04
3.096200000000000000e+04
0.000000000000000000e+00
1.475090000000000000e+05
1.323790000000000000e+05
8.313560000000000000e+05
7.376900000000000000e+04
1.644500000000000000e+04
0.000000000000000000e+00
2.026600000000000000e+04
9.920300000000000000e+04
6.003200000000000000e+04
5.204100000000000000e+04
8.058100000000000000e+04
0.000000000000000000e+00
9.512000000000000000e+04
1.308050000000000000e+05
9.689300000000000000e+05
1.247849000000000000e+06
1.346030000000000000e+05
0.000000000000000000e+00
1.352500000000000000e+04
1.442100000000000000e+04
1.814500000000000000e+04
4.503100000000000000e+04
6.152300000000000000e+04
0.000000000000000000e+00
7.083100000000000000e+04
1.298770000000000000e+05
1.992363000000000000e+06
1.422573000000000000e+06
1.193400000000000000e+04
0.000000000000000000e+00
9.573000000000000000e+03
1.265800000000000000e+04
1.804600000000000000e+04
1.878200000000000000e+04
2.231100000000000000e+04
6.966000000000000000e+03
1.418400000000000000e+05
7.729300000000000000e+04
2.165065000000000000e+06
1.407465000000000000e+06
1.740400000000000000e+04
0.000000000000000000e+00
1.379000000000000000e+04
7.711400000000000000e+04
4.905200000000000000e+04
6.365800000000000000e+04
4.580400000000000000e+04
3.480000000000000000e+03
4.894500000000000000e+04
6.695900000000000000e+04
2.250323000000000000e+06
5.281400000000000000e+04
7.497000000000000000e+03
0.000000000000000000e+00
2.562700000000000000e+04
3.591300000000000000e+04
6.254900000000000000e+04
7.809400000000000000e+04
7.035200000000000000e+04
0.000000000000000000e+00
6.662800000000000000e+04
1.595390000000000000e+05
8.760030000000000000e+05
6.475300000000000000e+04
9.026540000000000000e+05
2.190300000000000000e+04
1.780206000000000000e+06
2.123699000000000000e+06
2.605065000000000000e+06
3.131791000000000000e+06
3.718294000000000000e+06
3.133400000000000000e+04
4.185255000000000000e+06
4.760685000000000000e+06
7.088292000000000000e+06
6.684127000000000000e+06
7.808098000000000000e+06
3.000700000000000000e+04
8.686459000000000000e+06
9.430580000000000000e+06
9.142984000000000000e+06
8.120000000000000000e+06
6.822825000000000000e+06
1.437200000000000000e+04
5.110115000000000000e+06
3.663395000000000000e+06
4.015896000000000000e+06
4.831987000000000000e+06
3.404050000000000000e+06
1.568700000000000000e+04
2.371756000000000000e+06
1.795555000000000000e+06
1.454067000000000000e+06
1.403860000000000000e+06
1.300405000000000000e+06
8.254000000000000000e+03
1.099036000000000000e+06
1.016573000000000000e+06
1.705332000000000000e+06
9.020970000000000000e+05
7.852780000000000000e+05
4.526000000000000000e+03
7.353680000000000000e+05
7.137270000000000000e+05
6.268120000000000000e+05
5.435100000000000000e+05
4.475710000000000000e+05
4.878000000000000000e+03
4.483250000000000000e+05
4.027050000000000000e+05
8.728290000000000000e+05
4.598840000000000000e+05
3.101380000000000000e+05
0.000000000000000000e+00
2.399460000000000000e+05
3.653120000000000000e+05
2.490980000000000000e+05
1.999070000000000000e+05
1.284600000000000000e+05
0.000000000000000000e+00
1.473780000000000000e+05
5.078100000000000000e+04
2.146224000000000000e+06
8.341100000000000000e+04
8.799000000000000000e+03
5.465000000000000000e+03
1.116400000000000000e+04
1.392400000000000000e+04
1.825700000000000000e+04
1.498300000000000000e+04
1.087010000000000000e+05
0.000000000000000000e+00
4.807200000000000000e+04
4.471300000000000000e+04
2.047091000000000000e+06
1.404000000000000000e+04
1.344000000000000000e+03
0.000000000000000000e+00
0.000000000000000000e+00
1.145600000000000000e+04
1.060000000000000000e+04
1.121600000000000000e+04
6.438000000000000000e+03
0.000000000000000000e+00
6.257900000000000000e+04
1.879800000000000000e+04
1.639166000000000000e+06
6.904100000000000000e+04
5.881600000000000000e+04
0.000000000000000000e+00
0.000000000000000000e+00
1.088000000000000000e+03
7.168000000000000000e+03
0.000000000000000000e+00
1.593600000000000000e+04
7.472000000000000000e+03
1.582600000000000000e+04
4.274900000000000000e+04
1.647469000000000000e+06
1.365116000000000000e+06
2.987200000000000000e+04
0.000000000000000000e+00
5.328000000000000000e+03
3.402530000000000000e+05
1.832511000000000000e+06
3.261976000000000000e+06
2.637449000000000000e+06
0.000000000000000000e+00
1.859472000000000000e+06
1.431048000000000000e+06
3.516544000000000000e+06
9.403410000000000000e+05
7.493320000000000000e+05
2.017000000000000000e+03
6.064400000000000000e+05
4.653790000000000000e+05
4.254800000000000000e+05
6.983480000000000000e+05
1.324221000000000000e+06
3.356300000000000000e+04
1.397380000000000000e+06
1.152505000000000000e+06
1.824821000000000000e+06
8.317520000000000000e+05
5.693180000000000000e+05
9.112000000000000000e+03
4.995490000000000000e+05
4.127570000000000000e+05
2.192310000000000000e+05
2.254530000000000000e+05
2.896390000000000000e+05
1.776000000000000000e+04
1.708010000000000000e+05
2.223400000000000000e+05
2.633811000000000000e+06
1.995580000000000000e+05
1.035560000000000000e+05
3.072000000000000000e+03
1.542020000000000000e+05
5.811600000000000000e+04
5.421500000000000000e+04
8.933600000000000000e+04
1.340740000000000000e+05
0.000000000000000000e+00
5.109900000000000000e+04
5.573100000000000000e+04
2.234291000000000000e+06
3.513300000000000000e+04
8.725000000000000000e+03
1.343000000000000000e+03
1.647500000000000000e+04
2.490100000000000000e+04
2.125900000000000000e+04
3.675600000000000000e+04
3.556200000000000000e+04
4.663000000000000000e+03
8.620400000000000000e+04
1.016050000000000000e+05
1.815655000000000000e+06
5.446740000000000000e+05
1.305600000000000000e+04
0.000000000000000000e+00
0.000000000000000000e+00
2.479200000000000000e+04
1.257790000000000000e+05
5.207900000000000000e+04
4.842500000000000000e+04
1.538700000000000000e+04
1.265580000000000000e+05
2.544700000000000000e+04
1.178026000000000000e+06
7.719900000000000000e+04
6.144000000000000000e+04
0.000000000000000000e+00
3.328000000000000000e+03
0.000000000000000000e+00
1.162780000000000000e+05
2.631100000000000000e+04
8.758200000000000000e+04
2.802800000000000000e+04
1.547360000000000000e+05
1.295150000000000000e+05
1.933147000000000000e+06
1.147206000000000000e+06
1.420800000000000000e+04
0.000000000000000000e+00
1.056000000000000000e+04
0.000000000000000000e+00
2.442000000000000000e+03
2.425600000000000000e+04
2.100600000000000000e+04
1.160100000000000000e+04
4.430400000000000000e+04
1.763840000000000000e+05
1.869044000000000000e+06
1.347050000000000000e+05
2.057500000000000000e+04
0.000000000000000000e+00
6.143800000000000000e+04
2.520900000000000000e+04
2.786000000000000000e+03
2.617300000000000000e+04
2.014480000000000000e+05
2.121300000000000000e+04
3.269800000000000000e+04
7.670900000000000000e+04
2.030550000000000000e+06
3.789020000000000000e+05
6.154000000000000000e+04
0.000000000000000000e+00
6.016000000000000000e+03
1.780800000000000000e+04
3.129600000000000000e+04
1.387410000000000000e+05
1.040840000000000000e+05
6.007000000000000000e+03
6.319800000000000000e+04
1.049670000000000000e+05
1.721554000000000000e+06
9.128200000000000000e+04
5.523200000000000000e+04
0.000000000000000000e+00
0.000000000000000000e+00
1.088000000000000000e+03
1.750000000000000000e+03
1.112720000000000000e+05
1.974565000000000000e+06
5.388000000000000000e+03
3.669623000000000000e+06
6.003207000000000000e+06
1.091893500000000000e+07
1.298429600000000000e+07
1.647953500000000000e+07
7.203700000000000000e+04
1.974838300000000000e+07
8.064000000000000000e+03
1.267200000000000000e+04
3.456000000000000000e+03
3.456000000000000000e+03
0.000000000000000000e+00
5.760000000000000000e+03
5.760000000000000000e+03
6.736640000000000000e+05
3.225600000000000000e+04
0.000000000000000000e+00
0.000000000000000000e+00
1.152000000000000000e+03
0.000000000000000000e+00
4.608000000000000000e+03
2.304000000000000000e+03
2.304000000000000000e+03
2.675200000000000000e+04
0.000000000000000000e+00
1.024000000000000000e+03
1.829888000000000000e+06
2.184000000000000000e+03
1.216000000000000000e+04
2.432000000000000000e+03
6.382500000000000000e+04
2.544660000000000000e+05
7.357590000000000000e+05
1.806592000000000000e+06
3.318729000000000000e+06
1.312360000000000000e+05
4.780324000000000000e+06
5.714035000000000000e+06
7.676998000000000000e+06
6.332456000000000000e+06
6.519673000000000000e+06
2.035420000000000000e+05
6.601332000000000000e+06
6.538603000000000000e+06
6.255892000000000000e+06
5.840509000000000000e+06
5.384578000000000000e+06
1.762790000000000000e+05
4.858403000000000000e+06
4.324685000000000000e+06
4.739488000000000000e+06
3.620134000000000000e+06
2.994827000000000000e+06
1.368130000000000000e+05
2.437315000000000000e+06
1.926116000000000000e+06
1.429829000000000000e+06
1.002375000000000000e+06
5.419760000000000000e+05
2.873100000000000000e+04
5.946640000000000000e+05
5.530120000000000000e+05
1.911686000000000000e+06
7.722630000000000000e+05
5.050340000000000000e+05
3.586800000000000000e+04
6.545680000000000000e+05
5.966660000000000000e+05
6.650490000000000000e+05
5.939760000000000000e+05
6.219090000000000000e+05
2.321200000000000000e+04
5.664370000000000000e+05
5.557200000000000000e+05
1.738604000000000000e+06
7.239040000000000000e+05
5.671290000000000000e+05
2.038400000000000000e+04
6.839650000000000000e+05
5.757990000000000000e+05
6.194650000000000000e+05
6.913180000000000000e+05
5.875160000000000000e+05
2.228500000000000000e+04
6.157860000000000000e+05
6.185970000000000000e+05
1.735377000000000000e+06
8.423970000000000000e+05
5.547610000000000000e+05
2.712000000000000000e+04
6.112550000000000000e+05
5.941880000000000000e+05
6.542770000000000000e+05
6.117570000000000000e+05
6.474480000000000000e+05
3.536700000000000000e+04
5.570360000000000000e+05
6.443570000000000000e+05
1.753452000000000000e+06
7.750130000000000000e+05
6.254650000000000000e+05
2.436500000000000000e+04
6.199260000000000000e+05
6.393160000000000000e+05
6.215600000000000000e+05
6.211410000000000000e+05
6.336510000000000000e+05
3.765600000000000000e+04
5.838880000000000000e+05
6.999700000000000000e+05
1.750546000000000000e+06
7.741190000000000000e+05
6.222840000000000000e+05
2.423200000000000000e+04
6.479150000000000000e+05
5.973510000000000000e+05
6.386790000000000000e+05
6.109580000000000000e+05
6.687680000000000000e+05
2.169900000000000000e+04
6.168840000000000000e+05
5.978520000000000000e+05
1.766568000000000000e+06
7.918190000000000000e+05
6.331250000000000000e+05
5.404500000000000000e+04
6.110340000000000000e+05
6.919690000000000000e+05
6.251180000000000000e+05
6.333000000000000000e+05
6.965610000000000000e+05
3.503400000000000000e+04
5.567890000000000000e+05
6.943850000000000000e+05
1.745998000000000000e+06
8.042710000000000000e+05
5.959550000000000000e+05
2.893100000000000000e+04
6.737470000000000000e+05
6.458660000000000000e+05
6.779470000000000000e+05
6.783390000000000000e+05
6.326040000000000000e+05
3.858000000000000000e+04
6.451370000000000000e+05
6.039420000000000000e+05
1.789462000000000000e+06
8.125830000000000000e+05
6.513300000000000000e+05
4.183700000000000000e+04
6.215890000000000000e+05
6.867380000000000000e+05
6.562730000000000000e+05
6.725950000000000000e+05
7.058310000000000000e+05
4.543500000000000000e+04
6.156910000000000000e+05
6.996010000000000000e+05
1.799422000000000000e+06
8.480970000000000000e+05
6.525940000000000000e+05
7.795200000000000000e+04
6.657080000000000000e+05
7.358070000000000000e+05
6.507210000000000000e+05
6.367850000000000000e+05
7.345070000000000000e+05
5.140400000000000000e+04
5.675090000000000000e+05
6.514480000000000000e+05
1.839747000000000000e+06
8.062840000000000000e+05
7.360220000000000000e+05
9.156300000000000000e+04
6.859140000000000000e+05
6.676380000000000000e+05
6.699980000000000000e+05
6.537820000000000000e+05
6.950290000000000000e+05
4.184500000000000000e+04
6.220740000000000000e+05
7.253310000000000000e+05
1.873119000000000000e+06
8.650540000000000000e+05
6.623110000000000000e+05
7.428800000000000000e+04
7.470370000000000000e+05
6.802370000000000000e+05
7.007000000000000000e+05
6.374670000000000000e+05
6.948230000000000000e+05
6.221500000000000000e+04
6.620730000000000000e+05
6.984350000000000000e+05
1.883617000000000000e+06
8.209610000000000000e+05
7.160450000000000000e+05
4.792000000000000000e+04
6.745520000000000000e+05
7.201330000000000000e+05
7.002690000000000000e+05
7.103880000000000000e+05
7.165880000000000000e+05
1.947900000000000000e+04
6.947300000000000000e+05
6.818950000000000000e+05
1.914906000000000000e+06
8.183380000000000000e+05
7.357340000000000000e+05
4.117100000000000000e+04
7.380940000000000000e+05
6.637540000000000000e+05
7.333780000000000000e+05
7.124890000000000000e+05
7.177240000000000000e+05
5.741200000000000000e+04
6.524350000000000000e+05
7.350980000000000000e+05
1.881918000000000000e+06
8.629440000000000000e+05
6.941280000000000000e+05
5.868800000000000000e+04
7.639250000000000000e+05
7.016980000000000000e+05
7.533410000000000000e+05
6.623860000000000000e+05
7.291760000000000000e+05
2.679500000000000000e+04
6.883510000000000000e+05
7.513230000000000000e+05
1.932558000000000000e+06
9.328770000000000000e+05
7.326500000000000000e+05
3.814900000000000000e+04
7.104210000000000000e+05
7.818620000000000000e+05
7.454160000000000000e+05
7.593280000000000000e+05
6.703050000000000000e+05
5.107500000000000000e+04
7.703970000000000000e+05
6.599460000000000000e+05
1.905673000000000000e+06
8.736290000000000000e+05
7.419400000000000000e+05
6.050500000000000000e+04
6.894200000000000000e+05
7.384390000000000000e+05
8.563590000000000000e+05
1.626510000000000000e+06
2.624504000000000000e+06
8.781900000000000000e+04
3.542709000000000000e+06
4.895545000000000000e+06
6.898529000000000000e+06
8.666711000000000000e+06
1.031470200000000000e+07
2.353320000000000000e+05
1.108513900000000000e+07
1.205903200000000000e+07
1.202185000000000000e+07
9.748615000000000000e+06
8.018753000000000000e+06
9.527200000000000000e+04
1.071220700000000000e+07
1.336849000000000000e+07
1.984516600000000000e+07
2.157488100000000000e+07
2.599936600000000000e+07
0.000000000000000000e+00
3.505733100000000000e+07
7.107984000000000000e+06
1.278096200000000000e+07
4.045080700000000000e+07
2.656940500000000000e+07
1.480610000000000000e+05
3.794675100000000000e+07
3.746208500000000000e+07
2.329822600000000000e+07
2.101086200000000000e+07
1.782121600000000000e+07
1.145750000000000000e+05
1.647201400000000000e+07
1.311671800000000000e+07
1.071850900000000000e+07
9.689443000000000000e+06
9.462420000000000000e+06
2.696530000000000000e+05
1.165892500000000000e+07
8.201352000000000000e+06
7.037209000000000000e+06
6.258163000000000000e+06
5.399096000000000000e+06
2.149180000000000000e+05
4.600937000000000000e+06
4.031239000000000000e+06
3.572951000000000000e+06
2.994538000000000000e+06
2.665224000000000000e+06
5.560000000000000000e+04
4.333643000000000000e+06
2.308085000000000000e+06
1.629842000000000000e+06
1.498502000000000000e+06
1.019876000000000000e+06
2.063400000000000000e+04
5.917470000000000000e+05
6.293470000000000000e+05
1.246310000000000000e+05
1.218500000000000000e+04
4.904700000000000000e+04
0.000000000000000000e+00
2.408467000000000000e+06
4.403750000000000000e+05
6.500900000000000000e+04
1.516550000000000000e+05
3.201280000000000000e+05
1.598400000000000000e+04
2.919120000000000000e+05
1.748720000000000000e+05
2.025040000000000000e+05
1.143530000000000000e+05
1.441280000000000000e+05
5.408000000000000000e+03
2.090004000000000000e+06
2.937910000000000000e+05
1.114430000000000000e+05
1.953800000000000000e+05
2.905760000000000000e+05
0.000000000000000000e+00
2.479820000000000000e+05
2.575740000000000000e+05
1.328240000000000000e+05
8.277900000000000000e+04
1.225410000000000000e+05
0.000000000000000000e+00
1.977666000000000000e+06
2.592190000000000000e+05
1.886600000000000000e+05
4.156390000000000000e+05
1.653740000000000000e+05
1.491000000000000000e+03
2.277630000000000000e+05
2.035830000000000000e+05
1.321690000000000000e+05
1.122820000000000000e+05
8.585200000000000000e+04
4.107000000000000000e+03
2.053392000000000000e+06
4.060390000000000000e+05
1.091130000000000000e+05
2.843450000000000000e+05
1.490520000000000000e+05
9.002000000000000000e+03
1.339470000000000000e+05
3.017470000000000000e+05
2.017620000000000000e+05
1.525970000000000000e+05
1.017950000000000000e+05
2.113000000000000000e+03
2.074858000000000000e+06
1.220730000000000000e+05
6.109300000000000000e+04
2.371070000000000000e+05
2.113460000000000000e+05
5.382000000000000000e+03
2.787940000000000000e+05
2.145970000000000000e+05
2.054250000000000000e+05
1.072460000000000000e+05
6.438900000000000000e+04
7.030000000000000000e+03
1.911749000000000000e+06
1.393740000000000000e+05
1.449300000000000000e+05
2.974280000000000000e+05
3.180160000000000000e+05
2.690000000000000000e+04
2.858530000000000000e+05
7.240200000000000000e+04
1.577120000000000000e+05
7.868200000000000000e+04
1.411060000000000000e+05
3.732000000000000000e+03
2.090052000000000000e+06
2.497500000000000000e+05
9.299700000000000000e+04
4.172150000000000000e+05
4.045220000000000000e+05
3.528600000000000000e+04
2.599340000000000000e+05
2.117040000000000000e+05
2.912130000000000000e+05
4.193670000000000000e+05
9.168360000000000000e+05
2.018500000000000000e+04
2.503945000000000000e+06
1.541371000000000000e+06
1.967712000000000000e+06
2.311781000000000000e+06
2.738416000000000000e+06
3.050300000000000000e+04
3.219126000000000000e+06
3.595116000000000000e+06
3.600459000000000000e+06
4.221849000000000000e+06
4.289349000000000000e+06
2.145950000000000000e+05
6.499349000000000000e+06
5.463089000000000000e+06
5.160067000000000000e+06
3.387259000000000000e+06
3.306122000000000000e+06
1.257480000000000000e+05
3.252149000000000000e+06
3.261149000000000000e+06
2.860345000000000000e+06
2.588548000000000000e+06
2.838937000000000000e+06
7.093400000000000000e+04
4.512307000000000000e+06
4.222279000000000000e+06
4.634099000000000000e+06
5.630679000000000000e+06
6.731283000000000000e+06
8.246400000000000000e+04
8.342376000000000000e+06
9.051934000000000000e+06
8.001249000000000000e+06
6.601258000000000000e+06
5.003775000000000000e+06
4.632700000000000000e+04
5.126271000000000000e+06
3.573143000000000000e+06
2.657497000000000000e+06
2.024955000000000000e+06
1.597340000000000000e+06
1.507000000000000000e+04
1.488965000000000000e+06
1.186688000000000000e+06
7.795170000000000000e+05
8.556700000000000000e+05
5.198460000000000000e+05
2.210000000000000000e+03
1.973733000000000000e+06
6.102540000000000000e+05
4.776680000000000000e+05
4.225030000000000000e+05
4.641560000000000000e+05
1.156000000000000000e+04
3.713990000000000000e+05
3.678520000000000000e+05
3.058050000000000000e+05
3.613990000000000000e+05
3.945420000000000000e+05
2.918900000000000000e+04
1.415204000000000000e+06
3.061060000000000000e+05
2.861490000000000000e+05
3.220850000000000000e+05
2.502180000000000000e+05
0.000000000000000000e+00
1.863980000000000000e+05
2.192680000000000000e+05
2.180270000000000000e+05
2.175840000000000000e+05
1.217700000000000000e+05
3.376000000000000000e+03
1.497570000000000000e+06
1.323120000000000000e+05
5.012600000000000000e+04
4.977600000000000000e+04
7.214600000000000000e+04
7.934000000000000000e+03
9.775100000000000000e+04
9.878800000000000000e+04
1.026900000000000000e+05
1.365510000000000000e+05
1.201240000000000000e+05
1.484400000000000000e+04
1.172999000000000000e+06
3.621230000000000000e+05
1.043720000000000000e+05
8.197800000000000000e+04
8.590700000000000000e+04
2.659000000000000000e+03
1.197710000000000000e+05
1.100830000000000000e+05
1.069420000000000000e+05
1.173680000000000000e+05
1.631870000000000000e+05
8.925000000000000000e+03
1.179618000000000000e+06
1.817110000000000000e+05
6.619700000000000000e+04
9.164400000000000000e+04
1.692140000000000000e+05
1.357500000000000000e+04
1.476870000000000000e+05
1.317420000000000000e+05
1.316780000000000000e+05
1.274180000000000000e+05
1.715150000000000000e+05
8.840000000000000000e+03
1.266911000000000000e+06
2.195040000000000000e+05
8.095100000000000000e+04
8.462600000000000000e+04
9.424900000000000000e+04
1.549000000000000000e+04
9.578000000000000000e+04
1.743640000000000000e+05
9.606800000000000000e+04
1.103150000000000000e+05
1.006330000000000000e+05
0.000000000000000000e+00
1.102838000000000000e+06
1.782860000000000000e+05
6.794000000000000000e+04
1.462480000000000000e+05
1.711200000000000000e+05
2.465000000000000000e+03
1.057110000000000000e+05
1.290460000000000000e+05
1.012220000000000000e+05
1.603490000000000000e+05
1.546470000000000000e+05
8.200000000000000000e+03
1.181743000000000000e+06
3.634090000000000000e+05
6.440000000000000000e+04
7.838400000000000000e+04
9.391200000000000000e+04
0.000000000000000000e+00
1.582770000000000000e+05
1.681120000000000000e+05
1.882280000000000000e+05
1.661900000000000000e+05
2.539770000000000000e+05
3.246000000000000000e+03
1.144237000000000000e+06
3.149380000000000000e+05
6.776700000000000000e+04
9.548400000000000000e+04
7.078300000000000000e+04
5.061000000000000000e+03
7.323700000000000000e+04
1.705350000000000000e+05
6.757800000000000000e+04
1.056400000000000000e+05
2.474930000000000000e+05
0.000000000000000000e+00
1.022989000000000000e+06
2.030370000000000000e+05
8.480300000000000000e+04
1.315870000000000000e+05
1.367140000000000000e+05
4.390000000000000000e+03
1.099730000000000000e+05
1.000940000000000000e+05
1.291490000000000000e+05
1.547800000000000000e+05
1.605420000000000000e+05
0.000000000000000000e+00
1.266797000000000000e+06
2.455860000000000000e+05
8.386200000000000000e+04
7.019500000000000000e+04
1.193800000000000000e+05
0.000000000000000000e+00
1.163680000000000000e+05
2.614000000000000000e+05
1.160400000000000000e+05
1.633020000000000000e+05
1.218760000000000000e+05
0.000000000000000000e+00
1.234117000000000000e+06
2.407960000000000000e+05
1.025780000000000000e+05
2.183040000000000000e+05
1.845390000000000000e+05
1.962400000000000000e+04
1.782410000000000000e+05
2.334950000000000000e+05
1.347770000000000000e+05
1.441200000000000000e+05
2.476770000000000000e+05
6.958000000000000000e+03
1.300019000000000000e+06
2.700170000000000000e+05
2.343890000000000000e+05
3.226270000000000000e+05
3.262060000000000000e+05
1.867000000000000000e+04
5.978850000000000000e+05
1.207577000000000000e+06
1.258987000000000000e+06
8.023030000000000000e+05
8.770010000000000000e+05
1.822700000000000000e+04
1.735051000000000000e+06
9.160850000000000000e+05
7.508670000000000000e+05
7.106240000000000000e+05
6.682310000000000000e+05
1.849700000000000000e+04
5.665990000000000000e+05
2.965760000000000000e+05
3.546880000000000000e+05
4.273200000000000000e+05
4.801150000000000000e+05
2.638100000000000000e+04
1.805805000000000000e+06
8.097220000000000000e+05
1.467590000000000000e+05
1.097800000000000000e+05
1.148770000000000000e+05
2.595000000000000000e+03
1.016280000000000000e+05
1.573450000000000000e+05
1.184800000000000000e+05
1.346310000000000000e+05
1.479800000000000000e+05
1.652700000000000000e+04
1.185091000000000000e+06
4.274050000000000000e+05
2.774440000000000000e+05
3.682660000000000000e+05
2.972590000000000000e+05
9.946000000000000000e+03
2.028160000000000000e+05
1.884640000000000000e+05
1.855300000000000000e+05
1.733470000000000000e+05
1.922180000000000000e+05
1.179900000000000000e+04
1.297320000000000000e+06
4.795640000000000000e+05
1.655850000000000000e+05
1.346710000000000000e+05
1.729550000000000000e+05
4.446000000000000000e+03
1.876000000000000000e+05
1.725810000000000000e+05
1.474280000000000000e+05
1.855330000000000000e+05
1.714230000000000000e+05
5.096000000000000000e+03
1.188379000000000000e+06
3.553620000000000000e+05
1.691540000000000000e+05
2.272510000000000000e+05
2.359540000000000000e+05
8.301000000000000000e+03
2.339970000000000000e+05
3.972620000000000000e+05
2.360270000000000000e+05
2.762350000000000000e+05
2.094630000000000000e+05
2.160000000000000000e+03
1.402576000000000000e+06
3.919620000000000000e+05
2.278240000000000000e+05
2.120840000000000000e+05
2.245120000000000000e+05
7.011000000000000000e+03
3.137740000000000000e+05
3.173810000000000000e+05
3.331230000000000000e+05
3.273820000000000000e+05
3.464400000000000000e+05
3.699000000000000000e+03
1.400600000000000000e+06
4.321440000000000000e+05
2.685030000000000000e+05
3.207460000000000000e+05
3.305740000000000000e+05
6.338000000000000000e+03
3.230330000000000000e+05
2.729560000000000000e+05
3.184530000000000000e+05
3.108480000000000000e+05
2.743410000000000000e+05
2.344900000000000000e+04
1.616845000000000000e+06
4.563730000000000000e+05
2.908420000000000000e+05
2.401510000000000000e+05
3.057150000000000000e+05
2.295400000000000000e+04
2.903960000000000000e+05
2.915740000000000000e+05
2.406530000000000000e+05
2.783170000000000000e+05
2.772110000000000000e+05
4.400000000000000000e+03
1.577219000000000000e+06
4.395690000000000000e+05
2.569950000000000000e+05
2.502330000000000000e+05
2.870640000000000000e+05
1.151700000000000000e+04
3.131140000000000000e+05
3.341710000000000000e+05
3.633580000000000000e+05
3.219550000000000000e+05
2.953950000000000000e+05
2.088600000000000000e+04
1.437229000000000000e+06
5.932480000000000000e+05
2.735590000000000000e+05
2.246290000000000000e+05
2.326820000000000000e+05
2.242000000000000000e+03
2.460580000000000000e+05
2.592410000000000000e+05
2.565840000000000000e+05
3.201570000000000000e+05
2.829080000000000000e+05
7.246000000000000000e+03
1.415795000000000000e+06
3.500200000000000000e+05
2.785780000000000000e+05
3.027500000000000000e+05
3.478290000000000000e+05
1.026600000000000000e+04
3.142430000000000000e+05
2.534790000000000000e+05
2.545340000000000000e+05
2.345410000000000000e+05
2.835570000000000000e+05
1.983000000000000000e+03
1.514054000000000000e+06
6.066260000000000000e+05
2.725600000000000000e+05
3.160320000000000000e+05
2.625520000000000000e+05
3.902000000000000000e+03
2.705210000000000000e+05
2.893690000000000000e+05
2.678400000000000000e+05
3.165070000000000000e+05
3.084660000000000000e+05
4.592000000000000000e+03
1.515725000000000000e+06
5.026770000000000000e+05
2.555440000000000000e+05
2.556690000000000000e+05
2.850680000000000000e+05
1.179100000000000000e+04
4.252330000000000000e+05
2.523890000000000000e+05
2.648660000000000000e+05
2.574770000000000000e+05
2.683870000000000000e+05
1.567600000000000000e+04
1.524061000000000000e+06
4.611070000000000000e+05
2.407820000000000000e+05
2.584930000000000000e+05
2.389080000000000000e+05
2.349000000000000000e+03
2.877380000000000000e+05
3.745730000000000000e+05
2.738630000000000000e+05
3.140340000000000000e+05
3.132210000000000000e+05
2.248000000000000000e+04
1.501339000000000000e+06
3.842010000000000000e+05
2.850780000000000000e+05
3.650970000000000000e+05
3.578640000000000000e+05
1.856800000000000000e+04
3.441700000000000000e+05
3.649530000000000000e+05
3.412410000000000000e+05
3.312670000000000000e+05
2.825490000000000000e+05
4.485000000000000000e+03
1.575739000000000000e+06
3.582600000000000000e+05
3.591460000000000000e+05
4.008300000000000000e+05
5.139150000000000000e+05
1.402500000000000000e+04
4.829120000000000000e+05
9.040450000000000000e+05
1.411412000000000000e+06
1.375934000000000000e+06
1.172069000000000000e+06
7.114500000000000000e+04
2.193960000000000000e+06
1.030252000000000000e+06
8.793350000000000000e+05
9.621480000000000000e+05
9.351450000000000000e+05
3.911900000000000000e+04
8.808160000000000000e+05
8.307090000000000000e+05
4.505170000000000000e+05
5.343760000000000000e+05
5.705590000000000000e+05
2.663100000000000000e+04
2.039960000000000000e+06
8.258200000000000000e+05
7.850530000000000000e+05
2.744300000000000000e+05
2.671890000000000000e+05
6.783900000000000000e+04
2.555750000000000000e+05
2.600440000000000000e+05
2.846320000000000000e+05
3.029290000000000000e+05
3.271650000000000000e+05
1.942900000000000000e+04
1.426259000000000000e+06
4.311660000000000000e+05
4.442380000000000000e+05
5.599260000000000000e+05
6.463580000000000000e+05
2.012600000000000000e+04
6.009530000000000000e+05
3.433560000000000000e+05
3.681880000000000000e+05
3.560020000000000000e+05
3.764780000000000000e+05
1.126300000000000000e+04
1.649630000000000000e+06
5.941840000000000000e+05
3.490280000000000000e+05
3.543120000000000000e+05
3.576900000000000000e+05
1.818000000000000000e+03
3.607800000000000000e+05
5.254420000000000000e+05
3.830940000000000000e+05
4.464690000000000000e+05
5.007940000000000000e+05
4.019900000000000000e+04
1.720979000000000000e+06
5.240640000000000000e+05
3.856010000000000000e+05
3.605160000000000000e+05
3.791400000000000000e+05
1.583900000000000000e+04
3.684500000000000000e+05
3.601870000000000000e+05
3.698280000000000000e+05
3.624200000000000000e+05
3.757410000000000000e+05
5.313000000000000000e+03
1.240161000000000000e+06
6.759960000000000000e+05
3.909240000000000000e+05
4.481970000000000000e+05
4.377200000000000000e+05
2.199600000000000000e+04
4.633520000000000000e+05
5.266840000000000000e+05
4.404890000000000000e+05
5.201240000000000000e+05
5.030570000000000000e+05
1.259100000000000000e+04
1.883209000000000000e+06
7.591680000000000000e+05
6.525150000000000000e+05
6.747240000000000000e+05
5.565490000000000000e+05
2.200500000000000000e+04
6.878170000000000000e+05
7.469090000000000000e+05
6.393180000000000000e+05
7.402130000000000000e+05
6.425470000000000000e+05
4.010100000000000000e+04
2.263311000000000000e+06
9.236320000000000000e+05
8.659340000000000000e+05
9.782610000000000000e+05
8.400810000000000000e+05
3.888300000000000000e+04
8.770350000000000000e+05
9.042660000000000000e+05
8.918510000000000000e+05
1.052789000000000000e+06
1.053702000000000000e+06
2.604900000000000000e+04
2.446886000000000000e+06
1.355559000000000000e+06
1.070171000000000000e+06
1.282474000000000000e+06
1.001599000000000000e+06
3.695000000000000000e+04
1.348258000000000000e+06
1.325982000000000000e+06
1.458339000000000000e+06
1.478098000000000000e+06
1.541944000000000000e+06
5.711700000000000000e+04
2.709883000000000000e+06
2.025272000000000000e+06
2.330168000000000000e+06
2.413995000000000000e+06
2.563280000000000000e+06
1.840000000000000000e+05
2.975310000000000000e+06
3.380386000000000000e+06
3.655187000000000000e+06
3.653002000000000000e+06
2.875830000000000000e+06
8.156500000000000000e+04
3.262743000000000000e+06
2.123240000000000000e+06
1.609956000000000000e+06
1.432104000000000000e+06
1.166148000000000000e+06
3.989800000000000000e+04
9.542780000000000000e+05
8.788290000000000000e+05
6.042160000000000000e+05
7.915410000000000000e+05
4.973950000000000000e+05
3.228000000000000000e+03
1.763964000000000000e+06
7.470310000000000000e+05
5.495380000000000000e+05
4.004220000000000000e+05
5.549980000000000000e+05
1.178700000000000000e+04
3.864600000000000000e+05
2.859710000000000000e+05
3.960980000000000000e+05
4.293430000000000000e+05
3.091960000000000000e+05
1.370900000000000000e+04
1.490141000000000000e+06
4.089910000000000000e+05
2.776500000000000000e+05
4.191570000000000000e+05
3.169500000000000000e+05
1.056800000000000000e+04
2.292980000000000000e+05
2.349160000000000000e+05
2.048680000000000000e+05
2.059140000000000000e+05
2.026900000000000000e+05
8.138000000000000000e+03
1.477748000000000000e+06
3.791630000000000000e+05
2.090580000000000000e+05
1.788040000000000000e+05
1.653940000000000000e+05
1.629100000000000000e+04
1.657720000000000000e+05
1.732930000000000000e+05
1.870170000000000000e+05
1.588570000000000000e+05
1.940500000000000000e+05
7.215000000000000000e+03
6.618800000000000000e+05
3.622600000000000000e+05
2.249040000000000000e+05
2.055000000000000000e+05
1.975390000000000000e+05
2.633100000000000000e+04
2.136100000000000000e+05
1.879620000000000000e+05
2.060150000000000000e+05
1.927230000000000000e+05
2.011990000000000000e+05
9.527000000000000000e+03
7.839590000000000000e+05
3.494180000000000000e+05
2.261050000000000000e+05
2.560810000000000000e+05
2.110680000000000000e+05
1.032600000000000000e+04
2.362110000000000000e+05
2.099740000000000000e+05
2.248870000000000000e+05
2.052740000000000000e+05
2.362290000000000000e+05
6.417000000000000000e+03
7.681110000000000000e+05
5.666920000000000000e+05
3.374690000000000000e+05
4.889470000000000000e+05
8.392200000000000000e+05
3.510200000000000000e+04
8.732940000000000000e+05
6.869450000000000000e+05
6.896550000000000000e+05
5.323480000000000000e+05
5.501720000000000000e+05
2.545600000000000000e+04
1.139958000000000000e+06
7.990800000000000000e+05
6.296590000000000000e+05
5.485990000000000000e+05
3.344860000000000000e+05
5.878800000000000000e+04
3.335050000000000000e+05
3.626320000000000000e+05
4.413470000000000000e+05
4.964770000000000000e+05
5.480820000000000000e+05
3.772000000000000000e+03
7.571850000000000000e+05
3.857850000000000000e+05
2.162840000000000000e+05
2.016930000000000000e+05
2.010000000000000000e+05
1.226300000000000000e+04
1.694490000000000000e+05
1.880490000000000000e+05
2.067960000000000000e+05
2.084490000000000000e+05
2.551710000000000000e+05
5.508000000000000000e+03
8.309770000000000000e+05
5.291440000000000000e+05
3.345450000000000000e+05
2.606680000000000000e+05
2.295830000000000000e+05
3.155000000000000000e+03
2.332210000000000000e+05
2.192400000000000000e+05
2.182070000000000000e+05
2.094310000000000000e+05
2.232440000000000000e+05
0.000000000000000000e+00
7.326490000000000000e+05
4.243040000000000000e+05
2.691080000000000000e+05
2.375620000000000000e+05
2.411740000000000000e+05
0.000000000000000000e+00
2.338000000000000000e+05
2.409270000000000000e+05
2.702520000000000000e+05
2.321850000000000000e+05
2.845400000000000000e+05
9.743000000000000000e+03
8.271050000000000000e+05
4.323400000000000000e+05
2.961160000000000000e+05
2.779410000000000000e+05
2.458630000000000000e+05
9.052000000000000000e+03
2.281250000000000000e+05
2.937290000000000000e+05
2.099790000000000000e+05
2.420660000000000000e+05
2.445620000000000000e+05
2.100400000000000000e+04
7.861950000000000000e+05
4.418450000000000000e+05
3.026590000000000000e+05
2.552760000000000000e+05
2.672560000000000000e+05
1.339700000000000000e+04
2.635310000000000000e+05
2.600680000000000000e+05
2.615200000000000000e+05
2.611150000000000000e+05
2.583970000000000000e+05
7.592000000000000000e+03
8.349750000000000000e+05
4.578540000000000000e+05
3.400880000000000000e+05
2.948890000000000000e+05
2.613810000000000000e+05
2.515300000000000000e+04
2.601220000000000000e+05
2.741390000000000000e+05
2.615530000000000000e+05
2.859540000000000000e+05
3.531790000000000000e+05
5.431800000000000000e+04
9.747490000000000000e+05
5.054830000000000000e+05
6.592570000000000000e+05
8.856090000000000000e+05
8.755750000000000000e+05
7.171900000000000000e+04
6.630130000000000000e+05
6.657530000000000000e+05
5.478290000000000000e+05
5.583690000000000000e+05
6.189140000000000000e+05
2.257000000000000000e+03
1.128515000000000000e+06
7.617450000000000000e+05
5.321640000000000000e+05
3.328890000000000000e+05
3.252180000000000000e+05
1.363700000000000000e+04
3.280860000000000000e+05
4.451620000000000000e+05
4.686630000000000000e+05
5.012900000000000000e+05
1.860590000000000000e+05
1.049700000000000000e+04
7.377170000000000000e+05
3.387570000000000000e+05
1.920920000000000000e+05
1.729340000000000000e+05
1.743800000000000000e+05
3.038000000000000000e+03
1.629220000000000000e+05
1.520140000000000000e+05
1.550590000000000000e+05
2.221130000000000000e+05
2.152190000000000000e+05
4.720000000000000000e+03
8.967600000000000000e+05
4.631420000000000000e+05
2.198720000000000000e+05
1.874000000000000000e+05
1.560260000000000000e+05
5.551000000000000000e+03
1.793660000000000000e+05
1.496390000000000000e+05
1.678560000000000000e+05
1.688910000000000000e+05
1.646170000000000000e+05
0.000000000000000000e+00
7.567730000000000000e+05
3.783580000000000000e+05
2.333030000000000000e+05
1.984780000000000000e+05
1.769990000000000000e+05
3.811000000000000000e+03
1.889890000000000000e+05
1.852440000000000000e+05
1.494880000000000000e+05
1.814060000000000000e+05
1.673370000000000000e+05
8.091000000000000000e+03
6.210650000000000000e+05
3.819830000000000000e+05
2.245830000000000000e+05
2.136090000000000000e+05
1.568030000000000000e+05
3.863000000000000000e+03
1.938380000000000000e+05
1.513750000000000000e+05
1.856240000000000000e+05
1.550480000000000000e+05
1.695510000000000000e+05
0.000000000000000000e+00
6.444140000000000000e+05
4.905540000000000000e+05
4.138660000000000000e+05
3.686780000000000000e+05
3.579180000000000000e+05
5.550000000000000000e+03
3.830220000000000000e+05
3.298840000000000000e+05
3.525470000000000000e+05
2.655100000000000000e+05
3.095640000000000000e+05
1.087300000000000000e+04
9.556120000000000000e+05
5.257720000000000000e+05
3.217810000000000000e+05
2.781160000000000000e+05
2.488810000000000000e+05
3.405000000000000000e+03
2.548740000000000000e+05
2.548550000000000000e+05
2.334430000000000000e+05
2.495130000000000000e+05
2.967020000000000000e+05
8.248000000000000000e+03
8.666690000000000000e+05
6.977360000000000000e+05
5.103840000000000000e+05
3.838050000000000000e+05
3.461570000000000000e+05
4.712000000000000000e+03
3.658430000000000000e+05
3.636200000000000000e+05
3.019560000000000000e+05
3.162980000000000000e+05
2.657280000000000000e+05
2.784900000000000000e+04
1.066344000000000000e+06
5.200130000000000000e+05
3.287780000000000000e+05
3.205100000000000000e+05
4.272680000000000000e+05
1.036900000000000000e+04
4.138880000000000000e+05
4.205220000000000000e+05
4.337790000000000000e+05
4.145930000000000000e+05
4.069550000000000000e+05
2.725300000000000000e+04
1.205432000000000000e+06
5.308070000000000000e+05
4.105300000000000000e+05
2.292040000000000000e+05
2.337290000000000000e+05
0.000000000000000000e+00
4.520710000000000000e+05
5.101880000000000000e+05
6.305090000000000000e+05
3.533350000000000000e+05
5.434630000000000000e+05
1.414900000000000000e+04
1.120713000000000000e+06
5.970570000000000000e+05
2.662100000000000000e+05
4.609030000000000000e+05
7.029910000000000000e+05
3.144000000000000000e+04
3.398990000000000000e+05
4.874130000000000000e+05
5.117570000000000000e+05
4.478280000000000000e+05
2.846680000000000000e+05
1.319900000000000000e+04
1.110109000000000000e+06
8.274640000000000000e+05
8.013940000000000000e+05
5.863740000000000000e+05
5.396390000000000000e+05
2.476000000000000000e+04
4.543650000000000000e+05
4.477260000000000000e+05
2.539670000000000000e+05
4.251600000000000000e+05
5.218600000000000000e+05
4.744100000000000000e+04
1.191699000000000000e+06
4.763990000000000000e+05
6.328220000000000000e+05
5.060560000000000000e+05
4.196360000000000000e+05
1.961400000000000000e+04
3.521300000000000000e+05
1.928210000000000000e+05
2.066350000000000000e+05
1.823110000000000000e+05
1.984730000000000000e+05
0.000000000000000000e+00
9.350490000000000000e+05
6.493870000000000000e+05
4.950810000000000000e+05
6.004270000000000000e+05
6.420110000000000000e+05
1.602900000000000000e+04
4.949400000000000000e+05
5.332900000000000000e+05
4.574790000000000000e+05
4.613310000000000000e+05
2.718020000000000000e+05
1.312400000000000000e+04
1.265803000000000000e+06
9.412740000000000000e+05
2.725050000000000000e+05
5.635400000000000000e+05
5.312800000000000000e+05
5.964000000000000000e+03
4.785300000000000000e+05
2.287190000000000000e+05
4.495580000000000000e+05
6.453310000000000000e+05
5.577860000000000000e+05
3.245200000000000000e+04
1.239252000000000000e+06
7.006060000000000000e+05
5.536760000000000000e+05
8.343120000000000000e+05
9.289510000000000000e+05
5.084100000000000000e+04
1.435709000000000000e+06
1.478931000000000000e+06
1.899543000000000000e+06
1.864496000000000000e+06
2.371015000000000000e+06
8.779900000000000000e+04
3.459607000000000000e+06
3.439584000000000000e+06
3.683038000000000000e+06
3.954970000000000000e+06
4.439810000000000000e+06
2.101970000000000000e+05
4.635850000000000000e+06
4.872284000000000000e+06
4.893754000000000000e+06
4.576123000000000000e+06
3.890694000000000000e+06
1.233970000000000000e+05
4.102691000000000000e+06
2.891655000000000000e+06
2.408148000000000000e+06
2.020445000000000000e+06
1.590722000000000000e+06
4.026900000000000000e+04
1.316351000000000000e+06
8.746470000000000000e+05
7.582910000000000000e+05
6.427420000000000000e+05
4.315260000000000000e+05
1.503100000000000000e+04
1.682915000000000000e+06
1.652870000000000000e+05
8.338900000000000000e+04
5.904100000000000000e+04
1.741890000000000000e+05
7.312000000000000000e+03
1.010120000000000000e+05
1.843570000000000000e+05
6.784600000000000000e+04
5.683100000000000000e+04
5.667500000000000000e+04
4.481000000000000000e+03
5.820700000000000000e+05
1.216940000000000000e+05
5.651600000000000000e+04
6.126400000000000000e+04
5.566500000000000000e+04
0.000000000000000000e+00
7.279100000000000000e+04
1.581520000000000000e+05
1.212180000000000000e+05
1.228630000000000000e+05
1.092120000000000000e+05
1.891000000000000000e+03
6.078710000000000000e+05
2.257980000000000000e+05
1.295180000000000000e+05
2.048820000000000000e+05
2.065380000000000000e+05
8.454000000000000000e+03
2.323410000000000000e+05
2.696470000000000000e+05
1.474600000000000000e+05
2.048000000000000000e+05
2.139820000000000000e+05
3.093200000000000000e+04
7.988860000000000000e+05
4.278950000000000000e+05
2.850360000000000000e+05
3.542520000000000000e+05
4.125520000000000000e+05
3.169400000000000000e+04
3.473100000000000000e+05
3.450990000000000000e+05
2.981380000000000000e+05
2.884260000000000000e+05
3.351100000000000000e+05
6.822000000000000000e+03
1.132460000000000000e+06
2.497190000000000000e+05
1.852170000000000000e+05
1.868580000000000000e+05
1.809630000000000000e+05
0.000000000000000000e+00
1.904610000000000000e+05
2.738070000000000000e+05
3.066920000000000000e+05
3.198110000000000000e+05
2.484770000000000000e+05
2.674100000000000000e+04
1.028924000000000000e+06
4.738250000000000000e+05
2.909220000000000000e+05
3.615140000000000000e+05
3.450930000000000000e+05
3.079600000000000000e+04
2.938150000000000000e+05
2.897120000000000000e+05
3.283080000000000000e+05
3.286170000000000000e+05
3.536620000000000000e+05
5.244500000000000000e+04
1.211118000000000000e+06
4.392280000000000000e+05
4.565840000000000000e+05
6.788160000000000000e+05
8.356390000000000000e+05
4.394400000000000000e+04
6.365840000000000000e+05
7.258530000000000000e+05
5.628390000000000000e+05
5.666970000000000000e+05
5.703800000000000000e+05
2.656700000000000000e+04
1.400610000000000000e+06
6.306470000000000000e+05
5.559080000000000000e+05
4.199150000000000000e+05
4.841420000000000000e+05
2.577300000000000000e+04
5.114230000000000000e+05
4.464750000000000000e+05
4.691840000000000000e+05
5.639350000000000000e+05
4.241180000000000000e+05
2.234800000000000000e+04
1.208331000000000000e+06
4.635670000000000000e+05
5.750630000000000000e+05
7.373500000000000000e+05
8.954680000000000000e+05
5.339400000000000000e+04
7.053400000000000000e+05
6.891220000000000000e+05
5.575660000000000000e+05
6.948560000000000000e+05
6.536550000000000000e+05
2.955400000000000000e+04
1.548342000000000000e+06
7.712460000000000000e+05
5.849890000000000000e+05
5.038880000000000000e+05
5.065570000000000000e+05
3.648800000000000000e+04
4.355650000000000000e+05
5.265020000000000000e+05
5.716960000000000000e+05
7.115270000000000000e+05
4.369280000000000000e+05
2.269400000000000000e+04
1.384291000000000000e+06
4.356380000000000000e+05
4.441640000000000000e+05
5.309390000000000000e+05
4.545210000000000000e+05
3.851400000000000000e+04
6.003180000000000000e+05
8.240280000000000000e+05
8.493810000000000000e+05
8.133520000000000000e+05
7.488330000000000000e+05
3.868700000000000000e+04
1.525227000000000000e+06
7.626670000000000000e+05
6.374260000000000000e+05
7.019450000000000000e+05
6.351910000000000000e+05
6.077900000000000000e+04
6.222130000000000000e+05
5.595430000000000000e+05
4.253620000000000000e+05
4.759470000000000000e+05
5.575520000000000000e+05
2.172600000000000000e+04
1.607526000000000000e+06
7.266350000000000000e+05
5.507750000000000000e+05
4.229460000000000000e+05
5.119130000000000000e+05
5.596000000000000000e+03
4.627490000000000000e+05
3.819990000000000000e+05
3.769630000000000000e+05
3.801260000000000000e+05
3.562860000000000000e+05
2.451200000000000000e+04
1.367366000000000000e+06
5.157570000000000000e+05
6.115150000000000000e+05
5.596050000000000000e+05
4.972300000000000000e+05
2.527000000000000000e+04
4.194880000000000000e+05
4.112900000000000000e+05
4.432270000000000000e+05
4.337900000000000000e+05
4.594020000000000000e+05
2.824100000000000000e+04
1.475404000000000000e+06
5.867810000000000000e+05
5.403550000000000000e+05
5.281440000000000000e+05
4.395770000000000000e+05
2.705500000000000000e+04
5.273970000000000000e+05
8.340000000000000000e+05
8.281270000000000000e+05
8.020620000000000000e+05
7.105100000000000000e+05
4.179200000000000000e+04
1.574522000000000000e+06
7.252780000000000000e+05
6.571900000000000000e+05
6.657760000000000000e+05
7.197960000000000000e+05
3.275200000000000000e+04
6.927390000000000000e+05
5.065470000000000000e+05
5.378990000000000000e+05
6.009960000000000000e+05
5.781010000000000000e+05
3.524100000000000000e+04
1.592035000000000000e+06
9.288010000000000000e+05
4.977800000000000000e+05
4.259470000000000000e+05
4.402270000000000000e+05
2.070600000000000000e+04
4.191680000000000000e+05
4.937330000000000000e+05
4.355490000000000000e+05
4.134220000000000000e+05
5.542760000000000000e+05
9.496000000000000000e+03
1.391339000000000000e+06
5.042140000000000000e+05
4.899200000000000000e+05
7.033880000000000000e+05
4.740380000000000000e+05
2.761500000000000000e+04
5.138330000000000000e+05
4.030270000000000000e+05
3.915640000000000000e+05
4.214500000000000000e+05
4.910990000000000000e+05
4.370900000000000000e+04
1.380006000000000000e+06
5.823640000000000000e+05
4.999010000000000000e+05
4.245490000000000000e+05
4.909850000000000000e+05
3.273400000000000000e+04
4.357570000000000000e+05
4.355960000000000000e+05
4.587710000000000000e+05
3.838220000000000000e+05
4.158070000000000000e+05
6.998000000000000000e+03
1.438685000000000000e+06
5.640750000000000000e+05
4.221670000000000000e+05
4.426110000000000000e+05
4.587220000000000000e+05
2.091600000000000000e+04
4.148870000000000000e+05
4.681590000000000000e+05
4.975440000000000000e+05
4.055090000000000000e+05
4.453610000000000000e+05
6.557000000000000000e+03
1.357148000000000000e+06
5.474600000000000000e+05
4.083690000000000000e+05
4.465240000000000000e+05
5.827290000000000000e+05
3.037400000000000000e+04
3.924140000000000000e+05
4.266060000000000000e+05
3.639970000000000000e+05
3.857190000000000000e+05
4.970060000000000000e+05
3.265800000000000000e+04
1.411631000000000000e+06
4.533760000000000000e+05
4.167960000000000000e+05
4.001580000000000000e+05
4.943210000000000000e+05
2.687400000000000000e+04
3.617750000000000000e+05
3.673320000000000000e+05
3.851610000000000000e+05
3.197400000000000000e+05
3.186620000000000000e+05
4.281000000000000000e+03
1.203012000000000000e+06
5.090520000000000000e+05
3.236820000000000000e+05
4.271990000000000000e+05
3.504510000000000000e+05
2.688900000000000000e+04
3.929080000000000000e+05
3.847000000000000000e+05
3.905020000000000000e+05
3.331260000000000000e+05
3.607940000000000000e+05
1.597200000000000000e+04
1.122209000000000000e+06
4.181990000000000000e+05
3.750120000000000000e+05
5.154080000000000000e+05
4.394890000000000000e+05
1.923900000000000000e+04
3.447350000000000000e+05
4.046810000000000000e+05
3.324410000000000000e+05
3.611130000000000000e+05
3.483640000000000000e+05
3.060100000000000000e+04
1.227347000000000000e+06
4.199730000000000000e+05
3.763310000000000000e+05
4.283620000000000000e+05
4.475620000000000000e+05
5.792000000000000000e+03
3.035530000000000000e+05
3.187920000000000000e+05
3.380800000000000000e+05
3.304240000000000000e+05
4.478720000000000000e+05
1.558100000000000000e+04
1.246942000000000000e+06
4.192970000000000000e+05
3.502870000000000000e+05
4.399390000000000000e+05
3.420950000000000000e+05
1.366700000000000000e+04
3.769980000000000000e+05
4.658660000000000000e+05
3.639610000000000000e+05
4.159690000000000000e+05
3.943060000000000000e+05
2.831400000000000000e+04
1.359607000000000000e+06
5.082760000000000000e+05
4.444830000000000000e+05
5.130210000000000000e+05
3.684150000000000000e+05
8.484000000000000000e+03
4.538050000000000000e+05
3.688410000000000000e+05
3.495300000000000000e+05
3.609800000000000000e+05
4.562840000000000000e+05
3.102700000000000000e+04
1.321271000000000000e+06
4.101670000000000000e+05
3.474390000000000000e+05
3.383870000000000000e+05
3.887310000000000000e+05
3.845700000000000000e+04
3.916200000000000000e+05
4.122050000000000000e+05
3.645840000000000000e+05
2.975550000000000000e+05
3.048600000000000000e+05
2.016500000000000000e+04
1.154465000000000000e+06
4.489750000000000000e+05
2.601710000000000000e+05
2.909830000000000000e+05
2.862760000000000000e+05
5.556800000000000000e+04
2.986640000000000000e+05
3.394790000000000000e+05
3.511810000000000000e+05
4.184930000000000000e+05
3.752290000000000000e+05
2.502800000000000000e+04
1.130145000000000000e+06
2.843970000000000000e+05
2.970070000000000000e+05
2.885940000000000000e+05
2.488000000000000000e+05
9.901000000000000000e+03
2.718620000000000000e+05
2.903920000000000000e+05
3.179420000000000000e+05
2.397810000000000000e+05
2.671970000000000000e+05
1.264000000000000000e+03
1.114269000000000000e+06
3.184310000000000000e+05
3.042260000000000000e+05
3.057530000000000000e+05
4.255230000000000000e+05
3.896400000000000000e+04
3.109510000000000000e+05
3.170680000000000000e+05
2.806600000000000000e+05
2.867570000000000000e+05
2.735550000000000000e+05
8.298000000000000000e+03
1.117439000000000000e+06
3.632910000000000000e+05
2.879940000000000000e+05
3.153500000000000000e+05
3.001310000000000000e+05
3.782200000000000000e+04
2.568180000000000000e+05
2.633040000000000000e+05
4.228020000000000000e+05
2.364430000000000000e+05
2.213390000000000000e+05
3.308600000000000000e+04
1.017268000000000000e+06
3.269950000000000000e+05
2.831930000000000000e+05
3.144160000000000000e+05
2.410990000000000000e+05
8.432000000000000000e+03
2.503550000000000000e+05
2.426460000000000000e+05
2.069150000000000000e+05
2.316750000000000000e+05
3.261340000000000000e+05
2.795900000000000000e+04
1.041012000000000000e+06
2.948200000000000000e+05
3.691290000000000000e+05
2.279030000000000000e+05
1.995850000000000000e+05
1.356000000000000000e+03
2.140330000000000000e+05
2.284310000000000000e+05
3.484210000000000000e+05
2.307300000000000000e+05
3.473480000000000000e+05
1.408900000000000000e+04
1.079782000000000000e+06
4.232780000000000000e+05
2.930240000000000000e+05
2.219350000000000000e+05
2.363910000000000000e+05
1.648600000000000000e+04
2.298410000000000000e+05
2.478160000000000000e+05
2.153130000000000000e+05
1.899820000000000000e+05
2.038710000000000000e+05
1.610300000000000000e+04
1.029129000000000000e+06
2.700650000000000000e+05
3.102850000000000000e+05
3.402320000000000000e+05
1.999410000000000000e+05
2.476000000000000000e+04
1.976210000000000000e+05
2.391080000000000000e+05
2.723370000000000000e+05
2.802200000000000000e+05
2.886720000000000000e+05
4.562200000000000000e+04
1.070173000000000000e+06
2.952980000000000000e+05
2.102450000000000000e+05
2.873830000000000000e+05
2.463070000000000000e+05
1.850100000000000000e+04
2.857070000000000000e+05
3.554560000000000000e+05
2.839880000000000000e+05
1.996040000000000000e+05
2.260730000000000000e+05
0.000000000000000000e+00
1.094422000000000000e+06
3.288090000000000000e+05
2.184850000000000000e+05
2.447020000000000000e+05
3.788870000000000000e+05
2.968600000000000000e+04
2.503790000000000000e+05
2.539180000000000000e+05
2.323440000000000000e+05
1.703170000000000000e+05
2.490300000000000000e+05
0.000000000000000000e+00
9.700120000000000000e+05
2.232980000000000000e+05
2.647610000000000000e+05
2.708140000000000000e+05
2.857160000000000000e+05
1.802300000000000000e+04
3.553120000000000000e+05
2.327860000000000000e+05
2.004330000000000000e+05
2.301130000000000000e+05
1.923210000000000000e+05
2.195800000000000000e+04
9.869770000000000000e+05
3.186850000000000000e+05
1.587900000000000000e+05
1.986610000000000000e+05
2.610610000000000000e+05
0.000000000000000000e+00
2.114730000000000000e+05
2.204820000000000000e+05
1.804090000000000000e+05
2.224560000000000000e+05
2.063770000000000000e+05
0.000000000000000000e+00
9.925960000000000000e+05
2.325780000000000000e+05
1.824250000000000000e+05
2.740270000000000000e+05
2.949250000000000000e+05
5.792000000000000000e+03
2.702600000000000000e+05
2.649710000000000000e+05
2.163940000000000000e+05
2.621340000000000000e+05
2.260140000000000000e+05
1.916000000000000000e+03
9.758780000000000000e+05
4.200290000000000000e+05
3.198260000000000000e+05
3.515030000000000000e+05
2.440730000000000000e+05
1.586100000000000000e+04
1.815360000000000000e+05
2.037700000000000000e+05
1.781760000000000000e+05
2.685400000000000000e+05
2.252970000000000000e+05
3.887200000000000000e+04
9.429750000000000000e+05
2.852180000000000000e+05
2.980830000000000000e+05
2.153480000000000000e+05
2.524790000000000000e+05
1.038800000000000000e+04
3.116320000000000000e+05
1.557900000000000000e+05
1.434490000000000000e+05
1.707450000000000000e+05
2.000070000000000000e+05
1.027500000000000000e+04
9.847930000000000000e+05
2.510290000000000000e+05
2.167490000000000000e+05
3.642590000000000000e+05
3.305780000000000000e+05
6.591000000000000000e+03
2.413640000000000000e+05
2.965570000000000000e+05
2.671460000000000000e+05
2.674850000000000000e+05
2.562370000000000000e+05
1.248900000000000000e+04
1.047581000000000000e+06
3.658690000000000000e+05
2.193290000000000000e+05
2.361720000000000000e+05
2.780720000000000000e+05
6.020000000000000000e+03
2.764680000000000000e+05
2.110430000000000000e+05
1.607780000000000000e+05
2.288980000000000000e+05
2.490700000000000000e+05
1.993100000000000000e+04
1.091709000000000000e+06
3.004810000000000000e+05
2.017810000000000000e+05
1.971460000000000000e+05
3.061010000000000000e+05
2.188000000000000000e+04
1.995450000000000000e+05
1.981400000000000000e+05
2.645370000000000000e+05
1.799150000000000000e+05
2.113710000000000000e+05
2.727000000000000000e+03
9.819620000000000000e+05
2.383900000000000000e+05
3.219590000000000000e+05
2.921440000000000000e+05
2.770010000000000000e+05
1.805500000000000000e+04
3.521060000000000000e+05
2.355040000000000000e+05
2.287330000000000000e+05
2.785770000000000000e+05
3.100990000000000000e+05
0.000000000000000000e+00
1.021507000000000000e+06
3.478970000000000000e+05
2.389230000000000000e+05
3.078920000000000000e+05
2.785940000000000000e+05
3.276000000000000000e+03
3.101630000000000000e+05
2.877670000000000000e+05
1.539140000000000000e+05
1.950540000000000000e+05
2.081070000000000000e+05
3.461000000000000000e+03
1.012552000000000000e+06
4.727990000000000000e+05
2.072270000000000000e+05
3.115840000000000000e+05
2.296840000000000000e+05
2.842600000000000000e+04
1.877140000000000000e+05
2.298300000000000000e+05
2.826740000000000000e+05
2.062320000000000000e+05
1.865500000000000000e+05
1.556300000000000000e+04
1.007641000000000000e+06
2.301580000000000000e+05
1.546290000000000000e+05
2.862980000000000000e+05
1.901940000000000000e+05
4.205000000000000000e+03
3.030030000000000000e+05
2.812200000000000000e+05
1.693730000000000000e+05
1.665390000000000000e+05
1.611700000000000000e+05
2.675000000000000000e+03
8.818250000000000000e+05
2.432520000000000000e+05
1.670640000000000000e+05
2.551360000000000000e+05
3.249950000000000000e+05
3.336000000000000000e+03
1.711230000000000000e+05
3.178470000000000000e+05
2.204790000000000000e+05
2.295870000000000000e+05
2.986330000000000000e+05
4.826000000000000000e+03
1.047748000000000000e+06
3.448150000000000000e+05
3.280590000000000000e+05
3.801400000000000000e+05
2.691780000000000000e+05
1.063500000000000000e+04
2.837950000000000000e+05
2.145000000000000000e+05
1.949470000000000000e+05
1.947780000000000000e+05
1.756340000000000000e+05
1.560800000000000000e+04
9.382160000000000000e+05
3.468270000000000000e+05
1.713760000000000000e+05
1.921800000000000000e+05
2.233610000000000000e+05
1.172500000000000000e+04
3.300330000000000000e+05
2.117960000000000000e+05
1.817570000000000000e+05
1.619320000000000000e+05
1.760530000000000000e+05
1.097600000000000000e+04
9.533950000000000000e+05
4.155390000000000000e+05
2.548370000000000000e+05
2.420940000000000000e+05
2.261690000000000000e+05
2.938000000000000000e+03
1.887850000000000000e+05
2.209130000000000000e+05
1.865070000000000000e+05
2.078340000000000000e+05
2.127440000000000000e+05
3.713000000000000000e+03
9.548330000000000000e+05
2.721850000000000000e+05
2.497730000000000000e+05
2.552290000000000000e+05
2.311530000000000000e+05
1.488300000000000000e+04
2.476380000000000000e+05
1.809930000000000000e+05
1.323690000000000000e+05
1.177180000000000000e+05
7.889200000000000000e+04
4.428000000000000000e+03
8.347510000000000000e+05
2.390100000000000000e+05
1.131550000000000000e+05
7.735900000000000000e+04
4.883800000000000000e+04
0.000000000000000000e+00
1.263450000000000000e+05
7.270200000000000000e+04
3.932700000000000000e+04
1.589300000000000000e+04
1.894400000000000000e+04
3.858000000000000000e+03
7.851690000000000000e+05
1.495870000000000000e+05
8.625600000000000000e+04
2.421400000000000000e+04
3.106600000000000000e+04
6.793000000000000000e+03
6.049300000000000000e+04
1.224030000000000000e+05
2.950100000000000000e+04
2.389200000000000000e+04
3.267300000000000000e+04
0.000000000000000000e+00
7.801270000000000000e+05
9.794100000000000000e+04
9.942000000000000000e+03
7.431500000000000000e+04
8.725100000000000000e+04
1.793200000000000000e+04
6.547200000000000000e+04
2.244030000000000000e+05
3.807610000000000000e+05
5.649310000000000000e+05
6.161320000000000000e+05
5.238000000000000000e+03
1.186017000000000000e+06
9.149260000000000000e+05
9.435370000000000000e+05
1.094637000000000000e+06
1.078518000000000000e+06
1.228300000000000000e+04
1.129502000000000000e+06
1.258171000000000000e+06
1.421420000000000000e+06
1.525723000000000000e+06
1.521914000000000000e+06
7.411000000000000000e+04
2.160602000000000000e+06
1.904848000000000000e+06
1.791073000000000000e+06
1.765009000000000000e+06
1.670955000000000000e+06
2.606000000000000000e+04
1.702554000000000000e+06
1.657706000000000000e+06
1.835530000000000000e+06
1.719997000000000000e+06
1.715388000000000000e+06
7.872300000000000000e+04
2.557196000000000000e+06
2.213669000000000000e+06
1.933910000000000000e+06
2.146792000000000000e+06
2.156043000000000000e+06
9.882100000000000000e+04
1.909165000000000000e+06
2.179368000000000000e+06
1.996992000000000000e+06
1.923516000000000000e+06
3.586453000000000000e+06
2.260910000000000000e+05
6.189905000000000000e+06
5.552580000000000000e+06
5.152214000000000000e+06
5.018354000000000000e+06
5.199189000000000000e+06
1.063950000000000000e+05
4.807144000000000000e+06
5.069309000000000000e+06
6.349279000000000000e+06
6.934689000000000000e+06
6.675204000000000000e+06
1.277950000000000000e+05
7.739677000000000000e+06
6.765887000000000000e+06
6.067040000000000000e+06
5.768867000000000000e+06
5.279513000000000000e+06
8.906000000000000000e+04
4.807494000000000000e+06
4.361423000000000000e+06
4.010803000000000000e+06
3.559253000000000000e+06
3.319196000000000000e+06
9.612000000000000000e+04
4.593341000000000000e+06
3.103933000000000000e+06
2.701162000000000000e+06
2.327192000000000000e+06
2.182708000000000000e+06
1.487010000000000000e+05
2.011108000000000000e+06
1.961740000000000000e+06
1.913118000000000000e+06
1.732990000000000000e+06
1.700663000000000000e+06
3.913800000000000000e+04
3.433228000000000000e+06
2.153418000000000000e+06
1.681517000000000000e+06
1.707134000000000000e+06
1.570059000000000000e+06
3.239800000000000000e+04
1.537798000000000000e+06
1.569263000000000000e+06
1.550601000000000000e+06
1.608372000000000000e+06
1.511272000000000000e+06
1.546600000000000000e+04
2.722265000000000000e+06
1.869017000000000000e+06
1.677679000000000000e+06
1.667295000000000000e+06
1.616681000000000000e+06
8.192400000000000000e+04
1.503911000000000000e+06
1.509180000000000000e+06
1.589230000000000000e+06
1.559539000000000000e+06
1.469410000000000000e+06
3.922600000000000000e+04
2.290108000000000000e+06
1.678904000000000000e+06
1.605599000000000000e+06
1.512771000000000000e+06
1.469934000000000000e+06
6.022700000000000000e+04
1.460999000000000000e+06
1.500389000000000000e+06
1.380983000000000000e+06
1.382133000000000000e+06
1.354276000000000000e+06
1.761600000000000000e+04
2.139602000000000000e+06
1.428124000000000000e+06
1.534688000000000000e+06
1.320902000000000000e+06
1.434263000000000000e+06
4.071900000000000000e+04
1.380583000000000000e+06
1.333441000000000000e+06
1.262028000000000000e+06
1.202107000000000000e+06
1.223337000000000000e+06
3.057000000000000000e+04
1.980677000000000000e+06
1.325038000000000000e+06
1.241316000000000000e+06
1.213122000000000000e+06
1.210250000000000000e+06
2.967900000000000000e+04
1.111344000000000000e+06
1.168003000000000000e+06
1.130600000000000000e+06
1.039427000000000000e+06
1.078477000000000000e+06
3.094900000000000000e+04
1.721074000000000000e+06
1.199176000000000000e+06
1.048975000000000000e+06
1.029056000000000000e+06
1.040646000000000000e+06
3.044500000000000000e+04
9.253250000000000000e+05
1.072474000000000000e+06
9.646830000000000000e+05
9.740110000000000000e+05
9.285780000000000000e+05
2.015700000000000000e+04
1.464091000000000000e+06
1.033036000000000000e+06
9.236390000000000000e+05
8.180630000000000000e+05
9.584300000000000000e+05
3.509300000000000000e+04
7.827910000000000000e+05
8.031330000000000000e+05
8.303860000000000000e+05
7.471300000000000000e+05
8.301730000000000000e+05
9.223000000000000000e+03
1.433606000000000000e+06
9.074850000000000000e+05
7.639440000000000000e+05
7.130380000000000000e+05
6.979030000000000000e+05
1.511300000000000000e+04
7.255780000000000000e+05
7.459780000000000000e+05
6.908180000000000000e+05
6.569500000000000000e+05
6.391680000000000000e+05
9.384000000000000000e+03
1.322841000000000000e+06
8.205970000000000000e+05
7.661750000000000000e+05
7.305140000000000000e+05
6.821320000000000000e+05
3.344600000000000000e+04
6.447870000000000000e+05
6.784810000000000000e+05
6.330650000000000000e+05
6.433420000000000000e+05
5.858300000000000000e+05
1.994000000000000000e+04
9.730730000000000000e+05
7.117570000000000000e+05
5.961290000000000000e+05
6.139670000000000000e+05
5.315730000000000000e+05
1.544000000000000000e+03
5.784180000000000000e+05
4.915380000000000000e+05
5.170390000000000000e+05
5.591080000000000000e+05
4.590830000000000000e+05
7.066000000000000000e+03
9.048410000000000000e+05
6.239570000000000000e+05
5.970790000000000000e+05
4.810820000000000000e+05
4.395430000000000000e+05
0.000000000000000000e+00
4.924660000000000000e+05
5.224860000000000000e+05
4.266340000000000000e+05
4.038290000000000000e+05
4.503410000000000000e+05
6.684000000000000000e+03
8.559100000000000000e+05
4.958980000000000000e+05
5.232930000000000000e+05
2.747270000000000000e+05
4.827790000000000000e+05
5.992000000000000000e+03
3.519790000000000000e+05
3.165330000000000000e+05
3.854290000000000000e+05
3.947630000000000000e+05
3.910840000000000000e+05
2.420000000000000000e+03
7.224210000000000000e+05
5.010470000000000000e+05
2.847600000000000000e+05
2.467250000000000000e+05
2.383020000000000000e+05
1.279400000000000000e+04
1.999980000000000000e+05
2.305440000000000000e+05
2.109880000000000000e+05
1.813360000000000000e+05
1.901210000000000000e+05
0.000000000000000000e+00
6.293510000000000000e+05
4.060320000000000000e+05
2.427200000000000000e+04
3.210140000000000000e+05
2.412800000000000000e+04
0.000000000000000000e+00
2.189440000000000000e+05
7.612200000000000000e+04
1.121240000000000000e+05
1.092000000000000000e+05
1.663730000000000000e+05
0.000000000000000000e+00
5.618780000000000000e+05
8.762900000000000000e+04
5.740000000000000000e+04
1.241090000000000000e+05
1.484270000000000000e+05
0.000000000000000000e+00
3.535600000000000000e+04
2.116000000000000000e+04
3.320100000000000000e+04
6.727000000000000000e+03
1.285600000000000000e+04
0.000000000000000000e+00
4.541960000000000000e+05
1.886980000000000000e+05
8.025000000000000000e+04
1.515500000000000000e+04
3.739400000000000000e+04
0.000000000000000000e+00
2.304000000000000000e+03
3.740000000000000000e+04
1.152000000000000000e+03
8.216000000000000000e+03
1.294400000000000000e+04
0.000000000000000000e+00
3.309830000000000000e+05
3.211200000000000000e+04
0.000000000000000000e+00
5.913000000000000000e+03
7.002800000000000000e+04
1.147200000000000000e+04
9.794400000000000000e+04
1.332060000000000000e+05
4.052600000000000000e+04
3.531000000000000000e+03
2.304000000000000000e+03
0.000000000000000000e+00
3.037320000000000000e+05
6.556100000000000000e+04
6.512000000000000000e+03
3.456000000000000000e+03
9.606000000000000000e+03
0.000000000000000000e+00
1.066200000000000000e+04
6.095500000000000000e+04
7.087300000000000000e+04
4.688800000000000000e+04
2.304000000000000000e+03
0.000000000000000000e+00
3.384690000000000000e+05
7.000400000000000000e+04
7.924500000000000000e+04
6.732500000000000000e+04
8.546000000000000000e+04
2.126000000000000000e+03
1.364810000000000000e+05
1.788210000000000000e+05
9.684000000000000000e+04
1.014150000000000000e+05
1.085620000000000000e+05
3.801200000000000000e+04
2.161525000000000000e+06
8.255600000000000000e+04
4.920000000000000000e+03
3.300000000000000000e+03
0.000000000000000000e+00
0.000000000000000000e+00
0.000000000000000000e+00
1.444900000000000000e+04
0.000000000000000000e+00
5.976000000000000000e+03
1.675400000000000000e+04
0.000000000000000000e+00
2.768328000000000000e+06
1.040300000000000000e+04
0.000000000000000000e+00
1.911000000000000000e+03
0.000000000000000000e+00
0.000000000000000000e+00
0.000000000000000000e+00
0.000000000000000000e+00
0.000000000000000000e+00
0.000000000000000000e+00
6.288000000000000000e+03
0.000000000000000000e+00
1.589023000000000000e+06
1.603055000000000000e+06
1.344000000000000000e+03
0.000000000000000000e+00
0.000000000000000000e+00
0.000000000000000000e+00
0.000000000000000000e+00
0.000000000000000000e+00
0.000000000000000000e+00
0.000000000000000000e+00
0.000000000000000000e+00
0.000000000000000000e+00
1.866464000000000000e+06
1.490200000000000000e+04
1.579400000000000000e+04
0.000000000000000000e+00
4.035400000000000000e+04
4.419000000000000000e+03
7.100100000000000000e+04
5.631800000000000000e+04
7.220800000000000000e+04
8.445500000000000000e+04
8.019900000000000000e+04
9.296000000000000000e+03
1.537072000000000000e+06
8.094900000000000000e+04
7.993900000000000000e+04
7.294900000000000000e+04
7.000100000000000000e+04
1.320200000000000000e+04
9.961000000000000000e+03
6.057000000000000000e+03
6.361000000000000000e+03
1.159000000000000000e+03
0.000000000000000000e+00
3.158000000000000000e+03
1.682312000000000000e+06
1.589524000000000000e+06
1.344000000000000000e+03
0.000000000000000000e+00
0.000000000000000000e+00
0.000000000000000000e+00
9.920000000000000000e+02
0.000000000000000000e+00
3.648000000000000000e+03
0.000000000000000000e+00
0.000000000000000000e+00
0.000000000000000000e+00
1.938243000000000000e+06
1.415700000000000000e+04
0.000000000000000000e+00
0.000000000000000000e+00
1.152000000000000000e+03
0.000000000000000000e+00
0.000000000000000000e+00
5.131800000000000000e+04
5.607000000000000000e+03
1.176200000000000000e+04
1.540000000000000000e+04
0.000000000000000000e+00
4.756740000000000000e+05
1.394839000000000000e+06
8.505600000000000000e+04
2.112000000000000000e+04
1.088000000000000000e+03
0.000000000000000000e+00
0.000000000000000000e+00
7.170000000000000000e+03
2.496900000000000000e+04
6.184200000000000000e+04
8.838900000000000000e+04
1.936700000000000000e+04
1.856132000000000000e+06
8.181500000000000000e+04
6.878600000000000000e+04
6.975400000000000000e+04
8.574100000000000000e+04
1.006800000000000000e+04
9.550400000000000000e+04
1.064610000000000000e+05
1.057110000000000000e+05
8.072500000000000000e+04
8.197000000000000000e+04
1.113600000000000000e+04
4.300480000000000000e+05
2.731100000000000000e+04
8.040000000000000000e+03
0.000000000000000000e+00
1.245500000000000000e+04
0.000000000000000000e+00
1.496000000000000000e+04
1.316790000000000000e+05
4.191500000000000000e+04
1.246800000000000000e+05
2.727000000000000000e+04
7.424000000000000000e+03
4.120950000000000000e+05
2.073400000000000000e+04
0.000000000000000000e+00
8.608000000000000000e+03
1.536000000000000000e+03
0.000000000000000000e+00
1.015700000000000000e+04
8.831200000000000000e+04
2.087700000000000000e+04
7.775700000000000000e+04
8.351100000000000000e+04
0.000000000000000000e+00
3.478120000000000000e+05
4.090800000000000000e+04
0.000000000000000000e+00
0.000000000000000000e+00
2.808000000000000000e+03
0.000000000000000000e+00
3.237800000000000000e+04
4.291000000000000000e+04
8.145000000000000000e+03
1.740920000000000000e+05
3.105000000000000000e+04
5.022000000000000000e+03
5.187400000000000000e+05
1.370433000000000000e+06
6.937600000000000000e+04
1.516800000000000000e+04
1.088000000000000000e+03
0.000000000000000000e+00
8.400000000000000000e+03
4.566800000000000000e+04
5.720500000000000000e+04
8.299000000000000000e+04
3.479200000000000000e+04
0.000000000000000000e+00
1.723227000000000000e+06
1.363021000000000000e+06
6.777600000000000000e+04
3.161600000000000000e+04
0.000000000000000000e+00
0.000000000000000000e+00
1.024000000000000000e+03
2.176000000000000000e+03
3.520000000000000000e+03
2.804600000000000000e+04
5.887680000000000000e+05
1.318400000000000000e+04
2.438540000000000000e+06
3.067264000000000000e+06
