2.618945400000000000e+07
5.487000000000000000e+04
2.077500000000000000e+04
4.647000000000000000e+03
3.000000000000000000e+02
0.000000000000000000e+00
0.000000000000000000e+00
0.000000000000000000e+00
8.210000000000000000e+02
0.000000000000000000e+00
6.690000000000000000e+02
4.263650000000000000e+05
6.964000000000000000e+03
7.556000000000000000e+03
3.454100000000000000e+04
1.473000000000000000e+04
1.299700000000000000e+04
3.186000000000000000e+03
7.860000000000000000e+02
6.104000000000000000e+03
5.135000000000000000e+03
1.276900000000000000e+04
1.004800000000000000e+04
3.323580000000000000e+05
5.558000000000000000e+03
3.973000000000000000e+03
3.074000000000000000e+03
8.640000000000000000e+02
4.215000000000000000e+03
2.552700000000000000e+04
1.537100000000000000e+04
2.198000000000000000e+03
3.640000000000000000e+03
7.299000000000000000e+03
6.261000000000000000e+03
2.968660000000000000e+05
6.752000000000000000e+03
1.547700000000000000e+04
3.916000000000000000e+03
1.496300000000000000e+04
1.148000000000000000e+04
4.901000000000000000e+03
2.011000000000000000e+03
3.423000000000000000e+03
4.028100000000000000e+04
2.123600000000000000e+04
7.244000000000000000e+03
6.349080000000000000e+05
2.439000000000000000e+03
1.380000000000000000e+02
0.000000000000000000e+00
0.000000000000000000e+00
0.000000000000000000e+00
0.000000000000000000e+00
0.000000000000000000e+00
0.000000000000000000e+00
2.400000000000000000e+02
4.529000000000000000e+03
1.738000000000000000e+03
1.017936000000000000e+06
5.608000000000000000e+03
2.243000000000000000e+03
6.490000000000000000e+02
0.000000000000000000e+00
0.000000000000000000e+00
0.000000000000000000e+00
0.000000000000000000e+00
0.000000000000000000e+00
0.000000000000000000e+00
0.000000000000000000e+00
0.000000000000000000e+00
6.457310000000000000e+05
1.346000000000000000e+03
2.285300000000000000e+04
3.735300000000000000e+04
6.593700000000000000e+04
1.161360000000000000e+05
1.849180000000000000e+05
2.340190000000000000e+05
3.621690000000000000e+05
4.698700000000000000e+05
5.739920000000000000e+05
6.272310000000000000e+05
3.352964000000000000e+06
3.187530000000000000e+05
7.320410000000000000e+05
9.862080000000000000e+05
9.496700000000000000e+05
1.177159000000000000e+06
1.355980000000000000e+06
1.062192000000000000e+06
1.225399000000000000e+06
1.236365000000000000e+06
1.304732000000000000e+06
1.322740000000000000e+06
3.807796000000000000e+06
5.501670000000000000e+05
8.432180000000000000e+05
1.187975000000000000e+06
9.977020000000000000e+05
1.051295000000000000e+06
1.096900000000000000e+06
1.002463000000000000e+06
1.257090000000000000e+06
2.070547000000000000e+06
6.721330000000000000e+05
7.154690000000000000e+05
1.201795000000000000e+06
1.075730000000000000e+05
3.491000000000000000e+04
4.691200000000000000e+04
3.720000000000000000e+03
0.000000000000000000e+00
0.000000000000000000e+00
0.000000000000000000e+00
0.000000000000000000e+00
1.152000000000000000e+03
3.511074000000000000e+06
9.287291000000000000e+06
1.223983100000000000e+07
1.232072200000000000e+07
1.273476200000000000e+07
1.058458600000000000e+07
7.974617000000000000e+06
2.367778000000000000e+06
1.103764000000000000e+06
8.043300000000000000e+05
6.892930000000000000e+05
7.313600000000000000e+05
8.808430000000000000e+05
9.394990000000000000e+05
7.176855000000000000e+06
1.170810000000000000e+06
7.009030000000000000e+05
8.351660000000000000e+05
5.972250000000000000e+05
7.683590000000000000e+05
7.385420000000000000e+05
7.865660000000000000e+05
7.281790000000000000e+05
7.741190000000000000e+05
1.000275000000000000e+06
1.092241000000000000e+06
4.119478000000000000e+06
1.343241000000000000e+06
8.442650000000000000e+05
8.257070000000000000e+05
9.571460000000000000e+05
8.348560000000000000e+05
