1.696786000000000000e+06
9.908540000000000000e+05
8.663810000000000000e+05
9.196820000000000000e+05
8.159160000000000000e+05
7.474560000000000000e+05
6.250870000000000000e+05
5.910500000000000000e+05
5.814540000000000000e+05
6.385200000000000000e+05
7.258590000000000000e+05
3.496058000000000000e+06
1.093789000000000000e+06
9.369170000000000000e+05
9.955210000000000000e+05
9.227400000000000000e+05
1.025410000000000000e+06
1.050365000000000000e+06
1.095734000000000000e+06
9.949600000000000000e+05
8.831410000000000000e+05
9.471030000000000000e+05
8.663210000000000000e+05
3.709156000000000000e+06
1.145309000000000000e+06
7.927370000000000000e+05
7.093310000000000000e+05
7.354660000000000000e+05
6.992670000000000000e+05
9.680180000000000000e+05
5.307440000000000000e+05
4.455240000000000000e+05
3.919080000000000000e+05
3.855440000000000000e+05
3.403170000000000000e+05
3.771288000000000000e+06
6.090680000000000000e+05
1.984710000000000000e+05
1.564390000000000000e+05
1.563600000000000000e+05
2.340610000000000000e+05
3.549720000000000000e+05
2.414640000000000000e+05
3.236790000000000000e+05
3.204710000000000000e+05
2.704380000000000000e+05
3.996290000000000000e+05
2.616197000000000000e+06
8.970630000000000000e+05
2.717210000000000000e+05
4.775400000000000000e+05
4.185500000000000000e+05
4.461390000000000000e+05
5.237090000000000000e+05
5.191130000000000000e+05
6.454470000000000000e+05
7.066810000000000000e+05
6.739420000000000000e+05
8.780670000000000000e+05
4.141318000000000000e+06
1.182606000000000000e+06
7.976490000000000000e+05
9.628340000000000000e+05
9.700800000000000000e+05
1.043298000000000000e+06
1.121206000000000000e+06
1.060312000000000000e+06
1.183416000000000000e+06
9.132520000000000000e+05
9.284590000000000000e+05
9.646950000000000000e+05
3.237230000000000000e+06
1.016975000000000000e+06
5.967340000000000000e+05
7.174830000000000000e+05
6.320350000000000000e+05
7.721870000000000000e+05
9.538610000000000000e+05
1.053597000000000000e+06
9.754420000000000000e+05
1.011335000000000000e+06
9.673650000000000000e+05
9.953110000000000000e+05
3.721725000000000000e+06
1.314934000000000000e+06
1.132847000000000000e+06
9.605010000000000000e+05
9.158680000000000000e+05
9.689250000000000000e+05
1.111310000000000000e+06
1.036455000000000000e+06
8.907200000000000000e+05
9.432430000000000000e+05
8.556380000000000000e+05
8.418910000000000000e+05
3.644758000000000000e+06
9.890090000000000000e+05
6.084880000000000000e+05
5.483070000000000000e+05
5.548170000000000000e+05
5.254280000000000000e+05
5.097070000000000000e+05
5.444010000000000000e+05
5.137720000000000000e+05
6.080010000000000000e+05
4.838150000000000000e+05
5.799340000000000000e+05
3.094929000000000000e+06
8.360340000000000000e+05
4.135560000000000000e+05
3.398290000000000000e+05
3.062360000000000000e+05
3.306410000000000000e+05
3.526410000000000000e+05
3.095630000000000000e+05
3.421980000000000000e+05
4.668140000000000000e+05
2.744590000000000000e+05
2.985590000000000000e+05
3.660393000000000000e+06
5.909120000000000000e+05
2.799200000000000000e+05
2.478460000000000000e+05
2.076070000000000000e+05
2.728840000000000000e+05
1.749620000000000000e+05
4.385760000000000000e+05
3.948460000000000000e+05
5.775380000000000000e+05
6.907080000000000000e+05
7.814190000000000000e+05
3.166602000000000000e+06
1.422386000000000000e+06
1.081433000000000000e+06
1.229972000000000000e+06
9.066370000000000000e+05
1.014144000000000000e+06
1.214969000000000000e+06
1.101254000000000000e+06
9.587640000000000000e+05
9.805800000000000000e+05
9.697620000000000000e+05
9.539060000000000000e+05
3.542972000000000000e+06
1.368874000000000000e+06
9.637760000000000000e+05
9.664340000000000000e+05
1.003752000000000000e+06
1.009724000000000000e+06
