1.458147000000000000e+06
9.691280000000000000e+05
7.975710000000000000e+05
6.581700000000000000e+05
6.826610000000000000e+05
4.193702000000000000e+06
8.530260000000000000e+05
3.668960000000000000e+05
3.841370000000000000e+05
3.437910000000000000e+05
3.358660000000000000e+05
1.047665000000000000e+06
4.352860000000000000e+05
3.105660000000000000e+05
4.350740000000000000e+05
4.032290000000000000e+05
5.795070000000000000e+05
3.107728000000000000e+06
1.158339000000000000e+06
8.966860000000000000e+05
8.574000000000000000e+05
8.349960000000000000e+05
9.475050000000000000e+05
1.534597000000000000e+06
1.136715000000000000e+06
1.074749000000000000e+06
8.854540000000000000e+05
8.520020000000000000e+05
1.009283000000000000e+06
3.601635000000000000e+06
1.543442000000000000e+06
1.317657000000000000e+06
1.312019000000000000e+06
1.221594000000000000e+06
1.191012000000000000e+06
1.793970000000000000e+06
1.164738000000000000e+06
9.678180000000000000e+05
7.253910000000000000e+05
5.464450000000000000e+05
5.346390000000000000e+05
2.689666000000000000e+06
7.913380000000000000e+05
3.352750000000000000e+05
2.725940000000000000e+05
3.342830000000000000e+05
4.121670000000000000e+05
1.183810000000000000e+06
9.160980000000000000e+05
8.748730000000000000e+05
6.587450000000000000e+05
5.050730000000000000e+05
4.693590000000000000e+05
2.869075000000000000e+06
9.432150000000000000e+05
4.710770000000000000e+05
4.387270000000000000e+05
4.107490000000000000e+05
4.535360000000000000e+05
1.157540000000000000e+06
3.849440000000000000e+05
3.893360000000000000e+05
3.533550000000000000e+05
3.095600000000000000e+05
3.217060000000000000e+05
3.671403000000000000e+06
6.706730000000000000e+05
1.774980000000000000e+05
2.025410000000000000e+05
1.486940000000000000e+05
1.379690000000000000e+05
8.768730000000000000e+05
1.375980000000000000e+05
2.970500000000000000e+05
2.183480000000000000e+05
1.004870000000000000e+05
1.948510000000000000e+05
2.215400000000000000e+06
6.821560000000000000e+05
1.207650000000000000e+05
1.804140000000000000e+05
1.196680000000000000e+05
1.348480000000000000e+05
6.824870000000000000e+05
1.348180000000000000e+05
1.569840000000000000e+05
1.531130000000000000e+05
9.778200000000000000e+04
1.599770000000000000e+05
2.145039000000000000e+06
6.130380000000000000e+05
1.430750000000000000e+05
2.231160000000000000e+05
2.264790000000000000e+05
2.930060000000000000e+05
8.841060000000000000e+05
4.878520000000000000e+05
6.336400000000000000e+05
5.509580000000000000e+05
5.969710000000000000e+05
5.722330000000000000e+05
2.649986000000000000e+06
1.021564000000000000e+06
7.305910000000000000e+05
8.553980000000000000e+05
7.832450000000000000e+05
7.681470000000000000e+05
1.319745000000000000e+06
8.291500000000000000e+05
8.970630000000000000e+05
7.575780000000000000e+05
8.284710000000000000e+05
7.809790000000000000e+05
3.031825000000000000e+06
1.096603000000000000e+06
7.192470000000000000e+05
7.380690000000000000e+05
5.439200000000000000e+05
5.580760000000000000e+05
1.272723000000000000e+06
4.212250000000000000e+05
5.128300000000000000e+05
3.569860000000000000e+05
4.129530000000000000e+05
3.259050000000000000e+05
3.829491000000000000e+06
8.817810000000000000e+05
4.594010000000000000e+05
5.331730000000000000e+05
4.978760000000000000e+05
5.685210000000000000e+05
1.283229000000000000e+06
8.228180000000000000e+05
9.246340000000000000e+05
9.079050000000000000e+05
6.445980000000000000e+05
7.466690000000000000e+05
3.060867000000000000e+06
1.120482000000000000e+06
7.557870000000000000e+05
5.608000000000000000e+05
5.500890000000000000e+05
4.473160000000000000e+05
1.056567000000000000e+06
5.670390000000000000e+05
4.945330000000000000e+05
4.825380000000000000e+05
3.714870000000000000e+05
4.262190000000000000e+05
