7.144230000000000000e+05
2.625820000000000000e+05
2.993820000000000000e+05
9.777860000000000000e+05
1.621466000000000000e+06
5.695341000000000000e+06
1.995420000000000000e+06
3.589327000000000000e+06
4.145521000000000000e+06
4.737741000000000000e+06
4.438865000000000000e+06
6.082954000000000000e+06
4.577229000000000000e+06
5.691204000000000000e+06
6.148758000000000000e+06
4.679679000000000000e+06
4.795135000000000000e+06
6.279791000000000000e+06
2.804452000000000000e+06
3.921524000000000000e+06
3.292549000000000000e+06
2.089217000000000000e+06
1.111290000000000000e+06
2.969570000000000000e+05
1.324000000000000000e+04
0.000000000000000000e+00
0.000000000000000000e+00
0.000000000000000000e+00
2.259620400000000000e+08
1.060900000000000000e+04
4.384000000000000000e+03
0.000000000000000000e+00
0.000000000000000000e+00
0.000000000000000000e+00
0.000000000000000000e+00
0.000000000000000000e+00
0.000000000000000000e+00
0.000000000000000000e+00
0.000000000000000000e+00
0.000000000000000000e+00
1.370100000000000000e+04
1.065700000000000000e+04
4.252000000000000000e+03
0.000000000000000000e+00
0.000000000000000000e+00
0.000000000000000000e+00
0.000000000000000000e+00
0.000000000000000000e+00
0.000000000000000000e+00
0.000000000000000000e+00
0.000000000000000000e+00
0.000000000000000000e+00
1.000300000000000000e+04
1.065700000000000000e+04
4.252000000000000000e+03
0.000000000000000000e+00
0.000000000000000000e+00
0.000000000000000000e+00
0.000000000000000000e+00
0.000000000000000000e+00
0.000000000000000000e+00
0.000000000000000000e+00
0.000000000000000000e+00
0.000000000000000000e+00
1.432900000000000000e+04
1.065700000000000000e+04
4.252000000000000000e+03
0.000000000000000000e+00
0.000000000000000000e+00
0.000000000000000000e+00
0.000000000000000000e+00
0.000000000000000000e+00
0.000000000000000000e+00
0.000000000000000000e+00
0.000000000000000000e+00
0.000000000000000000e+00
2.031700000000000000e+04
1.062100000000000000e+04
4.252000000000000000e+03
0.000000000000000000e+00
0.000000000000000000e+00
0.000000000000000000e+00
0.000000000000000000e+00
0.000000000000000000e+00
0.000000000000000000e+00
0.000000000000000000e+00
0.000000000000000000e+00
0.000000000000000000e+00
3.352860000000000000e+05
5.705000000000000000e+03
4.940000000000000000e+02
0.000000000000000000e+00
0.000000000000000000e+00
0.000000000000000000e+00
0.000000000000000000e+00
0.000000000000000000e+00
0.000000000000000000e+00
0.000000000000000000e+00
0.000000000000000000e+00
0.000000000000000000e+00
6.199000000000000000e+03
5.705000000000000000e+03
4.940000000000000000e+02
0.000000000000000000e+00
0.000000000000000000e+00
0.000000000000000000e+00
0.000000000000000000e+00
0.000000000000000000e+00
0.000000000000000000e+00
0.000000000000000000e+00
0.000000000000000000e+00
0.000000000000000000e+00
9.341000000000000000e+03
5.705000000000000000e+03
4.940000000000000000e+02
0.000000000000000000e+00
0.000000000000000000e+00
0.000000000000000000e+00
0.000000000000000000e+00
0.000000000000000000e+00
0.000000000000000000e+00
0.000000000000000000e+00
0.000000000000000000e+00
0.000000000000000000e+00
6.199000000000000000e+03
5.705000000000000000e+03
4.940000000000000000e+02
0.000000000000000000e+00
0.000000000000000000e+00
0.000000000000000000e+00
0.000000000000000000e+00
0.000000000000000000e+00
0.000000000000000000e+00
0.000000000000000000e+00
0.000000000000000000e+00
0.000000000000000000e+00
6.199000000000000000e+03
5.705000000000000000e+03
4.940000000000000000e+02
0.000000000000000000e+00
0.000000000000000000e+00
0.000000000000000000e+00
0.000000000000000000e+00
0.000000000000000000e+00
0.000000000000000000e+00
0.000000000000000000e+00
0.000000000000000000e+00
0.000000000000000000e+00
8.145822000000000000e+06
