1.091023000000000000e+06
6.980660000000000000e+05
7.508190000000000000e+05
8.278680000000000000e+05
7.528040000000000000e+05
3.481769000000000000e+06
9.510600000000000000e+05
4.839210000000000000e+05
5.915100000000000000e+05
5.692170000000000000e+05
6.048970000000000000e+05
1.209769000000000000e+06
5.259980000000000000e+05
4.160040000000000000e+05
5.479860000000000000e+05
4.429640000000000000e+05
6.115810000000000000e+05
3.288450000000000000e+06
1.015869000000000000e+06
5.934870000000000000e+05
6.400130000000000000e+05
5.907800000000000000e+05
6.856530000000000000e+05
1.245662000000000000e+06
5.940100000000000000e+05
5.461520000000000000e+05
6.980200000000000000e+05
5.225180000000000000e+05
7.277340000000000000e+05
4.249085000000000000e+06
9.284000000000000000e+05
6.343150000000000000e+05
6.182540000000000000e+05
5.775910000000000000e+05
5.606410000000000000e+05
1.210669000000000000e+06
4.991890000000000000e+05
4.143120000000000000e+05
4.019110000000000000e+05
4.466290000000000000e+05
4.320230000000000000e+05
3.030194000000000000e+06
8.642810000000000000e+05
4.856530000000000000e+05
7.133440000000000000e+05
3.895410000000000000e+05
4.252920000000000000e+05
1.121526000000000000e+06
4.513550000000000000e+05
5.024970000000000000e+05
4.827930000000000000e+05
6.749030000000000000e+05
6.147010000000000000e+05
3.538839000000000000e+06
9.107460000000000000e+05
3.272840000000000000e+05
3.456370000000000000e+05
4.133510000000000000e+05
5.695910000000000000e+05
1.322499000000000000e+06
4.844870000000000000e+05
4.340500000000000000e+05
4.364900000000000000e+05
4.827810000000000000e+05
4.825340000000000000e+05
2.921533000000000000e+06
8.439730000000000000e+05
5.357800000000000000e+05
4.487730000000000000e+05
5.974950000000000000e+05
6.026120000000000000e+05
1.142525000000000000e+06
4.215890000000000000e+05
4.126110000000000000e+05
5.373380000000000000e+05
4.275910000000000000e+05
5.364570000000000000e+05
2.901233000000000000e+06
9.740710000000000000e+05
5.152730000000000000e+05
4.807820000000000000e+05
5.445940000000000000e+05
4.672180000000000000e+05
1.062893000000000000e+06
3.167180000000000000e+05
4.824520000000000000e+05
7.622550000000000000e+05
4.053390000000000000e+05
6.058030000000000000e+05
4.146729000000000000e+06
7.718180000000000000e+05
4.715610000000000000e+05
4.781240000000000000e+05
5.772450000000000000e+05
7.746720000000000000e+05
1.724385000000000000e+06
1.001437000000000000e+06
8.401260000000000000e+05
8.219210000000000000e+05
7.382000000000000000e+05
6.911240000000000000e+05
2.654300000000000000e+06
7.623120000000000000e+05
3.532020000000000000e+05
3.813540000000000000e+05
1.504490000000000000e+05
1.922590000000000000e+05
7.869080000000000000e+05
2.133490000000000000e+05
1.862960000000000000e+05
2.145500000000000000e+05
3.999890000000000000e+05
6.157110000000000000e+05
3.563117000000000000e+06
1.522982000000000000e+06
1.106123000000000000e+06
1.222273000000000000e+06
1.235486000000000000e+06
1.072386000000000000e+06
1.585326000000000000e+06
6.292300000000000000e+05
6.980900000000000000e+05
5.914830000000000000e+05
6.268080000000000000e+05
6.332090000000000000e+05
3.163493000000000000e+06
8.895250000000000000e+05
4.235540000000000000e+05
4.815270000000000000e+05
5.798030000000000000e+05
4.983260000000000000e+05
1.222431000000000000e+06
9.414070000000000000e+05
1.259049000000000000e+06
1.304288000000000000e+06
1.400755000000000000e+06
1.601877000000000000e+06
3.437387000000000000e+06
1.718745000000000000e+06
1.360689000000000000e+06
1.435987000000000000e+06
1.461287000000000000e+06
1.635715000000000000e+06
2.138723000000000000e+06
1.728351000000000000e+06
1.508836000000000000e+06
1.768877000000000000e+06
1.374554000000000000e+06
1.518089000000000000e+06
