1.078420000000000000e+05
7.060000000000000000e+03
4.600000000000000000e+02
9.905400000000000000e+04
2.895000000000000000e+04
8.400000000000000000e+01
8.400000000000000000e+01
0.000000000000000000e+00
0.000000000000000000e+00
0.000000000000000000e+00
0.000000000000000000e+00
1.218480000000000000e+05
0.000000000000000000e+00
0.000000000000000000e+00
0.000000000000000000e+00
6.583900000000000000e+04
2.566100000000000000e+04
1.174000000000000000e+03
0.000000000000000000e+00
0.000000000000000000e+00
0.000000000000000000e+00
0.000000000000000000e+00
0.000000000000000000e+00
3.653100000000000000e+04
6.690000000000000000e+02
0.000000000000000000e+00
0.000000000000000000e+00
3.054900000000000000e+04
2.435700000000000000e+04
8.210000000000000000e+02
0.000000000000000000e+00
0.000000000000000000e+00
0.000000000000000000e+00
0.000000000000000000e+00
0.000000000000000000e+00
1.845300000000000000e+04
6.690000000000000000e+02
0.000000000000000000e+00
0.000000000000000000e+00
1.430050000000000000e+05
2.348600000000000000e+04
1.325000000000000000e+03
2.280000000000000000e+02
0.000000000000000000e+00
0.000000000000000000e+00
0.000000000000000000e+00
0.000000000000000000e+00
6.703700000000000000e+04
0.000000000000000000e+00
0.000000000000000000e+00
0.000000000000000000e+00
2.368300000000000000e+04
2.098000000000000000e+04
0.000000000000000000e+00
0.000000000000000000e+00
0.000000000000000000e+00
0.000000000000000000e+00
0.000000000000000000e+00
0.000000000000000000e+00
1.231500000000000000e+04
0.000000000000000000e+00
0.000000000000000000e+00
0.000000000000000000e+00
5.768200000000000000e+04
2.348200000000000000e+04
0.000000000000000000e+00
0.000000000000000000e+00
0.000000000000000000e+00
0.000000000000000000e+00
0.000000000000000000e+00
0.000000000000000000e+00
2.456000000000000000e+04
0.000000000000000000e+00
0.000000000000000000e+00
0.000000000000000000e+00
3.808400000000000000e+04
2.679500000000000000e+04
0.000000000000000000e+00
0.000000000000000000e+00
0.000000000000000000e+00
0.000000000000000000e+00
2.727062100000000000e+07
7.115270000000000000e+05
5.908170000000000000e+05
3.961750000000000000e+05
5.339950000000000000e+05
2.491330000000000000e+05
1.058961000000000000e+06
5.448770000000000000e+05
2.016620000000000000e+05
3.302370000000000000e+05
4.372670000000000000e+05
2.216220000000000000e+05
3.584180000000000000e+05
3.057920000000000000e+05
3.382960000000000000e+05
2.553170000000000000e+05
5.882790000000000000e+05
3.429290000000000000e+05
4.805840000000000000e+05
1.684990000000000000e+05
2.594990000000000000e+05
3.182690000000000000e+05
2.298270000000000000e+05
2.803150000000000000e+05
1.786570000000000000e+05
2.562410000000000000e+05
3.566320000000000000e+05
4.051150000000000000e+05
2.338620000000000000e+05
3.182170000000000000e+05
4.466090000000000000e+05
2.751620000000000000e+05
2.365690000000000000e+05
6.791230000000000000e+05
2.084590000000000000e+05
5.907110000000000000e+05
2.440600000000000000e+05
2.746930000000000000e+05
4.236190000000000000e+05
3.288050000000000000e+05
2.595990000000000000e+05
2.282810000000000000e+05
3.851060000000000000e+05
2.035570000000000000e+05
1.197590000000000000e+05
3.616140000000000000e+05
1.632000000000000000e+05
1.852360000000000000e+05
4.328120000000000000e+05
4.102420000000000000e+05
2.400540000000000000e+05
7.222950000000000000e+05
3.661600000000000000e+05
2.638980000000000000e+05
3.981560000000000000e+05
1.927790000000000000e+05
2.137600000000000000e+05
5.992730000000000000e+05
6.474410000000000000e+05
4.410870000000000000e+05
6.098030000000000000e+05
5.919520000000000000e+05
3.140850000000000000e+05
7.453380000000000000e+05
2.919800000000000000e+05
2.324600000000000000e+05
3.766930000000000000e+05
3.404000000000000000e+05
