3.451390000000000000e+05
3.213760000000000000e+05
2.024420000000000000e+05
1.788350000000000000e+05
1.518550000000000000e+05
5.374880000000000000e+05
6.575590000000000000e+05
9.913040000000000000e+05
2.428030000000000000e+05
5.295850000000000000e+05
3.909950000000000000e+05
3.930410000000000000e+05
4.948520000000000000e+05
7.466110000000000000e+05
5.854220000000000000e+05
3.912110000000000000e+05
3.179080000000000000e+05
4.067970000000000000e+05
2.270080000000000000e+05
2.670320000000000000e+05
1.971760000000000000e+05
4.091200000000000000e+05
4.558930000000000000e+05
4.815980000000000000e+05
1.761610000000000000e+05
2.452780000000000000e+05
4.988690000000000000e+05
4.692730000000000000e+05
3.209980000000000000e+05
1.820120000000000000e+05
2.464170000000000000e+05
3.800010000000000000e+05
2.779190000000000000e+05
4.505330000000000000e+05
1.467020000000000000e+05
1.920990000000000000e+05
3.440060000000000000e+05
4.505650000000000000e+05
5.264100000000000000e+05
3.653050000000000000e+05
3.749490000000000000e+05
6.373580000000000000e+05
7.878160000000000000e+05
1.113949000000000000e+06
4.974240000000000000e+05
6.071020000000000000e+05
2.850170000000000000e+05
2.134830000000000000e+05
3.756140000000000000e+05
4.687760000000000000e+05
2.118060000000000000e+05
3.480110000000000000e+05
3.382220000000000000e+05
2.922840000000000000e+05
2.563420000000000000e+05
6.013760000000000000e+05
1.032546000000000000e+06
5.937670000000000000e+05
2.311450000000000000e+05
2.973600000000000000e+05
2.987720000000000000e+05
3.597950000000000000e+05
6.061540000000000000e+05
4.744140000000000000e+05
2.684930000000000000e+05
2.813820000000000000e+05
4.694100000000000000e+05
4.078820000000000000e+05
4.067960000000000000e+05
5.258450000000000000e+05
1.888180000000000000e+05
1.947730000000000000e+05
5.423190000000000000e+05
7.417340000000000000e+05
1.007477000000000000e+06
2.499610000000000000e+05
2.207180000000000000e+05
2.287700000000000000e+05
1.515440000000000000e+05
7.222570000000000000e+05
3.666550000000000000e+05
4.226920000000000000e+05
3.506340000000000000e+05
4.848450000000000000e+05
2.000910000000000000e+05
5.794700000000000000e+05
4.204510000000000000e+05
1.525820000000000000e+05
4.709090000000000000e+05
6.238980000000000000e+05
2.279580000000000000e+05
8.242550000000000000e+05
8.717560000000000000e+05
5.487160000000000000e+05
4.845700000000000000e+05
2.994270000000000000e+05
2.454450000000000000e+05
3.218310000000000000e+05
3.718770000000000000e+05
2.124380000000000000e+05
2.104860000000000000e+05
1.312120000000000000e+05
5.766520000000000000e+05
6.615460000000000000e+05
4.217090000000000000e+05
4.588610000000000000e+05
1.403450000000000000e+05
2.335310000000000000e+05
1.217410000000000000e+05
4.723120000000000000e+05
7.557600000000000000e+05
2.172600000000000000e+05
3.628180000000000000e+05
2.348600000000000000e+05
1.804960000000000000e+05
3.410850000000000000e+05
5.615150000000000000e+05
4.955920000000000000e+05
4.497410000000000000e+05
7.004710000000000000e+05
5.161130000000000000e+05
4.129240000000000000e+05
5.859770000000000000e+05
2.413770000000000000e+05
2.329820000000000000e+05
3.652150000000000000e+05
6.277550000000000000e+05
5.406520000000000000e+05
5.858110000000000000e+05
6.315060000000000000e+05
1.743980000000000000e+05
3.478560000000000000e+05
1.370540000000000000e+05
2.278220000000000000e+05
2.808010000000000000e+05
7.164320000000000000e+05
2.401250000000000000e+05
2.022550000000000000e+05
2.289710000000000000e+05
3.815460000000000000e+05
3.194330000000000000e+05
4.093600000000000000e+05
3.105190000000000000e+05
3.856770000000000000e+05
2.010000000000000000e+05
3.265150000000000000e+05
1.997770000000000000e+05
3.133120000000000000e+05
2.797160000000000000e+05
