3.437920000000000000e+05
2.973260000000000000e+05
2.880270000000000000e+05
5.880250000000000000e+05
5.984430000000000000e+05
2.541310000000000000e+05
1.721560000000000000e+05
1.544020000000000000e+05
3.492640000000000000e+05
4.588430000000000000e+05
2.742330000000000000e+05
4.347900000000000000e+05
2.090810000000000000e+05
2.572390000000000000e+05
1.902160000000000000e+05
4.096760000000000000e+05
2.310640000000000000e+05
3.775130000000000000e+05
2.687070000000000000e+05
2.207590000000000000e+05
4.600270000000000000e+05
4.441720000000000000e+05
3.352770000000000000e+05
3.044490000000000000e+05
1.775830000000000000e+05
4.008170000000000000e+05
5.806670000000000000e+05
5.280050000000000000e+05
6.164900000000000000e+05
3.252540000000000000e+05
2.546820000000000000e+05
2.255480000000000000e+05
2.060470000000000000e+05
4.986260000000000000e+05
2.178310000000000000e+05
5.664570000000000000e+05
6.311580000000000000e+05
3.440420000000000000e+05
3.706520000000000000e+05
6.152430000000000000e+05
2.121940000000000000e+05
2.781150000000000000e+05
2.850730000000000000e+05
2.039370000000000000e+05
3.386670000000000000e+05
5.892700000000000000e+05
4.125420000000000000e+05
7.283340000000000000e+05
2.343150000000000000e+05
3.428630000000000000e+05
3.701180000000000000e+05
2.545000000000000000e+05
1.823630000000000000e+05
2.005980000000000000e+05
1.365050000000000000e+05
2.134910000000000000e+05
4.540030000000000000e+05
5.635470000000000000e+05
7.637330000000000000e+05
2.718820000000000000e+05
2.401470000000000000e+05
4.218080000000000000e+05
3.650640000000000000e+05
3.660770000000000000e+05
2.275280000000000000e+05
2.980060000000000000e+05
2.315840000000000000e+05
1.609120000000000000e+05
3.255160000000000000e+05
4.746750000000000000e+05
3.495520000000000000e+05
1.775340000000000000e+05
2.317530000000000000e+05
1.300230000000000000e+05
3.445510000000000000e+05
4.685960000000000000e+05
7.553220000000000000e+05
1.676370000000000000e+05
1.923060000000000000e+05
3.152270000000000000e+05
2.971210000000000000e+05
5.281710000000000000e+05
3.562560000000000000e+05
2.253370000000000000e+05
2.738870000000000000e+05
3.692090000000000000e+05
8.759720000000000000e+05
6.041270000000000000e+05
7.452020000000000000e+05
4.543130000000000000e+05
1.250560000000000000e+05
3.921460000000000000e+05
8.017010000000000000e+05
4.935110000000000000e+05
6.348020000000000000e+05
5.388870000000000000e+05
1.658360000000000000e+05
2.659170000000000000e+05
1.941040000000000000e+05
2.839610000000000000e+05
7.222980000000000000e+05
5.903970000000000000e+05
6.089190000000000000e+05
8.287700000000000000e+04
3.202100000000000000e+05
5.425320000000000000e+05
3.438570000000000000e+05
3.755080000000000000e+05
1.664140000000000000e+05
3.638960000000000000e+05
2.444880000000000000e+05
1.920350000000000000e+05
2.610380000000000000e+05
2.156470000000000000e+05
2.320030000000000000e+05
2.672310000000000000e+05
2.972630000000000000e+05
6.556670000000000000e+05
3.862930000000000000e+05
2.441430000000000000e+05
1.346170000000000000e+05
1.946670000000000000e+05
5.169760000000000000e+05
2.668170000000000000e+05
6.830230000000000000e+05
3.110380000000000000e+05
2.216260000000000000e+05
5.404830000000000000e+05
3.452930000000000000e+05
1.006633000000000000e+06
2.253670000000000000e+05
5.347920000000000000e+05
3.037120000000000000e+05
2.888620000000000000e+05
3.200650000000000000e+05
4.134240000000000000e+05
2.570360000000000000e+05
2.652240000000000000e+05
2.819990000000000000e+05
2.618540000000000000e+05
2.706230000000000000e+05
6.078760000000000000e+05
4.106300000000000000e+04
9.451000000000000000e+04
1.088890000000000000e+05
1.043230000000000000e+05
3.026600000000000000e+04
5.931000000000000000e+03
0.000000000000000000e+00
