0.000000000000000000e+00
0.000000000000000000e+00
0.000000000000000000e+00
0.000000000000000000e+00
0.000000000000000000e+00
1.152000000000000000e+03
8.400000000000000000e+03
3.007900000000000000e+04
7.709000000000000000e+04
1.003270000000000000e+05
1.706980000000000000e+05
1.762650000000000000e+05
2.023850000000000000e+05
2.046000000000000000e+05
3.588300000000000000e+05
3.994040000000000000e+05
1.326280000000000000e+05
2.001640000000000000e+05
1.593870000000000000e+05
4.697690000000000000e+05
1.539500000000000000e+05
1.712530000000000000e+05
1.882260000000000000e+05
1.865530000000000000e+05
9.721680000000000000e+05
7.156100000000000000e+04
3.150700000000000000e+04
4.747140000000000000e+05
4.186300000000000000e+04
2.534540000000000000e+05
2.495800000000000000e+04
6.000000000000000000e+03
0.000000000000000000e+00
0.000000000000000000e+00
3.809200000000000000e+05
1.204930000000000000e+05
1.072700000000000000e+04
4.120000000000000000e+02
5.182130000000000000e+05
3.490600000000000000e+05
4.061700000000000000e+04
7.145000000000000000e+03
2.007000000000000000e+03
3.321570000000000000e+05
3.210300000000000000e+04
1.223600000000000000e+04
0.000000000000000000e+00
9.115000000000000000e+04
6.392370000000000000e+05
4.515900000000000000e+04
5.829000000000000000e+03
3.282260000000000000e+05
4.265200000000000000e+04
4.282060000000000000e+05
2.593900000000000000e+04
5.164000000000000000e+03
0.000000000000000000e+00
3.300350000000000000e+05
4.134700000000000000e+04
8.272600000000000000e+04
2.150800000000000000e+04
1.545000000000000000e+03
7.085890000000000000e+05
3.630180000000000000e+05
4.074600000000000000e+04
1.232000000000000000e+03
1.392000000000000000e+03
4.736080000000000000e+05
3.846800000000000000e+04
6.636000000000000000e+03
0.000000000000000000e+00
9.023800000000000000e+04
2.369120000000000000e+05
2.326000000000000000e+04
1.121700000000000000e+04
3.163620000000000000e+05
4.914700000000000000e+04
4.422500000000000000e+05
1.643300000000000000e+04
4.935000000000000000e+03
0.000000000000000000e+00
4.202470000000000000e+05
3.356200000000000000e+04
7.409700000000000000e+04
4.734000000000000000e+03
3.950000000000000000e+02
3.087590000000000000e+05
3.328570000000000000e+05
2.740600000000000000e+04
4.092000000000000000e+03
1.372000000000000000e+03
4.628690000000000000e+05
2.933100000000000000e+04
4.188000000000000000e+03
0.000000000000000000e+00
6.635100000000000000e+04
4.510450000000000000e+05
2.364500000000000000e+04
1.179000000000000000e+03
3.039140000000000000e+05
3.400300000000000000e+04
4.095950000000000000e+05
2.758600000000000000e+04
5.628000000000000000e+03
0.000000000000000000e+00
5.189940000000000000e+05
1.844200000000000000e+04
7.304800000000000000e+04
1.096000000000000000e+03
0.000000000000000000e+00
3.006270000000000000e+05
3.217000000000000000e+05
3.430600000000000000e+04
2.510000000000000000e+03
0.000000000000000000e+00
4.789600000000000000e+05
2.486700000000000000e+04
6.903000000000000000e+03
0.000000000000000000e+00
7.185200000000000000e+04
3.240740000000000000e+05
3.066000000000000000e+04
3.522000000000000000e+03
3.389440000000000000e+05
2.835700000000000000e+04
6.177970000000000000e+05
3.107500000000000000e+04
2.306000000000000000e+03
0.000000000000000000e+00
9.015170000000000000e+05
1.392300000000000000e+04
9.753700000000000000e+04
1.876000000000000000e+03
3.391000000000000000e+03
2.789870000000000000e+05
3.375590000000000000e+05
3.479000000000000000e+04
3.233000000000000000e+03
5.800000000000000000e+02
8.414470000000000000e+05
4.618700000000000000e+04
5.742000000000000000e+03
0.000000000000000000e+00
7.239000000000000000e+04
2.572630000000000000e+05
2.314600000000000000e+04
3.600000000000000000e+03
3.197810000000000000e+05
3.082600000000000000e+04
