4.410800000000000000e+04
7.467000000000000000e+03
1.818000000000000000e+03
3.938710000000000000e+05
2.999800000000000000e+04
9.909000000000000000e+03
0.000000000000000000e+00
1.020000000000000000e+03
3.223070000000000000e+05
3.592520000000000000e+05
3.750600000000000000e+04
8.751400000000000000e+04
1.202000000000000000e+03
3.478560000000000000e+05
2.123000000000000000e+04
2.424000000000000000e+03
3.678000000000000000e+03
0.000000000000000000e+00
3.449410000000000000e+05
1.450100000000000000e+04
0.000000000000000000e+00
3.206100000000000000e+05
3.611700000000000000e+04
2.957860000000000000e+05
1.249000000000000000e+04
1.977000000000000000e+03
7.120000000000000000e+02
4.926750000000000000e+05
2.347700000000000000e+04
5.058000000000000000e+03
8.742000000000000000e+03
0.000000000000000000e+00
2.268100000000000000e+05
2.860200000000000000e+05
3.393800000000000000e+04
6.079200000000000000e+04
2.045000000000000000e+03
2.707730000000000000e+05
2.508800000000000000e+04
8.532000000000000000e+03
3.969000000000000000e+03
0.000000000000000000e+00
8.031750000000000000e+05
3.686500000000000000e+04
7.996000000000000000e+03
3.169540000000000000e+05
4.164800000000000000e+04
4.010010000000000000e+05
2.168200000000000000e+04
2.826000000000000000e+03
0.000000000000000000e+00
9.188270000000000000e+05
2.748900000000000000e+04
6.115000000000000000e+03
2.535000000000000000e+03
2.829000000000000000e+03
4.883420000000000000e+05
3.351740000000000000e+05
3.170900000000000000e+04
6.730600000000000000e+04
2.475000000000000000e+03
3.309260000000000000e+05
1.342800000000000000e+04
3.459000000000000000e+03
0.000000000000000000e+00
2.160000000000000000e+02
3.091230000000000000e+05
3.042900000000000000e+04
2.508000000000000000e+03
3.216920000000000000e+05
2.877300000000000000e+04
3.569650000000000000e+05
1.708500000000000000e+04
3.315000000000000000e+03
1.344000000000000000e+03
7.433950000000000000e+05
2.967100000000000000e+04
4.188000000000000000e+03
0.000000000000000000e+00
0.000000000000000000e+00
7.791510000000000000e+05
3.520210000000000000e+05
3.890900000000000000e+04
8.316700000000000000e+04
4.890000000000000000e+02
6.670060000000000000e+05
3.777500000000000000e+04
6.066000000000000000e+03
0.000000000000000000e+00
0.000000000000000000e+00
8.393760000000000000e+05
3.690300000000000000e+04
1.806000000000000000e+03
3.265120000000000000e+05
6.604310000000000000e+05
1.035610000000000000e+05
2.738000000000000000e+03
2.300000000000000000e+02
0.000000000000000000e+00
9.354800000000000000e+05
4.061200000000000000e+04
5.679000000000000000e+03
2.816000000000000000e+03
2.451000000000000000e+03
3.757190000000000000e+05
3.413940000000000000e+05
2.859000000000000000e+04
7.536400000000000000e+04
0.000000000000000000e+00
2.812850000000000000e+05
1.919100000000000000e+04
4.284000000000000000e+03
0.000000000000000000e+00
0.000000000000000000e+00
2.633810000000000000e+05
1.929900000000000000e+04
4.774000000000000000e+03
2.943480000000000000e+05
6.957800000000000000e+05
9.452500000000000000e+04
1.557800000000000000e+04
4.001000000000000000e+03
2.610000000000000000e+02
4.203880000000000000e+05
4.409000000000000000e+04
1.068400000000000000e+04
1.884000000000000000e+03
1.629000000000000000e+03
3.866450000000000000e+05
3.452340000000000000e+05
2.741600000000000000e+04
7.295200000000000000e+04
0.000000000000000000e+00
2.673490000000000000e+05
2.317800000000000000e+04
4.878000000000000000e+03
2.580000000000000000e+02
0.000000000000000000e+00
3.191100000000000000e+05
1.211400000000000000e+04
2.409000000000000000e+03
2.977600000000000000e+05
6.076800000000000000e+05
8.289700000000000000e+04
1.079300000000000000e+04
2.250000000000000000e+02
0.000000000000000000e+00
1.003288000000000000e+06
3.251900000000000000e+04
