2.076600000000000000e+04
1.229000000000000000e+03
1.199784000000000000e+06
3.214370000000000000e+05
2.967600000000000000e+04
3.063000000000000000e+03
4.860000000000000000e+02
3.476310000000000000e+05
3.128000000000000000e+04
9.877000000000000000e+03
5.160000000000000000e+02
8.732600000000000000e+04
4.145160000000000000e+05
1.343800000000000000e+04
1.038300000000000000e+04
3.394630000000000000e+05
7.903730000000000000e+05
3.544800000000000000e+04
1.210500000000000000e+04
0.000000000000000000e+00
0.000000000000000000e+00
8.429310000000000000e+05
3.028800000000000000e+04
8.838200000000000000e+04
5.120000000000000000e+03
1.155000000000000000e+03
9.563340000000000000e+05
3.001970000000000000e+05
3.182000000000000000e+04
4.521000000000000000e+03
6.286000000000000000e+03
8.856470000000000000e+05
4.005600000000000000e+04
2.115000000000000000e+03
1.224000000000000000e+03
7.487000000000000000e+04
5.101160000000000000e+05
6.317000000000000000e+04
1.262000000000000000e+04
3.186780000000000000e+05
7.350280000000000000e+05
3.181800000000000000e+04
1.605000000000000000e+03
0.000000000000000000e+00
1.161000000000000000e+03
3.448570000000000000e+05
3.524400000000000000e+04
8.344800000000000000e+04
2.938000000000000000e+03
5.910000000000000000e+02
3.080730000000000000e+05
3.590110000000000000e+05
3.511500000000000000e+04
1.596000000000000000e+03
0.000000000000000000e+00
2.481470000000000000e+05
1.868000000000000000e+04
1.896000000000000000e+03
0.000000000000000000e+00
7.927000000000000000e+04
4.146450000000000000e+05
2.812500000000000000e+04
0.000000000000000000e+00
3.192090000000000000e+05
7.911290000000000000e+05
3.664300000000000000e+04
3.945000000000000000e+03
0.000000000000000000e+00
0.000000000000000000e+00
2.650950000000000000e+05
2.037500000000000000e+04
7.708500000000000000e+04
8.640000000000000000e+02
4.380000000000000000e+02
2.988870000000000000e+05
3.241670000000000000e+05
3.023900000000000000e+04
1.284000000000000000e+03
1.071000000000000000e+03
6.359810000000000000e+05
2.489500000000000000e+04
2.322000000000000000e+03
0.000000000000000000e+00
7.429300000000000000e+04
6.274140000000000000e+05
5.774700000000000000e+04
6.174000000000000000e+03
3.283720000000000000e+05
4.012450000000000000e+05
1.201300000000000000e+04
5.907000000000000000e+03
0.000000000000000000e+00
0.000000000000000000e+00
3.281680000000000000e+05
3.020400000000000000e+04
7.675800000000000000e+04
9.680000000000000000e+02
4.980000000000000000e+02
4.810130000000000000e+05
3.147410000000000000e+05
2.956300000000000000e+04
1.712000000000000000e+03
3.920000000000000000e+02
2.920000000000000000e+02
3.074100000000000000e+05
1.519800000000000000e+04
1.113000000000000000e+04
8.352500000000000000e+04
1.251000000000000000e+03
4.174000000000000000e+05
2.089700000000000000e+04
2.921630000000000000e+05
2.956800000000000000e+04
2.230690000000000000e+05
1.341900000000000000e+04
3.828000000000000000e+03
1.848000000000000000e+03
0.000000000000000000e+00
5.667200000000000000e+05
7.038800000000000000e+04
1.088200000000000000e+04
5.299000000000000000e+03
0.000000000000000000e+00
6.957240000000000000e+05
3.315900000000000000e+04
2.838000000000000000e+03
6.540000000000000000e+02
0.000000000000000000e+00
6.624880000000000000e+05
2.251500000000000000e+04
3.045000000000000000e+03
6.685000000000000000e+04
1.965000000000000000e+03
7.617590000000000000e+05
2.523400000000000000e+04
3.175280000000000000e+05
3.304800000000000000e+04
7.985710000000000000e+05
2.354700000000000000e+04
6.279000000000000000e+03
3.396000000000000000e+03
0.000000000000000000e+00
8.528490000000000000e+05
9.948200000000000000e+04
8.161000000000000000e+03
1.766000000000000000e+03
6.790000000000000000e+02
1.438401000000000000e+06
2.944700000000000000e+04
