2.631897800000000000e+07
3.083200000000000000e+04
1.107500000000000000e+04
3.729000000000000000e+03
1.030000000000000000e+03
1.335000000000000000e+03
6.560000000000000000e+02
8.600000000000000000e+01
1.008000000000000000e+03
3.950000000000000000e+02
7.660000000000000000e+02
1.269320000000000000e+05
5.842000000000000000e+03
9.181000000000000000e+03
5.510500000000000000e+04
2.149700000000000000e+04
1.574600000000000000e+04
1.430000000000000000e+03
6.000000000000000000e+01
6.880000000000000000e+03
8.149000000000000000e+03
1.591900000000000000e+04
1.615100000000000000e+04
1.218490000000000000e+05
5.036000000000000000e+03
1.236000000000000000e+03
2.322000000000000000e+03
1.376000000000000000e+03
8.738000000000000000e+03
4.858300000000000000e+04
2.533000000000000000e+04
3.506000000000000000e+03
4.833000000000000000e+03
9.370000000000000000e+03
8.714000000000000000e+03
1.098820000000000000e+05
4.181000000000000000e+03
2.061200000000000000e+04
2.126000000000000000e+03
2.338700000000000000e+04
1.662000000000000000e+04
5.336000000000000000e+03
3.780000000000000000e+02
3.252000000000000000e+03
6.100600000000000000e+04
2.665800000000000000e+04
9.868000000000000000e+03
3.592210000000000000e+05
3.327000000000000000e+03
2.520000000000000000e+02
7.600000000000000000e+01
0.000000000000000000e+00
0.000000000000000000e+00
1.340000000000000000e+02
0.000000000000000000e+00
0.000000000000000000e+00
1.980000000000000000e+02
7.114000000000000000e+03
2.293000000000000000e+03
8.144740000000000000e+05
5.532000000000000000e+03
1.243000000000000000e+03
5.470000000000000000e+02
2.280000000000000000e+02
0.000000000000000000e+00
0.000000000000000000e+00
0.000000000000000000e+00
0.000000000000000000e+00
0.000000000000000000e+00
0.000000000000000000e+00
0.000000000000000000e+00
4.084570000000000000e+05
3.797000000000000000e+03
1.321600000000000000e+04
2.506400000000000000e+04
5.429400000000000000e+04
1.046370000000000000e+05
1.803460000000000000e+05
2.223760000000000000e+05
3.567530000000000000e+05
4.549530000000000000e+05
5.616180000000000000e+05
6.009650000000000000e+05
3.292723000000000000e+06
3.168270000000000000e+05
7.412740000000000000e+05
9.991400000000000000e+05
9.327760000000000000e+05
1.160450000000000000e+06
1.330745000000000000e+06
1.022760000000000000e+06
1.201970000000000000e+06
1.184733000000000000e+06
1.252289000000000000e+06
1.274673000000000000e+06
3.733606000000000000e+06
5.393570000000000000e+05
8.408050000000000000e+05
1.186420000000000000e+06
9.646460000000000000e+05
1.032123000000000000e+06
1.076308000000000000e+06
9.748960000000000000e+05
1.238955000000000000e+06
2.030959000000000000e+06
6.566350000000000000e+05
7.235350000000000000e+05
1.209787000000000000e+06
1.754790000000000000e+05
3.850400000000000000e+04
5.067700000000000000e+04
3.391000000000000000e+03
8.300000000000000000e+01
0.000000000000000000e+00
0.000000000000000000e+00
0.000000000000000000e+00
1.440000000000000000e+04
4.241125000000000000e+06
9.642406000000000000e+06
1.245213900000000000e+07
1.256495100000000000e+07
1.317249100000000000e+07
1.057299200000000000e+07
7.957518000000000000e+06
2.327889000000000000e+06
1.086349000000000000e+06
7.940590000000000000e+05
6.836900000000000000e+05
7.339000000000000000e+05
8.854990000000000000e+05
9.429500000000000000e+05
7.093739000000000000e+06
1.181086000000000000e+06
7.021450000000000000e+05
8.407710000000000000e+05
5.995750000000000000e+05
7.713440000000000000e+05
7.358060000000000000e+05
7.861860000000000000e+05
7.278860000000000000e+05
7.769270000000000000e+05
1.001516000000000000e+06
1.090726000000000000e+06
4.101039000000000000e+06
1.361639000000000000e+06
8.434080000000000000e+05
8.289800000000000000e+05
9.586610000000000000e+05
8.383740000000000000e+05
9.079680000000000000e+05
5.571050000000000000e+05
6.698940000000000000e+05
7.401650000000000000e+05
8.237920000000000000e+05
7.515550000000000000e+05
3.526301000000000000e+06
8.902910000000000000e+05
4.754710000000000000e+05
5.834480000000000000e+05
5.706780000000000000e+05
6.031040000000000000e+05
5.261160000000000000e+05
5.104420000000000000e+05
4.071640000000000000e+05
5.390370000000000000e+05
4.410830000000000000e+05
6.134710000000000000e+05
3.338720000000000000e+06
9.703590000000000000e+05
5.839480000000000000e+05
6.317310000000000000e+05
5.843330000000000000e+05
6.859690000000000000e+05
6.677960000000000000e+05
5.781020000000000000e+05
5.390890000000000000e+05
6.905380000000000000e+05
5.214140000000000000e+05
7.218230000000000000e+05
4.323386000000000000e+06
8.802410000000000000e+05
6.236570000000000000e+05
6.094490000000000000e+05
5.684410000000000000e+05
5.552950000000000000e+05
4.864480000000000000e+05
4.882120000000000000e+05
4.126240000000000000e+05
4.032570000000000000e+05
4.467280000000000000e+05
4.299560000000000000e+05
3.070789000000000000e+06
8.068870000000000000e+05
4.751680000000000000e+05
7.088140000000000000e+05
3.860990000000000000e+05
4.242810000000000000e+05
5.042660000000000000e+05
4.416530000000000000e+05
4.999020000000000000e+05
4.792030000000000000e+05
6.762770000000000000e+05
6.156390000000000000e+05
3.602609000000000000e+06
8.554450000000000000e+05
3.186260000000000000e+05
3.411680000000000000e+05
4.111060000000000000e+05
5.692800000000000000e+05
6.166640000000000000e+05
4.671840000000000000e+05
4.342940000000000000e+05
4.371660000000000000e+05
4.818580000000000000e+05
4.834930000000000000e+05
2.963490000000000000e+06
8.077880000000000000e+05
5.288750000000000000e+05
4.454760000000000000e+05
5.946180000000000000e+05
5.977440000000000000e+05
5.235960000000000000e+05
4.075000000000000000e+05
4.108720000000000000e+05
5.388830000000000000e+05
4.280380000000000000e+05
5.360860000000000000e+05
2.945654000000000000e+06
9.390770000000000000e+05
5.106100000000000000e+05
4.780420000000000000e+05
5.476180000000000000e+05
4.660530000000000000e+05
4.676960000000000000e+05
3.064190000000000000e+05
4.832970000000000000e+05
7.606870000000000000e+05
4.064190000000000000e+05
6.044280000000000000e+05
4.220002000000000000e+06
7.182560000000000000e+05
4.644440000000000000e+05
4.782020000000000000e+05
5.751360000000000000e+05
7.735320000000000000e+05
1.043560000000000000e+06
9.933800000000000000e+05
8.366390000000000000e+05
8.241510000000000000e+05
7.396400000000000000e+05
6.921100000000000000e+05
2.690049000000000000e+06
7.141320000000000000e+05
3.408390000000000000e+05
3.717270000000000000e+05
1.437120000000000000e+05
1.889790000000000000e+05
1.987680000000000000e+05
2.006230000000000000e+05
1.827630000000000000e+05
2.104570000000000000e+05
3.923730000000000000e+05
6.116230000000000000e+05
3.602415000000000000e+06
1.482763000000000000e+06
1.104056000000000000e+06
1.216383000000000000e+06
1.234412000000000000e+06
1.064828000000000000e+06
1.014816000000000000e+06
6.151700000000000000e+05
6.929720000000000000e+05
5.876230000000000000e+05
6.194240000000000000e+05
6.329050000000000000e+05
3.201303000000000000e+06
8.339520000000000000e+05
4.171360000000000000e+05
4.744970000000000000e+05
5.666020000000000000e+05
4.888660000000000000e+05
7.011060000000000000e+05
9.217670000000000000e+05
1.247425000000000000e+06
1.300042000000000000e+06
1.397780000000000000e+06
1.600546000000000000e+06
3.457705000000000000e+06
1.665938000000000000e+06
1.338552000000000000e+06
1.421938000000000000e+06
1.451025000000000000e+06
1.626884000000000000e+06
1.755302000000000000e+06
1.704384000000000000e+06
1.499022000000000000e+06
1.761179000000000000e+06
1.370738000000000000e+06
1.512499000000000000e+06
4.556090000000000000e+06
1.447010000000000000e+06
9.859490000000000000e+05
8.655460000000000000e+05
9.182900000000000000e+05
8.167190000000000000e+05
7.497020000000000000e+05
6.244250000000000000e+05
5.927000000000000000e+05
5.841640000000000000e+05
6.389940000000000000e+05
7.302410000000000000e+05
3.351720000000000000e+06
1.106103000000000000e+06
9.349950000000000000e+05
9.929040000000000000e+05
9.230830000000000000e+05
1.027046000000000000e+06
1.051372000000000000e+06
1.098366000000000000e+06
9.952600000000000000e+05
8.805600000000000000e+05
9.452010000000000000e+05
8.674720000000000000e+05
3.707552000000000000e+06
1.160455000000000000e+06
7.940720000000000000e+05
7.102170000000000000e+05
7.370260000000000000e+05
6.955080000000000000e+05
9.632870000000000000e+05
5.298110000000000000e+05
4.449600000000000000e+05
3.898430000000000000e+05
3.821450000000000000e+05
3.415010000000000000e+05
3.757175000000000000e+06
6.244210000000000000e+05
1.974000000000000000e+05
1.562210000000000000e+05
1.580740000000000000e+05
2.341280000000000000e+05
3.557890000000000000e+05
2.419280000000000000e+05
3.251340000000000000e+05
3.220470000000000000e+05
2.695310000000000000e+05
4.019660000000000000e+05
2.602260000000000000e+06
9.125900000000000000e+05
2.713040000000000000e+05
4.792860000000000000e+05
4.190690000000000000e+05
4.448190000000000000e+05
5.255330000000000000e+05
5.203070000000000000e+05
6.449480000000000000e+05
7.101750000000000000e+05
6.766280000000000000e+05
8.833390000000000000e+05
4.122442000000000000e+06
1.195944000000000000e+06
7.987280000000000000e+05
9.668710000000000000e+05
9.756380000000000000e+05
1.044692000000000000e+06
1.126910000000000000e+06
1.062552000000000000e+06
1.190778000000000000e+06
9.160540000000000000e+05
9.336270000000000000e+05
9.691050000000000000e+05
3.231137000000000000e+06
1.026870000000000000e+06
5.932600000000000000e+05
7.182680000000000000e+05
6.351630000000000000e+05
7.715310000000000000e+05
9.532150000000000000e+05
1.052741000000000000e+06
9.803490000000000000e+05
1.016884000000000000e+06
9.696380000000000000e+05
1.000094000000000000e+06
3.711945000000000000e+06
1.327367000000000000e+06
1.136512000000000000e+06
9.647810000000000000e+05
9.204460000000000000e+05
9.723360000000000000e+05
1.117828000000000000e+06
1.042844000000000000e+06
8.913180000000000000e+05
9.462760000000000000e+05
8.608470000000000000e+05
8.408870000000000000e+05
3.626966000000000000e+06
9.976440000000000000e+05
6.092110000000000000e+05
5.488830000000000000e+05
5.579940000000000000e+05
5.266380000000000000e+05
5.105520000000000000e+05
5.468660000000000000e+05
5.145560000000000000e+05
6.071280000000000000e+05
4.881970000000000000e+05
5.818060000000000000e+05
3.076510000000000000e+06
8.503000000000000000e+05
4.114280000000000000e+05
3.392160000000000000e+05
3.062590000000000000e+05
3.293280000000000000e+05
3.532640000000000000e+05
3.094750000000000000e+05
3.387620000000000000e+05
4.700450000000000000e+05
2.710500000000000000e+05
2.958770000000000000e+05
3.649353000000000000e+06
6.031890000000000000e+05
2.794330000000000000e+05
2.445830000000000000e+05
2.085120000000000000e+05
2.749640000000000000e+05
1.749880000000000000e+05
4.382620000000000000e+05
3.952370000000000000e+05
5.775520000000000000e+05
6.919770000000000000e+05
7.763120000000000000e+05
3.150948000000000000e+06
1.435599000000000000e+06
1.083163000000000000e+06
1.232270000000000000e+06
9.087620000000000000e+05
1.011208000000000000e+06
1.215956000000000000e+06
1.102643000000000000e+06
9.616690000000000000e+05
9.846520000000000000e+05
9.736980000000000000e+05
9.555670000000000000e+05
3.530864000000000000e+06
1.383018000000000000e+06
9.605510000000000000e+05
9.685500000000000000e+05
1.006169000000000000e+06
1.010938000000000000e+06
1.551965000000000000e+06
1.000187000000000000e+06
9.483310000000000000e+05
7.942210000000000000e+05
6.579770000000000000e+05
6.812020000000000000e+05
4.244299000000000000e+06
7.916280000000000000e+05
3.554550000000000000e+05
3.740320000000000000e+05
3.345440000000000000e+05
3.351850000000000000e+05
2.959820000000000000e+05
4.209750000000000000e+05
3.061770000000000000e+05
4.290830000000000000e+05
4.033110000000000000e+05
5.757870000000000000e+05
3.138814000000000000e+06
1.106963000000000000e+06
8.772140000000000000e+05
8.455930000000000000e+05
8.267880000000000000e+05
9.373670000000000000e+05
1.017528000000000000e+06
1.119233000000000000e+06
1.069137000000000000e+06
8.783590000000000000e+05
8.473470000000000000e+05
1.008999000000000000e+06
3.649060000000000000e+06
1.488775000000000000e+06
1.290971000000000000e+06
1.294165000000000000e+06
1.205981000000000000e+06
1.184708000000000000e+06
1.286850000000000000e+06
1.157794000000000000e+06
9.634780000000000000e+05
7.230760000000000000e+05
5.455760000000000000e+05
5.291370000000000000e+05
2.716475000000000000e+06
7.406710000000000000e+05
3.202690000000000000e+05
2.612210000000000000e+05
3.236930000000000000e+05
4.037310000000000000e+05
6.720780000000000000e+05
8.971230000000000000e+05
8.696330000000000000e+05
6.512140000000000000e+05
5.030770000000000000e+05
4.669660000000000000e+05
2.907552000000000000e+06
8.954120000000000000e+05
4.557200000000000000e+05
4.265000000000000000e+05
4.031250000000000000e+05
4.425410000000000000e+05
6.396070000000000000e+05
3.709900000000000000e+05
3.745680000000000000e+05
3.483320000000000000e+05
3.072410000000000000e+05
3.175110000000000000e+05
3.722364000000000000e+06
6.281620000000000000e+05
1.698930000000000000e+05
1.972340000000000000e+05
1.426150000000000000e+05
1.348340000000000000e+05
1.761860000000000000e+05
1.195600000000000000e+05
2.881470000000000000e+05
2.146620000000000000e+05
1.000400000000000000e+05
1.904130000000000000e+05
2.234483000000000000e+06
6.475310000000000000e+05
1.159930000000000000e+05
1.746720000000000000e+05
1.188750000000000000e+05
1.325220000000000000e+05
1.198320000000000000e+05
1.118830000000000000e+05
1.522670000000000000e+05
1.488110000000000000e+05
9.635500000000000000e+04
1.598250000000000000e+05
2.163037000000000000e+06
5.752490000000000000e+05
1.393460000000000000e+05
2.201640000000000000e+05
2.221510000000000000e+05
2.910900000000000000e+05
4.156840000000000000e+05
4.604530000000000000e+05
6.218190000000000000e+05
5.440540000000000000e+05
5.920000000000000000e+05
5.713970000000000000e+05
2.688841000000000000e+06
9.747850000000000000e+05
7.179340000000000000e+05
8.434520000000000000e+05
7.684050000000000000e+05
7.585410000000000000e+05
8.611680000000000000e+05
8.048170000000000000e+05
8.877080000000000000e+05
7.545500000000000000e+05
8.235110000000000000e+05
7.751780000000000000e+05
3.079659000000000000e+06
1.030884000000000000e+06
7.016530000000000000e+05
7.143480000000000000e+05
5.306180000000000000e+05
5.476560000000000000e+05
7.205700000000000000e+05
4.058900000000000000e+05
5.014350000000000000e+05
3.537210000000000000e+05
4.102780000000000000e+05
3.227170000000000000e+05
3.907003000000000000e+06
8.269560000000000000e+05
4.492250000000000000e+05
5.254180000000000000e+05
4.962370000000000000e+05
5.663350000000000000e+05
6.464720000000000000e+05
8.071870000000000000e+05
9.123220000000000000e+05
9.029890000000000000e+05
6.407690000000000000e+05
7.409690000000000000e+05
3.086281000000000000e+06
1.070509000000000000e+06
7.397650000000000000e+05
5.480920000000000000e+05
5.425450000000000000e+05
4.400890000000000000e+05
4.856920000000000000e+05
5.521250000000000000e+05
4.897660000000000000e+05
4.799860000000000000e+05
3.696940000000000000e+05
4.254090000000000000e+05
3.720299000000000000e+06
6.960590000000000000e+05
3.472610000000000000e+05
3.579530000000000000e+05
3.460980000000000000e+05
3.412720000000000000e+05
2.717480000000000000e+05
2.963940000000000000e+05
2.732230000000000000e+05
2.689210000000000000e+05
2.876960000000000000e+05
1.835890000000000000e+05
2.779929000000000000e+06
6.359580000000000000e+05
2.913890000000000000e+05
4.316840000000000000e+05
3.819480000000000000e+05
5.116960000000000000e+05
5.368610000000000000e+05
5.635330000000000000e+05
4.815510000000000000e+05
3.368270000000000000e+05
2.445890000000000000e+05
2.905660000000000000e+05
2.645387000000000000e+06
6.765700000000000000e+05
3.100330000000000000e+05
2.889340000000000000e+05
2.906830000000000000e+05
3.018580000000000000e+05
4.517500000000000000e+05
2.170680000000000000e+05
3.134780000000000000e+05
3.308380000000000000e+05
2.930970000000000000e+05
3.963530000000000000e+05
3.480800000000000000e+06
8.490610000000000000e+05
5.500270000000000000e+05
4.688770000000000000e+05
4.801480000000000000e+05
3.955080000000000000e+05
3.315440000000000000e+05
2.904510000000000000e+05
3.114500000000000000e+05
3.795020000000000000e+05
2.712780000000000000e+05
3.962440000000000000e+05
2.171715000000000000e+06
7.054900000000000000e+05
4.506830000000000000e+05
4.371200000000000000e+05
4.756420000000000000e+05
4.795410000000000000e+05
4.667510000000000000e+05
5.179780000000000000e+05
6.085750000000000000e+05
6.158470000000000000e+05
5.777510000000000000e+05
6.588640000000000000e+05
2.537645000000000000e+06
9.259970000000000000e+05
6.244890000000000000e+05
6.450390000000000000e+05
6.237040000000000000e+05
7.420160000000000000e+05
6.869370000000000000e+05
9.053490000000000000e+05
8.220340000000000000e+05
4.750690000000000000e+05
3.946330000000000000e+05
7.366060000000000000e+05
2.614232000000000000e+06
1.481140000000000000e+06
1.209621000000000000e+06
9.826370000000000000e+05
7.929730000000000000e+05
6.635910000000000000e+05
6.341760000000000000e+05
6.347850000000000000e+05
9.271500000000000000e+05
9.184990000000000000e+05
9.714280000000000000e+05
9.172570000000000000e+05
2.906573000000000000e+06
1.038810000000000000e+06
5.984220000000000000e+05
4.764520000000000000e+05
3.749310000000000000e+05
3.808640000000000000e+05
5.384190000000000000e+05
2.194070000000000000e+05
3.055240000000000000e+05
2.466020000000000000e+05
2.475270000000000000e+05
2.426140000000000000e+05
3.599155000000000000e+06
6.741000000000000000e+05
4.865430000000000000e+05
4.269030000000000000e+05
4.642250000000000000e+05
4.518630000000000000e+05
5.122340000000000000e+05
5.106490000000000000e+05
7.208440000000000000e+05
8.586900000000000000e+05
6.111750000000000000e+05
6.653900000000000000e+05
3.481768000000000000e+06
9.242370000000000000e+05
7.008910000000000000e+05
4.635100000000000000e+05
2.567370000000000000e+05
2.590220000000000000e+05
3.881500000000000000e+05
4.682560000000000000e+05
6.416810000000000000e+05
7.212030000000000000e+05
7.376890000000000000e+05
7.233120000000000000e+05
3.056436000000000000e+06
9.331300000000000000e+05
6.800510000000000000e+05
6.999730000000000000e+05
6.453090000000000000e+05
6.609140000000000000e+05
6.735910000000000000e+05
7.348860000000000000e+05
7.928270000000000000e+05
7.234420000000000000e+05
6.878320000000000000e+05
7.460400000000000000e+05
3.263428000000000000e+06
1.172386000000000000e+06
9.295810000000000000e+05
1.124976000000000000e+06
8.841950000000000000e+05
8.730720000000000000e+05
1.028712000000000000e+06
1.084081000000000000e+06
1.023216000000000000e+06
9.069140000000000000e+05
8.540620000000000000e+05
7.461860000000000000e+05
3.510694000000000000e+06
6.771390000000000000e+05
2.625410000000000000e+05
2.990780000000000000e+05
1.936550000000000000e+05
2.667560000000000000e+05
3.890820000000000000e+05
1.624540000000000000e+05
2.317670000000000000e+05
2.926740000000000000e+05
9.522910000000000000e+05
1.577594000000000000e+06
5.765383000000000000e+06
1.882721000000000000e+06
3.517879000000000000e+06
4.038353000000000000e+06
4.692300000000000000e+06
4.453818000000000000e+06
5.903531000000000000e+06
4.650134000000000000e+06
5.760540000000000000e+06
6.343723000000000000e+06
4.757529000000000000e+06
4.882701000000000000e+06
6.527990000000000000e+06
2.734094000000000000e+06
3.981134000000000000e+06
3.552187000000000000e+06
2.346708000000000000e+06
1.432220000000000000e+06
4.131300000000000000e+05
2.532400000000000000e+04
2.790000000000000000e+02
0.000000000000000000e+00
0.000000000000000000e+00
2.292525070000000000e+08
9.652000000000000000e+03
3.104000000000000000e+03
0.000000000000000000e+00
0.000000000000000000e+00
0.000000000000000000e+00
0.000000000000000000e+00
0.000000000000000000e+00
0.000000000000000000e+00
0.000000000000000000e+00
0.000000000000000000e+00
0.000000000000000000e+00
1.120000000000000000e+04
9.524000000000000000e+03
3.057000000000000000e+03
0.000000000000000000e+00
0.000000000000000000e+00
0.000000000000000000e+00
0.000000000000000000e+00
0.000000000000000000e+00
0.000000000000000000e+00
0.000000000000000000e+00
0.000000000000000000e+00
0.000000000000000000e+00
8.687000000000000000e+03
9.524000000000000000e+03
3.057000000000000000e+03
0.000000000000000000e+00
0.000000000000000000e+00
0.000000000000000000e+00
0.000000000000000000e+00
0.000000000000000000e+00
0.000000000000000000e+00
0.000000000000000000e+00
0.000000000000000000e+00
0.000000000000000000e+00
1.264000000000000000e+04
9.524000000000000000e+03
3.057000000000000000e+03
0.000000000000000000e+00
0.000000000000000000e+00
0.000000000000000000e+00
0.000000000000000000e+00
0.000000000000000000e+00
0.000000000000000000e+00
0.000000000000000000e+00
0.000000000000000000e+00
0.000000000000000000e+00
1.763800000000000000e+04
9.488000000000000000e+03
3.057000000000000000e+03
0.000000000000000000e+00
0.000000000000000000e+00
0.000000000000000000e+00
0.000000000000000000e+00
0.000000000000000000e+00
0.000000000000000000e+00
0.000000000000000000e+00
0.000000000000000000e+00
0.000000000000000000e+00
2.921030000000000000e+05
5.267000000000000000e+03
5.060000000000000000e+02
0.000000000000000000e+00
0.000000000000000000e+00
0.000000000000000000e+00
0.000000000000000000e+00
0.000000000000000000e+00
0.000000000000000000e+00
0.000000000000000000e+00
0.000000000000000000e+00
0.000000000000000000e+00
5.773000000000000000e+03
5.267000000000000000e+03
5.060000000000000000e+02
0.000000000000000000e+00
0.000000000000000000e+00
0.000000000000000000e+00
0.000000000000000000e+00
0.000000000000000000e+00
0.000000000000000000e+00
0.000000000000000000e+00
0.000000000000000000e+00
0.000000000000000000e+00
8.883000000000000000e+03
5.267000000000000000e+03
5.060000000000000000e+02
0.000000000000000000e+00
0.000000000000000000e+00
0.000000000000000000e+00
0.000000000000000000e+00
0.000000000000000000e+00
0.000000000000000000e+00
0.000000000000000000e+00
0.000000000000000000e+00
0.000000000000000000e+00
5.773000000000000000e+03
5.267000000000000000e+03
5.060000000000000000e+02
0.000000000000000000e+00
0.000000000000000000e+00
0.000000000000000000e+00
0.000000000000000000e+00
0.000000000000000000e+00
0.000000000000000000e+00
0.000000000000000000e+00
0.000000000000000000e+00
0.000000000000000000e+00
5.773000000000000000e+03
5.267000000000000000e+03
5.060000000000000000e+02
0.000000000000000000e+00
0.000000000000000000e+00
0.000000000000000000e+00
0.000000000000000000e+00
0.000000000000000000e+00
0.000000000000000000e+00
0.000000000000000000e+00
0.000000000000000000e+00
0.000000000000000000e+00
8.147862000000000000e+06
1.145100000000000000e+04
8.400000000000000000e+02
0.000000000000000000e+00
0.000000000000000000e+00
0.000000000000000000e+00
0.000000000000000000e+00
0.000000000000000000e+00
0.000000000000000000e+00
0.000000000000000000e+00
0.000000000000000000e+00
0.000000000000000000e+00
2.122650000000000000e+05
0.000000000000000000e+00
0.000000000000000000e+00
0.000000000000000000e+00
0.000000000000000000e+00
0.000000000000000000e+00
0.000000000000000000e+00
0.000000000000000000e+00
0.000000000000000000e+00
0.000000000000000000e+00
0.000000000000000000e+00
0.000000000000000000e+00
2.633100000000000000e+04
0.000000000000000000e+00
0.000000000000000000e+00
0.000000000000000000e+00
0.000000000000000000e+00
0.000000000000000000e+00
0.000000000000000000e+00
0.000000000000000000e+00
0.000000000000000000e+00
0.000000000000000000e+00
0.000000000000000000e+00
0.000000000000000000e+00
0.000000000000000000e+00
0.000000000000000000e+00
0.000000000000000000e+00
0.000000000000000000e+00
0.000000000000000000e+00
0.000000000000000000e+00
0.000000000000000000e+00
0.000000000000000000e+00
0.000000000000000000e+00
0.000000000000000000e+00
0.000000000000000000e+00
0.000000000000000000e+00
0.000000000000000000e+00
0.000000000000000000e+00
0.000000000000000000e+00
0.000000000000000000e+00
0.000000000000000000e+00
0.000000000000000000e+00
0.000000000000000000e+00
0.000000000000000000e+00
0.000000000000000000e+00
0.000000000000000000e+00
0.000000000000000000e+00
0.000000000000000000e+00
1.707000000000000000e+03
0.000000000000000000e+00
0.000000000000000000e+00
0.000000000000000000e+00
0.000000000000000000e+00
0.000000000000000000e+00
0.000000000000000000e+00
0.000000000000000000e+00
0.000000000000000000e+00
0.000000000000000000e+00
0.000000000000000000e+00
0.000000000000000000e+00
5.576400000000000000e+04
0.000000000000000000e+00
0.000000000000000000e+00
0.000000000000000000e+00
0.000000000000000000e+00
0.000000000000000000e+00
0.000000000000000000e+00
0.000000000000000000e+00
0.000000000000000000e+00
0.000000000000000000e+00
0.000000000000000000e+00
0.000000000000000000e+00
1.986900000000000000e+04
0.000000000000000000e+00
0.000000000000000000e+00
0.000000000000000000e+00
0.000000000000000000e+00
0.000000000000000000e+00
5.447576000000000000e+06
3.453500000000000000e+04
0.000000000000000000e+00
0.000000000000000000e+00
0.000000000000000000e+00
0.000000000000000000e+00
4.322840000000000000e+05
3.520000000000000000e+03
0.000000000000000000e+00
0.000000000000000000e+00
0.000000000000000000e+00
0.000000000000000000e+00
0.000000000000000000e+00
0.000000000000000000e+00
0.000000000000000000e+00
0.000000000000000000e+00
0.000000000000000000e+00
0.000000000000000000e+00
4.651400000000000000e+04
5.262000000000000000e+03
0.000000000000000000e+00
0.000000000000000000e+00
0.000000000000000000e+00
0.000000000000000000e+00
0.000000000000000000e+00
0.000000000000000000e+00
0.000000000000000000e+00
0.000000000000000000e+00
0.000000000000000000e+00
0.000000000000000000e+00
5.262000000000000000e+03
5.262000000000000000e+03
0.000000000000000000e+00
0.000000000000000000e+00
0.000000000000000000e+00
0.000000000000000000e+00
0.000000000000000000e+00
0.000000000000000000e+00
0.000000000000000000e+00
0.000000000000000000e+00
0.000000000000000000e+00
0.000000000000000000e+00
5.262000000000000000e+03
5.262000000000000000e+03
0.000000000000000000e+00
0.000000000000000000e+00
0.000000000000000000e+00
0.000000000000000000e+00
0.000000000000000000e+00
0.000000000000000000e+00
0.000000000000000000e+00
0.000000000000000000e+00
0.000000000000000000e+00
0.000000000000000000e+00
5.262000000000000000e+03
5.262000000000000000e+03
0.000000000000000000e+00
0.000000000000000000e+00
0.000000000000000000e+00
0.000000000000000000e+00
0.000000000000000000e+00
0.000000000000000000e+00
0.000000000000000000e+00
0.000000000000000000e+00
0.000000000000000000e+00
0.000000000000000000e+00
1.105460000000000000e+05
5.475000000000000000e+03
0.000000000000000000e+00
0.000000000000000000e+00
0.000000000000000000e+00
0.000000000000000000e+00
0.000000000000000000e+00
0.000000000000000000e+00
0.000000000000000000e+00
0.000000000000000000e+00
0.000000000000000000e+00
0.000000000000000000e+00
5.853800000000000000e+04
5.965000000000000000e+03
0.000000000000000000e+00
0.000000000000000000e+00
0.000000000000000000e+00
0.000000000000000000e+00
0.000000000000000000e+00
0.000000000000000000e+00
0.000000000000000000e+00
0.000000000000000000e+00
0.000000000000000000e+00
0.000000000000000000e+00
5.965000000000000000e+03
5.965000000000000000e+03
0.000000000000000000e+00
0.000000000000000000e+00
0.000000000000000000e+00
0.000000000000000000e+00
0.000000000000000000e+00
0.000000000000000000e+00
0.000000000000000000e+00
0.000000000000000000e+00
0.000000000000000000e+00
0.000000000000000000e+00
5.965000000000000000e+03
5.965000000000000000e+03
0.000000000000000000e+00
0.000000000000000000e+00
0.000000000000000000e+00
0.000000000000000000e+00
0.000000000000000000e+00
0.000000000000000000e+00
0.000000000000000000e+00
0.000000000000000000e+00
0.000000000000000000e+00
0.000000000000000000e+00
5.965000000000000000e+03
5.965000000000000000e+03
0.000000000000000000e+00
0.000000000000000000e+00
0.000000000000000000e+00
0.000000000000000000e+00
0.000000000000000000e+00
0.000000000000000000e+00
0.000000000000000000e+00
0.000000000000000000e+00
0.000000000000000000e+00
0.000000000000000000e+00
9.809200000000000000e+04
2.549000000000000000e+03
0.000000000000000000e+00
0.000000000000000000e+00
0.000000000000000000e+00
0.000000000000000000e+00
0.000000000000000000e+00
0.000000000000000000e+00
0.000000000000000000e+00
0.000000000000000000e+00
0.000000000000000000e+00
0.000000000000000000e+00
2.549000000000000000e+03
2.549000000000000000e+03
0.000000000000000000e+00
0.000000000000000000e+00
0.000000000000000000e+00
0.000000000000000000e+00
0.000000000000000000e+00
0.000000000000000000e+00
0.000000000000000000e+00
0.000000000000000000e+00
0.000000000000000000e+00
0.000000000000000000e+00
6.498052000000000000e+06
1.761000000000000000e+04
0.000000000000000000e+00
0.000000000000000000e+00
0.000000000000000000e+00
0.000000000000000000e+00
0.000000000000000000e+00
0.000000000000000000e+00
0.000000000000000000e+00
0.000000000000000000e+00
0.000000000000000000e+00
0.000000000000000000e+00
1.573500000000000000e+05
1.734900000000000000e+04
0.000000000000000000e+00
0.000000000000000000e+00
0.000000000000000000e+00
0.000000000000000000e+00
0.000000000000000000e+00
0.000000000000000000e+00
0.000000000000000000e+00
0.000000000000000000e+00
0.000000000000000000e+00
0.000000000000000000e+00
9.410800000000000000e+04
1.897000000000000000e+04
0.000000000000000000e+00
0.000000000000000000e+00
0.000000000000000000e+00
0.000000000000000000e+00
0.000000000000000000e+00
0.000000000000000000e+00
0.000000000000000000e+00
0.000000000000000000e+00
0.000000000000000000e+00
0.000000000000000000e+00
2.004600000000000000e+04
1.897000000000000000e+04
0.000000000000000000e+00
0.000000000000000000e+00
0.000000000000000000e+00
0.000000000000000000e+00
0.000000000000000000e+00
0.000000000000000000e+00
0.000000000000000000e+00
0.000000000000000000e+00
0.000000000000000000e+00
0.000000000000000000e+00
1.897000000000000000e+04
1.897000000000000000e+04
0.000000000000000000e+00
0.000000000000000000e+00
0.000000000000000000e+00
0.000000000000000000e+00
0.000000000000000000e+00
0.000000000000000000e+00
0.000000000000000000e+00
0.000000000000000000e+00
0.000000000000000000e+00
0.000000000000000000e+00
1.478550000000000000e+05
1.846600000000000000e+04
0.000000000000000000e+00
0.000000000000000000e+00
0.000000000000000000e+00
0.000000000000000000e+00
0.000000000000000000e+00
0.000000000000000000e+00
0.000000000000000000e+00
0.000000000000000000e+00
0.000000000000000000e+00
0.000000000000000000e+00
8.961900000000000000e+04
1.961400000000000000e+04
0.000000000000000000e+00
0.000000000000000000e+00
0.000000000000000000e+00
0.000000000000000000e+00
0.000000000000000000e+00
0.000000000000000000e+00
0.000000000000000000e+00
0.000000000000000000e+00
0.000000000000000000e+00
0.000000000000000000e+00
7.977300000000000000e+04
2.016100000000000000e+04
0.000000000000000000e+00
0.000000000000000000e+00
0.000000000000000000e+00
0.000000000000000000e+00
0.000000000000000000e+00
0.000000000000000000e+00
0.000000000000000000e+00
0.000000000000000000e+00
0.000000000000000000e+00
0.000000000000000000e+00
2.016100000000000000e+04
2.016100000000000000e+04
0.000000000000000000e+00
0.000000000000000000e+00
0.000000000000000000e+00
0.000000000000000000e+00
0.000000000000000000e+00
0.000000000000000000e+00
0.000000000000000000e+00
0.000000000000000000e+00
0.000000000000000000e+00
0.000000000000000000e+00
2.016100000000000000e+04
2.016100000000000000e+04
0.000000000000000000e+00
0.000000000000000000e+00
0.000000000000000000e+00
0.000000000000000000e+00
0.000000000000000000e+00
0.000000000000000000e+00
0.000000000000000000e+00
0.000000000000000000e+00
0.000000000000000000e+00
0.000000000000000000e+00
1.431940000000000000e+05
1.624400000000000000e+04
0.000000000000000000e+00
0.000000000000000000e+00
0.000000000000000000e+00
0.000000000000000000e+00
0.000000000000000000e+00
0.000000000000000000e+00
0.000000000000000000e+00
0.000000000000000000e+00
0.000000000000000000e+00
0.000000000000000000e+00
2.539000000000000000e+04
1.624400000000000000e+04
0.000000000000000000e+00
0.000000000000000000e+00
0.000000000000000000e+00
0.000000000000000000e+00
0.000000000000000000e+00
0.000000000000000000e+00
0.000000000000000000e+00
0.000000000000000000e+00
0.000000000000000000e+00
0.000000000000000000e+00
1.757600000000000000e+04
1.624400000000000000e+04
0.000000000000000000e+00
0.000000000000000000e+00
0.000000000000000000e+00
9.175712000000000000e+06
3.003500000000000000e+04
2.949200000000000000e+04
0.000000000000000000e+00
0.000000000000000000e+00
0.000000000000000000e+00
0.000000000000000000e+00
8.282410000000000000e+05
3.259400000000000000e+04
5.114000000000000000e+03
0.000000000000000000e+00
0.000000000000000000e+00
0.000000000000000000e+00
0.000000000000000000e+00
0.000000000000000000e+00
0.000000000000000000e+00
0.000000000000000000e+00
0.000000000000000000e+00
0.000000000000000000e+00
1.162800000000000000e+05
2.625000000000000000e+04
1.430000000000000000e+03
0.000000000000000000e+00
0.000000000000000000e+00
0.000000000000000000e+00
0.000000000000000000e+00
0.000000000000000000e+00
0.000000000000000000e+00
0.000000000000000000e+00
0.000000000000000000e+00
0.000000000000000000e+00
2.585200000000000000e+04
2.625000000000000000e+04
1.430000000000000000e+03
0.000000000000000000e+00
0.000000000000000000e+00
0.000000000000000000e+00
0.000000000000000000e+00
0.000000000000000000e+00
0.000000000000000000e+00
0.000000000000000000e+00
0.000000000000000000e+00
0.000000000000000000e+00
2.932400000000000000e+04
2.622200000000000000e+04
1.430000000000000000e+03
0.000000000000000000e+00
0.000000000000000000e+00
0.000000000000000000e+00
0.000000000000000000e+00
0.000000000000000000e+00
0.000000000000000000e+00
0.000000000000000000e+00
0.000000000000000000e+00
0.000000000000000000e+00
2.590400000000000000e+04
2.625000000000000000e+04
1.430000000000000000e+03
0.000000000000000000e+00
0.000000000000000000e+00
0.000000000000000000e+00
0.000000000000000000e+00
1.326000000000000000e+03
0.000000000000000000e+00
0.000000000000000000e+00
0.000000000000000000e+00
0.000000000000000000e+00
2.575390000000000000e+05
2.173800000000000000e+04
1.449000000000000000e+03
0.000000000000000000e+00
0.000000000000000000e+00
0.000000000000000000e+00
0.000000000000000000e+00
0.000000000000000000e+00
0.000000000000000000e+00
0.000000000000000000e+00
0.000000000000000000e+00
0.000000000000000000e+00
7.108000000000000000e+04
2.192800000000000000e+04
1.460000000000000000e+03
0.000000000000000000e+00
0.000000000000000000e+00
0.000000000000000000e+00
0.000000000000000000e+00
0.000000000000000000e+00
0.000000000000000000e+00
0.000000000000000000e+00
0.000000000000000000e+00
0.000000000000000000e+00
2.149800000000000000e+04
2.192800000000000000e+04
1.460000000000000000e+03
0.000000000000000000e+00
0.000000000000000000e+00
0.000000000000000000e+00
0.000000000000000000e+00
0.000000000000000000e+00
0.000000000000000000e+00
0.000000000000000000e+00
0.000000000000000000e+00
0.000000000000000000e+00
2.149800000000000000e+04
2.192800000000000000e+04
1.460000000000000000e+03
0.000000000000000000e+00
0.000000000000000000e+00
0.000000000000000000e+00
0.000000000000000000e+00
0.000000000000000000e+00
0.000000000000000000e+00
0.000000000000000000e+00
0.000000000000000000e+00
0.000000000000000000e+00
2.149800000000000000e+04
2.192800000000000000e+04
1.460000000000000000e+03
0.000000000000000000e+00
0.000000000000000000e+00
0.000000000000000000e+00
0.000000000000000000e+00
3.413000000000000000e+03
0.000000000000000000e+00
0.000000000000000000e+00
0.000000000000000000e+00
0.000000000000000000e+00
1.911910000000000000e+05
2.701600000000000000e+04
4.955000000000000000e+03
0.000000000000000000e+00
0.000000000000000000e+00
0.000000000000000000e+00
0.000000000000000000e+00
0.000000000000000000e+00
0.000000000000000000e+00
0.000000000000000000e+00
0.000000000000000000e+00
0.000000000000000000e+00
3.377000000000000000e+04
2.693800000000000000e+04
4.955000000000000000e+03
0.000000000000000000e+00
0.000000000000000000e+00
2.005070600000000000e+08
1.889300000000000000e+04
0.000000000000000000e+00
0.000000000000000000e+00
0.000000000000000000e+00
0.000000000000000000e+00
0.000000000000000000e+00
0.000000000000000000e+00
0.000000000000000000e+00
0.000000000000000000e+00
0.000000000000000000e+00
0.000000000000000000e+00
6.375100000000000000e+04
2.142600000000000000e+04
0.000000000000000000e+00
0.000000000000000000e+00
0.000000000000000000e+00
0.000000000000000000e+00
0.000000000000000000e+00
0.000000000000000000e+00
0.000000000000000000e+00
0.000000000000000000e+00
0.000000000000000000e+00
0.000000000000000000e+00
3.750000000000000000e+04
1.967500000000000000e+04
0.000000000000000000e+00
0.000000000000000000e+00
0.000000000000000000e+00
0.000000000000000000e+00
0.000000000000000000e+00
0.000000000000000000e+00
0.000000000000000000e+00
0.000000000000000000e+00
0.000000000000000000e+00
0.000000000000000000e+00
1.967500000000000000e+04
1.967500000000000000e+04
1.032000000000000000e+03
0.000000000000000000e+00
0.000000000000000000e+00
0.000000000000000000e+00
0.000000000000000000e+00
0.000000000000000000e+00
0.000000000000000000e+00
0.000000000000000000e+00
0.000000000000000000e+00
0.000000000000000000e+00
9.468500000000000000e+04
2.751000000000000000e+04
0.000000000000000000e+00
0.000000000000000000e+00
0.000000000000000000e+00
0.000000000000000000e+00
0.000000000000000000e+00
0.000000000000000000e+00
0.000000000000000000e+00
0.000000000000000000e+00
0.000000000000000000e+00
0.000000000000000000e+00
3.513000000000000000e+04
2.751000000000000000e+04
0.000000000000000000e+00
0.000000000000000000e+00
0.000000000000000000e+00
0.000000000000000000e+00
0.000000000000000000e+00
0.000000000000000000e+00
8.400000000000000000e+02
0.000000000000000000e+00
0.000000000000000000e+00
0.000000000000000000e+00
1.010640000000000000e+05
2.676000000000000000e+04
0.000000000000000000e+00
0.000000000000000000e+00
0.000000000000000000e+00
0.000000000000000000e+00
0.000000000000000000e+00
0.000000000000000000e+00
0.000000000000000000e+00
0.000000000000000000e+00
0.000000000000000000e+00
0.000000000000000000e+00
6.369200000000000000e+04
2.286300000000000000e+04
0.000000000000000000e+00
0.000000000000000000e+00
0.000000000000000000e+00
0.000000000000000000e+00
0.000000000000000000e+00
0.000000000000000000e+00
0.000000000000000000e+00
0.000000000000000000e+00
0.000000000000000000e+00
0.000000000000000000e+00
2.571100000000000000e+04
2.286300000000000000e+04
0.000000000000000000e+00
0.000000000000000000e+00
0.000000000000000000e+00
0.000000000000000000e+00
0.000000000000000000e+00
0.000000000000000000e+00
0.000000000000000000e+00
0.000000000000000000e+00
0.000000000000000000e+00
0.000000000000000000e+00
1.497300000000000000e+05
1.912600000000000000e+04
0.000000000000000000e+00
0.000000000000000000e+00
0.000000000000000000e+00
0.000000000000000000e+00
0.000000000000000000e+00
0.000000000000000000e+00
0.000000000000000000e+00
0.000000000000000000e+00
0.000000000000000000e+00
0.000000000000000000e+00
1.912600000000000000e+04
1.912600000000000000e+04
0.000000000000000000e+00
0.000000000000000000e+00
0.000000000000000000e+00
0.000000000000000000e+00
0.000000000000000000e+00
0.000000000000000000e+00
0.000000000000000000e+00
0.000000000000000000e+00
0.000000000000000000e+00
0.000000000000000000e+00
5.461000000000000000e+04
2.196100000000000000e+04
0.000000000000000000e+00
0.000000000000000000e+00
0.000000000000000000e+00
0.000000000000000000e+00
0.000000000000000000e+00
0.000000000000000000e+00
0.000000000000000000e+00
0.000000000000000000e+00
0.000000000000000000e+00
0.000000000000000000e+00
3.568600000000000000e+04
2.598700000000000000e+04
0.000000000000000000e+00
0.000000000000000000e+00
0.000000000000000000e+00
0.000000000000000000e+00
2.764315000000000000e+07
7.225290000000000000e+05
5.193930000000000000e+05
4.007790000000000000e+05
5.435850000000000000e+05
2.562180000000000000e+05
1.110153000000000000e+06
5.262930000000000000e+05
1.948920000000000000e+05
3.257910000000000000e+05
4.349850000000000000e+05
2.230770000000000000e+05
3.562500000000000000e+05
3.071010000000000000e+05
2.389110000000000000e+05
2.557290000000000000e+05
5.937930000000000000e+05
3.448290000000000000e+05
5.303010000000000000e+05
1.526550000000000000e+05
2.505900000000000000e+05
3.186660000000000000e+05
2.262090000000000000e+05
2.763630000000000000e+05
1.781100000000000000e+05
2.534070000000000000e+05
2.772540000000000000e+05
4.111380000000000000e+05
2.376930000000000000e+05
3.221940000000000000e+05
4.890240000000000000e+05
2.609250000000000000e+05
2.252100000000000000e+05
6.769320000000000000e+05
1.996380000000000000e+05
5.926140000000000000e+05
2.412210000000000000e+05
2.724450000000000000e+05
3.735780000000000000e+05
3.323310000000000000e+05
2.632050000000000000e+05
2.315580000000000000e+05
4.245690000000000000e+05
1.907280000000000000e+05
1.153560000000000000e+05
3.606000000000000000e+05
1.628040000000000000e+05
1.845300000000000000e+05
4.340640000000000000e+05
4.125660000000000000e+05
2.078100000000000000e+05
7.264470000000000000e+05
3.725220000000000000e+05
2.701080000000000000e+05
4.409100000000000000e+05
1.751670000000000000e+05
2.075520000000000000e+05
6.049950000000000000e+05
6.511440000000000000e+05
4.426410000000000000e+05
6.143460000000000000e+05
6.018960000000000000e+05
2.878320000000000000e+05
7.530150000000000000e+05
3.030330000000000000e+05
2.358450000000000000e+05
4.190220000000000000e+05
3.236160000000000000e+05
3.444000000000000000e+05
2.901210000000000000e+05
3.147660000000000000e+05
2.001750000000000000e+05
1.776510000000000000e+05
1.511820000000000000e+05
5.438130000000000000e+05
6.607680000000000000e+05
1.000014000000000000e+06
2.444880000000000000e+05
5.684610000000000000e+05
3.674610000000000000e+05
2.829090000000000000e+05
4.975320000000000000e+05
7.563360000000000000e+05
5.877450000000000000e+05
3.939360000000000000e+05
3.182310000000000000e+05
4.150980000000000000e+05
2.290830000000000000e+05
2.708460000000000000e+05
2.010780000000000000e+05
4.432890000000000000e+05
4.438530000000000000e+05
4.383690000000000000e+05
1.753470000000000000e+05
2.507100000000000000e+05
4.972350000000000000e+05
4.696440000000000000e+05
3.208830000000000000e+05
1.825650000000000000e+05
2.518470000000000000e+05
3.863040000000000000e+05
2.820480000000000000e+05
4.871190000000000000e+05
1.363830000000000000e+05
1.512720000000000000e+05
3.432150000000000000e+05
4.501410000000000000e+05
5.298030000000000000e+05
3.675690000000000000e+05
3.797310000000000000e+05
6.451380000000000000e+05
8.162160000000000000e+05
1.139103000000000000e+06
5.015100000000000000e+05
6.489060000000000000e+05
2.717640000000000000e+05
1.636290000000000000e+05
3.722670000000000000e+05
4.712910000000000000e+05
2.104650000000000000e+05
3.572550000000000000e+05
3.398940000000000000e+05
2.974500000000000000e+05
2.599950000000000000e+05
6.112470000000000000e+05
1.045269000000000000e+06
6.297870000000000000e+05
2.159910000000000000e+05
2.665620000000000000e+05
3.008310000000000000e+05
3.656190000000000000e+05
6.142230000000000000e+05
4.799310000000000000e+05
2.708220000000000000e+05
2.850270000000000000e+05
4.762260000000000000e+05
4.128630000000000000e+05
4.119390000000000000e+05
5.720610000000000000e+05
1.709760000000000000e+05
1.157730000000000000e+05
5.461620000000000000e+05
7.463400000000000000e+05
1.012929000000000000e+06
2.487210000000000000e+05
2.213370000000000000e+05
2.310210000000000000e+05
1.518330000000000000e+05
7.289340000000000000e+05
3.702600000000000000e+05
4.588980000000000000e+05
3.329280000000000000e+05
4.651380000000000000e+05
1.955760000000000000e+05
5.839050000000000000e+05
4.243260000000000000e+05
1.522830000000000000e+05
4.730940000000000000e+05
6.225390000000000000e+05
2.368170000000000000e+05
8.283480000000000000e+05
8.974230000000000000e+05
5.762280000000000000e+05
4.748010000000000000e+05
2.740080000000000000e+05
2.442330000000000000e+05
3.236460000000000000e+05
3.755400000000000000e+05
2.097990000000000000e+05
2.094270000000000000e+05
1.302870000000000000e+05
5.791710000000000000e+05
6.767790000000000000e+05
4.286640000000000000e+05
4.963230000000000000e+05
1.300920000000000000e+05
1.922130000000000000e+05
1.196130000000000000e+05
4.747890000000000000e+05
7.646670000000000000e+05
2.174400000000000000e+05
3.640980000000000000e+05
2.353170000000000000e+05
1.831800000000000000e+05
3.439740000000000000e+05
5.745510000000000000e+05
5.327910000000000000e+05
4.420830000000000000e+05
6.911280000000000000e+05
5.246100000000000000e+05
4.153530000000000000e+05
5.949510000000000000e+05
2.433240000000000000e+05
2.361090000000000000e+05
3.687150000000000000e+05
6.410220000000000000e+05
5.497800000000000000e+05
5.992290000000000000e+05
6.711240000000000000e+05
1.611690000000000000e+05
2.838840000000000000e+05
1.325700000000000000e+05
2.278680000000000000e+05
2.825010000000000000e+05
7.235190000000000000e+05
2.439570000000000000e+05
2.051100000000000000e+05
2.319990000000000000e+05
3.900030000000000000e+05
3.238710000000000000e+05
4.490820000000000000e+05
2.994150000000000000e+05
3.561930000000000000e+05
1.972590000000000000e+05
3.290310000000000000e+05
1.996410000000000000e+05
3.159120000000000000e+05
2.812890000000000000e+05
2.967600000000000000e+05
2.894430000000000000e+05
4.302090000000000000e+05
2.285880000000000000e+05
5.608110000000000000e+05
4.230270000000000000e+05
4.150110000000000000e+05
1.996890000000000000e+05
3.288930000000000000e+05
3.074760000000000000e+05
4.990560000000000000e+05
1.124370000000000000e+05
2.270670000000000000e+05
1.327470000000000000e+05
1.741890000000000000e+05
7.253910000000000000e+05
5.924520000000000000e+05
2.020950000000000000e+05
1.184580000000000000e+05
3.792480000000000000e+05
3.955530000000000000e+05
5.213730000000000000e+05
5.052000000000000000e+05
1.661190000000000000e+05
1.641720000000000000e+05
1.622040000000000000e+05
4.106490000000000000e+05
2.836800000000000000e+05
4.212300000000000000e+05
6.517380000000000000e+05
1.300980000000000000e+05
7.042950000000000000e+05
4.207980000000000000e+05
2.270940000000000000e+05
2.773860000000000000e+05
2.202930000000000000e+05
2.113740000000000000e+05
1.310850000000000000e+05
2.291250000000000000e+05
6.393090000000000000e+05
5.064990000000000000e+05
2.366010000000000000e+05
6.464100000000000000e+05
6.654690000000000000e+05
2.942040000000000000e+05
1.843140000000000000e+05
4.253370000000000000e+05
3.191610000000000000e+05
4.676700000000000000e+05
4.008450000000000000e+05
5.371500000000000000e+05
3.098340000000000000e+05
4.325220000000000000e+05
2.287350000000000000e+05
3.341250000000000000e+05
1.400880000000000000e+05
1.947960000000000000e+05
3.200610000000000000e+05
1.961520000000000000e+05
3.385920000000000000e+05
4.444050000000000000e+05
3.485250000000000000e+05
1.400250000000000000e+05
3.335400000000000000e+05
9.807510000000000000e+05
2.685210000000000000e+05
1.093800000000000000e+05
1.711110000000000000e+05
2.280780000000000000e+05
3.018840000000000000e+05
4.786890000000000000e+05
1.450140000000000000e+05
5.162220000000000000e+05
4.094640000000000000e+05
5.932620000000000000e+05
2.647170000000000000e+05
4.525080000000000000e+05
1.929570000000000000e+05
3.576510000000000000e+05
3.367470000000000000e+05
3.425280000000000000e+05
3.485010000000000000e+05
3.673410000000000000e+05
1.195560000000000000e+05
2.259480000000000000e+05
2.166510000000000000e+05
3.658440000000000000e+05
3.883080000000000000e+05
5.573280000000000000e+05
2.214360000000000000e+05
1.055130000000000000e+05
2.928420000000000000e+05
4.238130000000000000e+05
2.763180000000000000e+05
3.456540000000000000e+05
4.270080000000000000e+05
2.036190000000000000e+05
3.123780000000000000e+05
3.337110000000000000e+05
4.139640000000000000e+05
5.443950000000000000e+05
5.395590000000000000e+05
5.383680000000000000e+05
4.482180000000000000e+05
6.146010000000000000e+05
2.865120000000000000e+05
3.006540000000000000e+05
3.331680000000000000e+05
3.766170000000000000e+05
3.204390000000000000e+05
7.950210000000000000e+05
4.231410000000000000e+05
5.678670000000000000e+05
1.493820000000000000e+05
2.653920000000000000e+05
1.443660000000000000e+05
1.829070000000000000e+05
2.409660000000000000e+05
4.235610000000000000e+05
1.055700000000000000e+05
2.895390000000000000e+05
2.958180000000000000e+05
2.817960000000000000e+05
2.046270000000000000e+05
9.083910000000000000e+05
2.240250000000000000e+05
2.889210000000000000e+05
4.445820000000000000e+05
2.654220000000000000e+05
6.434460000000000000e+05
6.673380000000000000e+05
5.968530000000000000e+05
3.406920000000000000e+05
1.609500000000000000e+05
3.334290000000000000e+05
4.372440000000000000e+05
4.635180000000000000e+05
3.024510000000000000e+05
2.611440000000000000e+05
4.209030000000000000e+05
2.199810000000000000e+05
1.797540000000000000e+05
5.830440000000000000e+05
9.000960000000000000e+05
2.691360000000000000e+05
6.155370000000000000e+05
3.095550000000000000e+05
3.125370000000000000e+05
6.817860000000000000e+05
2.098350000000000000e+05
2.170500000000000000e+05
2.895180000000000000e+05
2.859960000000000000e+05
2.891670000000000000e+05
5.914530000000000000e+05
6.087000000000000000e+05
2.580150000000000000e+05
1.688610000000000000e+05
1.540620000000000000e+05
3.515040000000000000e+05
4.902750000000000000e+05
2.630730000000000000e+05
3.411870000000000000e+05
2.039340000000000000e+05
2.527230000000000000e+05
1.885110000000000000e+05
4.139010000000000000e+05
2.314830000000000000e+05
3.774990000000000000e+05
2.703420000000000000e+05
2.220240000000000000e+05
4.690830000000000000e+05
4.779150000000000000e+05
3.293880000000000000e+05
2.670750000000000000e+05
1.751310000000000000e+05
4.021440000000000000e+05
5.909700000000000000e+05
5.423880000000000000e+05
6.305430000000000000e+05
3.283230000000000000e+05
2.618040000000000000e+05
2.293230000000000000e+05
2.119680000000000000e+05
5.406360000000000000e+05
2.012610000000000000e+05
5.189970000000000000e+05
6.338130000000000000e+05
3.459990000000000000e+05
3.767040000000000000e+05
6.183000000000000000e+05
2.141580000000000000e+05
2.775930000000000000e+05
2.867550000000000000e+05
2.088810000000000000e+05
3.405810000000000000e+05
6.330030000000000000e+05
4.035180000000000000e+05
7.256400000000000000e+05
2.368080000000000000e+05
3.472380000000000000e+05
3.772620000000000000e+05
2.580360000000000000e+05
1.869780000000000000e+05
2.027760000000000000e+05
1.350210000000000000e+05
2.199210000000000000e+05
4.641930000000000000e+05
6.072180000000000000e+05
7.663080000000000000e+05
2.403480000000000000e+05
2.407650000000000000e+05
4.222260000000000000e+05
3.660810000000000000e+05
3.704520000000000000e+05
2.288460000000000000e+05
3.011430000000000000e+05
2.341380000000000000e+05
1.641420000000000000e+05
3.326880000000000000e+05
5.079960000000000000e+05
3.329250000000000000e+05
1.197690000000000000e+05
2.302110000000000000e+05
1.313910000000000000e+05
3.443820000000000000e+05
4.703310000000000000e+05
7.657710000000000000e+05
1.710270000000000000e+05
1.939710000000000000e+05
3.181320000000000000e+05
2.975760000000000000e+05
5.685660000000000000e+05
3.497940000000000000e+05
1.892250000000000000e+05
2.761740000000000000e+05
3.766080000000000000e+05
8.935680000000000000e+05
6.153720000000000000e+05
7.502100000000000000e+05
4.585050000000000000e+05
1.297770000000000000e+05
3.941790000000000000e+05
8.132610000000000000e+05
5.423460000000000000e+05
6.241170000000000000e+05
4.886370000000000000e+05
1.623960000000000000e+05
2.660040000000000000e+05
1.972560000000000000e+05
2.842620000000000000e+05
7.288650000000000000e+05
5.972550000000000000e+05
6.137730000000000000e+05
8.467200000000000000e+04
3.217050000000000000e+05
5.762760000000000000e+05
3.386490000000000000e+05
3.488070000000000000e+05
1.687350000000000000e+05
3.634050000000000000e+05
2.438220000000000000e+05
1.925220000000000000e+05
2.588850000000000000e+05
2.162040000000000000e+05
2.310750000000000000e+05
2.678130000000000000e+05
2.979450000000000000e+05
6.890310000000000000e+05
3.823230000000000000e+05
2.056860000000000000e+05
1.345080000000000000e+05
1.952700000000000000e+05
5.244660000000000000e+05
2.687850000000000000e+05
7.010460000000000000e+05
3.263370000000000000e+05
2.303430000000000000e+05
5.558460000000000000e+05
3.562410000000000000e+05
1.055937000000000000e+06
2.169480000000000000e+05
4.859490000000000000e+05
3.187350000000000000e+05
3.038250000000000000e+05
3.229110000000000000e+05
4.183350000000000000e+05
2.639820000000000000e+05
2.721750000000000000e+05
2.821380000000000000e+05
2.632560000000000000e+05
2.790030000000000000e+05
6.175260000000000000e+05
4.218000000000000000e+04
8.826300000000000000e+04
1.124340000000000000e+05
1.123350000000000000e+05
3.329400000000000000e+04
7.902000000000000000e+03
2.910000000000000000e+02
0.000000000000000000e+00
0.000000000000000000e+00
0.000000000000000000e+00
0.000000000000000000e+00
3.000000000000000000e+01
0.000000000000000000e+00
2.304000000000000000e+03
1.617600000000000000e+04
4.350000000000000000e+04
9.626700000000000000e+04
1.152750000000000000e+05
1.877310000000000000e+05
1.751250000000000000e+05
2.056710000000000000e+05
2.092530000000000000e+05
3.745290000000000000e+05
4.158810000000000000e+05
1.224360000000000000e+05
1.960860000000000000e+05
1.634160000000000000e+05
5.003370000000000000e+05
1.539990000000000000e+05
1.706670000000000000e+05
1.976910000000000000e+05
1.467390000000000000e+05
1.006170000000000000e+06
7.401000000000000000e+04
3.278400000000000000e+04
5.280870000000000000e+05
2.842800000000000000e+04
2.528370000000000000e+05
2.461200000000000000e+04
5.508000000000000000e+03
0.000000000000000000e+00
0.000000000000000000e+00
3.854940000000000000e+05
3.871800000000000000e+04
7.575000000000000000e+03
0.000000000000000000e+00
5.263650000000000000e+05
3.975690000000000000e+05
2.658000000000000000e+04
4.107000000000000000e+03
1.671000000000000000e+03
3.279780000000000000e+05
3.171600000000000000e+04
1.382700000000000000e+04
0.000000000000000000e+00
0.000000000000000000e+00
6.456330000000000000e+05
4.474800000000000000e+04
5.937000000000000000e+03
3.723360000000000000e+05
3.542400000000000000e+04
4.270530000000000000e+05
2.441100000000000000e+04
5.034000000000000000e+03
0.000000000000000000e+00
3.295860000000000000e+05
3.917100000000000000e+04
3.414000000000000000e+03
2.192700000000000000e+04
1.290000000000000000e+03
7.125390000000000000e+05
4.098480000000000000e+05
2.992800000000000000e+04
0.000000000000000000e+00
0.000000000000000000e+00
4.746840000000000000e+05
3.547200000000000000e+04
6.273000000000000000e+03
0.000000000000000000e+00
0.000000000000000000e+00
2.431290000000000000e+05
2.339100000000000000e+04
1.233000000000000000e+04
3.616890000000000000e+05
4.220400000000000000e+04
4.429200000000000000e+05
1.466700000000000000e+04
5.022000000000000000e+03
5.760000000000000000e+02
4.298730000000000000e+05
3.249000000000000000e+04
1.584000000000000000e+03
0.000000000000000000e+00
9.000000000000000000e+01
3.148530000000000000e+05
3.745590000000000000e+05
1.637700000000000000e+04
1.335000000000000000e+03
6.240000000000000000e+02
4.651440000000000000e+05
2.675100000000000000e+04
4.248000000000000000e+03
0.000000000000000000e+00
0.000000000000000000e+00
4.542210000000000000e+05
2.283600000000000000e+04
1.041000000000000000e+03
3.475710000000000000e+05
2.514900000000000000e+04
4.092960000000000000e+05
2.582100000000000000e+04
5.529000000000000000e+03
0.000000000000000000e+00
5.269890000000000000e+05
1.842600000000000000e+04
2.106000000000000000e+03
0.000000000000000000e+00
0.000000000000000000e+00
3.019770000000000000e+05
3.626700000000000000e+05
2.607300000000000000e+04
1.092000000000000000e+03
0.000000000000000000e+00
4.810320000000000000e+05
2.364300000000000000e+04
6.843000000000000000e+03
0.000000000000000000e+00
1.920000000000000000e+02
3.232680000000000000e+05
3.089100000000000000e+04
2.973000000000000000e+03
3.919980000000000000e+05
2.004900000000000000e+04
6.210450000000000000e+05
2.741700000000000000e+04
1.392000000000000000e+03
0.000000000000000000e+00
9.099390000000000000e+05
1.417500000000000000e+04
3.201000000000000000e+03
0.000000000000000000e+00
2.298000000000000000e+03
2.794320000000000000e+05
3.815820000000000000e+05
2.526900000000000000e+04
0.000000000000000000e+00
0.000000000000000000e+00
8.550960000000000000e+05
4.263600000000000000e+04
4.476000000000000000e+03
0.000000000000000000e+00
1.920000000000000000e+02
2.634360000000000000e+05
2.243400000000000000e+04
3.297000000000000000e+03
3.585690000000000000e+05
2.592300000000000000e+04
7.469430000000000000e+05
3.973500000000000000e+04
5.805000000000000000e+03
1.806000000000000000e+03
4.001400000000000000e+05
3.270300000000000000e+04
9.471000000000000000e+03
0.000000000000000000e+00
1.005000000000000000e+03
3.304290000000000000e+05
4.021200000000000000e+05
2.467800000000000000e+04
2.241000000000000000e+03
0.000000000000000000e+00
3.503340000000000000e+05
2.126700000000000000e+04
2.400000000000000000e+03
4.416000000000000000e+03
0.000000000000000000e+00
3.538050000000000000e+05
1.456800000000000000e+04
0.000000000000000000e+00
3.565080000000000000e+05
2.602200000000000000e+04
2.763360000000000000e+05
1.083900000000000000e+04
1.233000000000000000e+03
8.880000000000000000e+02
5.008020000000000000e+05
2.251200000000000000e+04
5.472000000000000000e+03
9.408000000000000000e+03
0.000000000000000000e+00
2.334720000000000000e+05
3.289500000000000000e+05
2.786100000000000000e+04
0.000000000000000000e+00
0.000000000000000000e+00
2.742600000000000000e+05
2.565600000000000000e+04
8.565000000000000000e+03
3.798000000000000000e+03
0.000000000000000000e+00
8.194380000000000000e+05
3.684000000000000000e+04
7.800000000000000000e+03
3.633690000000000000e+05
3.211500000000000000e+04
3.840660000000000000e+05
2.022000000000000000e+04
2.526000000000000000e+03
0.000000000000000000e+00
9.368160000000000000e+05
2.651100000000000000e+04
5.835000000000000000e+03
2.610000000000000000e+03
2.691000000000000000e+03
5.102790000000000000e+05
3.792300000000000000e+05
2.014200000000000000e+04
0.000000000000000000e+00
5.040000000000000000e+02
3.422670000000000000e+05
1.355700000000000000e+04
3.150000000000000000e+03
0.000000000000000000e+00
1.440000000000000000e+02
3.132390000000000000e+05
3.253800000000000000e+04
2.532000000000000000e+03
3.689040000000000000e+05
1.967700000000000000e+04
3.200820000000000000e+05
1.436400000000000000e+04
1.929000000000000000e+03
2.304000000000000000e+03
7.593660000000000000e+05
2.902500000000000000e+04
4.098000000000000000e+03
0.000000000000000000e+00
0.000000000000000000e+00
7.933380000000000000e+05
3.920520000000000000e+05
2.266200000000000000e+04
0.000000000000000000e+00
0.000000000000000000e+00
6.742470000000000000e+05
3.841200000000000000e+04
5.997000000000000000e+03
0.000000000000000000e+00
0.000000000000000000e+00
8.580000000000000000e+05
3.834000000000000000e+04
1.785000000000000000e+03
3.702270000000000000e+05
6.757260000000000000e+05
3.288900000000000000e+04
0.000000000000000000e+00
0.000000000000000000e+00
0.000000000000000000e+00
9.508770000000000000e+05
3.917100000000000000e+04
6.228000000000000000e+03
4.032000000000000000e+03
2.397000000000000000e+03
3.894840000000000000e+05
3.858330000000000000e+05
1.719600000000000000e+04
1.107000000000000000e+03
0.000000000000000000e+00
2.877240000000000000e+05
1.920000000000000000e+04
4.092000000000000000e+03
0.000000000000000000e+00
0.000000000000000000e+00
2.702940000000000000e+05
1.939800000000000000e+04
4.518000000000000000e+03
3.346050000000000000e+05
7.063470000000000000e+05
4.010400000000000000e+04
1.523400000000000000e+04
3.255000000000000000e+03
0.000000000000000000e+00
4.222770000000000000e+05
4.419600000000000000e+04
1.067400000000000000e+04
1.875000000000000000e+03
1.536000000000000000e+03
3.925590000000000000e+05
3.878790000000000000e+05
1.843800000000000000e+04
9.600000000000000000e+02
0.000000000000000000e+00
2.750550000000000000e+05
2.347800000000000000e+04
4.830000000000000000e+03
5.280000000000000000e+02
0.000000000000000000e+00
3.318180000000000000e+05
1.221900000000000000e+04
2.406000000000000000e+03
3.354900000000000000e+05
6.200670000000000000e+05
2.348700000000000000e+04
6.789000000000000000e+03
0.000000000000000000e+00
0.000000000000000000e+00
1.014906000000000000e+06
3.231600000000000000e+04
1.158900000000000000e+04
6.549000000000000000e+03
0.000000000000000000e+00
1.213710000000000000e+06
3.658920000000000000e+05
2.150400000000000000e+04
9.900000000000000000e+02
0.000000000000000000e+00
3.431640000000000000e+05
2.641500000000000000e+04
7.764000000000000000e+03
0.000000000000000000e+00
1.983000000000000000e+03
4.184160000000000000e+05
1.306800000000000000e+04
1.045800000000000000e+04
3.848250000000000000e+05
8.076990000000000000e+05
3.189600000000000000e+04
1.100100000000000000e+04
0.000000000000000000e+00
0.000000000000000000e+00
8.463180000000000000e+05
2.897100000000000000e+04
5.262000000000000000e+03
0.000000000000000000e+00
0.000000000000000000e+00
9.672810000000000000e+05
3.500820000000000000e+05
2.235000000000000000e+04
1.377000000000000000e+03
5.877000000000000000e+03
8.912550000000000000e+05
3.766500000000000000e+04
1.920000000000000000e+03
1.182000000000000000e+03
0.000000000000000000e+00
5.115960000000000000e+05
6.118500000000000000e+04
1.374000000000000000e+04
3.644100000000000000e+05
7.523340000000000000e+05
2.900700000000000000e+04
1.530000000000000000e+03
0.000000000000000000e+00
1.026000000000000000e+03
3.544650000000000000e+05
3.334800000000000000e+04
4.818000000000000000e+03
0.000000000000000000e+00
0.000000000000000000e+00
3.131340000000000000e+05
4.075260000000000000e+05
2.678700000000000000e+04
2.400000000000000000e+01
0.000000000000000000e+00
2.468430000000000000e+05
1.796400000000000000e+04
1.788000000000000000e+03
0.000000000000000000e+00
2.112000000000000000e+03
4.207320000000000000e+05
2.789700000000000000e+04
0.000000000000000000e+00
3.584640000000000000e+05
7.984080000000000000e+05
3.478200000000000000e+04
2.874000000000000000e+03
0.000000000000000000e+00
0.000000000000000000e+00
2.649930000000000000e+05
2.015400000000000000e+04
9.600000000000000000e+01
0.000000000000000000e+00
0.000000000000000000e+00
3.021870000000000000e+05
3.635490000000000000e+05
2.057100000000000000e+04
0.000000000000000000e+00
0.000000000000000000e+00
6.361110000000000000e+05
2.413500000000000000e+04
1.473000000000000000e+03
0.000000000000000000e+00
0.000000000000000000e+00
6.348960000000000000e+05
5.771100000000000000e+04
5.994000000000000000e+03
3.725550000000000000e+05
4.021500000000000000e+05
1.084800000000000000e+04
5.328000000000000000e+03
0.000000000000000000e+00
0.000000000000000000e+00
3.281820000000000000e+05
2.805900000000000000e+04
6.570000000000000000e+03
0.000000000000000000e+00
0.000000000000000000e+00
4.856580000000000000e+05
3.589890000000000000e+05
1.865400000000000000e+04
0.000000000000000000e+00
0.000000000000000000e+00
0.000000000000000000e+00
3.028500000000000000e+05
1.108500000000000000e+04
1.005300000000000000e+04
0.000000000000000000e+00
0.000000000000000000e+00
4.242450000000000000e+05
2.157900000000000000e+04
3.292320000000000000e+05
2.064900000000000000e+04
2.239860000000000000e+05
1.175100000000000000e+04
3.408000000000000000e+03
1.680000000000000000e+03
0.000000000000000000e+00
5.733210000000000000e+05
1.924200000000000000e+04
9.831000000000000000e+03
6.066000000000000000e+03
0.000000000000000000e+00
7.354770000000000000e+05
2.449800000000000000e+04
0.000000000000000000e+00
0.000000000000000000e+00
0.000000000000000000e+00
6.667860000000000000e+05
2.224200000000000000e+04
3.210000000000000000e+03
0.000000000000000000e+00
0.000000000000000000e+00
7.787160000000000000e+05
2.426400000000000000e+04
3.613350000000000000e+05
2.475300000000000000e+04
7.998120000000000000e+05
2.196600000000000000e+04
6.120000000000000000e+03
3.144000000000000000e+03
0.000000000000000000e+00
8.733300000000000000e+05
3.799500000000000000e+04
3.261000000000000000e+03
0.000000000000000000e+00
0.000000000000000000e+00
1.492026000000000000e+06
2.034300000000000000e+04
0.000000000000000000e+00
0.000000000000000000e+00
2.922000000000000000e+03
7.410180000000000000e+05
2.853900000000000000e+04
2.895000000000000000e+03
0.000000000000000000e+00
5.349690000000000000e+05
3.264000000000000000e+04
4.287000000000000000e+03
3.743910000000000000e+05
3.010800000000000000e+04
3.813870000000000000e+05
1.662600000000000000e+04
5.091000000000000000e+03
0.000000000000000000e+00
2.061000000000000000e+03
6.687600000000000000e+05
2.532300000000000000e+04
3.000000000000000000e+03
0.000000000000000000e+00
0.000000000000000000e+00
7.615260000000000000e+05
2.071500000000000000e+04
0.000000000000000000e+00
0.000000000000000000e+00
3.240000000000000000e+03
2.545560000000000000e+05
1.689000000000000000e+04
0.000000000000000000e+00
2.400000000000000000e+01
5.716560000000000000e+05
2.559900000000000000e+04
8.760000000000000000e+03
3.801060000000000000e+05
1.706400000000000000e+04
5.176320000000000000e+05
3.765000000000000000e+04
0.000000000000000000e+00
0.000000000000000000e+00
1.920000000000000000e+03
3.747600000000000000e+05
3.309300000000000000e+04
4.560000000000000000e+03
0.000000000000000000e+00
0.000000000000000000e+00
8.794680000000000000e+05
2.039400000000000000e+04
0.000000000000000000e+00
0.000000000000000000e+00
0.000000000000000000e+00
1.316214000000000000e+06
4.148400000000000000e+04
7.629000000000000000e+03
2.688000000000000000e+03
4.887600000000000000e+05
3.762600000000000000e+04
7.728000000000000000e+03
3.672150000000000000e+05
1.574700000000000000e+04
4.483800000000000000e+05
4.761300000000000000e+04
5.856000000000000000e+03
0.000000000000000000e+00
0.000000000000000000e+00
4.041720000000000000e+05
4.776300000000000000e+04
1.465800000000000000e+04
2.583000000000000000e+03
2.208000000000000000e+03
6.363450000000000000e+05
2.075400000000000000e+04
0.000000000000000000e+00
0.000000000000000000e+00
0.000000000000000000e+00
7.114650000000000000e+05
3.063600000000000000e+04
5.103000000000000000e+03
4.308000000000000000e+03
8.772960000000000000e+05
3.562200000000000000e+04
6.648000000000000000e+03
3.446160000000000000e+05
2.816700000000000000e+04
5.521050000000000000e+05
2.511300000000000000e+04
5.982000000000000000e+03
3.015000000000000000e+03
0.000000000000000000e+00
5.387250000000000000e+05
2.021400000000000000e+04
1.218600000000000000e+04
2.042700000000000000e+04
3.120000000000000000e+03
6.704160000000000000e+05
2.981700000000000000e+04
3.252000000000000000e+03
2.703600000000000000e+04
2.972400000000000000e+04
5.539440000000000000e+05
4.515600000000000000e+04
4.057500000000000000e+04
4.879500000000000000e+04
3.795180000000000000e+05
6.209100000000000000e+04
6.518400000000000000e+04
4.285320000000000000e+05
5.454300000000000000e+04
2.059410000000000000e+05
6.444000000000000000e+04
6.622800000000000000e+04
9.942300000000000000e+04
8.833800000000000000e+04
4.515090000000000000e+05
4.033500000000000000e+04
5.656500000000000000e+04
8.245800000000000000e+04
1.092240000000000000e+05
6.137430000000000000e+05
3.737700000000000000e+04
2.219100000000000000e+04
8.478000000000000000e+04
1.209630000000000000e+05
3.691920000000000000e+05
4.142100000000000000e+04
5.000400000000000000e+04
7.781700000000000000e+04
1.022160000000000000e+05
4.060800000000000000e+04
5.793900000000000000e+04
2.028420000000000000e+05
9.405000000000000000e+03
3.273000000000000000e+04
1.167300000000000000e+04
3.186600000000000000e+04
1.983600000000000000e+04
7.260000000000000000e+03
3.120000000000000000e+04
4.641000000000000000e+03
7.200000000000000000e+01
1.205100000000000000e+04
3.465000000000000000e+03
9.450000000000000000e+02
0.000000000000000000e+00
0.000000000000000000e+00
0.000000000000000000e+00
0.000000000000000000e+00
0.000000000000000000e+00
