0.000000000000000000e+00
0.000000000000000000e+00
0.000000000000000000e+00
0.000000000000000000e+00
0.000000000000000000e+00
0.000000000000000000e+00
0.000000000000000000e+00
1.167256000000000000e+06
1.619445000000000000e+06
1.950627000000000000e+06
1.689798000000000000e+06
1.722969000000000000e+06
1.192100000000000000e+04
1.576663000000000000e+06
1.818648000000000000e+06
1.594061000000000000e+06
1.277393000000000000e+06
1.875227000000000000e+06
7.204300000000000000e+04
1.595103000000000000e+06
1.386418000000000000e+06
1.574045000000000000e+06
1.745540000000000000e+06
2.170968000000000000e+06
3.495000000000000000e+03
1.177952000000000000e+06
1.563506000000000000e+06
2.008776000000000000e+06
9.946070000000000000e+05
2.072077000000000000e+06
4.553100000000000000e+05
1.234256000000000000e+06
1.825867000000000000e+06
2.009462000000000000e+06
2.517720000000000000e+05
2.804452000000000000e+06
1.383928000000000000e+06
8.783640000000000000e+05
7.684280000000000000e+05
8.197230000000000000e+05
7.694300000000000000e+05
9.162390000000000000e+05
3.234610000000000000e+05
7.250390000000000000e+05
5.330170000000000000e+05
2.036027000000000000e+06
3.172355000000000000e+06
3.896513000000000000e+06
1.413100000000000000e+04
2.903237000000000000e+06
6.444291000000000000e+06
7.259392000000000000e+06
9.257227000000000000e+06
1.031271200000000000e+07
1.228770000000000000e+05
5.198924000000000000e+06
5.258057000000000000e+06
5.825695000000000000e+06
7.129545000000000000e+06
9.949547000000000000e+06
3.041110000000000000e+05
8.417890000000000000e+06
1.769840000000000000e+05
1.098369300000000000e+07
6.866723000000000000e+06
6.123925000000000000e+06
1.327690000000000000e+05
5.988579000000000000e+06
5.866803000000000000e+06
4.568090000000000000e+05
2.045939300000000000e+07
1.450335300000000000e+07
1.952330000000000000e+05
1.198508600000000000e+07
1.142518800000000000e+07
1.023519400000000000e+07
1.059297000000000000e+07
1.066524600000000000e+07
1.757930000000000000e+05
7.930369000000000000e+06
6.659581000000000000e+06
5.633138000000000000e+06
5.025116000000000000e+06
8.920159000000000000e+06
4.263610000000000000e+05
3.211343000000000000e+06
1.606517000000000000e+06
1.789462000000000000e+06
1.106539000000000000e+06
1.148595000000000000e+06
1.043000000000000000e+04
1.426868000000000000e+06
1.752882000000000000e+06
2.018889000000000000e+06
2.512190000000000000e+06
5.530134000000000000e+06
5.523130000000000000e+05
1.624816000000000000e+06
1.649873000000000000e+06
1.169460000000000000e+06
1.614419000000000000e+06
1.638406000000000000e+06
2.578200000000000000e+04
1.817759000000000000e+06
1.685492000000000000e+06
1.364491000000000000e+06
1.910223000000000000e+06
4.571325000000000000e+06
7.519720000000000000e+05
2.818289000000000000e+06
3.750494000000000000e+06
3.720027000000000000e+06
3.162073000000000000e+06
2.650417000000000000e+06
7.446600000000000000e+04
1.702440000000000000e+06
4.993530000000000000e+05
7.038890000000000000e+05
1.436271000000000000e+06
4.859143000000000000e+06
6.410310000000000000e+05
4.745390000000000000e+05
1.503346000000000000e+06
1.930296000000000000e+06
1.229000000000000000e+05
2.204341000000000000e+06
1.941260000000000000e+05
2.355121000000000000e+06
7.731000000000000000e+05
1.385220000000000000e+06
1.803625000000000000e+06
4.113863000000000000e+06
6.355880000000000000e+05
1.746291000000000000e+06
1.634107000000000000e+06
1.683892000000000000e+06
1.952510000000000000e+06
1.868605000000000000e+06
1.493010000000000000e+05
2.426700000000000000e+04
1.276447000000000000e+06
1.983082000000000000e+06
1.412638000000000000e+06
3.804499000000000000e+06
5.755230000000000000e+05
1.067175000000000000e+06
1.110515000000000000e+06
1.259041000000000000e+06
1.448199000000000000e+06
