9.465250000000000000e+05
1.958734000000000000e+06
2.025032000000000000e+06
2.035566000000000000e+06
5.552600000000000000e+04
2.023691000000000000e+06
1.874174000000000000e+06
1.656982000000000000e+06
1.507288000000000000e+06
1.360822000000000000e+06
7.726500000000000000e+04
3.384122000000000000e+06
8.605110000000000000e+05
6.498730000000000000e+05
4.936250000000000000e+05
6.579970000000000000e+05
5.153100000000000000e+04
8.257130000000000000e+05
9.317480000000000000e+05
8.078820000000000000e+05
7.869440000000000000e+05
8.715000000000000000e+05
6.972070000000000000e+05
3.040183000000000000e+06
4.615400000000000000e+05
5.456810000000000000e+05
7.570400000000000000e+05
6.901860000000000000e+05
7.162380000000000000e+05
8.684380000000000000e+05
1.119350000000000000e+05
6.939960000000000000e+05
1.306301000000000000e+06
1.404219000000000000e+06
4.496900000000000000e+04
3.245626000000000000e+06
1.509436000000000000e+06
1.339984000000000000e+06
1.344837000000000000e+06
1.371747000000000000e+06
7.564800000000000000e+04
1.231193000000000000e+06
1.173848000000000000e+06
1.549976000000000000e+06
1.430411000000000000e+06
1.511477000000000000e+06
5.415700000000000000e+04
3.407348000000000000e+06
1.522177000000000000e+06
1.196378000000000000e+06
1.064028000000000000e+06
4.019470000000000000e+05
2.964000000000000000e+04
7.429490000000000000e+05
5.234410000000000000e+05
4.450290000000000000e+05
4.102700000000000000e+05
3.634900000000000000e+05
2.715410000000000000e+05
3.382393000000000000e+06
4.091990000000000000e+05
1.264820000000000000e+05
1.244010000000000000e+05
1.164810000000000000e+05
2.536700000000000000e+04
1.911590000000000000e+05
2.489220000000000000e+05
2.909730000000000000e+05
2.500140000000000000e+05
2.358570000000000000e+05
2.252600000000000000e+04
6.708574700000000000e+07
1.033014000000000000e+06
1.562724000000000000e+06
2.019815000000000000e+06
2.452951000000000000e+06
8.241900000000000000e+04
2.216891000000000000e+06
2.421617000000000000e+06
2.674658000000000000e+06
2.838052000000000000e+06
3.953062000000000000e+06
1.877010000000000000e+05
6.087721000000000000e+06
4.484577000000000000e+06
4.200902000000000000e+06
3.799842000000000000e+06
3.781205000000000000e+06
3.594045000000000000e+06
3.568486000000000000e+06
3.796300000000000000e+04
3.517277000000000000e+06
3.810724000000000000e+06
3.818808000000000000e+06
5.703700000000000000e+04
5.982862000000000000e+06
2.335056000000000000e+06
2.044822000000000000e+06
1.950639000000000000e+06
1.931031000000000000e+06
2.872700000000000000e+04
1.867428000000000000e+06
1.688327000000000000e+06
1.631008000000000000e+06
7.136040000000000000e+05
7.327990000000000000e+05
4.134900000000000000e+04
3.036892000000000000e+06
1.161757000000000000e+06
8.230340000000000000e+05
8.390050000000000000e+05
9.255330000000000000e+05
3.584600000000000000e+04
1.347703000000000000e+06
1.295579000000000000e+06
1.246905000000000000e+06
9.628220000000000000e+05
6.624860000000000000e+05
5.760330000000000000e+05
3.947940000000000000e+06
4.319090000000000000e+05
7.039090000000000000e+05
7.110380000000000000e+05
9.570100000000000000e+05
3.520000000000000000e+04
9.505060000000000000e+05
1.050940000000000000e+06
1.038552000000000000e+06
1.078537000000000000e+06
1.312239000000000000e+06
6.981400000000000000e+04
3.013078000000000000e+06
1.902227000000000000e+06
1.724424000000000000e+06
1.926349000000000000e+06
1.834270000000000000e+06
1.449420000000000000e+05
2.233182000000000000e+06
2.361677000000000000e+06
2.505310000000000000e+06
2.555868000000000000e+06
2.543301000000000000e+06
1.917110000000000000e+05
4.363819000000000000e+06
2.669664000000000000e+06
2.527950000000000000e+06
2.084170000000000000e+06
1.955230000000000000e+06
1.412382000000000000e+06
