1.119679700000000000e+07
1.058307300000000000e+07
9.137692000000000000e+06
8.151292000000000000e+06
3.449670000000000000e+05
5.417722000000000000e+06
2.239796000000000000e+06
4.820899000000000000e+06
8.293937000000000000e+06
8.667233000000000000e+06
3.545870000000000000e+05
1.070611400000000000e+07
9.422594000000000000e+06
9.080112000000000000e+06
8.506262000000000000e+06
9.511085000000000000e+06
4.678810000000000000e+05
9.435782000000000000e+06
8.825485000000000000e+06
8.996615000000000000e+06
8.651003000000000000e+06
8.754800000000000000e+06
5.241860000000000000e+05
1.025740700000000000e+07
5.211494000000000000e+06
5.962060000000000000e+06
7.113190000000000000e+06
6.184715000000000000e+06
3.635000000000000000e+05
5.719058000000000000e+06
4.134957000000000000e+06
4.641587000000000000e+06
4.233661000000000000e+06
4.255865000000000000e+06
2.924880000000000000e+05
7.181539000000000000e+06
4.536932000000000000e+06
5.857955000000000000e+06
7.252330000000000000e+06
7.787699000000000000e+06
5.478490000000000000e+05
7.423236000000000000e+06
7.374074000000000000e+06
7.219724000000000000e+06
6.929235000000000000e+06
6.924386000000000000e+06
4.993590000000000000e+05
9.173352000000000000e+06
6.889083000000000000e+06
5.862356000000000000e+06
5.816491000000000000e+06
5.409358000000000000e+06
4.171430000000000000e+05
2.968127000000000000e+06
3.668192000000000000e+06
4.176147000000000000e+06
3.564489000000000000e+06
3.663016000000000000e+06
2.438720000000000000e+05
6.958272000000000000e+06
4.635531000000000000e+06
4.077140000000000000e+06
4.462433000000000000e+06
4.338923000000000000e+06
2.021390000000000000e+05
3.499883000000000000e+06
2.332189000000000000e+06
1.939334000000000000e+06
1.183993000000000000e+06
1.325409000000000000e+06
1.038030000000000000e+05
5.000848000000000000e+06
2.598341000000000000e+06
3.486339000000000000e+06
3.933749000000000000e+06
2.558474000000000000e+06
1.354100000000000000e+05
2.405926000000000000e+06
1.786646000000000000e+06
2.274470000000000000e+06
2.714289000000000000e+06
1.605665000000000000e+06
8.974800000000000000e+04
4.630489000000000000e+06
1.451040000000000000e+06
1.488506000000000000e+06
1.581500000000000000e+06
1.197725000000000000e+06
1.056290000000000000e+05
1.189671000000000000e+06
1.008163000000000000e+06
6.405840000000000000e+05
6.516720000000000000e+05
2.002999000000000000e+06
6.022000000000000000e+04
5.342212000000000000e+06
1.957730000000000000e+06
6.675750000000000000e+05
3.647788000000000000e+07
2.365983000000000000e+06
2.412190000000000000e+05
1.991462000000000000e+06
1.804544000000000000e+06
1.194253000000000000e+06
1.440732000000000000e+06
1.718458000000000000e+06
1.330430000000000000e+05
4.346284000000000000e+06
1.199958000000000000e+06
1.170728000000000000e+06
6.105150000000000000e+05
7.229160000000000000e+05
3.131000000000000000e+04
6.058520000000000000e+05
5.460470000000000000e+05
1.274821000000000000e+06
1.146089000000000000e+06
9.105360000000000000e+05
6.771400000000000000e+04
3.303827000000000000e+06
1.267502000000000000e+06
8.904130000000000000e+05
1.203139000000000000e+06
1.408914000000000000e+06
1.301800000000000000e+05
1.050750000000000000e+06
2.358731000000000000e+06
2.501001000000000000e+06
3.235420000000000000e+06
3.988623000000000000e+06
1.457960000000000000e+05
6.408565000000000000e+06
6.562413000000000000e+06
7.644585000000000000e+06
7.934756000000000000e+06
8.744308000000000000e+06
3.851130000000000000e+05
9.630631000000000000e+06
1.043103100000000000e+07
1.253952500000000000e+07
1.248865700000000000e+07
1.384594600000000000e+07
3.770270000000000000e+05
1.420973400000000000e+07
1.037994400000000000e+07
1.037771100000000000e+07
9.547173000000000000e+06
7.334010000000000000e+06
4.776470000000000000e+05
