6.287638000000000000e+06
4.590124000000000000e+06
4.299433000000000000e+06
3.466836000000000000e+06
3.344770000000000000e+05
6.629329000000000000e+06
3.355778000000000000e+06
2.751292000000000000e+06
2.360966000000000000e+06
2.147582000000000000e+06
1.758000000000000000e+05
2.791142000000000000e+06
2.222209000000000000e+06
1.781169000000000000e+06
2.374831000000000000e+06
2.245631000000000000e+06
2.100230000000000000e+05
4.743246000000000000e+06
3.345140000000000000e+06
3.708767000000000000e+06
3.408192000000000000e+06
3.177600000000000000e+06
2.490850000000000000e+05
3.678195000000000000e+06
3.327878000000000000e+06
2.638078000000000000e+06
2.421756000000000000e+06
2.208189000000000000e+06
2.217910000000000000e+05
4.803899000000000000e+06
2.411822000000000000e+06
2.044538000000000000e+06
1.818992000000000000e+06
1.606700000000000000e+06
1.662470000000000000e+05
2.699233000000000000e+06
2.076142000000000000e+06
1.897774000000000000e+06
1.491181000000000000e+06
1.320542000000000000e+06
1.233570000000000000e+05
3.998676000000000000e+06
1.828714000000000000e+06
1.989059000000000000e+06
1.866329000000000000e+06
2.358767000000000000e+06
1.060500000000000000e+05
2.691104000000000000e+06
2.049485000000000000e+06
2.157128000000000000e+06
1.923023000000000000e+06
1.929687000000000000e+06
1.796440000000000000e+05
4.455589000000000000e+06
2.057178000000000000e+06
1.454713000000000000e+06
2.044906000000000000e+06
1.551960000000000000e+06
9.323300000000000000e+04
2.751628000000000000e+06
1.432661000000000000e+06
1.761475000000000000e+06
5.462237400000000000e+07
2.160940000000000000e+06
3.735940000000000000e+05
4.611052000000000000e+06
5.457402000000000000e+06
9.703474000000000000e+06
9.486690000000000000e+06
5.207836000000000000e+06
2.517450000000000000e+05
3.165645000000000000e+06
3.659317000000000000e+06
5.028201000000000000e+06
5.919883000000000000e+06
5.935367000000000000e+06
3.031300000000000000e+05
6.195516000000000000e+06
2.193314000000000000e+06
2.248433000000000000e+06
9.920880000000000000e+05
6.544750000000000000e+05
4.609300000000000000e+04
1.593936000000000000e+06
8.026670000000000000e+05
1.427596000000000000e+06
2.366548000000000000e+06
1.604685000000000000e+06
8.345800000000000000e+04
4.096775000000000000e+06
7.638770000000000000e+05
6.301980000000000000e+05
1.156636000000000000e+06
1.634696000000000000e+06
7.713600000000000000e+04
2.074422000000000000e+06
1.297620000000000000e+06
2.284186000000000000e+06
1.966083000000000000e+06
1.515100000000000000e+06
8.730000000000000000e+04
3.548567000000000000e+06
1.906991000000000000e+06
2.614507000000000000e+06
3.753826000000000000e+06
3.358071000000000000e+06
1.718610000000000000e+05
7.170237000000000000e+06
8.767540000000000000e+06
9.381283000000000000e+06
1.096510000000000000e+07
1.402408200000000000e+07
4.124680000000000000e+05
1.711961700000000000e+07
1.815373500000000000e+07
2.022026200000000000e+07
2.227641800000000000e+07
2.399807100000000000e+07
4.451780000000000000e+05
2.340488700000000000e+07
2.326431400000000000e+07
2.010177800000000000e+07
1.828352700000000000e+07
1.705408100000000000e+07
2.917350000000000000e+05
1.849946800000000000e+07
1.737196000000000000e+07
1.499057700000000000e+07
9.630993000000000000e+06
6.683123000000000000e+06
5.183190000000000000e+05
7.921970000000000000e+06
8.194592000000000000e+06
6.618018000000000000e+06
5.536905000000000000e+06
5.985413000000000000e+06
3.440860000000000000e+05
7.765526000000000000e+06
6.650694000000000000e+06
6.697579000000000000e+06
5.836485000000000000e+06
5.337925000000000000e+06
3.528050000000000000e+05
3.512346000000000000e+06
2.951105000000000000e+06
2.693103000000000000e+06
3.486816000000000000e+06
1.976505000000000000e+06
1.469350000000000000e+05
