1.158468000000000000e+06
2.079575000000000000e+06
3.729668000000000000e+06
3.901056000000000000e+06
2.164160000000000000e+05
4.585279000000000000e+06
2.710093000000000000e+06
2.040618000000000000e+06
2.865734000000000000e+06
1.851594000000000000e+06
1.509660000000000000e+05
4.050120000000000000e+06
1.311371000000000000e+06
3.095560000000000000e+05
1.696489000000000000e+06
1.443594000000000000e+06
5.626400000000000000e+04
1.750811000000000000e+06
2.105989000000000000e+06
2.895314000000000000e+06
3.165686000000000000e+06
3.395934000000000000e+06
1.055120000000000000e+05
4.952789000000000000e+06
2.183277000000000000e+06
2.925920000000000000e+06
2.670193000000000000e+06
1.790563000000000000e+06
1.819350000000000000e+05
1.985837000000000000e+06
2.423293000000000000e+06
3.127448000000000000e+06
3.774138000000000000e+06
3.843735000000000000e+06
2.199460000000000000e+05
4.858995000000000000e+06
4.929197000000000000e+06
1.096894500000000000e+07
1.316213400000000000e+07
1.285828500000000000e+07
3.710390000000000000e+05
1.245889200000000000e+07
1.238427200000000000e+07
4.656264800000000000e+07
1.311408000000000000e+06
1.329987000000000000e+06
1.610920000000000000e+05
4.886572000000000000e+06
7.764940000000000000e+05
4.403280000000000000e+05
4.399670000000000000e+05
3.354310000000000000e+05
2.363900000000000000e+04
5.046050000000000000e+05
9.766020000000000000e+05
1.178549000000000000e+06
1.345682000000000000e+06
1.676699000000000000e+06
1.098990000000000000e+05
3.582242000000000000e+06
1.643714000000000000e+06
1.731780000000000000e+06
2.026847000000000000e+06
1.997493000000000000e+06
1.772830000000000000e+05
2.152926000000000000e+06
2.244609000000000000e+06
2.310199000000000000e+06
2.280743000000000000e+06
1.797956000000000000e+06
1.248980000000000000e+05
3.521624000000000000e+06
8.350260000000000000e+05
7.947780000000000000e+05
1.267806000000000000e+06
1.667673000000000000e+06
8.946400000000000000e+04
1.713021000000000000e+06
2.007942000000000000e+06
2.041736000000000000e+06
2.112742000000000000e+06
1.588229000000000000e+06
1.516930000000000000e+05
4.454583000000000000e+06
1.736621000000000000e+06
1.659446000000000000e+06
1.590771000000000000e+06
1.068172000000000000e+06
1.059400000000000000e+05
7.890210000000000000e+05
8.202060000000000000e+05
1.222839000000000000e+06
1.273615000000000000e+06
1.290484000000000000e+06
1.112100000000000000e+05
3.394525000000000000e+06
1.712535000000000000e+06
1.587711000000000000e+06
1.602970000000000000e+06
1.707011000000000000e+06
1.185680000000000000e+05
1.370944000000000000e+06
9.292290000000000000e+05
7.204950000000000000e+05
6.231500000000000000e+05
4.389510000000000000e+05
3.432700000000000000e+04
3.574369000000000000e+06
9.881100000000000000e+05
7.550060000000000000e+05
9.448830000000000000e+05
6.576740000000000000e+05
7.501100000000000000e+04
5.623390000000000000e+05
4.405550000000000000e+05
3.501840000000000000e+05
6.906570000000000000e+05
6.763270000000000000e+05
6.296300000000000000e+04
2.839260000000000000e+06
7.103680000000000000e+05
6.444200000000000000e+04
1.366340000000000000e+05
2.522060000000000000e+05
2.689800000000000000e+04
3.766290000000000000e+05
3.546680000000000000e+05
5.976820000000000000e+05
5.689910000000000000e+05
4.810310000000000000e+05
4.905000000000000000e+04
2.356093000000000000e+06
7.111260000000000000e+05
5.031630000000000000e+05
5.261610000000000000e+05
5.529410000000000000e+05
1.883100000000000000e+04
5.872750000000000000e+05
5.100680000000000000e+05
6.281130000000000000e+05
1.085591000000000000e+06
1.246608000000000000e+06
1.258970000000000000e+05
4.465095000000000000e+06
1.769913000000000000e+06
1.025757000000000000e+06
1.153951000000000000e+06
1.438256000000000000e+06
1.011460000000000000e+05
