1.155187000000000000e+06
1.064915000000000000e+06
1.062651000000000000e+06
7.114340000000000000e+05
7.406800000000000000e+04
2.781053000000000000e+06
1.072956000000000000e+06
9.620960000000000000e+05
8.741370000000000000e+05
1.155744000000000000e+06
8.488900000000000000e+04
1.639073000000000000e+06
1.177580000000000000e+06
1.350646000000000000e+06
1.661851000000000000e+06
1.577762000000000000e+06
1.164320000000000000e+05
3.878890000000000000e+06
1.982154000000000000e+06
1.593727000000000000e+06
1.356538000000000000e+06
1.166887000000000000e+06
7.479500000000000000e+04
1.650127000000000000e+06
9.944560000000000000e+05
7.359160000000000000e+05
1.001345000000000000e+06
1.260945000000000000e+06
1.128881000000000000e+06
2.791885000000000000e+06
4.826000000000000000e+05
1.082762000000000000e+06
1.102323000000000000e+06
1.066289000000000000e+06
6.163600000000000000e+04
2.760403000000000000e+06
3.722848000000000000e+06
3.621291000000000000e+06
3.355641000000000000e+06
4.261182000000000000e+06
5.040329000000000000e+06
6.549425000000000000e+06
4.961930000000000000e+05
5.243028000000000000e+06
4.690918000000000000e+06
3.365145000000000000e+06
1.013770000000000000e+05
3.673967000000000000e+06
5.992829000000000000e+06
8.236284000000000000e+06
1.754360000000000000e+05
1.414683000000000000e+07
8.662600000000000000e+04
1.518566800000000000e+07
5.690150000000000000e+05
4.568400000000000000e+04
9.951850000000000000e+06
1.150530000000000000e+05
4.401495000000000000e+06
2.847537000000000000e+06
1.906570000000000000e+05
2.083917000000000000e+06
2.137363000000000000e+06
1.632344000000000000e+06
1.567940000000000000e+05
3.742541000000000000e+06
1.461208000000000000e+06
7.020070000000000000e+05
6.236850000000000000e+05
9.827320000000000000e+05
4.562072000000000000e+06
5.548570000000000000e+06
1.316520000000000000e+05
4.723170000000000000e+06
4.880419000000000000e+06
4.213290000000000000e+06
1.307650000000000000e+05
6.035286000000000000e+06
4.016318000000000000e+06
4.242027000000000000e+06
1.589280000000000000e+05
8.088992000000000000e+06
1.102560000000000000e+05
9.383899000000000000e+06
1.125160000000000000e+05
6.085500000000000000e+04
5.787101000000000000e+06
7.305900000000000000e+04
1.732300000000000000e+04
6.259370000000000000e+06
1.050994000000000000e+06
7.169630000000000000e+05
8.948200000000000000e+05
6.619550000000000000e+05
4.802400000000000000e+04
1.189518000000000000e+06
1.140692000000000000e+06
1.403693000000000000e+06
1.349825000000000000e+06
1.230319000000000000e+06
1.159190000000000000e+05
2.293857000000000000e+06
1.435672000000000000e+06
1.265077000000000000e+06
1.155710000000000000e+06
1.004687000000000000e+06
6.643800000000000000e+04
1.339423000000000000e+06
7.027410000000000000e+05
8.084500000000000000e+05
6.213400000000000000e+04
3.733400000000000000e+05
6.443100000000000000e+04
2.168867000000000000e+06
1.213691000000000000e+06
6.468000000000000000e+04
1.720770000000000000e+05
5.400000000000000000e+03
0.000000000000000000e+00
9.993860000000000000e+05
3.669030000000000000e+05
3.088330000000000000e+05
3.810430000000000000e+05
8.609010000000000000e+05
5.736900000000000000e+04
4.863776000000000000e+06
6.948335000000000000e+06
5.176469700000000000e+07
7.463582000000000000e+06
7.780170000000000000e+06
1.867200000000000000e+05
8.043469000000000000e+06
9.186491000000000000e+06
6.172382000000000000e+06
4.747354000000000000e+06
4.561714000000000000e+06
1.493210000000000000e+05
7.972717000000000000e+06
4.777682000000000000e+06
4.692993000000000000e+06
1.043480000000000000e+05
9.029727000000000000e+06
4.552300000000000000e+04
1.017947000000000000e+06
7.777384000000000000e+06
1.031670000000000000e+05
8.068155000000000000e+06
6.705800000000000000e+04
1.121690000000000000e+05
