3.260116000000000000e+06
2.209397000000000000e+06
2.704613000000000000e+06
3.418045000000000000e+06
8.930800000000000000e+04
3.359138000000000000e+06
2.889788000000000000e+06
2.681215000000000000e+06
2.231261000000000000e+06
1.915472000000000000e+06
6.416100000000000000e+04
3.521158000000000000e+06
8.341090000000000000e+05
5.740090000000000000e+05
9.358850000000000000e+05
8.738540000000000000e+05
2.169500000000000000e+04
6.932430000000000000e+05
2.142420000000000000e+05
4.124570000000000000e+05
6.122640000000000000e+05
8.787430000000000000e+05
1.759900000000000000e+04
3.385552000000000000e+06
1.534248000000000000e+06
1.178711000000000000e+06
1.353830000000000000e+06
1.525705000000000000e+06
5.501000000000000000e+04
1.881219000000000000e+06
1.852449000000000000e+06
1.674245000000000000e+06
1.187718000000000000e+06
6.751610000000000000e+05
5.578400000000000000e+04
2.440332000000000000e+06
5.745500000000000000e+05
6.643170000000000000e+05
1.335892000000000000e+06
2.049572000000000000e+06
7.923800000000000000e+04
2.143042000000000000e+06
2.398766000000000000e+06
2.727442000000000000e+06
3.156431000000000000e+06
3.156451000000000000e+06
1.044490000000000000e+05
6.036776000000000000e+06
3.952021000000000000e+06
3.125564000000000000e+06
2.597941000000000000e+06
2.237867000000000000e+06
7.856700000000000000e+04
2.126588000000000000e+06
1.868995000000000000e+06
1.706385000000000000e+06
1.656261000000000000e+06
1.251283000000000000e+06
7.938400000000000000e+04
2.908570000000000000e+06
1.056697000000000000e+06
6.888070000000000000e+05
6.699440000000000000e+05
6.475010000000000000e+05
5.010900000000000000e+04
1.374945000000000000e+06
2.397807000000000000e+06
2.804378000000000000e+06
2.807767000000000000e+06
2.936543000000000000e+06
2.014220000000000000e+05
4.959211000000000000e+06
3.398972000000000000e+06
2.906500000000000000e+06
2.262434000000000000e+06
1.871808000000000000e+06
1.067320000000000000e+05
1.573624000000000000e+06
1.573047000000000000e+06
1.543191000000000000e+06
1.283309000000000000e+06
1.070708000000000000e+06
5.833600000000000000e+04
3.222497000000000000e+06
9.445390000000000000e+05
7.009600000000000000e+05
1.222726900000000000e+07
4.181020000000000000e+05
5.748900000000000000e+04
6.660140000000000000e+05
8.107350000000000000e+05
1.229154000000000000e+06
1.422952000000000000e+06
2.019785000000000000e+06
1.046750000000000000e+05
4.890287000000000000e+06
3.518058000000000000e+06
3.548456000000000000e+06
2.992203000000000000e+06
2.564202000000000000e+06
2.074460000000000000e+05
2.406207000000000000e+06
2.770997000000000000e+06
2.498381000000000000e+06
2.123511000000000000e+06
9.570750000000000000e+05
1.152190000000000000e+05
4.274190000000000000e+06
1.201329000000000000e+06
9.848590000000000000e+05
6.782630000000000000e+05
5.932050000000000000e+05
4.720300000000000000e+04
2.336170000000000000e+05
3.966160000000000000e+05
7.556760000000000000e+05
2.224610000000000000e+06
2.446363000000000000e+06
6.472900000000000000e+04
3.394781000000000000e+06
1.057897000000000000e+06
8.312360000000000000e+05
1.109723000000000000e+06
1.306866000000000000e+06
6.894200000000000000e+04
1.290067000000000000e+06
8.460410000000000000e+05
9.496900000000000000e+05
9.770640000000000000e+05
7.282820000000000000e+05
7.908100000000000000e+04
3.302615000000000000e+06
1.399013000000000000e+06
8.885380000000000000e+05
9.961450000000000000e+05
9.623720000000000000e+05
8.723000000000000000e+04
8.411310000000000000e+05
9.869880000000000000e+05
9.808750000000000000e+05
9.053520000000000000e+05
7.712160000000000000e+05
8.513300000000000000e+04
3.320855000000000000e+06
1.045085000000000000e+06
8.378690000000000000e+05
7.090420000000000000e+05
9.384260000000000000e+05
5.518200000000000000e+04
