1.701705000000000000e+06
8.526600000000000000e+05
1.506327000000000000e+06
2.251566000000000000e+06
6.422700000000000000e+04
5.329003000000000000e+06
4.317333000000000000e+06
3.747084000000000000e+06
3.291159000000000000e+06
3.262209000000000000e+06
7.564900000000000000e+04
3.891225000000000000e+06
3.078691000000000000e+06
2.638098000000000000e+06
2.322930000000000000e+06
1.953576000000000000e+06
7.779000000000000000e+04
4.223832000000000000e+06
1.717488000000000000e+06
6.106320000000000000e+05
5.035570000000000000e+05
7.005990000000000000e+05
5.473400000000000000e+04
1.695207000000000000e+06
9.729170000000000000e+05
4.463640000000000000e+05
8.808640000000000000e+05
1.131616000000000000e+06
4.100500000000000000e+04
2.793405000000000000e+06
1.415124000000000000e+06
7.490320000000000000e+05
4.639620000000000000e+05
5.254350000000000000e+05
4.368200000000000000e+04
8.805560000000000000e+05
5.281690000000000000e+05
5.423820000000000000e+05
9.248530000000000000e+05
1.199665000000000000e+06
5.404700000000000000e+04
2.521084000000000000e+06
7.170750000000000000e+05
3.458800000000000000e+05
4.314540000000000000e+05
1.910510000000000000e+05
7.879000000000000000e+03
9.348090000000000000e+05
5.880600000000000000e+05
4.733240000000000000e+05
3.060690000000000000e+05
1.326130000000000000e+05
7.187000000000000000e+03
2.184485000000000000e+06
6.489250000000000000e+05
1.913790000000000000e+05
3.532210000000000000e+05
2.515900000000000000e+05
5.225100000000000000e+04
9.806930000000000000e+05
8.621810000000000000e+05
1.756960000000000000e+06
3.757245800000000000e+07
3.520451000000000000e+06
3.252210000000000000e+05
7.602142000000000000e+06
5.236705000000000000e+06
5.377063000000000000e+06
6.214391000000000000e+06
5.064142000000000000e+06
3.362390000000000000e+05
5.943874000000000000e+06
3.943563000000000000e+06
2.594398000000000000e+06
3.929637000000000000e+06
3.539334000000000000e+06
2.269440000000000000e+05
6.923300000000000000e+06
3.857629000000000000e+06
2.348438000000000000e+06
2.447137000000000000e+06
3.656097000000000000e+06
1.991030000000000000e+05
3.250253000000000000e+06
2.409051000000000000e+06
1.999626000000000000e+06
2.904651000000000000e+06
3.130763000000000000e+06
1.108210000000000000e+05
5.387173000000000000e+06
3.269287000000000000e+06
3.049949000000000000e+06
1.127524000000000000e+06
2.815451000000000000e+06
1.638210000000000000e+05
4.344931000000000000e+06
3.410396000000000000e+06
3.971381000000000000e+06
5.931564000000000000e+06
4.911466000000000000e+06
3.034310000000000000e+05
6.705110000000000000e+06
5.940140000000000000e+06
8.095850000000000000e+06
9.684161000000000000e+06
1.162621000000000000e+07
4.222610000000000000e+05
1.019571700000000000e+07
7.496994000000000000e+06
6.834316000000000000e+06
6.159357000000000000e+06
4.349914000000000000e+06
2.820650000000000000e+05
5.959292000000000000e+06
1.661954000000000000e+06
1.304301000000000000e+06
1.995791000000000000e+06
2.979738000000000000e+06
3.570606000000000000e+06
3.315423000000000000e+06
2.265460000000000000e+05
2.818949000000000000e+06
2.889740000000000000e+06
3.467035000000000000e+06
1.825170000000000000e+05
6.273523000000000000e+06
5.492063000000000000e+06
7.370842000000000000e+06
8.659296000000000000e+06
9.471288000000000000e+06
4.669610000000000000e+05
7.907918000000000000e+06
6.464022000000000000e+06
5.235596000000000000e+06
6.084278000000000000e+06
7.881952000000000000e+06
3.493200000000000000e+05
1.231325000000000000e+07
1.246028000000000000e+07
1.179246000000000000e+07
9.877312000000000000e+06
8.194295000000000000e+06
3.166160000000000000e+05
6.748553000000000000e+06
5.939304000000000000e+06
7.390520000000000000e+06
1.168518600000000000e+07
1.946518100000000000e+07
2.631633600000000000e+07
