9.050860000000000000e+05
4.145229000000000000e+06
2.802991000000000000e+06
2.268796000000000000e+06
8.310400000000000000e+04
3.778022000000000000e+06
2.211782000000000000e+06
1.490604000000000000e+06
4.045963000000000000e+06
6.003648000000000000e+06
8.865000000000000000e+04
6.251924000000000000e+06
1.498690000000000000e+05
1.111170500000000000e+07
7.327507000000000000e+06
5.613059000000000000e+06
1.211730000000000000e+05
2.777593000000000000e+06
8.667786000000000000e+06
3.282763000000000000e+06
1.819140000000000000e+06
1.431970000000000000e+05
1.565800000000000000e+04
2.520450000000000000e+06
2.650271000000000000e+06
3.414010000000000000e+06
1.072190000000000000e+05
4.703432000000000000e+06
8.673150000000000000e+05
2.905177000000000000e+06
4.402380000000000000e+05
5.935590000000000000e+05
9.611880000000000000e+05
1.984245000000000000e+06
8.698900000000000000e+04
1.959586000000000000e+06
1.774482000000000000e+06
2.681261000000000000e+06
3.556279000000000000e+06
3.468693000000000000e+06
1.237700000000000000e+05
5.560110000000000000e+06
4.139580000000000000e+05
6.513576000000000000e+06
3.235787000000000000e+06
4.141363000000000000e+06
1.367960000000000000e+05
7.012370000000000000e+05
4.162609400000000000e+07
7.495870000000000000e+05
1.190142000000000000e+06
9.950700000000000000e+04
1.025500000000000000e+04
5.796700000000000000e+06
2.849714000000000000e+06
3.147594000000000000e+06
7.534600000000000000e+04
5.396609000000000000e+06
3.816826000000000000e+06
5.324540000000000000e+06
1.068200000000000000e+05
4.905144000000000000e+06
4.829262000000000000e+06
5.910077000000000000e+06
1.034050000000000000e+05
8.043770000000000000e+06
6.897234000000000000e+06
6.956608000000000000e+06
7.050522000000000000e+06
6.027749000000000000e+06
2.150140000000000000e+05
5.212765000000000000e+06
1.990840000000000000e+05
6.019910000000000000e+06
1.672285000000000000e+06
1.184163000000000000e+06
1.080790000000000000e+05
2.897382000000000000e+06
3.611018000000000000e+06
2.308858000000000000e+06
3.199723000000000000e+06
2.088020000000000000e+05
1.726800000000000000e+04
5.846159000000000000e+06
2.456097000000000000e+06
2.178237000000000000e+06
1.806380000000000000e+05
2.670765000000000000e+06
1.189280000000000000e+05
3.949320000000000000e+06
1.746844000000000000e+06
6.305190000000000000e+05
1.893787000000000000e+06
2.123865000000000000e+06
1.420000000000000000e+05
1.994838000000000000e+06
1.129102000000000000e+06
1.018219000000000000e+06
8.540180000000000000e+05
1.233210000000000000e+06
5.949200000000000000e+04
3.221446000000000000e+06
5.596240000000000000e+05
2.877161000000000000e+06
1.153830000000000000e+06
2.227420000000000000e+06
1.599110000000000000e+05
7.840590000000000000e+05
2.648031000000000000e+06
1.058904000000000000e+06
1.621192000000000000e+06
8.701300000000000000e+04
7.133000000000000000e+03
3.924963000000000000e+06
1.506358000000000000e+06
1.088364000000000000e+06
8.622800000000000000e+04
1.774917000000000000e+06
1.003980000000000000e+05
1.780782000000000000e+06
9.007790000000000000e+05
9.642690000000000000e+05
1.359999000000000000e+06
1.324887000000000000e+06
9.173000000000000000e+04
3.706761000000000000e+06
1.394919000000000000e+06
1.266150000000000000e+06
1.192707000000000000e+06
1.496417000000000000e+06
9.500500000000000000e+04
2.410296000000000000e+06
1.110110000000000000e+05
6.554811000000000000e+06
4.860480000000000000e+06
5.323159000000000000e+06
2.510880000000000000e+05
2.793868000000000000e+06
7.839091000000000000e+06
3.596852000000000000e+06
3.002197000000000000e+06
2.327570000000000000e+05
2.395500000000000000e+04
3.558276000000000000e+06
1.653942000000000000e+06
1.168803000000000000e+06
9.842000000000000000e+04
2.590717000000000000e+06
8.430300000000000000e+04
