2.189960000000000000e+06
1.221192000000000000e+06
1.775725000000000000e+06
1.503699000000000000e+06
1.042800000000000000e+05
1.122640000000000000e+06
1.350322000000000000e+06
1.694269000000000000e+06
2.539376000000000000e+06
3.554167000000000000e+06
1.974330000000000000e+05
5.648259000000000000e+06
4.613230000000000000e+05
7.591191000000000000e+06
4.689904000000000000e+06
3.992353000000000000e+06
1.692400000000000000e+05
9.360700000000000000e+04
6.601102000000000000e+06
3.454276000000000000e+06
2.813328000000000000e+06
1.299830000000000000e+05
7.307000000000000000e+04
6.120871000000000000e+06
2.602736000000000000e+06
1.910914000000000000e+06
1.095060000000000000e+05
2.418125000000000000e+06
1.272300000000000000e+05
1.255679000000000000e+06
5.282590000000000000e+05
1.039386000000000000e+06
1.818536000000000000e+06
1.762309000000000000e+06
8.677300000000000000e+04
3.846732000000000000e+06
1.229378000000000000e+06
8.400040000000000000e+05
8.569070000000000000e+05
6.855110000000000000e+05
4.861900000000000000e+04
5.962930000000000000e+05
5.226320000000000000e+05
6.823800000000000000e+05
1.052693000000000000e+06
9.645170000000000000e+05
3.822300000000000000e+04
2.602249000000000000e+06
7.372540000000000000e+05
2.685110000000000000e+05
2.453190000000000000e+05
2.683180000000000000e+05
1.479300000000000000e+04
1.952200000000000000e+05
1.871940000000000000e+05
2.766080000000000000e+05
3.007600000000000000e+05
2.259300000000000000e+05
1.070300000000000000e+04
1.924621000000000000e+06
5.793160000000000000e+05
2.456650000000000000e+05
2.781650000000000000e+05
2.805110000000000000e+05
1.632200000000000000e+04
3.811870000000000000e+05
2.430330000000000000e+05
2.686190000000000000e+05
3.365630000000000000e+05
3.604180000000000000e+05
5.539200000000000000e+04
2.089323000000000000e+06
7.268590000000000000e+05
2.998860000000000000e+05
7.048420000000000000e+05
3.981208000000000000e+06
1.041790000000000000e+05
4.038289000000000000e+06
4.377203000000000000e+06
3.816853700000000000e+07
4.211424000000000000e+06
4.597660000000000000e+06
1.076330000000000000e+05
6.778585000000000000e+06
4.946565000000000000e+06
3.071188000000000000e+06
5.180780000000000000e+05
5.290480000000000000e+05
3.122100000000000000e+04
5.581480000000000000e+05
5.450370000000000000e+05
3.427169000000000000e+06
5.128645000000000000e+06
7.690899000000000000e+06
5.299500000000000000e+04
1.022475500000000000e+07
8.164120000000000000e+06
2.670323000000000000e+06
2.603199000000000000e+06
2.715246000000000000e+06
9.055500000000000000e+04
2.535654000000000000e+06
2.411104000000000000e+06
2.344257000000000000e+06
2.301903000000000000e+06
2.026080000000000000e+06
4.794900000000000000e+04
4.560542000000000000e+06
2.344825000000000000e+06
2.027864000000000000e+06
2.036960000000000000e+06
1.894838000000000000e+06
8.116700000000000000e+04
2.085854000000000000e+06
1.989049000000000000e+06
2.298955000000000000e+06
2.507325000000000000e+06
2.575452000000000000e+06
3.495100000000000000e+04
2.845084000000000000e+06
1.055815000000000000e+06
6.366700000000000000e+05
1.017015000000000000e+06
1.081418000000000000e+06
9.469300000000000000e+04
1.121948000000000000e+06
1.055468000000000000e+06
1.348450000000000000e+06
1.033851000000000000e+06
1.126000000000000000e+06
8.244000000000000000e+04
2.413389000000000000e+06
9.922240000000000000e+05
5.255280000000000000e+05
5.590890000000000000e+05
5.324450000000000000e+05
3.707000000000000000e+04
3.709930000000000000e+05
3.013470000000000000e+05
2.326720000000000000e+05
2.643440000000000000e+05
2.195300000000000000e+05
1.448700000000000000e+04
1.954443000000000000e+06
7.406460000000000000e+05
2.708380000000000000e+05
5.335240000000000000e+05
7.415270000000000000e+05
4.169500000000000000e+04
