1.221001600000000000e+07
6.343249000000000000e+06
6.196397000000000000e+06
5.864196000000000000e+06
4.435200000000000000e+04
3.205493000000000000e+06
2.814218000000000000e+06
2.849727000000000000e+06
2.822602000000000000e+06
3.100518000000000000e+06
3.753700000000000000e+04
5.191641000000000000e+06
3.356820000000000000e+06
3.153632000000000000e+06
3.725345000000000000e+06
4.689785000000000000e+06
2.633460000000000000e+05
5.144187000000000000e+06
1.685146000000000000e+06
1.722636000000000000e+06
1.624900000000000000e+06
1.548765000000000000e+06
9.376300000000000000e+04
4.076774000000000000e+06
1.602615000000000000e+06
1.360462000000000000e+06
1.316969000000000000e+06
1.340115000000000000e+06
6.495200000000000000e+04
1.374754000000000000e+06
1.561381000000000000e+06
1.278699000000000000e+06
1.432497000000000000e+06
1.281783000000000000e+06
1.670200000000000000e+04
2.156242000000000000e+06
1.036973000000000000e+06
9.210470000000000000e+05
8.527600000000000000e+05
8.218580000000000000e+05
5.887200000000000000e+04
3.109472000000000000e+06
6.649155000000000000e+06
6.206600000000000000e+06
6.413495000000000000e+06
3.094745000000000000e+06
1.501910000000000000e+05
4.256136000000000000e+06
5.142436000000000000e+06
5.701561000000000000e+06
8.730594000000000000e+06
1.489042000000000000e+07
7.634000000000000000e+04
1.781018500000000000e+07
1.788549500000000000e+07
1.786193600000000000e+07
1.695865000000000000e+07
8.450362000000000000e+06
1.307600000000000000e+04
4.475567000000000000e+06
3.796925000000000000e+06
3.655444000000000000e+06
4.646723000000000000e+06
6.411203000000000000e+06
7.184400000000000000e+04
6.582287000000000000e+06
6.413637000000000000e+06
6.320678000000000000e+06
6.291228000000000000e+06
6.324786000000000000e+06
4.349300000000000000e+04
8.245147000000000000e+06
6.766796000000000000e+06
6.831039000000000000e+06
7.081441000000000000e+06
7.083015000000000000e+06
4.150000000000000000e+04
6.998091000000000000e+06
6.869398000000000000e+06
6.664927000000000000e+06
5.879805000000000000e+06
5.774863000000000000e+06
7.649800000000000000e+04
1.427758200000000000e+07
6.528830000000000000e+06
6.188820000000000000e+06
5.874963000000000000e+06
2.921216000000000000e+06
2.037900000000000000e+04
3.532230000000000000e+05
3.762260000000000000e+05
1.669833000000000000e+06
1.753230000000000000e+06
1.689666000000000000e+06
3.472900000000000000e+04
3.330779000000000000e+06
1.868493000000000000e+06
1.571078000000000000e+06
1.503336000000000000e+06
1.594200000000000000e+06
7.797500000000000000e+04
1.669104000000000000e+06
1.547256000000000000e+06
1.531320000000000000e+06
1.529467000000000000e+06
6.759190000000000000e+05
6.854300000000000000e+04
2.124801000000000000e+06
8.558560000000000000e+05
6.050050000000000000e+05
4.954180000000000000e+05
7.303940000000000000e+05
3.777500000000000000e+04
6.931530000000000000e+05
6.753950000000000000e+05
7.113630000000000000e+05
7.470240000000000000e+05
7.431400000000000000e+05
8.714900000000000000e+04
2.062590000000000000e+06
7.487240000000000000e+05
6.411930000000000000e+05
5.901020000000000000e+05
6.119200000000000000e+05
1.158760000000000000e+05
6.570660000000000000e+05
5.921590000000000000e+05
6.309950000000000000e+05
6.107360000000000000e+05
6.069200000000000000e+05
1.752900000000000000e+04
1.878728000000000000e+06
8.816520000000000000e+05
7.053620000000000000e+05
8.030590000000000000e+05
6.996890000000000000e+05
4.516200000000000000e+04
5.908140000000000000e+05
6.547160000000000000e+05
7.039070000000000000e+05
5.657750000000000000e+05
6.198500000000000000e+05
5.343400000000000000e+04
2.911101000000000000e+06
9.571470000000000000e+05
8.806480000000000000e+05
8.734940000000000000e+05
1.141997000000000000e+06
2.538600000000000000e+04
