2.184361000000000000e+06
1.126521000000000000e+06
1.294002000000000000e+06
1.124854000000000000e+06
4.817000000000000000e+04
2.837473000000000000e+06
9.479470000000000000e+05
5.335670000000000000e+05
5.327330000000000000e+05
6.048510000000000000e+05
3.597700000000000000e+04
1.236259000000000000e+06
2.876850000000000000e+05
2.897930000000000000e+05
4.224690000000000000e+05
3.920400000000000000e+05
3.601900000000000000e+04
1.773526000000000000e+06
3.848190000000000000e+05
1.138320000000000000e+05
2.073910000000000000e+05
2.694660000000000000e+05
7.473300000000000000e+04
6.246350000000000000e+05
3.619610000000000000e+05
1.694780000000000000e+05
1.169050000000000000e+05
1.303850000000000000e+05
1.313600000000000000e+04
1.195665000000000000e+06
4.075180000000000000e+05
1.416980000000000000e+05
9.248800000000000000e+04
4.702000000000000000e+04
4.694000000000000000e+03
3.082240000000000000e+05
1.142580000000000000e+05
1.292220000000000000e+05
1.872690000000000000e+05
2.123930000000000000e+05
1.995700000000000000e+04
1.011685000000000000e+06
4.284570000000000000e+05
1.192310000000000000e+05
1.086640000000000000e+05
8.133700000000000000e+04
4.050000000000000000e+03
3.116700000000000000e+05
4.699630000000000000e+05
7.485880000000000000e+05
8.135360000000000000e+05
8.754330000000000000e+05
4.392200000000000000e+04
2.404468000000000000e+06
4.170557000000000000e+06
1.073065100000000000e+07
1.073673900000000000e+07
1.067126400000000000e+07
2.946800000000000000e+04
1.360931000000000000e+07
1.632581400000000000e+07
1.639274700000000000e+07
1.644007700000000000e+07
1.641880600000000000e+07
1.693800000000000000e+04
1.708367500000000000e+07
8.572729000000000000e+06
1.001555100000000000e+07
9.898695000000000000e+06
1.007305800000000000e+07
6.279100000000000000e+04
9.727026000000000000e+06
1.260192200000000000e+07
1.510833600000000000e+07
1.692671500000000000e+07
1.447086400000000000e+07
1.849050000000000000e+05
1.099066600000000000e+07
9.268665000000000000e+06
9.516449000000000000e+06
7.239572000000000000e+06
4.399558000000000000e+06
5.598600000000000000e+04
2.492654000000000000e+06
1.771795000000000000e+06
1.770767000000000000e+06
1.827551000000000000e+06
1.937417000000000000e+06
1.038140000000000000e+05
3.972762000000000000e+06
2.134644000000000000e+06
2.217149000000000000e+06
2.271858000000000000e+06
2.401318000000000000e+06
1.114930000000000000e+05
2.839967000000000000e+06
2.423482000000000000e+06
1.863855000000000000e+06
1.828538000000000000e+06
1.730603000000000000e+06
9.393100000000000000e+04
2.699141000000000000e+06
9.564180000000000000e+05
5.801980000000000000e+05
6.001770000000000000e+05
2.585810000000000000e+05
1.982000000000000000e+04
6.921060000000000000e+05
1.697520000000000000e+05
4.251150000000000000e+05
4.914560000000000000e+05
5.148640000000000000e+05
1.711800000000000000e+04
2.487265000000000000e+06
7.133490000000000000e+05
4.775390000000000000e+05
3.411140000000000000e+05
2.773640000000000000e+05
9.554000000000000000e+03
8.866470000000000000e+05
3.103300000000000000e+05
3.585580000000000000e+05
4.909860000000000000e+05
6.399980000000000000e+05
5.284900000000000000e+04
1.733649000000000000e+06
8.165450000000000000e+05
7.724480000000000000e+05
7.971170000000000000e+05
8.380200000000000000e+05
2.773400000000000000e+04
6.878480000000000000e+05
3.566960000000000000e+05
6.268950000000000000e+05
5.218280000000000000e+05
2.469410000000000000e+05
1.539100000000000000e+04
1.965453000000000000e+06
5.775160000000000000e+05
3.455210000000000000e+05
9.131820000000000000e+05
1.010861000000000000e+06
5.235400000000000000e+04
1.009774000000000000e+06
8.234990000000000000e+05
7.624780000000000000e+05
7.693560000000000000e+05
7.408870000000000000e+05
4.114600000000000000e+04
