1.258733000000000000e+06
1.938740000000000000e+05
2.469650000000000000e+05
1.570580000000000000e+05
1.472200000000000000e+04
7.264410000000000000e+05
1.066245000000000000e+06
1.135811000000000000e+06
8.938760000000000000e+05
1.192639000000000000e+06
1.151750000000000000e+05
3.057376000000000000e+06
9.208830000000000000e+05
1.069685000000000000e+06
1.738574000000000000e+06
1.231974000000000000e+06
2.721500000000000000e+04
7.120840000000000000e+05
7.657740000000000000e+05
9.505970000000000000e+05
4.172345000000000000e+06
4.619159000000000000e+06
6.809000000000000000e+04
6.031943000000000000e+06
3.928673000000000000e+06
3.685986000000000000e+06
3.959064000000000000e+06
3.583271000000000000e+06
3.756206000000000000e+06
3.724192000000000000e+06
2.263910000000000000e+05
3.035708000000000000e+06
9.548850000000000000e+05
3.201100000000000000e+05
2.613500000000000000e+04
3.245171000000000000e+06
8.892230000000000000e+05
1.925070000000000000e+05
2.920090000000000000e+05
9.611470000000000000e+05
5.422400000000000000e+04
7.358680000000000000e+05
3.124980000000000000e+05
8.183330000000000000e+05
1.067934000000000000e+06
5.335200000000000000e+05
4.380600000000000000e+04
2.461366000000000000e+06
9.321620000000000000e+05
3.861990000000000000e+05
3.326450000000000000e+05
5.227890000000000000e+05
2.009900000000000000e+04
4.515050000000000000e+05
4.379830000000000000e+05
4.573750000000000000e+05
5.187850000000000000e+05
5.509480000000000000e+05
4.453380000000000000e+05
3.037179000000000000e+06
4.932250000000000000e+05
1.711040000000000000e+05
2.134740000000000000e+05
5.809640000000000000e+05
2.826300000000000000e+04
6.863790000000000000e+05
6.924110000000000000e+05
1.032675000000000000e+06
1.006274000000000000e+06
8.575040000000000000e+05
5.471000000000000000e+04
2.447285000000000000e+06
7.329520000000000000e+05
6.225020000000000000e+05
9.671750000000000000e+05
1.041802000000000000e+06
4.073600000000000000e+04
6.683580000000000000e+05
6.489360000000000000e+05
3.767930000000000000e+05
2.788100000000000000e+05
8.197680000000000000e+05
1.731900000000000000e+04
2.808787000000000000e+06
1.288534000000000000e+06
1.591910000000000000e+06
1.453148000000000000e+06
1.108103000000000000e+06
1.126346000000000000e+06
9.255900000000000000e+05
4.856800000000000000e+04
7.320840000000000000e+05
4.985650000000000000e+05
4.435870000000000000e+05
5.070200000000000000e+04
2.730382000000000000e+06
1.292869000000000000e+06
1.441728000000000000e+06
1.720667000000000000e+06
1.330715000000000000e+06
6.328600000000000000e+04
8.910440000000000000e+05
9.715230000000000000e+05
9.190750000000000000e+05
7.530150000000000000e+05
2.855560000000000000e+05
2.381200000000000000e+04
2.562739000000000000e+06
8.270700000000000000e+05
4.364020000000000000e+05
5.938540000000000000e+05
5.674570000000000000e+05
4.110400000000000000e+04
4.657680000000000000e+05
4.586850000000000000e+05
3.475440000000000000e+05
3.230420000000000000e+05
5.034460000000000000e+05
6.150050000000000000e+05
3.283103000000000000e+06
4.225450000000000000e+05
1.150326000000000000e+06
1.466997000000000000e+06
1.343075000000000000e+06
6.835100000000000000e+04
4.532000000000000000e+03
2.361721000000000000e+06
6.484380000000000000e+05
7.070560000000000000e+05
2.962900000000000000e+05
3.175300000000000000e+04
2.300272000000000000e+06
6.904680000000000000e+05
4.333860000000000000e+05
4.637200000000000000e+04
1.189198000000000000e+06
3.107400000000000000e+04
4.663970000000000000e+05
6.299320000000000000e+05
6.050820000000000000e+05
4.215750000000000000e+05
5.105390000000000000e+05
6.764100000000000000e+04
2.349623000000000000e+06
4.463580000000000000e+05
2.591010000000000000e+05
4.997050000000000000e+05
1.435450000000000000e+05
3.904230000000000000e+05
