8.428950000000000000e+05
3.992803600000000000e+07
6.438090000000000000e+05
4.136910000000000000e+05
4.011900000000000000e+04
1.567900000000000000e+04
6.720850000000000000e+05
2.310520000000000000e+05
7.665620000000000000e+05
4.897060000000000000e+05
6.900300000000000000e+04
4.729289000000000000e+06
9.645560000000000000e+05
7.806690000000000000e+05
8.750200000000000000e+04
7.954920000000000000e+05
3.065100000000000000e+04
2.439230000000000000e+05
4.871710000000000000e+05
4.894390000000000000e+05
6.529450000000000000e+05
8.022530000000000000e+05
3.936900000000000000e+04
3.442518000000000000e+06
5.445680000000000000e+05
5.175480000000000000e+05
1.553045000000000000e+06
2.633230000000000000e+05
3.788750000000000000e+05
4.864390000000000000e+05
3.372200000000000000e+04
4.410350000000000000e+05
4.587690000000000000e+05
4.964810000000000000e+05
1.012700000000000000e+04
3.086923000000000000e+06
1.592013000000000000e+06
4.056440000000000000e+05
6.571880000000000000e+05
7.400280000000000000e+05
4.880400000000000000e+04
4.420030000000000000e+05
3.386660000000000000e+05
4.110560000000000000e+05
9.237200000000000000e+04
5.464650000000000000e+05
4.962100000000000000e+04
3.575205000000000000e+06
5.842590000000000000e+05
2.331730000000000000e+05
5.745720000000000000e+05
3.812720000000000000e+05
5.257200000000000000e+04
4.992120000000000000e+05
2.471400000000000000e+04
3.885670000000000000e+05
7.922540000000000000e+05
3.605680000000000000e+05
2.696600000000000000e+05
3.832790000000000000e+06
5.289760000000000000e+05
3.093220000000000000e+05
5.586830000000000000e+05
9.860902000000000000e+06
1.860090000000000000e+05
6.349200000000000000e+04
2.024644000000000000e+06
2.200251000000000000e+06
2.516003000000000000e+06
1.986083000000000000e+06
1.454190000000000000e+05
4.083414000000000000e+06
1.133967000000000000e+06
8.919160000000000000e+05
8.042200000000000000e+04
1.320698000000000000e+06
9.112300000000000000e+04
7.772600000000000000e+05
9.021380000000000000e+05
8.920710000000000000e+05
8.951440000000000000e+05
8.486730000000000000e+05
8.629900000000000000e+04
3.625565000000000000e+06
4.772390000000000000e+05
1.121793000000000000e+06
2.984718000000000000e+06
1.319639000000000000e+06
7.634960000000000000e+05
1.008223000000000000e+06
4.782100000000000000e+04
1.407125000000000000e+06
1.012937000000000000e+06
1.170915000000000000e+06
1.043390000000000000e+05
3.454717000000000000e+06
2.888806000000000000e+06
9.216250000000000000e+05
7.567570000000000000e+05
5.832110000000000000e+05
4.344100000000000000e+04
5.558800000000000000e+05
3.020190000000000000e+05
4.247400000000000000e+05
1.000000000000000000e+05
1.364705000000000000e+06
4.791900000000000000e+04
3.773829000000000000e+06
1.269356000000000000e+06
3.898420000000000000e+05
6.420290000000000000e+05
4.198250000000000000e+05
3.202600000000000000e+04
3.085940000000000000e+05
3.797000000000000000e+04
2.877230000000000000e+05
6.429290000000000000e+05
3.312160000000000000e+05
3.535400000000000000e+05
3.600425000000000000e+06
4.696860000000000000e+05
3.449540000000000000e+05
3.797620000000000000e+05
6.686510000000000000e+05
5.149400000000000000e+04
2.810000000000000000e+02
2.321606000000000000e+06
3.041510000000000000e+06
2.114994000000000000e+06
1.100567000000000000e+06
1.143730000000000000e+05
3.403974000000000000e+06
1.532124000000000000e+06
6.567790000000000000e+05
5.982100000000000000e+04
1.373905000000000000e+06
7.880600000000000000e+04
7.566510000000000000e+05
4.878930000000000000e+05
1.804148000000000000e+06
2.120177000000000000e+06
5.903610000000000000e+05
6.171200000000000000e+04
4.085298000000000000e+06
4.955090000000000000e+05
2.044873000000000000e+06
3.488989000000000000e+06
9.736300000000000000e+05
6.044900000000000000e+05
