1.215184000000000000e+06
9.479030000000000000e+05
9.442800000000000000e+05
6.033810000000000000e+05
7.817300000000000000e+04
3.601340000000000000e+06
1.536071000000000000e+06
4.518600000000000000e+05
9.168890000000000000e+05
1.387038000000000000e+06
1.411630000000000000e+05
2.250377000000000000e+06
1.163730000000000000e+06
1.203466000000000000e+06
1.344630000000000000e+05
3.238363000000000000e+06
1.490260000000000000e+05
4.438754000000000000e+06
2.124100000000000000e+06
1.268622000000000000e+06
1.623255000000000000e+06
1.666638000000000000e+06
1.160660000000000000e+05
1.953258000000000000e+06
1.123650000000000000e+05
7.924850000000000000e+05
2.334612000000000000e+06
1.289850000000000000e+06
1.357978000000000000e+06
4.470905000000000000e+06
5.807640000000000000e+05
1.184146000000000000e+06
9.423500000000000000e+05
9.997930000000000000e+05
6.559900000000000000e+04
9.698130000000000000e+05
1.972624000000000000e+06
5.925860000000000000e+05
4.110590000000000000e+05
6.137280000000000000e+05
4.661100000000000000e+04
2.960658000000000000e+06
9.679700000000000000e+05
6.504540000000000000e+05
8.013200000000000000e+04
2.018377000000000000e+06
8.175000000000000000e+04
2.221535000000000000e+06
1.238303000000000000e+06
1.305359000000000000e+06
5.770060000000000000e+05
6.833270000000000000e+05
3.562200000000000000e+04
3.078487000000000000e+06
6.058580000000000000e+05
4.822430000000000000e+05
9.750520000000000000e+05
1.356760000000000000e+07
1.082891000000000000e+06
1.235118000000000000e+06
7.647500000000000000e+04
6.441970000000000000e+05
9.110580000000000000e+05
1.013513000000000000e+06
8.528100000000000000e+04
2.975954000000000000e+06
1.989859000000000000e+06
5.562290000000000000e+05
3.140870000000000000e+05
4.034010000000000000e+05
2.088100000000000000e+04
9.315550000000000000e+05
7.560670000000000000e+05
1.182422000000000000e+06
4.017470000000000000e+05
1.840686000000000000e+06
7.850500000000000000e+04
3.693557000000000000e+06
8.596930000000000000e+05
2.985800000000000000e+05
3.618510000000000000e+05
2.160540000000000000e+05
2.111700000000000000e+04
1.230998000000000000e+06
4.398800000000000000e+04
6.109930000000000000e+05
8.413470000000000000e+05
3.937070000000000000e+05
1.824000000000000000e+04
2.679148000000000000e+06
1.023545000000000000e+06
6.848110000000000000e+05
9.113860000000000000e+05
3.467500000000000000e+05
3.398800000000000000e+04
7.056550000000000000e+05
8.029700000000000000e+05
9.823410000000000000e+05
6.517250000000000000e+05
5.460970000000000000e+05
3.710500000000000000e+04
2.818638000000000000e+06
1.295566000000000000e+06
3.893950000000000000e+05
3.475300000000000000e+04
1.168364000000000000e+06
9.961200000000000000e+04
1.003119000000000000e+06
1.244701000000000000e+06
1.134850000000000000e+06
1.044206000000000000e+06
9.672870000000000000e+05
5.194200000000000000e+04
3.126054000000000000e+06
6.017700000000000000e+05
9.103230000000000000e+05
1.711075000000000000e+06
1.000368000000000000e+06
1.483890000000000000e+05
1.426095000000000000e+06
1.065542000000000000e+06
8.464600000000000000e+05
7.406210000000000000e+05
6.857880000000000000e+05
6.325900000000000000e+04
3.096881000000000000e+06
1.517523000000000000e+06
5.885530000000000000e+05
5.758730000000000000e+05
9.045360000000000000e+05
9.539200000000000000e+04
1.392709000000000000e+06
5.642020000000000000e+05
7.587770000000000000e+05
3.026150000000000000e+05
1.201274000000000000e+06
8.175100000000000000e+04
3.872698000000000000e+06
1.018689000000000000e+06
5.918540000000000000e+05
5.304950000000000000e+05
6.499390000000000000e+05
2.830100000000000000e+04
1.263569000000000000e+06
5.988400000000000000e+04
3.271100000000000000e+05
6.689257300000000000e+07
1.092501000000000000e+06
5.235960000000000000e+05
