2.616277000000000000e+06
1.966347000000000000e+06
2.117671000000000000e+06
2.261319000000000000e+06
2.298140000000000000e+05
2.274537000000000000e+06
2.547319000000000000e+06
2.489950000000000000e+06
2.674918000000000000e+06
2.238036000000000000e+06
2.223250000000000000e+05
5.666354000000000000e+06
2.320010000000000000e+06
2.187341000000000000e+06
2.041068000000000000e+06
2.164505000000000000e+06
2.368160000000000000e+05
2.097630000000000000e+06
3.669854000000000000e+06
5.641123000000000000e+06
2.373169000000000000e+06
6.835443000000000000e+06
4.943760000000000000e+05
5.974944000000000000e+06
2.532693000000000000e+06
2.530493000000000000e+06
2.904016000000000000e+06
3.053243000000000000e+06
2.903130000000000000e+05
3.343730000000000000e+06
3.451758000000000000e+06
3.166134000000000000e+06
2.960409000000000000e+06
3.372009000000000000e+06
2.484880000000000000e+05
6.351175000000000000e+06
3.517525000000000000e+06
3.268271000000000000e+06
3.656733000000000000e+06
3.428684000000000000e+06
2.333020000000000000e+05
3.952509000000000000e+06
3.610115000000000000e+06
3.890770000000000000e+06
4.269884000000000000e+06
3.376567000000000000e+06
3.948290000000000000e+05
6.812964000000000000e+06
3.419047000000000000e+06
3.440393000000000000e+06
3.117892000000000000e+06
3.331641000000000000e+06
2.773070000000000000e+05
3.184078000000000000e+06
3.049383000000000000e+06
3.379194000000000000e+06
3.815041000000000000e+06
3.808861000000000000e+06
2.921910000000000000e+05
6.768359000000000000e+06
3.942270000000000000e+06
3.445455000000000000e+06
3.252892000000000000e+06
3.215018000000000000e+06
2.042880000000000000e+05
3.049294000000000000e+06
3.496020000000000000e+06
2.775518000000000000e+06
2.823688000000000000e+06
2.538798000000000000e+06
2.186460000000000000e+05
5.497228000000000000e+06
2.761879000000000000e+06
2.211686000000000000e+06
2.391724000000000000e+06
2.701071000000000000e+06
2.407750000000000000e+05
2.874642000000000000e+06
2.858220000000000000e+06
3.003018000000000000e+06
2.874770000000000000e+06
2.702309000000000000e+06
2.524270000000000000e+05
5.047529000000000000e+06
2.056555000000000000e+06
1.606914000000000000e+06
1.909916000000000000e+06
2.143149000000000000e+06
2.090150000000000000e+05
2.144516000000000000e+06
1.927747000000000000e+06
1.929825000000000000e+06
2.247558000000000000e+06
1.659683000000000000e+06
9.160000000000000000e+04
5.659481000000000000e+06
2.428567000000000000e+06
1.978367000000000000e+06
1.977301000000000000e+06
2.392212000000000000e+06
2.261150000000000000e+05
2.504051000000000000e+06
2.364474000000000000e+06
2.520847000000000000e+06
2.107430000000000000e+06
2.030085000000000000e+06
1.778750000000000000e+05
4.808607000000000000e+06
2.576847000000000000e+06
2.188387000000000000e+06
2.330859000000000000e+06
2.037661000000000000e+06
1.667170000000000000e+05
5.033984800000000000e+07
3.714761000000000000e+06
3.859347000000000000e+06
3.575785000000000000e+06
3.633071000000000000e+06
2.387950000000000000e+05
6.939007000000000000e+06
4.188845000000000000e+06
3.802433000000000000e+06
3.526529000000000000e+06
3.206772000000000000e+06
1.733750000000000000e+05
2.910366000000000000e+06
2.732913000000000000e+06
3.049013000000000000e+06
2.792181000000000000e+06
2.757987000000000000e+06
1.191700000000000000e+05
4.755576000000000000e+06
2.231933000000000000e+06
1.696898000000000000e+06
1.087919000000000000e+06
5.391470000000000000e+05
2.825800000000000000e+04
6.932380000000000000e+05
7.624290000000000000e+05
1.019622000000000000e+06
1.484806000000000000e+06
1.046438000000000000e+06
6.327200000000000000e+04
3.633199000000000000e+06
1.540650000000000000e+06
1.964482000000000000e+06
2.432418000000000000e+06
2.381685000000000000e+06
1.276050000000000000e+05
