2.145865000000000000e+06
1.433165000000000000e+06
1.449954000000000000e+06
1.096045000000000000e+06
1.038360000000000000e+05
4.436438000000000000e+06
1.881444000000000000e+06
2.132905000000000000e+06
2.216705000000000000e+06
2.172469000000000000e+06
1.752960000000000000e+05
2.686575000000000000e+06
2.775029000000000000e+06
2.440696000000000000e+06
2.007905000000000000e+06
2.527064000000000000e+06
1.632820000000000000e+05
5.548490000000000000e+06
3.497756000000000000e+06
2.243942000000000000e+06
1.625185000000000000e+06
1.818890000000000000e+06
1.321490000000000000e+05
2.407715000000000000e+06
1.701179000000000000e+06
1.247862000000000000e+06
1.224878000000000000e+06
1.365912000000000000e+06
7.662600000000000000e+04
4.379419000000000000e+06
2.528598000000000000e+06
2.239079000000000000e+06
2.555426000000000000e+06
2.186229000000000000e+06
1.034910000000000000e+05
2.380137000000000000e+06
1.795386000000000000e+06
2.378771000000000000e+06
2.368388000000000000e+06
1.644852000000000000e+06
8.411800000000000000e+04
4.138631000000000000e+06
2.244913000000000000e+06
2.044838000000000000e+06
2.083955000000000000e+06
2.174686000000000000e+06
1.468090000000000000e+05
2.522104000000000000e+06
1.769370000000000000e+06
1.685997000000000000e+06
1.912597000000000000e+06
2.271038000000000000e+06
1.333350000000000000e+05
5.471898000000000000e+06
3.703322000000000000e+06
2.540477000000000000e+06
2.202985000000000000e+06
2.265948000000000000e+06
1.003110000000000000e+05
3.307571000000000000e+06
2.719088000000000000e+06
2.566924000000000000e+06
2.445768000000000000e+06
2.012596000000000000e+06
8.929800000000000000e+04
4.585912000000000000e+06
1.973823000000000000e+06
2.042785000000000000e+06
2.545462000000000000e+06
3.440541000000000000e+06
1.780430000000000000e+05
5.039445000000000000e+06
4.741242000000000000e+06
4.111479000000000000e+06
4.438511000000000000e+06
4.428556000000000000e+06
2.652650000000000000e+05
6.714124000000000000e+06
5.102077000000000000e+06
5.042649000000000000e+06
5.377248000000000000e+06
5.224014000000000000e+06
3.034900000000000000e+05
5.161070000000000000e+06
4.863179000000000000e+06
4.461332000000000000e+06
3.845700000000000000e+06
3.288009000000000000e+06
2.052600000000000000e+05
5.794759000000000000e+06
3.390206000000000000e+06
2.793803000000000000e+06
2.563622000000000000e+06
2.384840000000000000e+06
1.146620000000000000e+05
3.015345000000000000e+06
2.384258000000000000e+06
2.389858000000000000e+06
2.958230000000000000e+06
3.459650000000000000e+06
2.211320000000000000e+05
5.259415000000000000e+06
2.499869000000000000e+06
1.794964000000000000e+06
2.453105000000000000e+06
2.624640000000000000e+06
1.220900000000000000e+05
3.202196000000000000e+06
2.787859000000000000e+06
2.920163000000000000e+06
2.670755000000000000e+06
2.564163000000000000e+06
1.174670000000000000e+05
5.273006000000000000e+06
3.617848000000000000e+06
2.896896000000000000e+06
1.939949000000000000e+06
1.385355000000000000e+06
8.178400000000000000e+04
2.139473000000000000e+06
1.544420000000000000e+06
1.493374000000000000e+06
1.492547000000000000e+06
1.610552000000000000e+06
8.319300000000000000e+04
4.861726000000000000e+06
3.157510000000000000e+06
3.623918000000000000e+06
4.154681000000000000e+06
3.880924000000000000e+06
1.873740000000000000e+05
3.723693000000000000e+06
2.392602000000000000e+06
2.873008000000000000e+06
3.210663000000000000e+06
4.918910000000000000e+07
2.835280000000000000e+05
5.223803000000000000e+06
2.678994000000000000e+06
3.513738000000000000e+06
3.029359000000000000e+06
2.005459000000000000e+06
1.429390000000000000e+05
2.786616000000000000e+06
9.221740000000000000e+05
4.417389000000000000e+06
7.152003000000000000e+06
8.141796000000000000e+06
2.557440000000000000e+05
