0.000000000000000000e+00
0.000000000000000000e+00
0.000000000000000000e+00
0.000000000000000000e+00
0.000000000000000000e+00
0.000000000000000000e+00
0.000000000000000000e+00
1.358421000000000000e+06
1.537145000000000000e+06
1.869500000000000000e+06
1.694039000000000000e+06
1.700502000000000000e+06
1.581300000000000000e+04
1.539858000000000000e+06
1.812406000000000000e+06
1.537355000000000000e+06
1.281103000000000000e+06
1.820161000000000000e+06
5.438300000000000000e+04
1.555013000000000000e+06
1.277386000000000000e+06
1.587214000000000000e+06
1.790448000000000000e+06
2.598870000000000000e+06
6.597000000000000000e+03
1.208520000000000000e+06
1.585897000000000000e+06
1.949713000000000000e+06
9.868850000000000000e+05
2.067147000000000000e+06
4.475750000000000000e+05
1.227091000000000000e+06
1.837950000000000000e+06
1.931743000000000000e+06
2.371450000000000000e+05
3.207637000000000000e+06
1.446053000000000000e+06
8.627930000000000000e+05
7.358120000000000000e+05
7.996470000000000000e+05
7.487610000000000000e+05
8.852970000000000000e+05
3.171640000000000000e+05
6.989070000000000000e+05
5.033060000000000000e+05
2.022214000000000000e+06
3.163774000000000000e+06
3.789160000000000000e+06
1.359400000000000000e+04
2.917328000000000000e+06
6.489355000000000000e+06
7.303993000000000000e+06
9.307340000000000000e+06
1.038196700000000000e+07
1.109820000000000000e+05
5.235069000000000000e+06
5.293802000000000000e+06
5.852932000000000000e+06
7.166247000000000000e+06
1.037189100000000000e+07
2.999160000000000000e+05
8.450945000000000000e+06
1.742160000000000000e+05
1.101745400000000000e+07
6.862106000000000000e+06
6.099437000000000000e+06
1.050710000000000000e+05
5.972984000000000000e+06
5.857494000000000000e+06
4.454940000000000000e+05
2.047843000000000000e+07
1.456970000000000000e+07
2.167030000000000000e+05
1.199611000000000000e+07
1.143445800000000000e+07
1.024120200000000000e+07
1.059082400000000000e+07
1.065822100000000000e+07
1.635760000000000000e+05
7.978462000000000000e+06
6.680127000000000000e+06
5.639471000000000000e+06
5.027227000000000000e+06
8.965279000000000000e+06
3.857280000000000000e+05
3.221655000000000000e+06
1.610077000000000000e+06
1.788119000000000000e+06
1.104018000000000000e+06
1.147417000000000000e+06
8.106000000000000000e+03
1.434844000000000000e+06
1.760131000000000000e+06
2.023034000000000000e+06
2.522813000000000000e+06
5.467517000000000000e+06
5.133530000000000000e+05
1.626480000000000000e+06
1.651647000000000000e+06
1.173200000000000000e+06
1.614031000000000000e+06
1.644113000000000000e+06
2.362500000000000000e+04
1.825468000000000000e+06
1.690021000000000000e+06
1.369411000000000000e+06
1.918453000000000000e+06
4.511377000000000000e+06
7.183310000000000000e+05
2.836360000000000000e+06
3.773325000000000000e+06
3.739944000000000000e+06
3.179010000000000000e+06
2.659295000000000000e+06
7.324400000000000000e+04
1.708807000000000000e+06
4.966640000000000000e+05
7.023980000000000000e+05
1.434840000000000000e+06
4.818177000000000000e+06
6.194700000000000000e+05
4.754300000000000000e+05
1.504352000000000000e+06
1.934391000000000000e+06
1.233350000000000000e+05
2.209166000000000000e+06
1.930740000000000000e+05
2.360175000000000000e+06
7.753080000000000000e+05
1.385451000000000000e+06
1.805926000000000000e+06
4.060591000000000000e+06
6.095350000000000000e+05
1.747259000000000000e+06
1.635857000000000000e+06
1.684662000000000000e+06
1.950301000000000000e+06
1.871026000000000000e+06
1.480550000000000000e+05
2.409300000000000000e+04
1.277205000000000000e+06
1.985676000000000000e+06
1.413436000000000000e+06
3.741868000000000000e+06
5.565150000000000000e+05
1.065016000000000000e+06
1.111384000000000000e+06
1.259215000000000000e+06
1.450091000000000000e+06
1.500415000000000000e+06
1.030100000000000000e+05
2.153242000000000000e+06
2.154189000000000000e+06
1.531230000000000000e+06
1.564182000000000000e+06
4.302934000000000000e+06
4.360900000000000000e+05
1.743589000000000000e+06
1.627603000000000000e+06
2.002529000000000000e+06
2.097277000000000000e+06
2.291646000000000000e+06
5.176700000000000000e+04
2.154607000000000000e+06
1.925140000000000000e+06
1.364194000000000000e+06
1.046426000000000000e+06
4.039627000000000000e+06
4.104460000000000000e+05
1.350854000000000000e+06
1.815074000000000000e+06
2.179646000000000000e+06
2.511679000000000000e+06
2.335766000000000000e+06
9.735000000000000000e+04
1.713864000000000000e+06
2.214397000000000000e+06
1.863529000000000000e+06
1.860362000000000000e+06
4.376994000000000000e+06
5.059470000000000000e+05
5.108160000000000000e+05
9.597730000000000000e+05
1.010973000000000000e+06
9.695800000000000000e+05
9.691700000000000000e+05
9.860700000000000000e+04
7.323300000000000000e+05
1.186828000000000000e+06
1.482165000000000000e+06
1.798912000000000000e+06
3.745490000000000000e+06
5.284950000000000000e+05
2.156059000000000000e+06
2.133219000000000000e+06
1.378518000000000000e+06
1.368384000000000000e+06
1.569495000000000000e+06
1.241620000000000000e+05
1.616518000000000000e+06
1.576829000000000000e+06
1.409703000000000000e+06
1.153785000000000000e+06
3.539731000000000000e+06
6.038150000000000000e+05
6.026320000000000000e+05
9.298760000000000000e+05
7.598980000000000000e+05
9.088880000000000000e+05
8.011350000000000000e+05
5.493000000000000000e+04
7.433930000000000000e+05
9.785440000000000000e+05
1.255334000000000000e+06
1.289412000000000000e+06
3.768229000000000000e+06
5.929730000000000000e+05
1.747030000000000000e+06
1.974512000000000000e+06
1.643717000000000000e+06
1.605761000000000000e+06
1.317616000000000000e+06
9.167400000000000000e+04
4.166347400000000000e+07
1.174965000000000000e+06
7.446400000000000000e+05
1.273730000000000000e+06
4.687566000000000000e+06
3.891610000000000000e+05
2.112368000000000000e+06
2.601301000000000000e+06
2.807746000000000000e+06
2.938529000000000000e+06
3.244293000000000000e+06
7.759300000000000000e+04
3.441785000000000000e+06
3.608554000000000000e+06
4.047969000000000000e+06
4.665913000000000000e+06
6.839873000000000000e+06
2.987180000000000000e+05
4.152527000000000000e+06
4.512395000000000000e+06
4.664903000000000000e+06
8.702200000000000000e+04
4.425657000000000000e+06
4.324888000000000000e+06
3.982264000000000000e+06
4.100921000000000000e+06
8.008000000000000000e+04
7.842900000000000000e+04
5.967003000000000000e+06
4.219915000000000000e+06
4.024208000000000000e+06
4.181518000000000000e+06
2.558937000000000000e+06
6.312700000000000000e+04
2.555602000000000000e+06
2.137909000000000000e+06
1.956656000000000000e+06
2.059531000000000000e+06
1.907252000000000000e+06
1.781479000000000000e+06
3.665366000000000000e+06
4.292060000000000000e+05
1.249340000000000000e+06
1.082967000000000000e+06
1.027695000000000000e+06
1.059739000000000000e+06
9.553910000000000000e+05
2.574100000000000000e+04
5.996660000000000000e+05
5.726350000000000000e+05
4.155780000000000000e+05
2.327400000000000000e+04
2.517967000000000000e+06
6.891300000000000000e+05
5.448430000000000000e+05
4.574590000000000000e+05
1.928800000000000000e+04
0.000000000000000000e+00
4.723760000000000000e+05
3.394350000000000000e+05
1.217267000000000000e+06
1.602845000000000000e+06
1.504108000000000000e+06
4.523600000000000000e+04
3.498839000000000000e+06
2.135978000000000000e+06
2.236108000000000000e+06
2.350789000000000000e+06
2.656512000000000000e+06
2.697271000000000000e+06
2.512167000000000000e+06
6.402600000000000000e+04
2.129167000000000000e+06
2.030415000000000000e+06
1.973596000000000000e+06
2.284472000000000000e+06
4.769257000000000000e+06
3.093820000000000000e+05
1.925439000000000000e+06
2.018851000000000000e+06
2.030884000000000000e+06
5.471200000000000000e+04
2.014170000000000000e+06
1.863929000000000000e+06
1.648037000000000000e+06
1.496697000000000000e+06
1.356353000000000000e+06
7.469600000000000000e+04
3.100986000000000000e+06
8.246040000000000000e+05
6.497400000000000000e+05
4.917620000000000000e+05
6.565740000000000000e+05
4.573200000000000000e+04
8.268620000000000000e+05
9.257590000000000000e+05
8.027370000000000000e+05
7.824560000000000000e+05
8.673610000000000000e+05
6.941980000000000000e+05
2.927646000000000000e+06
4.271710000000000000e+05
5.401790000000000000e+05
7.556670000000000000e+05
6.879420000000000000e+05
7.109180000000000000e+05
8.572110000000000000e+05
1.109420000000000000e+05
6.893190000000000000e+05
1.299014000000000000e+06
1.397069000000000000e+06
4.327800000000000000e+04
3.158536000000000000e+06
1.479216000000000000e+06
1.330669000000000000e+06
1.340792000000000000e+06
1.365322000000000000e+06
7.320900000000000000e+04
1.219451000000000000e+06
1.159642000000000000e+06
1.540723000000000000e+06
1.424916000000000000e+06
1.497791000000000000e+06
4.941600000000000000e+04
3.314755000000000000e+06
1.495082000000000000e+06
1.197351000000000000e+06
1.058495000000000000e+06
3.948000000000000000e+05
2.933100000000000000e+04
7.390170000000000000e+05
5.223340000000000000e+05
4.434380000000000000e+05
4.057070000000000000e+05
3.602130000000000000e+05
2.683780000000000000e+05
3.300920000000000000e+06
4.062290000000000000e+05
1.253790000000000000e+05
1.246970000000000000e+05
1.162960000000000000e+05
2.474700000000000000e+04
1.897100000000000000e+05
2.459890000000000000e+05
2.901880000000000000e+05
2.486880000000000000e+05
2.348530000000000000e+05
2.218400000000000000e+04
6.728375900000000000e+07
1.031487000000000000e+06
1.569414000000000000e+06
2.023997000000000000e+06
2.449246000000000000e+06
8.286900000000000000e+04
2.225081000000000000e+06
2.434797000000000000e+06
2.681080000000000000e+06
2.839609000000000000e+06
3.970695000000000000e+06
1.675230000000000000e+05
6.023273000000000000e+06
4.457977000000000000e+06
4.194884000000000000e+06
3.783706000000000000e+06
3.769778000000000000e+06
3.590121000000000000e+06
3.561266000000000000e+06
3.450600000000000000e+04
3.517412000000000000e+06
3.810754000000000000e+06
3.817109000000000000e+06
5.234500000000000000e+04
5.898916000000000000e+06
2.302408000000000000e+06
2.043298000000000000e+06
1.947395000000000000e+06
1.933378000000000000e+06
2.854000000000000000e+04
1.861733000000000000e+06
1.686689000000000000e+06
1.632448000000000000e+06
7.065670000000000000e+05
7.237510000000000000e+05
3.842000000000000000e+04
2.969219000000000000e+06
1.111563000000000000e+06
8.119580000000000000e+05
8.276840000000000000e+05
9.081490000000000000e+05
3.545600000000000000e+04
1.342321000000000000e+06
1.287608000000000000e+06
1.242525000000000000e+06
9.588960000000000000e+05
6.529860000000000000e+05
5.653900000000000000e+05
3.838969000000000000e+06
4.044680000000000000e+05
6.964830000000000000e+05
7.093530000000000000e+05
9.545170000000000000e+05
3.555700000000000000e+04
9.437880000000000000e+05
1.043628000000000000e+06
1.033567000000000000e+06
1.075907000000000000e+06
1.308877000000000000e+06
6.627100000000000000e+04
2.944030000000000000e+06
1.861761000000000000e+06
1.706933000000000000e+06
1.920832000000000000e+06
1.830925000000000000e+06
1.421590000000000000e+05
2.202470000000000000e+06
2.338908000000000000e+06
2.495650000000000000e+06
2.585481000000000000e+06
2.519110000000000000e+06
1.926160000000000000e+05
4.255098000000000000e+06
2.638522000000000000e+06
2.509126000000000000e+06
2.075359000000000000e+06
1.945008000000000000e+06
1.407860000000000000e+06
9.647780000000000000e+05
7.984200000000000000e+04
9.725890000000000000e+05
1.026648000000000000e+06
6.821560000000000000e+05
6.418300000000000000e+04
2.743993000000000000e+06
9.736380000000000000e+05
9.535420000000000000e+05
8.482250000000000000e+05
1.082078000000000000e+06
7.408600000000000000e+04
9.031690000000000000e+05
1.133293000000000000e+06
1.325607000000000000e+06
1.636263000000000000e+06
1.553129000000000000e+06
1.135920000000000000e+05
3.934036000000000000e+06
1.838366000000000000e+06
1.519847000000000000e+06
1.288788000000000000e+06
1.113265000000000000e+06
6.514700000000000000e+04
1.018582000000000000e+06
9.459950000000000000e+05
7.074460000000000000e+05
9.794450000000000000e+05
1.241306000000000000e+06
1.117556000000000000e+06
2.793947000000000000e+06
3.944570000000000000e+05
1.025514000000000000e+06
1.042698000000000000e+06
1.020588000000000000e+06
5.381800000000000000e+04
2.393777000000000000e+06
3.687465000000000000e+06
3.596504000000000000e+06
3.355307000000000000e+06
4.254138000000000000e+06
5.044854000000000000e+06
6.587274000000000000e+06
3.880090000000000000e+05
5.193541000000000000e+06
4.639810000000000000e+06
3.333053000000000000e+06
8.601100000000000000e+04
3.207931000000000000e+06
5.959480000000000000e+06
8.250071000000000000e+06
1.666080000000000000e+05
1.418171300000000000e+07
7.640500000000000000e+04
1.514172200000000000e+07
4.395210000000000000e+05
3.507500000000000000e+04
9.915012000000000000e+06
9.937300000000000000e+04
4.367745000000000000e+06
2.353475000000000000e+06
1.652060000000000000e+05
2.045709000000000000e+06
2.105295000000000000e+06
1.601715000000000000e+06
1.473000000000000000e+05
3.766256000000000000e+06
1.313224000000000000e+06
6.662850000000000000e+05
5.861870000000000000e+05
9.345210000000000000e+05
4.499659000000000000e+06
5.141851000000000000e+06
1.147900000000000000e+05
4.682972000000000000e+06
4.869310000000000000e+06
4.175109000000000000e+06
1.238930000000000000e+05
6.031000000000000000e+06
3.869897000000000000e+06
4.180052000000000000e+06
1.342060000000000000e+05
8.077008000000000000e+06
8.196900000000000000e+04
8.882154000000000000e+06
7.629500000000000000e+04
3.334900000000000000e+04
5.800105000000000000e+06
4.701100000000000000e+04
2.575000000000000000e+03
6.299992000000000000e+06
9.137940000000000000e+05
6.651470000000000000e+05
8.473530000000000000e+05
6.334030000000000000e+05
4.286000000000000000e+04
6.589810000000000000e+05
1.099119000000000000e+06
1.382333000000000000e+06
1.326411000000000000e+06
1.212145000000000000e+06
1.109170000000000000e+05
2.272700000000000000e+06
1.321200000000000000e+06
1.211117000000000000e+06
1.107940000000000000e+06
9.729540000000000000e+05
6.029300000000000000e+04
9.758120000000000000e+05
6.714100000000000000e+05
7.885020000000000000e+05
5.766000000000000000e+04
3.672270000000000000e+05
6.259600000000000000e+04
2.190557000000000000e+06
1.127903000000000000e+06
5.579000000000000000e+04
1.641400000000000000e+05
4.813000000000000000e+03
0.000000000000000000e+00
5.810680000000000000e+05
3.371800000000000000e+05
2.953330000000000000e+05
3.710280000000000000e+05
8.523140000000000000e+05
5.178100000000000000e+04
4.871398000000000000e+06
6.874018000000000000e+06
5.167129500000000000e+07
7.446764000000000000e+06
7.782120000000000000e+06
1.695780000000000000e+05
7.731105000000000000e+06
9.165965000000000000e+06
6.155513000000000000e+06
4.712806000000000000e+06
4.558566000000000000e+06
1.425550000000000000e+05
8.093018000000000000e+06
4.644752000000000000e+06
4.637881000000000000e+06
8.860100000000000000e+04
8.975192000000000000e+06
3.108000000000000000e+04
1.228150000000000000e+05
7.732879000000000000e+06
8.912500000000000000e+04
8.038797000000000000e+06
5.582800000000000000e+04
1.046400000000000000e+05
8.445863000000000000e+06
2.638747000000000000e+06
2.187960000000000000e+06
2.698877000000000000e+06
3.410939000000000000e+06
8.455000000000000000e+04
3.351962000000000000e+06
2.883252000000000000e+06
2.669948000000000000e+06
2.221333000000000000e+06
1.909648000000000000e+06
6.212600000000000000e+04
3.316509000000000000e+06
8.283930000000000000e+05
5.759450000000000000e+05
9.411000000000000000e+05
8.715980000000000000e+05
2.104000000000000000e+04
6.960580000000000000e+05
2.134770000000000000e+05
4.091020000000000000e+05
6.113110000000000000e+05
8.781590000000000000e+05
1.854800000000000000e+04
3.312855000000000000e+06
1.519815000000000000e+06
1.170955000000000000e+06
1.349161000000000000e+06
1.521783000000000000e+06
5.429100000000000000e+04
1.870538000000000000e+06
1.844797000000000000e+06
1.660054000000000000e+06
1.181612000000000000e+06
6.700620000000000000e+05
5.468400000000000000e+04
2.366263000000000000e+06
5.643490000000000000e+05
6.619210000000000000e+05
1.331452000000000000e+06
2.047643000000000000e+06
7.769000000000000000e+04
2.134553000000000000e+06
2.378130000000000000e+06
2.708375000000000000e+06
3.137259000000000000e+06
3.136657000000000000e+06
1.001360000000000000e+05
5.990020000000000000e+06
3.918877000000000000e+06
3.113408000000000000e+06
2.588710000000000000e+06
2.228550000000000000e+06
7.351700000000000000e+04
2.120751000000000000e+06
1.858462000000000000e+06
1.698237000000000000e+06
1.658717000000000000e+06
1.252722000000000000e+06
7.849400000000000000e+04
2.930976000000000000e+06
1.047161000000000000e+06
6.907620000000000000e+05
6.785490000000000000e+05
6.508510000000000000e+05
4.931400000000000000e+04
1.371447000000000000e+06
2.403804000000000000e+06
2.813448000000000000e+06
2.815146000000000000e+06
2.942243000000000000e+06
1.985800000000000000e+05
4.923538000000000000e+06
3.386406000000000000e+06
2.904699000000000000e+06
2.261369000000000000e+06
1.862892000000000000e+06
1.023520000000000000e+05
1.565515000000000000e+06
1.572094000000000000e+06
1.535878000000000000e+06
1.276145000000000000e+06
1.064437000000000000e+06
5.820200000000000000e+04
3.157695000000000000e+06
9.338170000000000000e+05
7.016030000000000000e+05
1.220231400000000000e+07
4.131610000000000000e+05
5.596300000000000000e+04
6.601050000000000000e+05
8.018880000000000000e+05
1.230791000000000000e+06
1.418127000000000000e+06
2.018793000000000000e+06
1.002890000000000000e+05
4.826922000000000000e+06
3.499263000000000000e+06
3.529777000000000000e+06
2.978074000000000000e+06
2.553055000000000000e+06
2.004520000000000000e+05
2.392911000000000000e+06
2.752955000000000000e+06
2.474754000000000000e+06
2.123499000000000000e+06
9.423320000000000000e+05
1.123570000000000000e+05
4.236375000000000000e+06
1.195368000000000000e+06
9.847770000000000000e+05
6.764060000000000000e+05
5.912080000000000000e+05
4.765400000000000000e+04
2.319490000000000000e+05
3.969980000000000000e+05
7.555400000000000000e+05
2.216380000000000000e+06
2.440458000000000000e+06
6.215500000000000000e+04
3.370213000000000000e+06
1.052796000000000000e+06
8.326540000000000000e+05
1.110365000000000000e+06
1.302367000000000000e+06
6.778000000000000000e+04
1.290086000000000000e+06
8.448520000000000000e+05
9.467320000000000000e+05
9.773160000000000000e+05
7.251860000000000000e+05
7.744900000000000000e+04
3.274409000000000000e+06
1.398439000000000000e+06
8.896520000000000000e+05
9.913080000000000000e+05
9.609470000000000000e+05
8.383900000000000000e+04
8.357480000000000000e+05
9.833490000000000000e+05
9.722940000000000000e+05
8.947110000000000000e+05
7.667680000000000000e+05
8.378900000000000000e+04
3.280954000000000000e+06
1.044115000000000000e+06
8.305890000000000000e+05
7.041920000000000000e+05
9.322430000000000000e+05
5.268900000000000000e+04
7.791770000000000000e+05
7.253210000000000000e+05
7.802090000000000000e+05
1.464641000000000000e+06
2.219802000000000000e+06
5.696200000000000000e+04
5.337570000000000000e+06
4.247626000000000000e+06
3.710097000000000000e+06
3.255418000000000000e+06
3.222029000000000000e+06
6.781300000000000000e+04
3.329545000000000000e+06
3.042549000000000000e+06
2.618176000000000000e+06
2.312362000000000000e+06
1.949215000000000000e+06
6.892700000000000000e+04
4.343478000000000000e+06
1.624339000000000000e+06
5.561670000000000000e+05
4.682960000000000000e+05
6.538690000000000000e+05
4.608900000000000000e+04
1.094366000000000000e+06
9.374090000000000000e+05
4.243610000000000000e+05
8.644680000000000000e+05
1.114467000000000000e+06
3.782500000000000000e+04
2.802875000000000000e+06
1.331710000000000000e+06
6.947460000000000000e+05
4.442700000000000000e+05
4.999730000000000000e+05
3.810600000000000000e+04
3.201980000000000000e+05
4.779610000000000000e+05
5.109030000000000000e+05
8.900220000000000000e+05
1.166019000000000000e+06
4.962600000000000000e+04
2.570406000000000000e+06
6.530970000000000000e+05
3.103690000000000000e+05
3.960430000000000000e+05
1.836890000000000000e+05
7.496000000000000000e+03
3.716480000000000000e+05
5.599890000000000000e+05
4.552030000000000000e+05
2.961720000000000000e+05
1.286480000000000000e+05
7.037000000000000000e+03
2.198963000000000000e+06
6.013760000000000000e+05
1.710690000000000000e+05
3.246650000000000000e+05
2.293500000000000000e+05
4.723600000000000000e+04
5.109110000000000000e+05
8.093360000000000000e+05
1.741150000000000000e+06
3.750205800000000000e+07
3.485512000000000000e+06
3.002810000000000000e+05
7.518158000000000000e+06
5.050354000000000000e+06
5.269222000000000000e+06
6.126766000000000000e+06
4.977980000000000000e+06
3.092790000000000000e+05
5.606211000000000000e+06
3.851909000000000000e+06
2.518400000000000000e+06
3.867446000000000000e+06
3.487907000000000000e+06
2.057640000000000000e+05
6.903113000000000000e+06
3.646500000000000000e+06
2.261887000000000000e+06
2.380547000000000000e+06
3.567215000000000000e+06
1.761390000000000000e+05
2.619037000000000000e+06
2.297042000000000000e+06
1.929515000000000000e+06
2.855657000000000000e+06
3.080211000000000000e+06
1.027220000000000000e+05
5.372016000000000000e+06
3.063156000000000000e+06
2.920361000000000000e+06
1.059074000000000000e+06
2.713664000000000000e+06
1.457780000000000000e+05
3.993108000000000000e+06
3.290950000000000000e+06
3.888020000000000000e+06
5.886440000000000000e+06
4.858828000000000000e+06
2.763320000000000000e+05
6.692578000000000000e+06
5.730040000000000000e+06
8.003753000000000000e+06
9.639242000000000000e+06
1.158354600000000000e+07
3.874020000000000000e+05
9.945427000000000000e+06
7.451335000000000000e+06
6.813073000000000000e+06
6.138075000000000000e+06
4.302087000000000000e+06
2.516350000000000000e+05
5.972112000000000000e+06
1.437896000000000000e+06
1.206260000000000000e+06
1.903937000000000000e+06
2.865230000000000000e+06
3.468380000000000000e+06
2.817133000000000000e+06
1.665050000000000000e+05
2.724399000000000000e+06
2.812420000000000000e+06
3.395606000000000000e+06
1.695970000000000000e+05
6.268838000000000000e+06
5.324414000000000000e+06
7.289011000000000000e+06
8.602728000000000000e+06
9.405084000000000000e+06
4.295000000000000000e+05
7.571733000000000000e+06
6.409066000000000000e+06
5.199169000000000000e+06
6.049803000000000000e+06
7.861695000000000000e+06
3.264960000000000000e+05
1.235306900000000000e+07
1.234055600000000000e+07
1.170609000000000000e+07
9.820607000000000000e+06
8.112195000000000000e+06
2.868980000000000000e+05
6.305588000000000000e+06
5.866333000000000000e+06
7.353137000000000000e+06
1.166302800000000000e+07
1.942520700000000000e+07
2.622990400000000000e+07
2.978460600000000000e+07
2.943120000000000000e+05
2.829082700000000000e+07
2.940469800000000000e+07
2.685788000000000000e+07
1.727270000000000000e+05
2.542132500000000000e+07
2.091697400000000000e+07
1.500331700000000000e+07
1.236845200000000000e+07
9.243015000000000000e+06
7.967800000000000000e+04
9.631466000000000000e+06
9.906310000000000000e+06
9.902835000000000000e+06
9.018641000000000000e+06
8.640235000000000000e+06
6.418900000000000000e+04
8.571673000000000000e+06
7.258681000000000000e+06
6.905931000000000000e+06
5.390632000000000000e+06
3.769945000000000000e+06
1.363530000000000000e+05
6.641174000000000000e+06
4.108624000000000000e+06
4.144752000000000000e+06
4.627190000000000000e+06
4.633366000000000000e+06
5.088528000000000000e+06
5.341543000000000000e+06
2.075970000000000000e+05
5.139816000000000000e+06
5.232990000000000000e+06
5.428555000000000000e+06
9.065000000000000000e+04
7.256020000000000000e+06
5.564869000000000000e+06
5.039973000000000000e+06
5.221146000000000000e+06
5.202107000000000000e+06
1.521140000000000000e+05
4.695331000000000000e+06
3.918406000000000000e+06
3.559988000000000000e+06
3.200028000000000000e+06
2.846992000000000000e+06
1.158090000000000000e+05
4.804528000000000000e+06
2.236278000000000000e+06
1.958963000000000000e+06
2.752298000000000000e+06
2.661447000000000000e+06
1.558420000000000000e+05
2.499437000000000000e+06
2.816436000000000000e+06
2.959255000000000000e+06
2.840462000000000000e+06
2.276968000000000000e+06
2.440535000000000000e+06
4.639955000000000000e+06
4.472760000000000000e+05
2.320324000000000000e+06
2.838931000000000000e+06
2.923556000000000000e+06
9.870900000000000000e+04
3.925975000000000000e+06
5.140523000000000000e+06
5.539475000000000000e+06
5.998966000000000000e+06
6.520267000000000000e+06
1.793270000000000000e+05
9.100768000000000000e+06
3.688020000000000000e+05
1.321327000000000000e+07
7.247844000000000000e+06
6.668223000000000000e+06
1.269740000000000000e+05
6.132200000000000000e+04
9.555119000000000000e+06
3.812816000000000000e+06
2.166736000000000000e+06
6.836500000000000000e+04
6.884000000000000000e+03
4.719367000000000000e+06
1.671198000000000000e+06
1.945119000000000000e+06
8.466800000000000000e+04
3.863571000000000000e+06
2.399238000000000000e+06
2.110348000000000000e+06
9.071300000000000000e+04
1.996497000000000000e+06
2.156250000000000000e+06
1.733406000000000000e+06
1.143520000000000000e+05
4.816290000000000000e+06
2.902635000000000000e+06
2.783105000000000000e+06
2.727702000000000000e+06
2.876137000000000000e+06
9.165500000000000000e+04
4.304402000000000000e+06
1.289110000000000000e+05
8.712385000000000000e+06
4.323457000000000000e+06
4.468588000000000000e+06
2.960500000000000000e+05
3.241712000000000000e+06
6.698670000000000000e+06
3.921046000000000000e+06
5.098983000000000000e+06
1.604960000000000000e+05
7.493200000000000000e+04
8.869160000000000000e+06
5.094498000000000000e+06
3.676945000000000000e+06
1.985730000000000000e+05
2.786087000000000000e+06
1.294426000000000000e+06
3.836228000000000000e+06
3.307840000000000000e+05
7.286290000000000000e+05
7.670820000000000000e+05
9.664080000000000000e+05
3.580100000000000000e+04
1.447453000000000000e+06
2.437889000000000000e+06
5.025188000000000000e+06
5.705662000000000000e+06
6.150675000000000000e+06
1.987370000000000000e+05
7.786538000000000000e+06
3.435620000000000000e+05
9.504485000000000000e+06
6.442095000000000000e+06
6.761382000000000000e+06
2.813620000000000000e+05
5.218900000000000000e+04
1.002478200000000000e+07
6.910772000000000000e+06
6.914910000000000000e+06
2.131320000000000000e+05
5.258500000000000000e+04
1.132997300000000000e+07
7.734996000000000000e+06
9.162335000000000000e+06
1.207640000000000000e+05
1.640544400000000000e+07
8.510948000000000000e+06
7.254707000000000000e+06
1.358170000000000000e+05
4.083626000000000000e+06
2.759207000000000000e+06
2.225107000000000000e+06
7.628400000000000000e+04
3.745490000000000000e+06
2.032821000000000000e+06
1.380894000000000000e+06
3.994422000000000000e+06
5.957356000000000000e+06
7.914600000000000000e+04
5.909356000000000000e+06
1.069050000000000000e+05
1.103728500000000000e+07
7.253343000000000000e+06
5.563848000000000000e+06
1.103020000000000000e+05
2.757371000000000000e+06
8.540734000000000000e+06
3.185877000000000000e+06
1.736573000000000000e+06
1.249030000000000000e+05
1.008900000000000000e+04
2.061212000000000000e+06
2.574214000000000000e+06
3.358698000000000000e+06
9.533100000000000000e+04
4.671582000000000000e+06
8.347310000000000000e+05
2.865415000000000000e+06
3.291640000000000000e+05
5.476560000000000000e+05
9.012850000000000000e+05
1.903536000000000000e+06
7.351600000000000000e+04
1.578951000000000000e+06
1.709252000000000000e+06
2.621032000000000000e+06
3.498156000000000000e+06
3.419547000000000000e+06
1.142840000000000000e+05
5.431757000000000000e+06
3.195680000000000000e+05
6.441753000000000000e+06
3.174717000000000000e+06
4.082229000000000000e+06
1.275530000000000000e+05
2.543000000000000000e+04
4.144079800000000000e+07
7.312300000000000000e+05
1.177719000000000000e+06
9.825000000000000000e+04
1.013000000000000000e+04
5.751646000000000000e+06
2.718142000000000000e+06
3.117536000000000000e+06
6.677700000000000000e+04
5.356979000000000000e+06
3.793069000000000000e+06
4.799408000000000000e+06
9.433400000000000000e+04
4.894584000000000000e+06
4.830902000000000000e+06
5.908579000000000000e+06
9.930300000000000000e+04
8.017612000000000000e+06
6.817409000000000000e+06
6.940314000000000000e+06
7.018809000000000000e+06
6.009861000000000000e+06
2.015050000000000000e+05
4.772042000000000000e+06
1.786500000000000000e+05
5.980380000000000000e+06
1.640941000000000000e+06
1.165737000000000000e+06
1.041000000000000000e+05
2.949474000000000000e+06
3.484025000000000000e+06
2.240149000000000000e+06
3.153892000000000000e+06
1.891560000000000000e+05
1.532400000000000000e+04
5.575792000000000000e+06
2.388089000000000000e+06
2.132311000000000000e+06
1.693000000000000000e+05
2.636274000000000000e+06
1.152520000000000000e+05
3.958761000000000000e+06
1.625174000000000000e+06
5.958360000000000000e+05
1.854120000000000000e+06
2.073633000000000000e+06
1.332270000000000000e+05
1.496076000000000000e+06
1.069550000000000000e+06
9.959300000000000000e+05
8.292800000000000000e+05
1.210871000000000000e+06
5.602100000000000000e+04
3.237812000000000000e+06
4.654870000000000000e+05
2.839140000000000000e+06
1.102239000000000000e+06
2.181006000000000000e+06
1.505640000000000000e+05
2.848100000000000000e+04
2.582940000000000000e+06
1.024292000000000000e+06
1.592572000000000000e+06
7.980200000000000000e+04
7.229000000000000000e+03
3.924818000000000000e+06
1.385328000000000000e+06
1.058352000000000000e+06
7.968900000000000000e+04
1.733087000000000000e+06
9.481000000000000000e+04
1.233834000000000000e+06
8.651130000000000000e+05
9.323100000000000000e+05
1.331191000000000000e+06
1.306259000000000000e+06
8.694500000000000000e+04
3.772251000000000000e+06
1.306377000000000000e+06
1.236378000000000000e+06
1.153320000000000000e+06
1.465134000000000000e+06
8.789700000000000000e+04
1.851121000000000000e+06
8.348200000000000000e+04
6.523908000000000000e+06
4.836684000000000000e+06
5.306933000000000000e+06
2.447010000000000000e+05
2.842229000000000000e+06
7.752741000000000000e+06
3.543729000000000000e+06
2.951390000000000000e+06
2.156990000000000000e+05
2.346400000000000000e+04
3.235229000000000000e+06
1.596037000000000000e+06
1.146047000000000000e+06
9.287800000000000000e+04
2.557731000000000000e+06
7.787000000000000000e+04
3.563194000000000000e+06
1.734353000000000000e+06
1.198374000000000000e+06
1.765335000000000000e+06
1.492386000000000000e+06
1.021010000000000000e+05
1.110330000000000000e+06
1.336660000000000000e+06
1.683870000000000000e+06
2.532374000000000000e+06
3.547012000000000000e+06
1.965510000000000000e+05
5.461498000000000000e+06
4.536040000000000000e+05
7.583920000000000000e+06
4.671131000000000000e+06
3.972739000000000000e+06
1.645640000000000000e+05
9.213500000000000000e+04
6.576329000000000000e+06
3.433463000000000000e+06
2.798703000000000000e+06
1.256850000000000000e+05
7.034200000000000000e+04
6.105159000000000000e+06
2.588766000000000000e+06
1.905286000000000000e+06
1.106030000000000000e+05
2.413521000000000000e+06
1.220370000000000000e+05
1.246952000000000000e+06
5.227890000000000000e+05
1.034107000000000000e+06
1.814548000000000000e+06
1.750902000000000000e+06
8.760000000000000000e+04
3.765599000000000000e+06
1.201500000000000000e+06
8.386580000000000000e+05
8.542280000000000000e+05
6.827890000000000000e+05
4.712300000000000000e+04
5.932470000000000000e+05
5.209880000000000000e+05
6.807590000000000000e+05
1.049947000000000000e+06
9.622510000000000000e+05
3.584300000000000000e+04
2.527384000000000000e+06
7.069420000000000000e+05
2.678890000000000000e+05
2.442980000000000000e+05
2.625450000000000000e+05
1.528600000000000000e+04
1.910740000000000000e+05
1.856570000000000000e+05
2.725320000000000000e+05
3.015150000000000000e+05
2.226230000000000000e+05
1.096100000000000000e+04
1.864401000000000000e+06
5.531500000000000000e+05
2.416860000000000000e+05
2.747910000000000000e+05
2.771530000000000000e+05
1.474900000000000000e+04
3.777580000000000000e+05
2.388890000000000000e+05
2.684740000000000000e+05
3.328800000000000000e+05
3.566860000000000000e+05
5.533800000000000000e+04
2.034655000000000000e+06
6.983250000000000000e+05
2.988150000000000000e+05
7.255910000000000000e+05
3.949517000000000000e+06
1.006120000000000000e+05
4.025967000000000000e+06
4.374380000000000000e+06
3.810549200000000000e+07
4.197383000000000000e+06
4.515968000000000000e+06
9.471900000000000000e+04
6.702581000000000000e+06
4.855294000000000000e+06
3.352954000000000000e+06
5.138240000000000000e+05
5.293390000000000000e+05
3.041000000000000000e+04
5.589020000000000000e+05
5.431390000000000000e+05
3.447658000000000000e+06
5.140924000000000000e+06
7.700963000000000000e+06
4.879000000000000000e+04
1.019304100000000000e+07
8.178897000000000000e+06
2.665444000000000000e+06
2.598009000000000000e+06
2.709526000000000000e+06
8.731100000000000000e+04
2.529226000000000000e+06
2.400099000000000000e+06
2.338378000000000000e+06
2.294251000000000000e+06
2.018036000000000000e+06
4.481200000000000000e+04
4.467015000000000000e+06
2.336087000000000000e+06
2.028071000000000000e+06
2.038480000000000000e+06
1.890361000000000000e+06
7.957700000000000000e+04
2.083209000000000000e+06
1.987778000000000000e+06
2.286751000000000000e+06
2.499741000000000000e+06
2.575002000000000000e+06
3.340400000000000000e+04
2.767839000000000000e+06
1.034004000000000000e+06
6.357250000000000000e+05
1.018176000000000000e+06
1.082056000000000000e+06
9.500200000000000000e+04
1.124389000000000000e+06
1.058312000000000000e+06
1.347627000000000000e+06
1.034635000000000000e+06
1.121746000000000000e+06
8.044000000000000000e+04
2.359882000000000000e+06
9.709490000000000000e+05
5.222470000000000000e+05
5.585070000000000000e+05
5.290440000000000000e+05
3.517100000000000000e+04
3.671320000000000000e+05
2.994030000000000000e+05
2.325270000000000000e+05
2.651940000000000000e+05
2.184870000000000000e+05
1.522500000000000000e+04
1.907744000000000000e+06
7.198120000000000000e+05
2.702210000000000000e+05
5.340850000000000000e+05
7.421690000000000000e+05
4.138600000000000000e+04
9.864150000000000000e+05
1.169617000000000000e+06
1.310641000000000000e+06
1.216443000000000000e+06
1.297068000000000000e+06
8.253300000000000000e+04
3.514549000000000000e+06
3.486502000000000000e+06
5.110420000000000000e+06
5.179239000000000000e+06
4.467143000000000000e+06
2.430140000000000000e+05
4.025034000000000000e+06
2.675756000000000000e+06
2.472579000000000000e+06
2.726907000000000000e+06
1.771491000000000000e+06
1.509300000000000000e+05
4.562344000000000000e+06
1.921700000000000000e+06
1.489829000000000000e+06
1.062744000000000000e+06
1.209549000000000000e+06
4.333600000000000000e+04
1.010767000000000000e+06
8.768410000000000000e+05
1.071564000000000000e+06
1.142243000000000000e+06
1.286209000000000000e+06
5.457100000000000000e+04
3.507664000000000000e+06
1.118206000000000000e+06
7.854120000000000000e+05
1.118708000000000000e+06
9.869420000000000000e+05
5.476200000000000000e+04
2.937830000000000000e+05
5.221920000000000000e+05
4.481790000000000000e+05
1.505370000000000000e+05
1.672730000000000000e+05
8.483000000000000000e+03
2.031548000000000000e+06
6.028950000000000000e+05
4.464540000000000000e+05
6.563660000000000000e+05
5.821260000000000000e+05
4.985700000000000000e+04
4.423370000000000000e+05
3.973880000000000000e+05
2.323490000000000000e+05
2.928040000000000000e+05
3.602150000000000000e+05
1.203400000000000000e+04
3.141711000000000000e+06
8.756790000000000000e+05
6.896350000000000000e+05
7.784090000000000000e+05
8.785380000000000000e+05
4.719700000000000000e+04
5.934890000000000000e+05
4.439630000000000000e+05
4.212270000000000000e+05
3.359710000000000000e+05
3.121590000000000000e+05
9.469700000000000000e+04
2.044199000000000000e+06
6.800580000000000000e+05
2.585190000000000000e+05
2.459960000000000000e+05
4.215430000000000000e+05
4.560200000000000000e+04
5.011100000000000000e+05
6.381420000000000000e+05
6.812190000000000000e+05
1.172037000000000000e+06
1.300420000000000000e+06
9.187100000000000000e+04
2.942567000000000000e+06
1.935454000000000000e+06
1.931570000000000000e+06
1.965641000000000000e+06
2.216267000000000000e+06
1.813170000000000000e+05
2.243533000000000000e+06
2.181474000000000000e+06
2.248548000000000000e+06
1.560157000000000000e+06
9.717870000000000000e+05
8.449300000000000000e+04
2.317464000000000000e+06
1.139172000000000000e+06
1.216454000000000000e+06
1.336888000000000000e+06
1.200414000000000000e+06
1.267640000000000000e+05
1.184239000000000000e+06
1.393626000000000000e+06
1.185823000000000000e+06
1.336200000000000000e+06
1.358497000000000000e+06
8.637600000000000000e+04
2.603800000000000000e+06
1.530026000000000000e+06
1.331182000000000000e+06
1.370531000000000000e+06
1.079358000000000000e+06
7.442100000000000000e+04
8.262930000000000000e+05
2.369556000000000000e+06
9.107107000000000000e+06
9.099956000000000000e+06
9.312653000000000000e+06
3.254780000000000000e+05
9.866618000000000000e+06
1.318613100000000000e+07
1.685095200000000000e+07
1.613342600000000000e+07
1.724706000000000000e+07
2.658000000000000000e+04
9.730792000000000000e+06
4.728866000000000000e+06
5.413202000000000000e+06
5.595645000000000000e+06
5.756367000000000000e+06
4.154900000000000000e+04
5.845588000000000000e+06
3.001847000000000000e+06
3.938331000000000000e+06
4.158001000000000000e+06
5.144584000000000000e+06
2.261600000000000000e+04
6.818215000000000000e+06
6.891825000000000000e+06
6.731354000000000000e+06
6.889369000000000000e+06
6.900579000000000000e+06
9.419800000000000000e+04
8.524444000000000000e+06
7.212841000000000000e+06
7.372855000000000000e+06
7.423588000000000000e+06
7.450402000000000000e+06
5.924300000000000000e+04
7.223126000000000000e+06
7.193893000000000000e+06
6.842705000000000000e+06
6.641777000000000000e+06
6.706849000000000000e+06
3.042800000000000000e+04
7.526050000000000000e+06
1.184712500000000000e+07
6.352464000000000000e+06
6.220999000000000000e+06
5.890316000000000000e+06
3.812000000000000000e+04
3.201321000000000000e+06
2.799662000000000000e+06
2.836029000000000000e+06
2.812923000000000000e+06
3.090681000000000000e+06
3.103100000000000000e+04
5.010100000000000000e+06
3.338740000000000000e+06
3.156101000000000000e+06
3.735869000000000000e+06
4.685103000000000000e+06
2.374330000000000000e+05
5.134027000000000000e+06
1.641331000000000000e+06
1.669682000000000000e+06
1.572999000000000000e+06
1.485574000000000000e+06
7.314200000000000000e+04
3.971300000000000000e+06
1.576744000000000000e+06
1.330891000000000000e+06
1.280853000000000000e+06
1.289927000000000000e+06
5.638400000000000000e+04
1.330257000000000000e+06
1.505055000000000000e+06
1.221031000000000000e+06
1.391326000000000000e+06
1.233028000000000000e+06
1.333000000000000000e+04
2.077877000000000000e+06
9.952980000000000000e+05
8.957110000000000000e+05
8.248130000000000000e+05
7.924770000000000000e+05
5.472400000000000000e+04
3.111827000000000000e+06
6.648290000000000000e+06
6.202901000000000000e+06
6.412149000000000000e+06
3.095008000000000000e+06
1.422070000000000000e+05
4.228458000000000000e+06
5.169843000000000000e+06
5.735846000000000000e+06
8.767313000000000000e+06
1.496946400000000000e+07
5.403900000000000000e+04
1.790564600000000000e+07
1.798173900000000000e+07
1.796924600000000000e+07
1.709938800000000000e+07
8.504543000000000000e+06
8.282000000000000000e+03
4.413373000000000000e+06
3.781796000000000000e+06
3.660581000000000000e+06
4.653323000000000000e+06
6.414424000000000000e+06
6.598200000000000000e+04
6.587965000000000000e+06
6.422942000000000000e+06
6.335540000000000000e+06
6.293240000000000000e+06
6.333533000000000000e+06
3.902000000000000000e+04
8.173990000000000000e+06
6.772681000000000000e+06
6.869484000000000000e+06
7.120193000000000000e+06
7.121338000000000000e+06
3.798100000000000000e+04
7.023355000000000000e+06
6.894935000000000000e+06
6.684876000000000000e+06
5.886139000000000000e+06
5.792656000000000000e+06
6.997000000000000000e+04
1.426596300000000000e+07
6.544388000000000000e+06
6.230386000000000000e+06
5.908086000000000000e+06
2.917924000000000000e+06
1.843600000000000000e+04
3.528160000000000000e+05
3.734650000000000000e+05
1.647051000000000000e+06
1.732002000000000000e+06
1.669573000000000000e+06
3.180000000000000000e+04
3.258696000000000000e+06
1.839767000000000000e+06
1.578929000000000000e+06
1.502152000000000000e+06
1.586453000000000000e+06
6.477500000000000000e+04
1.650861000000000000e+06
1.529274000000000000e+06
1.511512000000000000e+06
1.502242000000000000e+06
6.451650000000000000e+05
5.461900000000000000e+04
2.029403000000000000e+06
8.054900000000000000e+05
5.815170000000000000e+05
4.704430000000000000e+05
7.177180000000000000e+05
3.152800000000000000e+04
6.733250000000000000e+05
6.524770000000000000e+05
6.909410000000000000e+05
7.321920000000000000e+05
7.266270000000000000e+05
8.045500000000000000e+04
1.999103000000000000e+06
7.070750000000000000e+05
6.213370000000000000e+05
5.729830000000000000e+05
6.007630000000000000e+05
9.250900000000000000e+04
6.165410000000000000e+05
5.541740000000000000e+05
5.892650000000000000e+05
5.737930000000000000e+05
5.803950000000000000e+05
1.108200000000000000e+04
1.812228000000000000e+06
8.432990000000000000e+05
6.844290000000000000e+05
7.870730000000000000e+05
6.789810000000000000e+05
3.952500000000000000e+04
5.690460000000000000e+05
6.276330000000000000e+05
6.771150000000000000e+05
5.424510000000000000e+05
5.982150000000000000e+05
4.623300000000000000e+04
2.805490000000000000e+06
9.238020000000000000e+05
8.657190000000000000e+05
8.469990000000000000e+05
1.122722000000000000e+06
1.958200000000000000e+04
1.221062000000000000e+06
1.323459000000000000e+06
1.030316000000000000e+06
1.263035000000000000e+06
1.102131000000000000e+06
4.104200000000000000e+04
2.856346000000000000e+06
8.525400000000000000e+05
5.166210000000000000e+05
5.087580000000000000e+05
5.586370000000000000e+05
2.202700000000000000e+04
5.534720000000000000e+05
2.683930000000000000e+05
2.802440000000000000e+05
4.080160000000000000e+05
3.767190000000000000e+05
3.318600000000000000e+04
1.758333000000000000e+06
3.269920000000000000e+05
1.084390000000000000e+05
1.988780000000000000e+05
2.556600000000000000e+05
7.148000000000000000e+04
3.116360000000000000e+05
3.472040000000000000e+05
1.617020000000000000e+05
1.118120000000000000e+05
1.220890000000000000e+05
1.289500000000000000e+04
1.187520000000000000e+06
3.409600000000000000e+05
1.218350000000000000e+05
8.468200000000000000e+04
4.003600000000000000e+04
2.339000000000000000e+03
5.287700000000000000e+04
9.890600000000000000e+04
1.191100000000000000e+05
1.777710000000000000e+05
2.054770000000000000e+05
1.987500000000000000e+04
1.003408000000000000e+06
3.765490000000000000e+05
1.054250000000000000e+05
1.060250000000000000e+05
7.487200000000000000e+04
3.869000000000000000e+03
8.758200000000000000e+04
4.497610000000000000e+05
7.470540000000000000e+05
8.122060000000000000e+05
8.788200000000000000e+05
4.125600000000000000e+04
2.490596000000000000e+06
4.104718000000000000e+06
1.075147000000000000e+07
1.076738800000000000e+07
1.067845800000000000e+07
2.407100000000000000e+04
1.335497300000000000e+07
1.641031400000000000e+07
1.647637600000000000e+07
1.652544400000000000e+07
1.646253200000000000e+07
8.733000000000000000e+03
1.710740500000000000e+07
8.598622000000000000e+06
1.048944100000000000e+07
9.744758000000000000e+06
1.001526500000000000e+07
6.047800000000000000e+04
9.529481000000000000e+06
1.279347400000000000e+07
1.516203700000000000e+07
1.694265900000000000e+07
1.444837200000000000e+07
1.608830000000000000e+05
1.103584400000000000e+07
9.176431000000000000e+06
9.485196000000000000e+06
7.207714000000000000e+06
4.371292000000000000e+06
3.987000000000000000e+04
1.913312000000000000e+06
1.719200000000000000e+06
1.734590000000000000e+06
1.795055000000000000e+06
1.914932000000000000e+06
9.383400000000000000e+04
3.988535000000000000e+06
2.002668000000000000e+06
2.142926000000000000e+06
2.218783000000000000e+06
2.338866000000000000e+06
9.681300000000000000e+04
2.366689000000000000e+06
2.379977000000000000e+06
1.826316000000000000e+06
1.798669000000000000e+06
1.700802000000000000e+06
8.764300000000000000e+04
2.709300000000000000e+06
8.415310000000000000e+05
5.313980000000000000e+05
5.679090000000000000e+05
2.373170000000000000e+05
1.520500000000000000e+04
1.080990000000000000e+05
1.408430000000000000e+05
3.970510000000000000e+05
4.640360000000000000e+05
4.916880000000000000e+05
1.578200000000000000e+04
2.554399000000000000e+06
6.326990000000000000e+05
4.407780000000000000e+05
3.141420000000000000e+05
2.621070000000000000e+05
6.222000000000000000e+03
2.840710000000000000e+05
2.766330000000000000e+05
3.417850000000000000e+05
4.755900000000000000e+05
6.231300000000000000e+05
4.836000000000000000e+04
1.745880000000000000e+06
7.624980000000000000e+05
7.307720000000000000e+05
7.576610000000000000e+05
8.012270000000000000e+05
2.490400000000000000e+04
3.390710000000000000e+05
3.226250000000000000e+05
6.048900000000000000e+05
5.017380000000000000e+05
2.373890000000000000e+05
1.225800000000000000e+04
1.984589000000000000e+06
5.195960000000000000e+05
3.182660000000000000e+05
8.722760000000000000e+05
9.687170000000000000e+05
4.713600000000000000e+04
6.675820000000000000e+05
7.671220000000000000e+05
7.273120000000000000e+05
7.416520000000000000e+05
7.150660000000000000e+05
3.619000000000000000e+04
1.885744000000000000e+06
6.835190000000000000e+05
1.511160000000000000e+05
2.428730000000000000e+05
1.574380000000000000e+05
1.425600000000000000e+04
7.399650000000000000e+05
1.064527000000000000e+06
1.121492000000000000e+06
8.763290000000000000e+05
1.173825000000000000e+06
1.024500000000000000e+05
2.778789000000000000e+06
9.210690000000000000e+05
1.060296000000000000e+06
1.727246000000000000e+06
1.234329000000000000e+06
2.629000000000000000e+04
7.446820000000000000e+05
7.612080000000000000e+05
9.940470000000000000e+05
4.459458000000000000e+06
4.499213000000000000e+06
6.496300000000000000e+04
5.989561000000000000e+06
3.854418000000000000e+06
3.703840000000000000e+06
4.001493000000000000e+06
3.600724000000000000e+06
3.756590000000000000e+06
3.709464000000000000e+06
2.117550000000000000e+05
2.990628000000000000e+06
9.383380000000000000e+05
3.179830000000000000e+05
2.513200000000000000e+04
3.167332000000000000e+06
8.707930000000000000e+05
1.928320000000000000e+05
2.904690000000000000e+05
9.590660000000000000e+05
5.393300000000000000e+04
7.328320000000000000e+05
3.100500000000000000e+05
8.161790000000000000e+05
1.060826000000000000e+06
5.282060000000000000e+05
4.312700000000000000e+04
2.395237000000000000e+06
9.141090000000000000e+05
3.809180000000000000e+05
3.305220000000000000e+05
5.230850000000000000e+05
1.974200000000000000e+04
4.502550000000000000e+05
4.358600000000000000e+05
4.546340000000000000e+05
5.133570000000000000e+05
5.454110000000000000e+05
4.444160000000000000e+05
2.960079000000000000e+06
4.630950000000000000e+05
1.698920000000000000e+05
2.117740000000000000e+05
5.766310000000000000e+05
2.783800000000000000e+04
6.814010000000000000e+05
6.905840000000000000e+05
1.028759000000000000e+06
1.003814000000000000e+06
8.550550000000000000e+05
5.418600000000000000e+04
2.383525000000000000e+06
7.002650000000000000e+05
6.186810000000000000e+05
9.656960000000000000e+05
1.042356000000000000e+06
4.147900000000000000e+04
6.650030000000000000e+05
6.458550000000000000e+05
3.738370000000000000e+05
2.767470000000000000e+05
8.133430000000000000e+05
1.531500000000000000e+04
2.706497000000000000e+06
1.241865000000000000e+06
1.588564000000000000e+06
1.449612000000000000e+06
1.104759000000000000e+06
1.124216000000000000e+06
9.208100000000000000e+05
4.553900000000000000e+04
7.284310000000000000e+05
4.963710000000000000e+05
4.434630000000000000e+05
5.080800000000000000e+04
2.656644000000000000e+06
1.263343000000000000e+06
1.445372000000000000e+06
1.722034000000000000e+06
1.329006000000000000e+06
6.279100000000000000e+04
8.901360000000000000e+05
9.720510000000000000e+05
9.137730000000000000e+05
7.485870000000000000e+05
2.809280000000000000e+05
1.990600000000000000e+04
2.489506000000000000e+06
7.971400000000000000e+05
4.324840000000000000e+05
5.904530000000000000e+05
5.661330000000000000e+05
4.112100000000000000e+04
4.596870000000000000e+05
4.525710000000000000e+05
3.425370000000000000e+05
3.198140000000000000e+05
4.972960000000000000e+05
6.088110000000000000e+05
3.205735000000000000e+06
4.226000000000000000e+05
1.146660000000000000e+06
1.468075000000000000e+06
1.342644000000000000e+06
6.856600000000000000e+04
4.500000000000000000e+03
2.364672000000000000e+06
6.486470000000000000e+05
7.037820000000000000e+05
2.967160000000000000e+05
3.107700000000000000e+04
2.253171000000000000e+06
6.846440000000000000e+05
4.322550000000000000e+05
4.509700000000000000e+04
1.187159000000000000e+06
2.889900000000000000e+04
4.594140000000000000e+05
6.289350000000000000e+05
6.029280000000000000e+05
4.184630000000000000e+05
5.046590000000000000e+05
6.584100000000000000e+04
2.296993000000000000e+06
4.473690000000000000e+05
2.547210000000000000e+05
4.990950000000000000e+05
1.431010000000000000e+05
3.832330000000000000e+05
2.491120000000000000e+05
1.676100000000000000e+04
2.942510000000000000e+05
2.517780000000000000e+05
2.961120000000000000e+05
4.069800000000000000e+04
1.881333000000000000e+06
3.618201800000000000e+07
2.785830000000000000e+05
1.916410000000000000e+05
6.539100000000000000e+04
1.108600000000000000e+04
2.058300000000000000e+05
2.302700000000000000e+04
5.815300000000000000e+04
2.554100000000000000e+04
2.003500000000000000e+04
2.316000000000000000e+03
3.103626000000000000e+06
4.209760000000000000e+05
4.064700000000000000e+04
0.000000000000000000e+00
0.000000000000000000e+00
0.000000000000000000e+00
5.685000000000000000e+03
0.000000000000000000e+00
1.510700000000000000e+04
6.162400000000000000e+04
5.112000000000000000e+03
1.185000000000000000e+03
1.708505000000000000e+06
4.250060000000000000e+05
3.076900000000000000e+04
2.832000000000000000e+03
1.000280000000000000e+05
1.320700000000000000e+04
1.313700000000000000e+04
1.067205000000000000e+06
9.116000000000000000e+04
3.299960000000000000e+05
1.267960000000000000e+05
2.340800000000000000e+04
1.531851000000000000e+06
9.238930000000000000e+05
6.611800000000000000e+04
3.802100000000000000e+04
1.910990000000000000e+05
6.716000000000000000e+03
4.403600000000000000e+04
4.724200000000000000e+04
2.408000000000000000e+04
1.250500000000000000e+04
2.776800000000000000e+04
4.205000000000000000e+03
1.561373000000000000e+06
4.551800000000000000e+05
4.109500000000000000e+04
1.045180000000000000e+05
1.702000000000000000e+04
2.560000000000000000e+03
6.368940000000000000e+05
3.456900000000000000e+04
0.000000000000000000e+00
7.676000000000000000e+03
6.118100000000000000e+04
6.561000000000000000e+03
1.438154000000000000e+06
1.633441000000000000e+06
2.544380000000000000e+05
7.755790000000000000e+05
6.681830000000000000e+05
6.163500000000000000e+04
4.912940000000000000e+05
4.001000000000000000e+04
4.716730000000000000e+05
4.151300000000000000e+04
1.395936000000000000e+06
8.185300000000000000e+04
2.534861000000000000e+06
8.245840000000000000e+05
4.463800000000000000e+04
1.048100000000000000e+04
1.967860000000000000e+05
1.950800000000000000e+04
8.489100000000000000e+04
8.059000000000000000e+03
1.536360000000000000e+05
6.611100000000000000e+04
9.437000000000000000e+03
9.934800000000000000e+04
2.132914000000000000e+06
4.640820000000000000e+05
1.308575000000000000e+06
1.729083000000000000e+06
9.535750000000000000e+05
7.677300000000000000e+04
8.654000000000000000e+03
5.891710000000000000e+05
4.062100000000000000e+04
1.185080000000000000e+05
2.134300000000000000e+04
1.109100000000000000e+04
2.418437000000000000e+06
4.809820000000000000e+05
2.436000000000000000e+04
1.756300000000000000e+04
1.012900000000000000e+04
3.584000000000000000e+03
5.712810000000000000e+05
1.737260000000000000e+05
8.913020000000000000e+05
7.142200000000000000e+05
1.319130000000000000e+05
1.376100000000000000e+04
2.083860000000000000e+06
4.824360000000000000e+05
3.737350000000000000e+05
5.451600000000000000e+05
9.520000000000000000e+04
6.784940000000000000e+05
4.187600000000000000e+04
6.272000000000000000e+03
1.694070000000000000e+05
1.645390000000000000e+05
2.199900000000000000e+04
9.321000000000000000e+03
1.418678000000000000e+06
9.121300000000000000e+05
4.734970000000000000e+05
5.523570000000000000e+05
3.517200000000000000e+04
6.272000000000000000e+03
1.389500000000000000e+04
1.232300000000000000e+04
4.909300000000000000e+04
3.890400000000000000e+04
1.430208000000000000e+06
9.797600000000000000e+04
2.248949000000000000e+06
8.640320000000000000e+05
3.943170000000000000e+05
2.002440000000000000e+05
5.243500000000000000e+04
0.000000000000000000e+00
3.663300000000000000e+04
5.040000000000000000e+02
9.936000000000000000e+03
1.914250000000000000e+05
6.141760000000000000e+05
6.437450000000000000e+05
2.569907000000000000e+06
3.850500000000000000e+05
3.977542600000000000e+07
6.150970000000000000e+05
4.031650000000000000e+05
3.674900000000000000e+04
1.459600000000000000e+04
6.646050000000000000e+05
2.279420000000000000e+05
7.565480000000000000e+05
4.842590000000000000e+05
6.880400000000000000e+04
4.565961000000000000e+06
9.447780000000000000e+05
7.811160000000000000e+05
8.725200000000000000e+04
7.951320000000000000e+05
3.113700000000000000e+04
2.442420000000000000e+05
4.859200000000000000e+05
4.868650000000000000e+05
6.526120000000000000e+05
8.024060000000000000e+05
3.676300000000000000e+04
3.376883000000000000e+06
5.299320000000000000e+05
5.197580000000000000e+05
1.549409000000000000e+06
2.633600000000000000e+05
3.789510000000000000e+05
4.867040000000000000e+05
3.338100000000000000e+04
4.407430000000000000e+05
4.577440000000000000e+05
4.976030000000000000e+05
1.109900000000000000e+04
3.023605000000000000e+06
1.573399000000000000e+06
4.062020000000000000e+05
6.560520000000000000e+05
7.390640000000000000e+05
4.701600000000000000e+04
4.390760000000000000e+05
3.305080000000000000e+05
4.084090000000000000e+05
8.745400000000000000e+04
5.476340000000000000e+05
4.772700000000000000e+04
3.511953000000000000e+06
5.648710000000000000e+05
2.330390000000000000e+05
5.705330000000000000e+05
3.822640000000000000e+05
5.317600000000000000e+04
4.938060000000000000e+05
2.315600000000000000e+04
3.897900000000000000e+05
7.930380000000000000e+05
3.606240000000000000e+05
2.668990000000000000e+05
3.790060000000000000e+06
5.253790000000000000e+05
3.093280000000000000e+05
5.584760000000000000e+05
9.866259000000000000e+06
1.811350000000000000e+05
6.257700000000000000e+04
2.027470000000000000e+06
2.197048000000000000e+06
2.520741000000000000e+06
1.982046000000000000e+06
1.416180000000000000e+05
4.045969000000000000e+06
1.129224000000000000e+06
8.956870000000000000e+05
8.138100000000000000e+04
1.321839000000000000e+06
9.032000000000000000e+04
7.804470000000000000e+05
9.004080000000000000e+05
8.906870000000000000e+05
8.932600000000000000e+05
8.489010000000000000e+05
8.678500000000000000e+04
3.584789000000000000e+06
4.727390000000000000e+05
1.124695000000000000e+06
2.993438000000000000e+06
1.323018000000000000e+06
7.638760000000000000e+05
1.001414000000000000e+06
4.857400000000000000e+04
1.400952000000000000e+06
1.008992000000000000e+06
1.169468000000000000e+06
1.035850000000000000e+05
3.410680000000000000e+06
2.890860000000000000e+06
9.211810000000000000e+05
7.599940000000000000e+05
5.820740000000000000e+05
4.464100000000000000e+04
5.545300000000000000e+05
2.991570000000000000e+05
4.223700000000000000e+05
9.704500000000000000e+04
1.361251000000000000e+06
4.626500000000000000e+04
3.722368000000000000e+06
1.270027000000000000e+06
3.889620000000000000e+05
6.434260000000000000e+05
4.171770000000000000e+05
3.132200000000000000e+04
3.105730000000000000e+05
3.781400000000000000e+04
2.861810000000000000e+05
6.423420000000000000e+05
3.285170000000000000e+05
3.506510000000000000e+05
3.545630000000000000e+06
4.710400000000000000e+05
3.421870000000000000e+05
3.801200000000000000e+05
6.686880000000000000e+05
5.056000000000000000e+04
0.000000000000000000e+00
2.340005000000000000e+06
3.057088000000000000e+06
2.106142000000000000e+06
1.092563000000000000e+06
1.129280000000000000e+05
3.360439000000000000e+06
1.533778000000000000e+06
6.573700000000000000e+05
5.914200000000000000e+04
1.377217000000000000e+06
7.885900000000000000e+04
7.567780000000000000e+05
4.876170000000000000e+05
1.787144000000000000e+06
2.116128000000000000e+06
5.834420000000000000e+05
5.994700000000000000e+04
4.071131000000000000e+06
4.961590000000000000e+05
2.041044000000000000e+06
3.499477000000000000e+06
9.675330000000000000e+05
6.039490000000000000e+05
1.012142000000000000e+06
6.534300000000000000e+04
8.838220000000000000e+05
9.217960000000000000e+05
5.884060000000000000e+05
7.416000000000000000e+04
3.655858000000000000e+06
1.420935000000000000e+06
4.211070000000000000e+05
8.808850000000000000e+05
1.348777000000000000e+06
1.321840000000000000e+05
1.572696000000000000e+06
1.102692000000000000e+06
1.152271000000000000e+06
1.268080000000000000e+05
3.209872000000000000e+06
1.396790000000000000e+05
4.457531000000000000e+06
2.017981000000000000e+06
1.213206000000000000e+06
1.560429000000000000e+06
1.610032000000000000e+06
1.065940000000000000e+05
1.363049000000000000e+06
9.152700000000000000e+04
7.480110000000000000e+05
2.292815000000000000e+06
1.261136000000000000e+06
1.327837000000000000e+06
4.526699000000000000e+06
4.844690000000000000e+05
1.119663000000000000e+06
8.898960000000000000e+05
9.603110000000000000e+05
5.732200000000000000e+04
9.854000000000000000e+03
1.918424000000000000e+06
5.709730000000000000e+05
3.951570000000000000e+05
5.950300000000000000e+05
4.598500000000000000e+04
2.977104000000000000e+06
8.886590000000000000e+05
6.150750000000000000e+05
7.391900000000000000e+04
1.978597000000000000e+06
7.522000000000000000e+04
1.695534000000000000e+06
1.188859000000000000e+06
1.265500000000000000e+06
5.537810000000000000e+05
6.699240000000000000e+05
3.335300000000000000e+04
3.140203000000000000e+06
5.361300000000000000e+05
4.485460000000000000e+05
9.308330000000000000e+05
1.353971200000000000e+07
1.066194000000000000e+06
6.479650000000000000e+05
5.410000000000000000e+04
6.024130000000000000e+05
8.798600000000000000e+05
9.769790000000000000e+05
7.960700000000000000e+04
3.019587000000000000e+06
1.914417000000000000e+06
5.405150000000000000e+05
3.056050000000000000e+05
3.873170000000000000e+05
1.719100000000000000e+04
2.176630000000000000e+05
7.231730000000000000e+05
1.154338000000000000e+06
3.889290000000000000e+05
1.817270000000000000e+06
7.367700000000000000e+04
3.759883000000000000e+06
7.596560000000000000e+05
2.742730000000000000e+05
3.435100000000000000e+05
2.063190000000000000e+05
1.749500000000000000e+04
4.578700000000000000e+05
2.891700000000000000e+04
5.936950000000000000e+05
8.284540000000000000e+05
3.860180000000000000e+05
1.644400000000000000e+04
2.720291000000000000e+06
9.498090000000000000e+05
6.430720000000000000e+05
8.954090000000000000e+05
3.304780000000000000e+05
3.195400000000000000e+04
1.968700000000000000e+04
7.543220000000000000e+05
9.643040000000000000e+05
6.362250000000000000e+05
5.335700000000000000e+05
3.314400000000000000e+04
2.860759000000000000e+06
1.202312000000000000e+06
3.717670000000000000e+05
3.316700000000000000e+04
1.132837000000000000e+06
9.209400000000000000e+04
3.685000000000000000e+05
1.196379000000000000e+06
1.109156000000000000e+06
1.034767000000000000e+06
9.575900000000000000e+05
5.033500000000000000e+04
3.147049000000000000e+06
5.131910000000000000e+05
8.735570000000000000e+05
1.657787000000000000e+06
9.709590000000000000e+05
1.394850000000000000e+05
9.321460000000000000e+05
1.024037000000000000e+06
8.225220000000000000e+05
7.252210000000000000e+05
6.727250000000000000e+05
6.052400000000000000e+04
3.168469000000000000e+06
1.406778000000000000e+06
5.587160000000000000e+05
5.569110000000000000e+05
8.815290000000000000e+05
9.249800000000000000e+04
8.139550000000000000e+05
5.357240000000000000e+05
7.400530000000000000e+05
2.945950000000000000e+05
1.180998000000000000e+06
7.857400000000000000e+04
3.974244000000000000e+06
8.934400000000000000e+05
5.566760000000000000e+05
5.196060000000000000e+05
6.336530000000000000e+05
2.595000000000000000e+04
4.803200000000000000e+05
4.294200000000000000e+04
3.133360000000000000e+05
6.685389300000000000e+07
1.047490000000000000e+06
4.992130000000000000e+05
4.263779000000000000e+06
1.337569000000000000e+06
1.276751000000000000e+06
1.894856000000000000e+06
2.360757000000000000e+06
2.276270000000000000e+05
2.576900000000000000e+04
3.366542000000000000e+06
5.118800000000000000e+05
8.367730000000000000e+05
5.070590000000000000e+05
3.623200000000000000e+04
2.940677000000000000e+06
1.646055000000000000e+06
8.618340000000000000e+05
9.488300000000000000e+04
4.284416000000000000e+06
1.395240000000000000e+05
8.206130000000000000e+05
2.266490000000000000e+05
7.961910000000000000e+05
1.147302000000000000e+06
8.979040000000000000e+05
5.848600000000000000e+04
3.640225000000000000e+06
4.158170000000000000e+05
7.963420000000000000e+05
1.131640000000000000e+06
1.067400000000000000e+06
9.893300000000000000e+04
9.818080000000000000e+05
8.814230000000000000e+05
4.821500000000000000e+05
1.086291000000000000e+06
1.005389000000000000e+06
5.911300000000000000e+04
2.689122000000000000e+06
1.273769000000000000e+06
1.251120000000000000e+05
1.419730000000000000e+06
4.495890000000000000e+05
2.546100000000000000e+04
5.746930000000000000e+05
1.367414000000000000e+06
7.058940000000000000e+05
1.637750000000000000e+05
4.115276000000000000e+06
8.468100000000000000e+04
3.882703000000000000e+06
1.330168000000000000e+06
6.888960000000000000e+05
3.070950000000000000e+05
6.201330000000000000e+05
3.535300000000000000e+04
1.268984000000000000e+06
6.275600000000000000e+04
1.396000000000000000e+06
1.394290000000000000e+06
4.804920000000000000e+05
2.640800000000000000e+04
2.814468000000000000e+06
1.165849000000000000e+06
3.626650000000000000e+05
7.605580000000000000e+05
1.334692000000000000e+06
1.011840000000000000e+05
5.567320000000000000e+05
5.602090000000000000e+05
4.504600000000000000e+05
1.040574000000000000e+06
4.951280000000000000e+05
3.165400000000000000e+04
2.673652000000000000e+06
1.002404000000000000e+06
8.258900000000000000e+04
8.252980000000000000e+05
2.302270000000000000e+05
2.021000000000000000e+04
1.966980000000000000e+05
5.010190000000000000e+05
5.924700000000000000e+05
2.915390000000000000e+05
9.428170000000000000e+05
5.103800000000000000e+04
2.898564000000000000e+06
5.368410000000000000e+05
6.036460000000000000e+05
1.500705000000000000e+06
8.138280000000000000e+05
3.998500000000000000e+04
8.134940000000000000e+05
1.777950000000000000e+05
6.125450000000000000e+05
1.383936000000000000e+06
4.064300000000000000e+05
4.686600000000000000e+04
3.144056000000000000e+06
9.179910000000000000e+05
1.199660000000000000e+06
1.349910000000000000e+06
5.747420000000000000e+05
3.539900000000000000e+04
1.071547000000000000e+06
1.813060000000000000e+06
1.081435000000000000e+06
1.167145000000000000e+06
5.395900000000000000e+05
3.302800000000000000e+04
3.916185000000000000e+06
1.899688000000000000e+06
3.871490000000000000e+05
1.368367000000000000e+06
4.619490000000000000e+05
3.831900000000000000e+04
1.751716000000000000e+06
7.860410000000000000e+05
4.793510000000000000e+05
1.078182000000000000e+06
7.578590000000000000e+05
4.497700000000000000e+04
3.303518500000000000e+07
7.499610000000000000e+05
4.659000000000000000e+05
2.529910000000000000e+05
4.389700000000000000e+05
1.975800000000000000e+04
3.291720000000000000e+05
3.552600000000000000e+05
8.837400000000000000e+05
1.184109000000000000e+06
8.920720000000000000e+05
3.596100000000000000e+04
2.444776000000000000e+06
7.837680000000000000e+05
5.998030000000000000e+05
5.593550000000000000e+05
2.504530000000000000e+05
1.642000000000000000e+04
1.100430000000000000e+05
8.824600000000000000e+04
3.513300000000000000e+05
7.057910000000000000e+05
1.149920000000000000e+05
9.049000000000000000e+03
2.195674000000000000e+06
7.737950000000000000e+05
2.642490000000000000e+05
4.788480000000000000e+05
4.839990000000000000e+05
5.159700000000000000e+04
3.351440000000000000e+05
2.148370000000000000e+05
3.450770000000000000e+05
2.134140000000000000e+05
1.581500000000000000e+05
7.003000000000000000e+03
2.005184000000000000e+06
8.732870000000000000e+05
1.105268000000000000e+06
1.082377000000000000e+06
5.539860000000000000e+05
6.151800000000000000e+04
4.959630000000000000e+05
6.335190000000000000e+05
4.538440000000000000e+05
5.739190000000000000e+05
4.532220000000000000e+05
3.732000000000000000e+04
3.168842000000000000e+06
5.017710000000000000e+05
3.614280000000000000e+05
3.872920000000000000e+05
4.569740000000000000e+05
2.716800000000000000e+04
8.581180000000000000e+05
9.334750000000000000e+05
2.593530000000000000e+05
3.422490000000000000e+05
4.052240000000000000e+05
4.329700000000000000e+04
2.458962000000000000e+06
3.368870000000000000e+05
2.098010000000000000e+05
4.148430000000000000e+05
3.472220000000000000e+05
2.101600000000000000e+04
2.042960000000000000e+05
4.547040000000000000e+05
6.007820000000000000e+05
3.860000000000000000e+05
4.033390000000000000e+05
3.166800000000000000e+04
2.074950000000000000e+06
5.646380000000000000e+05
1.925794700000000000e+07
2.568107000000000000e+06
3.064041000000000000e+06
1.720450000000000000e+05
8.764330000000000000e+05
3.853500000000000000e+05
1.724958000000000000e+06
1.672713000000000000e+06
2.199564000000000000e+06
1.320570000000000000e+05
5.830175000000000000e+06
1.841953000000000000e+06
1.322423000000000000e+06
7.568470000000000000e+05
1.194764000000000000e+06
3.228200000000000000e+04
1.009690000000000000e+06
2.058849000000000000e+06
1.266029000000000000e+06
2.275589000000000000e+06
1.800095000000000000e+06
6.687300000000000000e+04
3.539515000000000000e+06
2.737411000000000000e+06
1.235892000000000000e+06
6.130820000000000000e+05
1.541079000000000000e+06
2.680900000000000000e+04
1.944857000000000000e+06
1.177829000000000000e+06
2.730300000000000000e+05
1.351848000000000000e+06
2.135700000000000000e+06
9.321700000000000000e+04
6.224140000000000000e+06
4.407265000000000000e+06
1.733041000000000000e+06
2.155317000000000000e+06
1.542407000000000000e+06
6.669300000000000000e+04
1.218644000000000000e+06
2.718860000000000000e+05
2.753940000000000000e+05
1.396700000000000000e+05
1.647920000000000000e+06
5.488400000000000000e+04
3.892754000000000000e+06
1.765274000000000000e+06
3.163032000000000000e+06
1.868258000000000000e+06
2.374560000000000000e+05
3.453800000000000000e+04
2.043553000000000000e+06
2.659060000000000000e+05
7.920260000000000000e+05
2.694645000000000000e+06
4.692424000000000000e+06
2.011300000000000000e+05
5.314095000000000000e+06
1.085604000000000000e+06
2.648013000000000000e+06
1.087465000000000000e+06
2.261184000000000000e+06
1.091410000000000000e+05
3.033310000000000000e+05
2.763386000000000000e+06
3.549485100000000000e+07
1.275414000000000000e+06
1.282952000000000000e+06
1.332910000000000000e+05
4.724502000000000000e+06
1.763489000000000000e+06
1.140218000000000000e+06
1.557948000000000000e+06
1.290204000000000000e+06
1.585270000000000000e+05
1.637192000000000000e+06
1.321292000000000000e+06
1.611215000000000000e+06
1.483218000000000000e+06
1.912014000000000000e+06
1.893670000000000000e+05
4.347994000000000000e+06
1.608597000000000000e+06
1.050627000000000000e+06
9.967250000000000000e+05
1.471639000000000000e+06
1.399050000000000000e+05
9.438000000000000000e+05
1.380879000000000000e+06
1.892796000000000000e+06
2.039330000000000000e+06
1.204723000000000000e+06
1.345980000000000000e+05
5.387288000000000000e+06
1.864339000000000000e+06
2.341062000000000000e+06
2.201066000000000000e+06
1.497190000000000000e+06
1.897540000000000000e+05
1.553150000000000000e+06
2.099259000000000000e+06
2.707968000000000000e+06
2.183070000000000000e+06
1.725590000000000000e+06
1.997180000000000000e+05
4.939601000000000000e+06
2.065122000000000000e+06
1.947509000000000000e+06
2.106496000000000000e+06
2.249627000000000000e+06
2.303070000000000000e+05
2.266016000000000000e+06
2.539247000000000000e+06
2.474255000000000000e+06
2.661493000000000000e+06
2.233143000000000000e+06
2.211300000000000000e+05
5.426617000000000000e+06
2.299998000000000000e+06
2.189502000000000000e+06
2.040548000000000000e+06
2.169418000000000000e+06
2.335840000000000000e+05
2.100130000000000000e+06
3.675075000000000000e+06
5.646008000000000000e+06
2.374317000000000000e+06
6.847439000000000000e+06
4.902670000000000000e+05
5.924567000000000000e+06
2.518261000000000000e+06
2.539163000000000000e+06
2.907692000000000000e+06
3.056181000000000000e+06
2.890480000000000000e+05
3.343615000000000000e+06
3.466852000000000000e+06
3.175685000000000000e+06
2.964165000000000000e+06
3.385233000000000000e+06
2.494930000000000000e+05
6.285557000000000000e+06
3.507360000000000000e+06
3.274169000000000000e+06
3.662591000000000000e+06
3.434138000000000000e+06
2.332110000000000000e+05
3.958314000000000000e+06
3.617358000000000000e+06
3.897835000000000000e+06
4.269801000000000000e+06
3.380153000000000000e+06
3.937590000000000000e+05
6.767805000000000000e+06
3.400206000000000000e+06
3.441363000000000000e+06
3.120868000000000000e+06
3.329935000000000000e+06
2.763780000000000000e+05
3.181611000000000000e+06
3.051641000000000000e+06
3.382749000000000000e+06
3.815219000000000000e+06
3.810852000000000000e+06
2.909970000000000000e+05
6.712994000000000000e+06
3.918999000000000000e+06
3.441360000000000000e+06
3.249810000000000000e+06
3.212701000000000000e+06
2.010820000000000000e+05
3.051809000000000000e+06
3.494857000000000000e+06
2.772832000000000000e+06
2.825212000000000000e+06
2.539800000000000000e+06
2.162480000000000000e+05
5.448141000000000000e+06
2.738486000000000000e+06
2.205022000000000000e+06
2.390977000000000000e+06
2.701810000000000000e+06
2.373320000000000000e+05
2.880452000000000000e+06
2.865660000000000000e+06
3.005006000000000000e+06
2.876656000000000000e+06
2.699449000000000000e+06
2.462500000000000000e+05
4.979428000000000000e+06
2.041597000000000000e+06
1.611950000000000000e+06
1.905062000000000000e+06
2.133334000000000000e+06
2.056010000000000000e+05
2.134069000000000000e+06
1.923778000000000000e+06
1.922598000000000000e+06
2.247243000000000000e+06
1.662650000000000000e+06
8.818200000000000000e+04
5.649746000000000000e+06
2.430975000000000000e+06
1.978780000000000000e+06
1.978590000000000000e+06
2.396033000000000000e+06
2.238600000000000000e+05
2.505075000000000000e+06
2.371127000000000000e+06
2.519706000000000000e+06
2.113562000000000000e+06
2.035986000000000000e+06
1.734950000000000000e+05
4.774165000000000000e+06
2.577703000000000000e+06
2.194650000000000000e+06
2.339116000000000000e+06
2.043365000000000000e+06
1.659910000000000000e+05
5.026552100000000000e+07
3.699845000000000000e+06
3.847799000000000000e+06
3.571262000000000000e+06
3.634476000000000000e+06
2.342840000000000000e+05
6.938115000000000000e+06
4.204247000000000000e+06
3.813451000000000000e+06
3.528830000000000000e+06
3.208157000000000000e+06
1.724010000000000000e+05
2.910460000000000000e+06
2.737095000000000000e+06
3.045014000000000000e+06
2.788905000000000000e+06
2.758785000000000000e+06
1.170230000000000000e+05
4.703615000000000000e+06
2.225210000000000000e+06
1.693316000000000000e+06
1.080701000000000000e+06
5.383850000000000000e+05
2.825200000000000000e+04
6.963060000000000000e+05
7.651300000000000000e+05
1.019635000000000000e+06
1.478145000000000000e+06
1.049601000000000000e+06
6.197000000000000000e+04
3.575881000000000000e+06
1.532018000000000000e+06
1.959799000000000000e+06
2.428884000000000000e+06
2.378775000000000000e+06
1.260450000000000000e+05
2.119646000000000000e+06
1.140615000000000000e+06
1.346607000000000000e+06
1.409184000000000000e+06
1.063842000000000000e+06
9.688200000000000000e+04
4.518520000000000000e+06
1.734949000000000000e+06
2.050006000000000000e+06
2.137948000000000000e+06
2.104465000000000000e+06
1.591050000000000000e+05
1.991450000000000000e+06
2.704998000000000000e+06
2.391399000000000000e+06
1.964398000000000000e+06
2.488035000000000000e+06
1.471220000000000000e+05
5.585781000000000000e+06
3.398110000000000000e+06
2.173193000000000000e+06
1.564627000000000000e+06
1.768527000000000000e+06
1.230690000000000000e+05
1.742551000000000000e+06
1.644612000000000000e+06
1.219484000000000000e+06
1.199099000000000000e+06
1.340842000000000000e+06
7.165400000000000000e+04
4.448112000000000000e+06
2.421891000000000000e+06
2.191886000000000000e+06
2.501967000000000000e+06
2.142049000000000000e+06
9.162200000000000000e+04
1.705758000000000000e+06
1.725488000000000000e+06
2.336973000000000000e+06
2.335323000000000000e+06
1.619671000000000000e+06
7.636000000000000000e+04
4.213898000000000000e+06
2.123013000000000000e+06
1.952115000000000000e+06
2.025751000000000000e+06
2.140474000000000000e+06
1.316820000000000000e+05
1.967659000000000000e+06
1.722857000000000000e+06
1.663479000000000000e+06
1.885769000000000000e+06
2.245947000000000000e+06
1.277510000000000000e+05
5.506390000000000000e+06
3.601262000000000000e+06
2.485200000000000000e+06
2.156242000000000000e+06
2.226482000000000000e+06
8.926500000000000000e+04
2.735929000000000000e+06
2.663090000000000000e+06
2.528317000000000000e+06
2.409257000000000000e+06
1.986619000000000000e+06
7.638500000000000000e+04
4.658545000000000000e+06
1.860399000000000000e+06
2.001157000000000000e+06
2.507634000000000000e+06
3.398243000000000000e+06
1.651030000000000000e+05
4.504141000000000000e+06
4.688466000000000000e+06
4.094146000000000000e+06
4.429262000000000000e+06
4.411154000000000000e+06
2.522780000000000000e+05
6.754093000000000000e+06
5.019155000000000000e+06
5.000955000000000000e+06
5.352458000000000000e+06
5.190102000000000000e+06
2.808790000000000000e+05
4.681220000000000000e+06
4.809249000000000000e+06
4.433590000000000000e+06
3.823962000000000000e+06
3.264164000000000000e+06
1.951830000000000000e+05
5.858449000000000000e+06
3.248032000000000000e+06
2.742915000000000000e+06
2.510447000000000000e+06
2.329739000000000000e+06
1.006090000000000000e+05
2.449237000000000000e+06
2.331267000000000000e+06
2.352265000000000000e+06
2.926697000000000000e+06
3.435092000000000000e+06
2.129690000000000000e+05
5.302773000000000000e+06
2.363335000000000000e+06
1.735595000000000000e+06
2.391581000000000000e+06
2.564691000000000000e+06
1.133600000000000000e+05
2.698424000000000000e+06
2.720075000000000000e+06
2.880401000000000000e+06
2.643507000000000000e+06
2.540870000000000000e+06
1.085130000000000000e+05
5.311095000000000000e+06
3.501157000000000000e+06
2.834432000000000000e+06
1.908658000000000000e+06
1.364600000000000000e+06
7.434600000000000000e+04
1.490103000000000000e+06
1.509495000000000000e+06
1.474788000000000000e+06
1.478611000000000000e+06
1.595987000000000000e+06
7.996700000000000000e+04
4.921808000000000000e+06
3.049800000000000000e+06
3.587480000000000000e+06
4.137558000000000000e+06
3.857611000000000000e+06
1.757500000000000000e+05
3.072969000000000000e+06
2.361655000000000000e+06
2.857556000000000000e+06
3.192162000000000000e+06
4.923394400000000000e+07
2.561090000000000000e+05
5.247172000000000000e+06
2.509071000000000000e+06
3.428262000000000000e+06
2.962007000000000000e+06
1.959778000000000000e+06
1.337340000000000000e+05
2.025592000000000000e+06
8.756890000000000000e+05
4.334600000000000000e+06
7.100590000000000000e+06
8.106582000000000000e+06
2.439410000000000000e+05
1.099511700000000000e+07
1.081434900000000000e+07
1.054239500000000000e+07
9.118105000000000000e+06
8.138882000000000000e+06
3.392830000000000000e+05
5.404806000000000000e+06
2.227593000000000000e+06
4.803056000000000000e+06
8.290080000000000000e+06
8.662953000000000000e+06
3.504880000000000000e+05
1.051522000000000000e+07
9.411497000000000000e+06
9.094855000000000000e+06
8.520170000000000000e+06
9.519165000000000000e+06
4.646580000000000000e+05
9.436126000000000000e+06
8.834212000000000000e+06
8.998257000000000000e+06
8.659147000000000000e+06
8.761824000000000000e+06
5.187280000000000000e+05
1.020916700000000000e+07
5.196939000000000000e+06
5.966086000000000000e+06
7.121422000000000000e+06
6.195719000000000000e+06
3.612060000000000000e+05
5.729892000000000000e+06
4.144141000000000000e+06
4.645848000000000000e+06
4.247287000000000000e+06
4.257944000000000000e+06
2.918340000000000000e+05
7.144325000000000000e+06
4.545611000000000000e+06
5.871136000000000000e+06
7.274987000000000000e+06
7.809646000000000000e+06
5.478550000000000000e+05
7.442773000000000000e+06
7.389176000000000000e+06
7.236374000000000000e+06
6.946681000000000000e+06
6.939852000000000000e+06
4.963990000000000000e+05
9.143240000000000000e+06
6.893142000000000000e+06
5.875817000000000000e+06
5.834852000000000000e+06
5.428376000000000000e+06
4.158440000000000000e+05
2.975876000000000000e+06
3.674955000000000000e+06
4.187919000000000000e+06
3.571101000000000000e+06
3.675579000000000000e+06
2.414940000000000000e+05
6.924853000000000000e+06
4.641988000000000000e+06
4.088153000000000000e+06
4.479206000000000000e+06
4.344860000000000000e+06
2.015540000000000000e+05
3.505306000000000000e+06
2.335680000000000000e+06
1.940004000000000000e+06
1.178402000000000000e+06
1.324763000000000000e+06
1.021190000000000000e+05
4.960538000000000000e+06
2.597409000000000000e+06
3.495764000000000000e+06
3.944066000000000000e+06
2.565609000000000000e+06
1.326890000000000000e+05
2.406239000000000000e+06
1.792383000000000000e+06
2.281651000000000000e+06
2.723916000000000000e+06
1.604552000000000000e+06
9.029200000000000000e+04
4.578591000000000000e+06
1.443923000000000000e+06
1.493698000000000000e+06
1.584360000000000000e+06
1.198770000000000000e+06
1.017590000000000000e+05
1.193588000000000000e+06
1.009824000000000000e+06
6.410650000000000000e+05
6.538450000000000000e+05
2.004186000000000000e+06
5.861100000000000000e+04
5.310196000000000000e+06
1.961585000000000000e+06
6.671140000000000000e+05
3.657882000000000000e+07
2.339512000000000000e+06
2.392330000000000000e+05
1.974729000000000000e+06
1.789104000000000000e+06
1.180799000000000000e+06
1.428480000000000000e+06
1.707475000000000000e+06
1.311580000000000000e+05
4.267010000000000000e+06
1.171656000000000000e+06
1.169936000000000000e+06
6.087500000000000000e+05
7.218930000000000000e+05
3.053800000000000000e+04
6.068010000000000000e+05
5.466280000000000000e+05
1.272483000000000000e+06
1.143769000000000000e+06
9.078190000000000000e+05
6.653600000000000000e+04
3.237465000000000000e+06
1.239233000000000000e+06
8.926580000000000000e+05
1.198299000000000000e+06
1.406865000000000000e+06
1.299740000000000000e+05
1.043717000000000000e+06
2.353599000000000000e+06
2.493659000000000000e+06
3.233964000000000000e+06
3.988230000000000000e+06
1.425690000000000000e+05
6.330267000000000000e+06
6.518412000000000000e+06
7.642686000000000000e+06
7.937377000000000000e+06
8.743200000000000000e+06
3.860670000000000000e+05
9.613832000000000000e+06
1.042374400000000000e+07
1.253146500000000000e+07
1.247862300000000000e+07
1.385280200000000000e+07
3.611910000000000000e+05
1.416191900000000000e+07
1.034053600000000000e+07
1.037321400000000000e+07
9.546462000000000000e+06
7.323520000000000000e+06
4.667000000000000000e+05
6.420442000000000000e+06
5.645163000000000000e+06
4.474722000000000000e+06
4.226510000000000000e+06
3.406879000000000000e+06
3.108510000000000000e+05
6.696818000000000000e+06
3.109306000000000000e+06
2.623913000000000000e+06
2.264973000000000000e+06
2.063839000000000000e+06
1.590510000000000000e+05
1.930160000000000000e+06
2.135015000000000000e+06
1.729753000000000000e+06
2.327963000000000000e+06
2.210320000000000000e+06
2.047840000000000000e+05
4.790320000000000000e+06
3.197266000000000000e+06
3.646360000000000000e+06
3.365780000000000000e+06
3.130007000000000000e+06
2.362810000000000000e+05
3.130543000000000000e+06
3.262656000000000000e+06
2.603757000000000000e+06
2.394351000000000000e+06
2.182169000000000000e+06
2.135580000000000000e+05
4.827902000000000000e+06
2.242372000000000000e+06
1.961194000000000000e+06
1.755190000000000000e+06
1.555530000000000000e+06
1.513490000000000000e+05
1.967769000000000000e+06
2.019732000000000000e+06
1.845227000000000000e+06
1.460790000000000000e+06
1.286344000000000000e+06
1.195530000000000000e+05
4.041852000000000000e+06
1.666751000000000000e+06
1.917635000000000000e+06
1.778754000000000000e+06
2.281605000000000000e+06
9.292200000000000000e+04
2.040270000000000000e+06
1.974697000000000000e+06
2.078209000000000000e+06
1.869535000000000000e+06
1.887624000000000000e+06
1.703530000000000000e+05
4.492899000000000000e+06
1.886222000000000000e+06
1.389020000000000000e+06
1.946440000000000000e+06
1.474706000000000000e+06
8.440600000000000000e+04
2.144247000000000000e+06
1.359774000000000000e+06
1.699747000000000000e+06
5.449046100000000000e+07
2.133039000000000000e+06
3.590300000000000000e+05
4.572287000000000000e+06
5.289760000000000000e+06
9.651993000000000000e+06
9.448931000000000000e+06
5.141590000000000000e+06
2.319780000000000000e+05
2.605497000000000000e+06
3.565641000000000000e+06
4.981168000000000000e+06
5.883028000000000000e+06
5.895312000000000000e+06
2.866580000000000000e+05
6.157827000000000000e+06
2.009481000000000000e+06
2.091232000000000000e+06
9.164100000000000000e+05
6.212470000000000000e+05
4.168400000000000000e+04
8.426540000000000000e+05
7.339780000000000000e+05
1.390857000000000000e+06
2.326915000000000000e+06
1.577842000000000000e+06
7.826000000000000000e+04
4.072476000000000000e+06
6.233640000000000000e+05
5.945280000000000000e+05
1.090181000000000000e+06
1.575260000000000000e+06
6.412900000000000000e+04
1.605610000000000000e+06
1.213293000000000000e+06
2.225824000000000000e+06
1.914830000000000000e+06
1.474974000000000000e+06
7.831500000000000000e+04
3.543438000000000000e+06
1.758975000000000000e+06
2.538777000000000000e+06
3.687513000000000000e+06
3.267575000000000000e+06
1.611580000000000000e+05
7.000777000000000000e+06
8.742405000000000000e+06
9.363354000000000000e+06
1.093632600000000000e+07
1.398332700000000000e+07
3.877070000000000000e+05
1.704995300000000000e+07
1.801731500000000000e+07
2.010942200000000000e+07
2.215036600000000000e+07
2.387377800000000000e+07
4.130740000000000000e+05
2.310891000000000000e+07
2.314375900000000000e+07
1.998196600000000000e+07
1.816526400000000000e+07
1.694654000000000000e+07
2.785010000000000000e+05
1.839604800000000000e+07
1.725482300000000000e+07
1.493682000000000000e+07
9.573719000000000000e+06
6.604534000000000000e+06
4.862530000000000000e+05
7.581642000000000000e+06
8.132935000000000000e+06
6.575418000000000000e+06
5.495343000000000000e+06
5.949171000000000000e+06
3.268130000000000000e+05
7.738930000000000000e+06
6.473129000000000000e+06
6.602072000000000000e+06
5.733156000000000000e+06
5.225921000000000000e+06
3.232970000000000000e+05
2.957373000000000000e+06
2.829403000000000000e+06
2.621837000000000000e+06
3.420344000000000000e+06
1.924407000000000000e+06
1.331190000000000000e+05
3.808246000000000000e+06
5.143710000000000000e+05
2.048028000000000000e+06
3.710330000000000000e+06
3.883244000000000000e+06
2.146340000000000000e+05
4.566276000000000000e+06
2.695881000000000000e+06
2.031804000000000000e+06
2.846822000000000000e+06
1.841161000000000000e+06
1.489480000000000000e+05
3.862679000000000000e+06
1.278518000000000000e+06
3.091690000000000000e+05
1.704805000000000000e+06
1.447531000000000000e+06
5.667300000000000000e+04
1.754905000000000000e+06
2.110777000000000000e+06
2.902184000000000000e+06
3.172876000000000000e+06
3.402032000000000000e+06
1.042320000000000000e+05
4.919915000000000000e+06
2.179979000000000000e+06
2.933742000000000000e+06
2.681571000000000000e+06
1.795353000000000000e+06
1.829970000000000000e+05
1.987531000000000000e+06
2.425805000000000000e+06
3.131982000000000000e+06
3.779553000000000000e+06
3.857976000000000000e+06
2.134850000000000000e+05
4.808464000000000000e+06
4.939857000000000000e+06
1.096593900000000000e+07
1.315386700000000000e+07
1.284075800000000000e+07
3.660830000000000000e+05
1.241905800000000000e+07
1.233480200000000000e+07
4.652412100000000000e+07
1.282980000000000000e+06
1.310704000000000000e+06
1.595850000000000000e+05
4.838791000000000000e+06
7.716390000000000000e+05
4.415040000000000000e+05
4.390310000000000000e+05
3.359460000000000000e+05
2.359400000000000000e+04
5.005040000000000000e+05
9.773950000000000000e+05
1.179080000000000000e+06
1.343743000000000000e+06
1.679589000000000000e+06
1.093450000000000000e+05
3.549520000000000000e+06
1.637946000000000000e+06
1.732949000000000000e+06
2.030811000000000000e+06
2.001238000000000000e+06
1.777320000000000000e+05
2.156699000000000000e+06
2.249343000000000000e+06
2.316958000000000000e+06
2.285386000000000000e+06
1.804033000000000000e+06
1.255060000000000000e+05
3.495250000000000000e+06
8.300120000000000000e+05
7.949680000000000000e+05
1.270375000000000000e+06
1.669121000000000000e+06
8.758700000000000000e+04
1.717349000000000000e+06
2.013691000000000000e+06
2.048161000000000000e+06
2.118592000000000000e+06
1.592648000000000000e+06
1.513130000000000000e+05
4.417154000000000000e+06
1.729280000000000000e+06
1.662507000000000000e+06
1.591382000000000000e+06
1.065008000000000000e+06
1.021790000000000000e+05
7.837250000000000000e+05
8.200570000000000000e+05
1.219032000000000000e+06
1.274044000000000000e+06
1.290946000000000000e+06
1.115800000000000000e+05
3.370069000000000000e+06
1.707816000000000000e+06
1.590925000000000000e+06
1.610003000000000000e+06
1.710000000000000000e+06
1.184490000000000000e+05
1.369495000000000000e+06
9.293710000000000000e+05
7.217010000000000000e+05
6.208980000000000000e+05
4.391990000000000000e+05
3.496300000000000000e+04
3.517372000000000000e+06
9.797560000000000000e+05
7.578200000000000000e+05
9.490080000000000000e+05
6.603670000000000000e+05
7.529700000000000000e+04
5.643780000000000000e+05
4.397590000000000000e+05
3.509650000000000000e+05
6.897590000000000000e+05
6.755500000000000000e+05
6.253800000000000000e+04
2.815896000000000000e+06
7.009980000000000000e+05
6.208300000000000000e+04
1.370080000000000000e+05
2.521980000000000000e+05
2.710100000000000000e+04
3.781920000000000000e+05
3.539300000000000000e+05
5.986220000000000000e+05
5.695710000000000000e+05
4.815830000000000000e+05
4.634200000000000000e+04
2.335794000000000000e+06
7.035320000000000000e+05
5.020270000000000000e+05
5.278280000000000000e+05
5.504360000000000000e+05
1.969900000000000000e+04
5.886140000000000000e+05
5.122330000000000000e+05
6.282950000000000000e+05
1.087828000000000000e+06
1.250021000000000000e+06
1.261570000000000000e+05
4.412654000000000000e+06
1.766377000000000000e+06
1.025210000000000000e+06
1.154766000000000000e+06
1.443879000000000000e+06
1.018800000000000000e+05
1.412695000000000000e+06
1.329081000000000000e+06
1.069455000000000000e+06
1.258894000000000000e+06
1.142512000000000000e+06
1.252220000000000000e+05
2.919482000000000000e+06
9.763420000000000000e+05
5.358110000000000000e+05
8.953550000000000000e+05
1.374427000000000000e+06
1.111200000000000000e+05
1.184237000000000000e+06
5.888970000000000000e+05
3.300420000000000000e+05
4.637690000000000000e+05
7.263700000000000000e+05
9.103000000000000000e+04
2.951924000000000000e+06
9.649050000000000000e+05
6.585410000000000000e+05
7.316060000000000000e+05
7.992560000000000000e+05
8.326600000000000000e+04
6.213090000000000000e+05
3.202810000000000000e+05
3.839040000000000000e+05
3.974610000000000000e+05
3.676010000000000000e+05
3.106100000000000000e+04
2.696290000000000000e+06
1.179606000000000000e+06
6.819900000000000000e+05
7.163310000000000000e+05
7.655120000000000000e+05
6.803300000000000000e+04
7.737280000000000000e+05
4.977640000000000000e+05
3.889260000000000000e+05
3.140160000000000000e+05
1.882870000000000000e+05
1.610800000000000000e+04
2.511030000000000000e+06
6.722920000000000000e+05
1.212420000000000000e+05
2.466450000000000000e+05
2.082700000000000000e+04
0.000000000000000000e+00
3.719038000000000000e+06
5.182322000000000000e+06
4.355149000000000000e+06
4.095333000000000000e+06
4.193549000000000000e+06
2.323300000000000000e+04
6.914249000000000000e+06
4.398315000000000000e+06
7.017397000000000000e+06
1.031650900000000000e+07
1.311140700000000000e+07
4.497900000000000000e+04
1.268127000000000000e+07
1.259540100000000000e+07
1.286765400000000000e+07
1.345609700000000000e+07
1.361778500000000000e+07
5.601500000000000000e+04
1.310761800000000000e+07
1.580977300000000000e+07
1.319120100000000000e+07
1.231209700000000000e+07
1.464776800000000000e+07
5.269500000000000000e+04
5.410613000000000000e+06
5.491784000000000000e+06
2.624043000000000000e+06
2.463261000000000000e+06
3.419921000000000000e+06
4.032000000000000000e+03
6.021426000000000000e+06
4.554097000000000000e+06
4.398615000000000000e+06
2.186481000000000000e+06
0.000000000000000000e+00
0.000000000000000000e+00
0.000000000000000000e+00
7.746460000000000000e+05
1.026954000000000000e+06
8.217490000000000000e+05
1.704226000000000000e+06
5.888000000000000000e+03
2.464000000000000000e+06
7.414760000000000000e+05
1.743768000000000000e+06
1.832282000000000000e+06
2.118295000000000000e+06
1.299310000000000000e+05
1.294823000000000000e+06
1.786891000000000000e+06
1.990866000000000000e+06
2.219346000000000000e+06
1.829932000000000000e+06
2.043120000000000000e+05
2.810594000000000000e+06
9.441010000000000000e+05
2.059893000000000000e+06
2.183326000000000000e+06
1.461002000000000000e+06
2.415380000000000000e+05
1.609590000000000000e+06
2.390077000000000000e+06
2.077823000000000000e+06
2.403758000000000000e+06
2.177658000000000000e+06
1.767400000000000000e+04
7.742850000000000000e+05
2.972100000000000000e+04
0.000000000000000000e+00
4.454700000000000000e+04
0.000000000000000000e+00
0.000000000000000000e+00
3.512670000000000000e+05
8.873430000000000000e+05
8.681640000000000000e+05
9.298770000000000000e+05
6.295690000000000000e+05
7.680000000000000000e+03
