1.683530000000000000e+05
1.854510000000000000e+05
9.954000000000000000e+03
9.744770000000000000e+05
6.752930000000000000e+05
2.993410000000000000e+05
2.649750000000000000e+05
1.261940000000000000e+05
1.338400000000000000e+04
5.768600000000000000e+04
6.589000000000000000e+04
4.560360000000000000e+05
4.178500000000000000e+04
2.654800000000000000e+04
4.936000000000000000e+03
9.972090000000000000e+05
4.726480000000000000e+05
9.785400000000000000e+04
1.371200000000000000e+05
1.905650000000000000e+05
1.792700000000000000e+04
2.253750000000000000e+05
2.497350000000000000e+05
5.336450000000000000e+05
1.762460000000000000e+05
1.538590000000000000e+05
2.978000000000000000e+03
1.196247000000000000e+06
5.485340000000000000e+05
1.186270000000000000e+05
5.375300000000000000e+04
5.718600000000000000e+04
3.711000000000000000e+03
1.088070000000000000e+05
7.730400000000000000e+04
4.095270000000000000e+05
8.066900000000000000e+04
5.137300000000000000e+04
5.718000000000000000e+03
9.139720000000000000e+05
4.770710000000000000e+05
1.933110000000000000e+05
3.401780000000000000e+05
3.747960000000000000e+05
4.208200000000000000e+04
2.903200000000000000e+05
1.944590000000000000e+05
4.578670000000000000e+05
2.148870000000000000e+05
2.202210000000000000e+05
1.750200000000000000e+04
1.174055000000000000e+06
5.249090000000000000e+05
6.144200000000000000e+04
1.090750000000000000e+05
1.440190000000000000e+05
1.448500000000000000e+04
1.996550000000000000e+05
1.382760000000000000e+05
3.801490000000000000e+05
8.016500000000000000e+04
7.446200000000000000e+04
6.330000000000000000e+02
1.253906000000000000e+06
4.322990000000000000e+05
1.369660000000000000e+05
1.179970000000000000e+05
9.183700000000000000e+04
1.829000000000000000e+03
7.686900000000000000e+04
5.233600000000000000e+04
4.066750000000000000e+05
5.253700000000000000e+04
8.066600000000000000e+04
6.276000000000000000e+03
1.072548000000000000e+06
4.713090000000000000e+05
1.620160000000000000e+05
1.456700000000000000e+05
1.810940000000000000e+05
1.021200000000000000e+04
1.252340000000000000e+05
1.841240000000000000e+05
4.371040000000000000e+05
1.849110000000000000e+05
1.558430000000000000e+05
1.211800000000000000e+04
1.153549000000000000e+06
5.732220000000000000e+05
2.048980000000000000e+05
1.867430000000000000e+05
2.387610000000000000e+05
1.986600000000000000e+04
2.250600000000000000e+05
1.675000000000000000e+05
3.715330000000000000e+05
7.518800000000000000e+04
1.938000000000000000e+04
1.767000000000000000e+04
2.670443000000000000e+06
4.861640000000000000e+05
9.090200000000000000e+04
8.516100000000000000e+04
8.147900000000000000e+04
4.757000000000000000e+03
1.057450000000000000e+05
1.108510000000000000e+05
7.274920000000000000e+05
1.210720000000000000e+05
7.059000000000000000e+04
1.161900000000000000e+04
1.096488000000000000e+06
4.227920000000000000e+05
9.923200000000000000e+04
1.126130000000000000e+05
1.447330000000000000e+05
1.906000000000000000e+04
1.595730000000000000e+05
1.849850000000000000e+05
4.563000000000000000e+05
1.278450000000000000e+05
1.881580000000000000e+05
1.026300000000000000e+04
2.748865000000000000e+06
5.157120000000000000e+05
1.204230000000000000e+05
1.674530000000000000e+05
1.947240000000000000e+05
1.027000000000000000e+04
1.645560000000000000e+05
2.064250000000000000e+05
8.451210000000000000e+05
2.122280000000000000e+05
1.631830000000000000e+05
1.150300000000000000e+04
1.404937000000000000e+06
5.691120000000000000e+05
1.768920000000000000e+05
1.258180000000000000e+05
1.081370000000000000e+05
0.000000000000000000e+00
1.102920000000000000e+05
9.833800000000000000e+04
4.398510000000000000e+05
1.211770000000000000e+05
1.563760000000000000e+05
1.370500000000000000e+04
2.936826000000000000e+06
5.537460000000000000e+05
