7.888130000000000000e+05
3.742400000000000000e+04
3.674927000000000000e+06
1.070429000000000000e+06
6.752000000000000000e+05
5.325510000000000000e+05
3.968500000000000000e+05
2.422300000000000000e+04
3.124690000000000000e+05
2.281160000000000000e+05
2.363630000000000000e+05
9.459280000000000000e+05
2.345100000000000000e+05
3.244500000000000000e+04
3.088313000000000000e+06
6.370490000000000000e+05
2.719240000000000000e+05
1.506830000000000000e+05
9.932600000000000000e+04
1.501600000000000000e+04
1.816420000000000000e+05
2.016860000000000000e+05
9.729300000000000000e+04
7.768730000000000000e+05
6.723600000000000000e+04
8.242000000000000000e+03
3.155476000000000000e+06
8.121220000000000000e+05
1.270189000000000000e+06
1.441035000000000000e+06
1.221720000000000000e+06
6.728700000000000000e+04
4.823370000000000000e+05
9.794890000000000000e+05
7.711800000000000000e+05
1.089400000000000000e+06
7.536240000000000000e+05
5.843200000000000000e+04
3.782463000000000000e+06
1.543056000000000000e+06
7.133240000000000000e+05
6.523030000000000000e+05
8.680300000000000000e+05
3.232400000000000000e+04
5.687840000000000000e+05
3.773520000000000000e+05
9.488730000000000000e+05
1.795114000000000000e+06
8.300090000000000000e+05
5.429100000000000000e+04
3.169383000000000000e+06
9.321230000000000000e+05
4.855800000000000000e+05
3.217600000000000000e+05
2.645510000000000000e+05
3.246300000000000000e+04
2.311800000000000000e+05
2.929730000000000000e+05
4.721970000000000000e+05
1.261338000000000000e+06
8.159450000000000000e+05
2.327700000000000000e+04
3.512313000000000000e+06
1.269480000000000000e+06
8.440960000000000000e+05
4.518060000000000000e+05
9.355480000000000000e+05
6.881800000000000000e+04
1.129250000000000000e+06
1.026380000000000000e+06
7.305150000000000000e+05
1.046932000000000000e+06
4.451580000000000000e+05
2.486600000000000000e+04
1.476114000000000000e+06
8.274170000000000000e+05
5.340040000000000000e+05
4.694620000000000000e+05
4.984800000000000000e+05
3.789300000000000000e+04
3.834190000000000000e+05
3.482320000000000000e+05
3.717850000000000000e+05
7.161650000000000000e+05
3.114700000000000000e+05
3.709000000000000000e+04
2.981145000000000000e+06
4.323900000000000000e+05
1.604610000000000000e+05
2.442800000000000000e+05
1.901580000000000000e+05
1.530000000000000000e+04
1.416770000000000000e+05
1.800570000000000000e+05
1.447390000000000000e+05
8.885820000000000000e+05
3.516170000000000000e+05
2.588600000000000000e+04
1.322302000000000000e+06
8.138410000000000000e+05
4.540790000000000000e+05
4.586630000000000000e+05
3.315270000000000000e+05
8.952000000000000000e+03
2.869620000000000000e+05
1.737940000000000000e+05
1.917260000000000000e+05
5.453400000000000000e+05
2.039920000000000000e+05
2.660000000000000000e+04
2.589266000000000000e+06
5.851510000000000000e+05
2.411830000000000000e+05
1.800670000000000000e+05
2.392160000000000000e+05
1.132700000000000000e+04
2.158610000000000000e+05
2.438340000000000000e+05
2.489190000000000000e+05
8.406650000000000000e+05
2.268480000000000000e+05
2.600600000000000000e+04
1.331823000000000000e+06
5.425240000000000000e+05
1.018380000000000000e+05
6.166719400000000000e+07
9.604000000000000000e+03
0.000000000000000000e+00
0.000000000000000000e+00
0.000000000000000000e+00
0.000000000000000000e+00
0.000000000000000000e+00
0.000000000000000000e+00
0.000000000000000000e+00
0.000000000000000000e+00
2.657000000000000000e+03
0.000000000000000000e+00
4.217260000000000000e+05
1.029400000000000000e+04
6.480000000000000000e+02
0.000000000000000000e+00
0.000000000000000000e+00
0.000000000000000000e+00
0.000000000000000000e+00
0.000000000000000000e+00
0.000000000000000000e+00
0.000000000000000000e+00
0.000000000000000000e+00
0.000000000000000000e+00
