2.419080000000000000e+05
1.542280000000000000e+05
1.074100000000000000e+04
1.510730000000000000e+05
1.503940000000000000e+05
1.246140000000000000e+05
9.434800000000000000e+04
4.691400000000000000e+04
1.460000000000000000e+02
2.739832000000000000e+06
3.587640000000000000e+05
6.822380000000000000e+05
4.288000000000000000e+04
1.658400000000000000e+04
0.000000000000000000e+00
2.666800000000000000e+04
3.178600000000000000e+04
2.124200000000000000e+04
2.027500000000000000e+04
2.240600000000000000e+04
2.970000000000000000e+02
2.519298000000000000e+06
3.208430000000000000e+05
6.537780000000000000e+05
2.397400000000000000e+04
6.555000000000000000e+03
0.000000000000000000e+00
5.202500000000000000e+04
1.996900000000000000e+04
6.696900000000000000e+04
9.622400000000000000e+04
9.372600000000000000e+04
1.919000000000000000e+03
7.946350000000000000e+05
4.177470000000000000e+05
3.720220000000000000e+05
1.586890000000000000e+05
1.072330000000000000e+05
6.445000000000000000e+03
1.194180000000000000e+05
1.313300000000000000e+05
1.542490000000000000e+05
2.989720000000000000e+05
3.509960000000000000e+05
2.361500000000000000e+04
2.969467000000000000e+06
6.447350000000000000e+05
7.198610000000000000e+05
5.761000000000000000e+04
3.162600000000000000e+04
5.211000000000000000e+03
2.927200000000000000e+04
5.308900000000000000e+04
5.728800000000000000e+04
5.122400000000000000e+04
5.399100000000000000e+04
3.367000000000000000e+03
2.895889000000000000e+06
3.920790000000000000e+05
8.235310000000000000e+05
2.651650000000000000e+05
2.897690000000000000e+05
1.678600000000000000e+04
1.915020000000000000e+05
1.654640000000000000e+05
1.736900000000000000e+05
1.233380000000000000e+05
1.486680000000000000e+05
1.045600000000000000e+04
2.101377000000000000e+06
3.607270000000000000e+05
6.750420000000000000e+05
7.636700000000000000e+04
7.194000000000000000e+04
4.449000000000000000e+03
6.414900000000000000e+04
4.551700000000000000e+04
3.408700000000000000e+04
9.119500000000000000e+04
1.284840000000000000e+05
5.570000000000000000e+03
2.009362000000000000e+06
4.172760000000000000e+05
6.878250000000000000e+05
1.232280000000000000e+05
1.291630000000000000e+05
5.133000000000000000e+03
4.660200000000000000e+04
5.220800000000000000e+04
3.062100000000000000e+04
5.044400000000000000e+04
1.174640000000000000e+05
5.592000000000000000e+03
2.396645000000000000e+06
4.611790000000000000e+05
9.174360000000000000e+05
2.683150000000000000e+05
2.710380000000000000e+05
1.325700000000000000e+04
2.682020000000000000e+05
2.383500000000000000e+05
2.272590000000000000e+05
2.136590000000000000e+05
2.485430000000000000e+05
1.939600000000000000e+04
2.922858000000000000e+06
5.204760000000000000e+05
8.280830000000000000e+05
1.563080000000000000e+05
9.927800000000000000e+04
1.409600000000000000e+04
3.891200000000000000e+04
7.051900000000000000e+04
4.695400000000000000e+04
5.127500000000000000e+04
9.179100000000000000e+04
5.043000000000000000e+03
2.815992000000000000e+06
3.688360000000000000e+05
7.974660000000000000e+05
9.478500000000000000e+04
7.427100000000000000e+04
5.362000000000000000e+03
1.042650000000000000e+05
9.921800000000000000e+04
8.306300000000000000e+04
1.162730000000000000e+05
9.033600000000000000e+04
9.027000000000000000e+03
9.342560000000000000e+05
3.489820000000000000e+05
3.958370000000000000e+05
8.172200000000000000e+04
7.461000000000000000e+04
3.292000000000000000e+03
7.582300000000000000e+04
8.489300000000000000e+04
4.430400000000000000e+04
5.387500000000000000e+04
3.747800000000000000e+04
1.462800000000000000e+04
1.973170000000000000e+06
3.712690000000000000e+05
7.075140000000000000e+05
4.383400000000000000e+04
5.999000000000000000e+04
3.480000000000000000e+03
5.384200000000000000e+04
8.344700000000000000e+04
