1.528740000000000000e+05
8.294600000000000000e+04
2.190000000000000000e+02
1.010291000000000000e+06
3.564690000000000000e+05
1.589640000000000000e+05
2.452780000000000000e+05
2.847150000000000000e+05
1.784100000000000000e+04
2.708080000000000000e+05
2.487340000000000000e+05
6.214920000000000000e+05
1.896280000000000000e+05
1.797630000000000000e+05
1.299200000000000000e+04
2.916017000000000000e+06
3.991240000000000000e+05
1.014900000000000000e+05
7.790400000000000000e+04
1.255680000000000000e+05
1.756600000000000000e+04
1.325080000000000000e+05
9.380300000000000000e+04
7.569550000000000000e+05
1.832050000000000000e+05
3.062620000000000000e+05
1.482300000000000000e+04
2.185981000000000000e+06
5.777760000000000000e+05
2.731330000000000000e+05
2.401890000000000000e+05
2.872360000000000000e+05
1.348100000000000000e+04
2.673390000000000000e+05
2.232980000000000000e+05
7.355400000000000000e+05
1.683660000000000000e+05
1.035420000000000000e+05
3.773100000000000000e+04
2.569409000000000000e+06
3.967960000000000000e+05
1.878570000000000000e+05
1.049590000000000000e+05
1.536820000000000000e+05
1.595900000000000000e+04
2.454910000000000000e+05
2.394770000000000000e+05
8.847940000000000000e+05
1.790760000000000000e+05
1.331820000000000000e+05
1.281300000000000000e+04
9.452750000000000000e+05
2.985970000000000000e+05
1.286790000000000000e+05
9.355200000000000000e+04
1.402630000000000000e+05
1.859200000000000000e+04
1.842310000000000000e+05
2.082910000000000000e+05
4.749640000000000000e+05
1.905380000000000000e+05
9.835100000000000000e+04
6.032000000000000000e+03
1.985880000000000000e+06
3.171190000000000000e+05
6.283200000000000000e+04
5.646800000000000000e+04
4.943300000000000000e+04
1.766000000000000000e+03
4.723900000000000000e+04
7.644800000000000000e+04
6.884350000000000000e+05
9.363800000000000000e+04
1.206720000000000000e+05
1.203500000000000000e+04
2.322329000000000000e+06
3.626550000000000000e+05
1.562280000000000000e+05
1.260260000000000000e+05
8.860000000000000000e+04
6.528000000000000000e+03
7.865000000000000000e+04
6.930200000000000000e+04
7.872030000000000000e+05
9.384300000000000000e+04
1.202360000000000000e+05
1.925700000000000000e+04
8.407710000000000000e+05
3.471760000000000000e+05
2.435690000000000000e+05
2.572960000000000000e+05
2.327530000000000000e+05
2.494700000000000000e+04
2.858050000000000000e+05
3.423800000000000000e+05
4.602620000000000000e+05
1.430980000000000000e+05
7.798700000000000000e+04
3.367000000000000000e+03
2.716927000000000000e+06
3.707290000000000000e+05
1.203100000000000000e+05
1.535300000000000000e+05
1.370040000000000000e+05
1.252100000000000000e+04
8.302600000000000000e+04
9.557200000000000000e+04
7.751630000000000000e+05
4.458800000000000000e+04
5.350400000000000000e+04
1.454700000000000000e+04
2.583754000000000000e+06
2.813150000000000000e+05
7.997600000000000000e+04
1.067910000000000000e+05
1.785170000000000000e+05
9.897000000000000000e+03
2.696960000000000000e+05
3.933040000000000000e+05
1.059411000000000000e+06
3.553390000000000000e+05
3.408640000000000000e+05
2.858900000000000000e+04
2.885459000000000000e+06
6.080680000000000000e+05
3.056870000000000000e+05
3.442860000000000000e+05
3.140480000000000000e+05
3.807500000000000000e+04
1.830680000000000000e+05
1.447100000000000000e+05
9.206660000000000000e+05
2.748050000000000000e+05
1.781350000000000000e+05
2.511000000000000000e+04
2.477198000000000000e+06
3.779380000000000000e+05
2.681000000000000000e+05
2.481990000000000000e+05
1.339270000000000000e+05
1.780800000000000000e+04
1.114700000000000000e+05
2.538690000000000000e+05
9.241370000000000000e+05
1.979850000000000000e+05
9.225600000000000000e+04
8.768000000000000000e+03
2.080813000000000000e+06
3.850830000000000000e+05
