1.518000000000000000e+05
5.916300000000000000e+04
2.280000000000000000e+02
1.016120000000000000e+05
1.345300000000000000e+05
1.756100000000000000e+05
1.399950000000000000e+05
5.478300000000000000e+04
1.271900000000000000e+04
2.353563000000000000e+06
3.909030000000000000e+05
8.735320000000000000e+05
1.567180000000000000e+05
1.097920000000000000e+05
1.029900000000000000e+04
7.841700000000000000e+04
9.756400000000000000e+04
1.191210000000000000e+05
2.001230000000000000e+05
1.769630000000000000e+05
2.070200000000000000e+04
2.396022000000000000e+06
5.038700000000000000e+05
8.970320000000000000e+05
1.848390000000000000e+05
1.715700000000000000e+05
2.218200000000000000e+04
1.660540000000000000e+05
1.675260000000000000e+05
2.598320000000000000e+05
1.468620000000000000e+05
1.155530000000000000e+05
9.869000000000000000e+03
1.018467000000000000e+06
4.845830000000000000e+05
4.254820000000000000e+05
9.277100000000000000e+04
9.488600000000000000e+04
8.783000000000000000e+03
1.352680000000000000e+05
1.687820000000000000e+05
1.925300000000000000e+05
1.008990000000000000e+05
5.136600000000000000e+04
3.654000000000000000e+03
2.335629000000000000e+06
3.774740000000000000e+05
8.136140000000000000e+05
1.104650000000000000e+05
6.792100000000000000e+04
4.620000000000000000e+03
1.124950000000000000e+05
1.340240000000000000e+05
1.104950000000000000e+05
1.230050000000000000e+05
1.478070000000000000e+05
2.229000000000000000e+03
8.894390000000000000e+05
3.356940000000000000e+05
4.424510000000000000e+05
1.466440000000000000e+05
1.162990000000000000e+05
1.858600000000000000e+04
1.212670000000000000e+05
1.227750000000000000e+05
1.819460000000000000e+05
2.076470000000000000e+05
2.378860000000000000e+05
1.839000000000000000e+04
2.483156000000000000e+06
4.806140000000000000e+05
8.759990000000000000e+05
1.571190000000000000e+05
2.091990000000000000e+05
2.476100000000000000e+04
1.654820000000000000e+05
1.539830000000000000e+05
1.436910000000000000e+05
1.408150000000000000e+05
1.849100000000000000e+05
1.947100000000000000e+04
9.789850000000000000e+05
5.543950000000000000e+05
5.257710000000000000e+05
2.532520000000000000e+05
2.408410000000000000e+05
9.337000000000000000e+03
3.010170000000000000e+05
2.270890000000000000e+05
1.830590000000000000e+05
2.301400000000000000e+05
3.089100000000000000e+05
3.048700000000000000e+04
2.172481000000000000e+06
4.154090000000000000e+05
7.649030000000000000e+05
1.050030000000000000e+05
6.669200000000000000e+04
1.755300000000000000e+04
6.789300000000000000e+04
6.500200000000000000e+04
7.172000000000000000e+04
6.092700000000000000e+04
6.304700000000000000e+04
1.035000000000000000e+04
2.674304000000000000e+06
3.639410000000000000e+05
8.062920000000000000e+05
8.776000000000000000e+04
6.302400000000000000e+04
3.472000000000000000e+03
7.858900000000000000e+04
7.956800000000000000e+04
6.917400000000000000e+04
1.108110000000000000e+05
1.458370000000000000e+05
7.414000000000000000e+03
8.075850000000000000e+05
3.734920000000000000e+05
4.350160000000000000e+05
1.747120000000000000e+05
1.529850000000000000e+05
1.014800000000000000e+04
9.641800000000000000e+04
1.135370000000000000e+05
7.819200000000000000e+04
8.840500000000000000e+04
9.492300000000000000e+04
8.340000000000000000e+03
1.913130000000000000e+06
4.073130000000000000e+05
8.695670000000000000e+05
3.701080000000000000e+05
3.051480000000000000e+05
2.742700000000000000e+04
2.079080000000000000e+05
1.993440000000000000e+05
2.085240000000000000e+05
2.588640000000000000e+05
3.013710000000000000e+05
1.952300000000000000e+04
2.531159000000000000e+06
3.630240000000000000e+05
8.157060000000000000e+05
3.780260000000000000e+05
4.529300000000000000e+05
6.472800000000000000e+04
5.004650000000000000e+05
5.112640000000000000e+05
