4.108290000000000000e+05
2.703640000000000000e+05
2.830600000000000000e+04
2.761997000000000000e+06
4.306840000000000000e+05
2.009810000000000000e+05
2.030540000000000000e+05
1.505050000000000000e+05
2.864700000000000000e+04
8.962000000000000000e+04
9.309700000000000000e+04
7.586700000000000000e+05
8.574700000000000000e+04
6.012000000000000000e+04
1.905100000000000000e+04
2.740323000000000000e+06
3.210500000000000000e+05
1.248120000000000000e+05
8.069900000000000000e+04
7.844000000000000000e+04
2.195000000000000000e+03
6.614700000000000000e+04
7.191500000000000000e+04
7.499870000000000000e+05
7.880500000000000000e+04
4.540900000000000000e+04
1.033200000000000000e+04
7.528130000000000000e+05
3.260370000000000000e+05
1.642150000000000000e+05
1.942060000000000000e+05
1.502700000000000000e+05
7.496000000000000000e+03
1.945440000000000000e+05
2.827090000000000000e+05
4.543180000000000000e+05
2.250590000000000000e+05
2.035980000000000000e+05
1.605900000000000000e+04
2.587428000000000000e+06
5.771240000000000000e+05
2.560470000000000000e+05
2.318770000000000000e+05
2.018750000000000000e+05
1.540100000000000000e+04
1.395980000000000000e+05
1.434580000000000000e+05
8.191480000000000000e+05
1.102410000000000000e+05
5.620500000000000000e+04
1.678900000000000000e+04
2.422328000000000000e+06
3.382810000000000000e+05
2.027460000000000000e+05
1.980750000000000000e+05
2.147620000000000000e+05
1.908600000000000000e+04
1.871990000000000000e+05
1.757370000000000000e+05
8.220320000000000000e+05
1.028750000000000000e+05
1.144200000000000000e+05
8.546000000000000000e+03
8.917540000000000000e+05
3.071910000000000000e+05
1.298320000000000000e+05
9.573800000000000000e+04
9.579800000000000000e+04
1.137900000000000000e+04
1.073690000000000000e+05
1.354900000000000000e+05
4.399930000000000000e+05
2.162620000000000000e+05
2.105380000000000000e+05
1.219500000000000000e+04
2.461539000000000000e+06
4.619380000000000000e+05
2.327210000000000000e+05
2.695390000000000000e+05
2.458980000000000000e+05
3.220500000000000000e+04
2.352180000000000000e+05
2.320540000000000000e+05
9.487100000000000000e+05
2.659550000000000000e+05
2.825450000000000000e+05
2.777600000000000000e+04
1.051890000000000000e+06
4.629500000000000000e+05
2.018640000000000000e+05
2.025900000000000000e+05
2.231540000000000000e+05
1.355700000000000000e+04
1.887670000000000000e+05
2.637620000000000000e+05
5.218240000000000000e+05
2.259920000000000000e+05
1.431350000000000000e+05
1.414700000000000000e+04
1.085016000000000000e+06
3.185300000000000000e+05
5.136900000000000000e+04
4.680900000000000000e+04
5.058700000000000000e+04
1.330800000000000000e+04
7.402700000000000000e+04
8.572300000000000000e+04
4.078830000000000000e+05
9.382200000000000000e+04
6.624000000000000000e+04
8.971000000000000000e+03
2.641040000000000000e+06
2.915300000000000000e+05
6.734000000000000000e+04
1.484820000000000000e+05
5.288800000000000000e+04
2.929000000000000000e+03
1.391440000000000000e+05
1.771000000000000000e+05
8.655950000000000000e+05
2.120120000000000000e+05
1.800490000000000000e+05
1.108800000000000000e+04
2.458346000000000000e+06
3.970320000000000000e+05
1.898940000000000000e+05
1.710630000000000000e+05
1.762980000000000000e+05
1.176900000000000000e+04
2.949470000000000000e+05
3.706980000000000000e+05
1.071046000000000000e+06
4.397990000000000000e+05
3.809720000000000000e+05
3.249800000000000000e+04
2.821653000000000000e+06
4.992890000000000000e+05
8.215200000000000000e+04
4.313600000000000000e+04
1.098600000000000000e+05
8.739000000000000000e+03
1.810670000000000000e+05
1.655350000000000000e+05
8.658780000000000000e+05
2.401580000000000000e+05
1.913710000000000000e+05
1.040500000000000000e+04
2.685112000000000000e+06
4.704000000000000000e+05
