2.288850000000000000e+05
1.032740000000000000e+05
1.746100000000000000e+04
9.685100000000000000e+04
1.017030000000000000e+05
1.147270000000000000e+05
7.108800000000000000e+04
1.082730000000000000e+05
1.902700000000000000e+04
1.909289000000000000e+06
3.252520000000000000e+05
7.118950000000000000e+05
8.781500000000000000e+04
5.096200000000000000e+04
7.734000000000000000e+03
3.293900000000000000e+04
4.702900000000000000e+04
1.017770000000000000e+05
1.577250000000000000e+05
1.304330000000000000e+05
4.817000000000000000e+03
7.996160000000000000e+05
3.173800000000000000e+05
3.978380000000000000e+05
1.467590000000000000e+05
7.924300000000000000e+04
3.891000000000000000e+03
9.514200000000000000e+04
9.089400000000000000e+04
9.596700000000000000e+04
1.195630000000000000e+05
1.375170000000000000e+05
2.304000000000000000e+03
1.856450000000000000e+06
3.941730000000000000e+05
7.384900000000000000e+05
1.175790000000000000e+05
1.194970000000000000e+05
1.494800000000000000e+04
1.111880000000000000e+05
1.930530000000000000e+05
2.274930000000000000e+05
2.555200000000000000e+05
1.831110000000000000e+05
1.687500000000000000e+04
2.408025000000000000e+06
3.705010000000000000e+05
7.910550000000000000e+05
1.209860000000000000e+05
1.105400000000000000e+05
9.813000000000000000e+03
1.383200000000000000e+05
1.305770000000000000e+05
1.215570000000000000e+05
9.039800000000000000e+04
8.162100000000000000e+04
1.087500000000000000e+04
2.524086000000000000e+06
3.203390000000000000e+05
8.373740000000000000e+05
1.076350000000000000e+05
1.155110000000000000e+05
1.238800000000000000e+04
6.595200000000000000e+04
1.114240000000000000e+05
9.039400000000000000e+04
8.014400000000000000e+04
3.277700000000000000e+04
1.550000000000000000e+02
9.228330000000000000e+05
2.856940000000000000e+05
3.761000000000000000e+05
4.119300000000000000e+04
2.681900000000000000e+04
9.590000000000000000e+02
3.198200000000000000e+04
5.578000000000000000e+04
6.412800000000000000e+04
8.779600000000000000e+04
1.665090000000000000e+05
1.466600000000000000e+04
2.256771000000000000e+06
5.025730000000000000e+05
9.342420000000000000e+05
2.315130000000000000e+05
1.777770000000000000e+05
1.386100000000000000e+04
1.439740000000000000e+05
2.016660000000000000e+05
2.220830000000000000e+05
2.032740000000000000e+05
1.257850000000000000e+05
1.259200000000000000e+04
2.420029000000000000e+06
3.507210000000000000e+05
8.324780000000000000e+05
2.078910000000000000e+05
2.091640000000000000e+05
2.492200000000000000e+04
1.512970000000000000e+05
2.023470000000000000e+05
2.064190000000000000e+05
3.224750000000000000e+05
2.758420000000000000e+05
1.880200000000000000e+04
8.094740000000000000e+05
2.683390000000000000e+05
3.328790000000000000e+05
1.935060000000000000e+05
3.292450000000000000e+05
2.924600000000000000e+04
3.488510000000000000e+05
1.890100000000000000e+05
1.671940000000000000e+05
2.688360000000000000e+05
3.251980000000000000e+05
2.929700000000000000e+04
2.482004000000000000e+06
5.860320000000000000e+05
8.662100000000000000e+05
1.254410000000000000e+05
1.758070000000000000e+05
2.106900000000000000e+04
2.558600000000000000e+05
3.701810000000000000e+05
3.628580000000000000e+05
2.450040000000000000e+05
1.652370000000000000e+05
9.487000000000000000e+03
9.958350000000000000e+05
3.918390000000000000e+05
3.953320000000000000e+05
5.612700000000000000e+04
2.175400000000000000e+04
1.857000000000000000e+03
3.896400000000000000e+04
6.106200000000000000e+04
4.383000000000000000e+04
3.416100000000000000e+04
4.714400000000000000e+04
1.582700000000000000e+04
2.534713000000000000e+06
2.711340000000000000e+05
7.634950000000000000e+05
2.360900000000000000e+04
2.221200000000000000e+04
0.000000000000000000e+00
4.075900000000000000e+04
2.670400000000000000e+04
