9.246100000000000000e+04
3.581800000000000000e+04
1.433400000000000000e+04
1.611321000000000000e+06
2.285340000000000000e+05
2.943100000000000000e+04
4.417000000000000000e+03
1.423700000000000000e+04
5.100000000000000000e+01
1.890900000000000000e+04
4.424300000000000000e+04
6.750300000000000000e+05
1.319690000000000000e+05
1.881220000000000000e+05
1.165900000000000000e+04
2.315948000000000000e+06
4.150120000000000000e+05
1.821670000000000000e+05
1.369910000000000000e+05
1.796810000000000000e+05
1.967400000000000000e+04
1.588110000000000000e+05
1.788720000000000000e+05
8.348900000000000000e+05
1.700790000000000000e+05
1.542310000000000000e+05
9.102000000000000000e+03
2.612048000000000000e+06
4.377770000000000000e+05
1.071430000000000000e+05
1.030590000000000000e+05
1.534590000000000000e+05
1.309900000000000000e+04
1.991990000000000000e+05
2.321230000000000000e+05
8.892690000000000000e+05
6.767300000000000000e+04
5.148700000000000000e+04
2.669400000000000000e+04
2.376875000000000000e+06
3.893110000000000000e+05
8.018100000000000000e+04
1.066630000000000000e+05
1.126580000000000000e+05
8.564000000000000000e+03
1.099330000000000000e+05
2.059740000000000000e+05
9.751660000000000000e+05
4.133730000000000000e+05
3.380770000000000000e+05
2.480700000000000000e+04
2.705699000000000000e+06
3.450850000000000000e+05
1.439050000000000000e+05
1.880600000000000000e+05
2.228800000000000000e+05
1.639500000000000000e+04
1.527460000000000000e+05
1.360430000000000000e+05
7.960930000000000000e+05
1.242570000000000000e+05
9.276000000000000000e+04
3.262000000000000000e+03
2.657857000000000000e+06
3.186890000000000000e+05
1.192230000000000000e+05
7.437500000000000000e+04
1.315130000000000000e+05
7.500000000000000000e+03
1.329570000000000000e+05
1.186990000000000000e+05
8.413160000000000000e+05
2.341150000000000000e+05
2.684140000000000000e+05
1.492500000000000000e+04
2.535150000000000000e+06
5.541360000000000000e+05
2.217460000000000000e+05
2.204030000000000000e+05
2.607760000000000000e+05
1.661800000000000000e+04
2.789740000000000000e+05
2.742950000000000000e+05
9.571910000000000000e+05
3.255180000000000000e+05
2.555010000000000000e+05
1.517900000000000000e+04
2.900548000000000000e+06
5.589610000000000000e+05
2.389310000000000000e+05
1.363040000000000000e+05
1.215610000000000000e+05
7.945000000000000000e+03
8.068300000000000000e+04
8.434000000000000000e+04
8.078170000000000000e+05
7.558200000000000000e+04
6.935300000000000000e+04
1.408800000000000000e+04
2.808163000000000000e+06
2.945460000000000000e+05
3.631000000000000000e+04
4.238100000000000000e+04
4.377600000000000000e+04
3.126000000000000000e+03
2.626300000000000000e+04
3.259100000000000000e+04
7.699430000000000000e+05
3.201100000000000000e+04
3.203800000000000000e+04
3.622000000000000000e+03
7.404890000000000000e+05
1.937000000000000000e+04
2.952058000000000000e+06
5.016150000000000000e+05
3.426540000000000000e+05
4.478570000000000000e+05
3.384640000000000000e+05
3.106900000000000000e+04
9.440960000000000000e+05
2.812520000000000000e+05
3.967080000000000000e+05
1.313380000000000000e+05
