1.931080000000000000e+05
3.155400000000000000e+04
2.115880000000000000e+05
2.221860000000000000e+05
1.497780000000000000e+05
2.232560000000000000e+05
1.886890000000000000e+05
1.106400000000000000e+04
2.039070000000000000e+06
4.895150000000000000e+05
1.996890000000000000e+05
6.106340000000000000e+05
8.506500000000000000e+04
6.414000000000000000e+03
9.531600000000000000e+04
1.034850000000000000e+05
4.772300000000000000e+04
6.447200000000000000e+04
9.298100000000000000e+04
5.614000000000000000e+03
2.550042000000000000e+06
4.389660000000000000e+05
1.759530000000000000e+05
8.241350000000000000e+05
1.392290000000000000e+05
1.961400000000000000e+04
1.150270000000000000e+05
1.241520000000000000e+05
1.577010000000000000e+05
1.587180000000000000e+05
1.861080000000000000e+05
4.949000000000000000e+03
2.571077000000000000e+06
5.095720000000000000e+05
1.635160000000000000e+05
9.026060000000000000e+05
1.773050000000000000e+05
8.969000000000000000e+03
1.743280000000000000e+05
1.421970000000000000e+05
1.440350000000000000e+05
1.165330000000000000e+05
1.179910000000000000e+05
4.730000000000000000e+03
1.049489000000000000e+06
3.964570000000000000e+05
1.161930000000000000e+05
4.628020000000000000e+05
2.240640000000000000e+05
1.558900000000000000e+04
2.103480000000000000e+05
1.986900000000000000e+05
1.956360000000000000e+05
1.976220000000000000e+05
1.236820000000000000e+05
1.034900000000000000e+04
9.181090000000000000e+05
4.132610000000000000e+05
1.469480000000000000e+05
3.911620000000000000e+05
5.484300000000000000e+04
1.473800000000000000e+04
1.168970000000000000e+05
1.565080000000000000e+05
1.504490000000000000e+05
1.705050000000000000e+05
1.871090000000000000e+05
1.857100000000000000e+04
2.404726000000000000e+06
4.705890000000000000e+05
2.467590000000000000e+05
9.204130000000000000e+05
2.547770000000000000e+05
1.864400000000000000e+04
2.475420000000000000e+05
2.404110000000000000e+05
1.833780000000000000e+05
1.459030000000000000e+05
1.062210000000000000e+05
2.272400000000000000e+04
2.458713000000000000e+06
4.514200000000000000e+05
1.554370000000000000e+05
7.977660000000000000e+05
1.486180000000000000e+05
8.236000000000000000e+03
1.012780000000000000e+05
8.618400000000000000e+04
7.448900000000000000e+04
6.931500000000000000e+04
6.159600000000000000e+04
1.179600000000000000e+04
2.510386000000000000e+06
3.822460000000000000e+05
1.401360000000000000e+05
8.771700000000000000e+05
2.195480000000000000e+05
1.373400000000000000e+04
2.203050000000000000e+05
2.299940000000000000e+05
2.056980000000000000e+05
2.103800000000000000e+05
1.814530000000000000e+05
2.739500000000000000e+04
2.583679000000000000e+06
4.629470000000000000e+05
1.385040000000000000e+05
8.492790000000000000e+05
1.630720000000000000e+05
1.559700000000000000e+04
1.803200000000000000e+05
1.796850000000000000e+05
2.253450000000000000e+05
1.593100000000000000e+05
1.846970000000000000e+05
2.552100000000000000e+04
1.029069000000000000e+06
4.543440000000000000e+05
1.513190000000000000e+05
4.480270000000000000e+05
1.638280000000000000e+05
2.110400000000000000e+04
1.197400000000000000e+05
1.587700000000000000e+05
1.255670000000000000e+05
9.385800000000000000e+04
9.007000000000000000e+04
1.156700000000000000e+04
2.432583000000000000e+06
3.176920000000000000e+05
3.253900000000000000e+04
8.050370000000000000e+05
1.115330000000000000e+05
5.495000000000000000e+03
1.717970000000000000e+05
2.666380000000000000e+05
2.952270000000000000e+05
2.985380000000000000e+05
2.645630000000000000e+05
2.281900000000000000e+04
2.677567000000000000e+06
3.851020000000000000e+05
7.212300000000000000e+04
7.768340000000000000e+05
8.365500000000000000e+04
1.014300000000000000e+04
5.924500000000000000e+04
7.709600000000000000e+04
1.104420000000000000e+05
