8.728684000000000000e+06
7.781494000000000000e+06
2.036940000000000000e+05
7.276047000000000000e+06
6.878939000000000000e+06
6.590538000000000000e+06
6.367772000000000000e+06
6.439686000000000000e+06
1.404580000000000000e+05
5.685315000000000000e+06
5.279307000000000000e+06
4.905901000000000000e+06
4.369530000000000000e+06
3.861627000000000000e+06
6.999100000000000000e+04
3.140938000000000000e+06
2.559847000000000000e+06
1.892019000000000000e+06
1.181389000000000000e+06
1.493053000000000000e+06
9.560000000000000000e+04
4.204000000000000000e+03
2.958000000000000000e+03
3.483010000000000000e+05
3.933000000000000000e+03
0.000000000000000000e+00
0.000000000000000000e+00
0.000000000000000000e+00
5.181000000000000000e+03
0.000000000000000000e+00
0.000000000000000000e+00
2.531190000000000000e+05
6.551900000000000000e+04
1.949000000000000000e+03
0.000000000000000000e+00
1.215300000000000000e+05
5.451000000000000000e+03
0.000000000000000000e+00
0.000000000000000000e+00
0.000000000000000000e+00
0.000000000000000000e+00
0.000000000000000000e+00
0.000000000000000000e+00
7.206100000000000000e+04
6.195700000000000000e+04
1.698000000000000000e+03
1.296000000000000000e+03
4.461300000000000000e+04
5.451000000000000000e+03
0.000000000000000000e+00
0.000000000000000000e+00
0.000000000000000000e+00
0.000000000000000000e+00
0.000000000000000000e+00
0.000000000000000000e+00
9.702100000000000000e+04
6.467900000000000000e+04
4.044000000000000000e+03
0.000000000000000000e+00
5.770700000000000000e+04
7.809000000000000000e+03
0.000000000000000000e+00
0.000000000000000000e+00
0.000000000000000000e+00
0.000000000000000000e+00
0.000000000000000000e+00
0.000000000000000000e+00
2.153800000000000000e+05
5.367700000000000000e+04
2.020000000000000000e+02
0.000000000000000000e+00
1.127580000000000000e+05
3.024000000000000000e+03
0.000000000000000000e+00
0.000000000000000000e+00
0.000000000000000000e+00
0.000000000000000000e+00
0.000000000000000000e+00
0.000000000000000000e+00
6.021600000000000000e+04
5.184400000000000000e+04
1.634933150000000000e+08
6.265510000000000000e+05
2.431280000000000000e+05
8.194900000000000000e+04
1.880910000000000000e+05
7.554000000000000000e+03
1.972730000000000000e+05
2.314650000000000000e+05
1.509130000000000000e+05
1.253130000000000000e+05
6.820300000000000000e+04
0.000000000000000000e+00
1.104918000000000000e+06
4.308890000000000000e+05
7.351300000000000000e+04
8.366900000000000000e+04
1.195160000000000000e+05
1.950000000000000000e+02
1.253200000000000000e+05
1.217080000000000000e+05
1.491040000000000000e+05
1.023960000000000000e+05
1.168900000000000000e+05
5.922000000000000000e+03
1.139894000000000000e+06
4.951900000000000000e+05
2.014460000000000000e+05
1.530720000000000000e+05
1.477570000000000000e+05
1.354400000000000000e+04
1.311130000000000000e+05
1.051830000000000000e+05
5.642800000000000000e+04
6.467500000000000000e+04
4.240500000000000000e+04
5.018000000000000000e+03
9.826290000000000000e+05
4.657060000000000000e+05
9.043600000000000000e+04
1.218330000000000000e+05
1.400970000000000000e+05
7.446000000000000000e+03
1.150120000000000000e+05
7.404800000000000000e+04
9.390600000000000000e+04
6.826000000000000000e+04
8.101500000000000000e+04
2.512000000000000000e+03
1.058999000000000000e+06
4.754430000000000000e+05
8.126200000000000000e+04
7.721900000000000000e+04
3.184600000000000000e+04
1.776000000000000000e+03
2.548900000000000000e+04
2.919200000000000000e+04
3.941600000000000000e+04
2.310300000000000000e+04
5.593900000000000000e+04
2.508000000000000000e+03
1.136716000000000000e+06
5.155790000000000000e+05
1.018070000000000000e+05
1.072090000000000000e+05
7.099600000000000000e+04
9.374000000000000000e+03
3.062700000000000000e+04
4.553300000000000000e+04
