3.290350000000000000e+05
2.381600000000000000e+04
2.119200000000000000e+06
5.961220000000000000e+05
1.403720000000000000e+05
2.330860000000000000e+05
3.272530000000000000e+05
1.455900000000000000e+04
2.802030000000000000e+05
2.514790000000000000e+05
1.459460000000000000e+05
8.563800000000000000e+05
1.578880000000000000e+05
2.617000000000000000e+03
1.055639000000000000e+06
4.071810000000000000e+05
2.178520000000000000e+05
1.850610000000000000e+05
1.198700000000000000e+05
1.508700000000000000e+04
9.277800000000000000e+04
1.432040000000000000e+05
1.447040000000000000e+05
5.022880000000000000e+05
1.786750000000000000e+05
1.345600000000000000e+04
9.534500000000000000e+05
3.878110000000000000e+05
1.527580000000000000e+05
1.321490000000000000e+05
1.032330000000000000e+05
1.985600000000000000e+04
1.962300000000000000e+05
1.784580000000000000e+05
1.372730000000000000e+05
3.875020000000000000e+05
8.030500000000000000e+04
8.475000000000000000e+03
2.452466000000000000e+06
5.427870000000000000e+05
3.279590000000000000e+05
2.517920000000000000e+05
9.353800000000000000e+04
9.765000000000000000e+03
1.465140000000000000e+05
2.343290000000000000e+05
1.618800000000000000e+05
8.156450000000000000e+05
8.058500000000000000e+04
1.403100000000000000e+04
9.491020000000000000e+05
4.579630000000000000e+05
2.454330000000000000e+05
1.212780000000000000e+05
6.727500000000000000e+04
3.569000000000000000e+03
1.189430000000000000e+05
1.126970000000000000e+05
2.651500000000000000e+04
3.599470000000000000e+05
2.115100000000000000e+04
1.679100000000000000e+04
1.873733000000000000e+06
2.997970000000000000e+05
3.125000000000000000e+04
3.283500000000000000e+04
3.255900000000000000e+04
1.312500000000000000e+04
1.519400000000000000e+04
2.415900000000000000e+04
5.905000000000000000e+03
6.621300000000000000e+05
2.028500000000000000e+04
8.130000000000000000e+02
2.067837000000000000e+06
2.637070000000000000e+05
3.051300000000000000e+04
1.569600000000000000e+04
2.341000000000000000e+04
2.201000000000000000e+03
2.274700000000000000e+04
6.032500000000000000e+04
5.804200000000000000e+04
7.573680000000000000e+05
3.424200000000000000e+04
0.000000000000000000e+00
6.751620000000000000e+05
1.975850000000000000e+05
1.807600000000000000e+04
9.957000000000000000e+03
1.192500000000000000e+04
0.000000000000000000e+00
2.855700000000000000e+04
1.809100000000000000e+04
3.820300000000000000e+04
3.080510000000000000e+05
9.224000000000000000e+04
9.265000000000000000e+03
2.157430000000000000e+06
4.910370000000000000e+05
2.604480000000000000e+05
3.195770000000000000e+05
3.098490000000000000e+05
1.950800000000000000e+04
3.207180000000000000e+05
2.806680000000000000e+05
2.347480000000000000e+05
9.381820000000000000e+05
3.024720000000000000e+05
2.944900000000000000e+04
2.927159000000000000e+06
6.939750000000000000e+05
4.931090000000000000e+05
3.127790000000000000e+05
1.818540000000000000e+05
5.161000000000000000e+03
1.261190000000000000e+05
1.102910000000000000e+05
8.065800000000000000e+04
8.003890000000000000e+05
1.328590000000000000e+05
8.482000000000000000e+03
2.123141000000000000e+06
4.933530000000000000e+05
2.677700000000000000e+05
2.978130000000000000e+05
3.092620000000000000e+05
1.478400000000000000e+04
2.898920000000000000e+05
2.113010000000000000e+05
1.568500000000000000e+05
7.427050000000000000e+05
1.183710000000000000e+05
1.792900000000000000e+04
1.074711000000000000e+06
3.643090000000000000e+05
1.538810000000000000e+05
1.255660000000000000e+05
8.106800000000000000e+04
8.306000000000000000e+03
1.078130000000000000e+05
1.250460000000000000e+05
1.619830000000000000e+05
4.978920000000000000e+05
2.410320000000000000e+05
2.619400000000000000e+04
2.195684000000000000e+06
4.170810000000000000e+05
1.828040000000000000e+05
