2.088960000000000000e+05
1.463500000000000000e+04
2.451384000000000000e+06
5.073070000000000000e+05
1.456320000000000000e+05
1.078020000000000000e+05
1.389960000000000000e+05
1.112700000000000000e+04
1.267060000000000000e+05
1.256240000000000000e+05
1.062960000000000000e+05
7.497380000000000000e+05
1.110620000000000000e+05
6.741000000000000000e+03
2.338181000000000000e+06
2.759030000000000000e+05
1.030380000000000000e+05
8.937000000000000000e+04
8.352300000000000000e+04
1.437000000000000000e+03
1.498280000000000000e+05
1.388750000000000000e+05
1.858520000000000000e+05
8.366540000000000000e+05
1.719970000000000000e+05
7.977000000000000000e+03
2.388310000000000000e+06
4.446270000000000000e+05
1.148510000000000000e+05
1.431070000000000000e+05
1.701920000000000000e+05
1.108000000000000000e+04
1.504310000000000000e+05
1.256940000000000000e+05
8.637800000000000000e+04
7.923130000000000000e+05
9.875200000000000000e+04
7.573000000000000000e+03
9.914980000000000000e+05
3.306470000000000000e+05
1.008070000000000000e+05
6.756200000000000000e+04
6.593100000000000000e+04
1.596400000000000000e+04
6.299200000000000000e+04
7.216100000000000000e+04
1.083950000000000000e+05
3.890350000000000000e+05
9.968000000000000000e+04
5.965000000000000000e+03
2.302186000000000000e+06
3.436170000000000000e+05
6.625500000000000000e+04
8.643500000000000000e+04
7.654200000000000000e+04
2.566000000000000000e+03
5.161200000000000000e+04
7.249300000000000000e+04
6.904600000000000000e+04
8.037400000000000000e+05
9.193800000000000000e+04
1.172400000000000000e+04
1.909054000000000000e+06
2.848970000000000000e+05
3.617500000000000000e+04
3.729400000000000000e+04
1.229700000000000000e+04
4.500000000000000000e+01
2.467100000000000000e+04
4.094900000000000000e+04
6.941000000000000000e+03
6.762040000000000000e+05
3.136300000000000000e+04
5.816000000000000000e+03
2.094267000000000000e+06
2.172160000000000000e+05
8.242000000000000000e+04
1.878870000000000000e+05
2.252820000000000000e+05
2.275100000000000000e+04
2.874620000000000000e+05
3.449140000000000000e+05
3.730020000000000000e+05
1.080564000000000000e+06
4.362090000000000000e+05
4.705700000000000000e+04
3.180878000000000000e+06
7.725030000000000000e+05
5.065930000000000000e+05
5.984410000000000000e+05
7.494030000000000000e+05
5.696800000000000000e+04
6.676660000000000000e+05
1.952820000000000000e+05
4.071450000000000000e+05
1.294958000000000000e+06
7.548160000000000000e+05
5.739000000000000000e+04
1.418396000000000000e+06
8.990970000000000000e+05
5.367840000000000000e+05
4.518830000000000000e+05
4.295680000000000000e+05
4.021600000000000000e+04
3.437490000000000000e+05
3.180040000000000000e+05
2.061670000000000000e+05
4.370640000000000000e+05
1.209880000000000000e+05
2.080100000000000000e+04
2.759939000000000000e+06
3.880690000000000000e+05
1.556580000000000000e+05
1.794350000000000000e+05
1.682810000000000000e+05
1.977900000000000000e+04
1.750190000000000000e+05
2.025670000000000000e+05
2.320660000000000000e+05
8.680730000000000000e+05
1.913660000000000000e+05
9.001000000000000000e+03
9.055460000000000000e+05
4.676230000000000000e+05
2.669040000000000000e+05
1.600360000000000000e+05
1.279230000000000000e+05
2.809100000000000000e+04
1.314080000000000000e+05
1.207260000000000000e+05
1.134130000000000000e+05
3.720790000000000000e+05
1.619270000000000000e+05
2.132000000000000000e+04
2.119638000000000000e+06
6.175740000000000000e+05
4.294330000000000000e+05
4.803420000000000000e+05
4.014640000000000000e+05
2.372200000000000000e+04
3.254140000000000000e+05
3.501390000000000000e+05
3.117500000000000000e+05
8.475190000000000000e+05
1.455400000000000000e+05
3.870000000000000000e+04
2.971898000000000000e+06
4.538800000000000000e+05
1.150000000000000000e+05
