2.442790000000000000e+05
3.205600000000000000e+04
9.771500000000000000e+04
1.996760000000000000e+05
1.100870000000000000e+05
1.196510000000000000e+05
1.053930000000000000e+05
4.993000000000000000e+03
2.812913000000000000e+06
3.994810000000000000e+05
8.783000000000000000e+04
7.924160000000000000e+05
1.083790000000000000e+05
1.982000000000000000e+03
1.654820000000000000e+05
2.357790000000000000e+05
2.575400000000000000e+05
2.844050000000000000e+05
3.064340000000000000e+05
2.804400000000000000e+04
2.780212000000000000e+06
5.147050000000000000e+05
1.981240000000000000e+05
8.351700000000000000e+05
1.988830000000000000e+05
2.284200000000000000e+04
2.157380000000000000e+05
2.360280000000000000e+05
1.599550000000000000e+05
2.067970000000000000e+05
1.164900000000000000e+05
1.051900000000000000e+04
2.495200000000000000e+06
3.796030000000000000e+05
8.284000000000000000e+04
8.196830000000000000e+05
1.114390000000000000e+05
4.116000000000000000e+03
9.747800000000000000e+04
9.490600000000000000e+04
7.543100000000000000e+04
7.197900000000000000e+04
8.109600000000000000e+04
1.581200000000000000e+04
2.559498000000000000e+06
3.461070000000000000e+05
1.021990000000000000e+05
8.081020000000000000e+05
9.649300000000000000e+04
1.210000000000000000e+04
8.987300000000000000e+04
6.464700000000000000e+04
2.031460000000000000e+05
2.261340000000000000e+05
2.287530000000000000e+05
1.623500000000000000e+04
2.395071000000000000e+06
5.265220000000000000e+05
2.403350000000000000e+05
8.475520000000000000e+05
2.247210000000000000e+05
2.315700000000000000e+04
1.762760000000000000e+05
3.092430000000000000e+05
3.628570000000000000e+05
3.159380000000000000e+05
2.064220000000000000e+05
3.494300000000000000e+04
2.743973000000000000e+06
4.311510000000000000e+05
1.602180000000000000e+05
8.626080000000000000e+05
1.394020000000000000e+05
5.818000000000000000e+03
1.309970000000000000e+05
8.659400000000000000e+04
1.266090000000000000e+05
1.073000000000000000e+05
7.629100000000000000e+04
1.805000000000000000e+04
2.661355000000000000e+06
4.323310000000000000e+05
9.339500000000000000e+04
7.895140000000000000e+05
6.660300000000000000e+04
6.789000000000000000e+03
6.351000000000000000e+04
1.038510000000000000e+05
1.514310000000000000e+05
1.760860000000000000e+05
1.969960000000000000e+05
2.231700000000000000e+04
2.152298000000000000e+06
4.484350000000000000e+05
1.679060000000000000e+05
8.124630000000000000e+05
2.627210000000000000e+05
5.802000000000000000e+03
3.181910000000000000e+05
4.529310000000000000e+05
4.680730000000000000e+05
3.680250000000000000e+05
2.472570000000000000e+05
3.040500000000000000e+04
2.600786000000000000e+06
4.927410000000000000e+05
2.582170000000000000e+05
9.066170000000000000e+05
2.116870000000000000e+05
1.004700000000000000e+04
1.440500000000000000e+05
1.065390000000000000e+05
6.128900000000000000e+04
5.951700000000000000e+04
5.305600000000000000e+04
1.294600000000000000e+04
2.658338000000000000e+06
3.226760000000000000e+05
9.158700000000000000e+04
7.833350000000000000e+05
1.157850000000000000e+05
1.067500000000000000e+04
1.700250000000000000e+05
1.971070000000000000e+05
2.775190000000000000e+05
3.549880000000000000e+05
4.377620000000000000e+05
4.997600000000000000e+04
2.858368000000000000e+06
6.047370000000000000e+05
2.642470000000000000e+05
8.048850000000000000e+05
1.105290000000000000e+05
1.573400000000000000e+04
1.106620000000000000e+05
5.710700000000000000e+04
8.549600000000000000e+04
6.798200000000000000e+04
8.062200000000000000e+04
1.150000000000000000e+03
2.647693000000000000e+06
3.414050000000000000e+05
1.435360000000000000e+05
7.904500000000000000e+05
1.405950000000000000e+05
1.372500000000000000e+04
1.067840000000000000e+05
6.347900000000000000e+04
3.836600000000000000e+04
