1.337880000000000000e+05
4.598000000000000000e+03
6.560210000000000000e+05
2.369210000000000000e+05
3.943600000000000000e+04
5.938700000000000000e+04
3.577600000000000000e+04
0.000000000000000000e+00
3.232400000000000000e+04
3.047500000000000000e+04
3.629300000000000000e+04
4.974650000000000000e+05
5.730300000000000000e+04
2.190000000000000000e+02
1.759942000000000000e+06
3.226940000000000000e+05
3.338700000000000000e+04
5.845200000000000000e+04
7.043100000000000000e+04
7.257000000000000000e+03
9.814100000000000000e+04
7.781800000000000000e+04
9.188100000000000000e+04
7.934870000000000000e+05
3.590850000000000000e+05
2.113000000000000000e+04
2.890245000000000000e+06
5.939840000000000000e+05
3.544580000000000000e+05
4.187760000000000000e+05
5.169830000000000000e+05
5.649900000000000000e+04
4.563090000000000000e+05
3.775000000000000000e+05
3.018360000000000000e+05
9.000220000000000000e+05
1.610690000000000000e+05
2.562500000000000000e+04
2.534147000000000000e+06
4.192700000000000000e+05
8.011800000000000000e+04
4.071500000000000000e+04
1.105000000000000000e+05
9.273000000000000000e+03
1.329400000000000000e+05
1.769190000000000000e+05
1.853160000000000000e+05
7.965170000000000000e+05
1.498550000000000000e+05
1.690900000000000000e+04
2.693830000000000000e+06
4.598410000000000000e+05
1.907190000000000000e+05
2.556460000000000000e+05
2.859290000000000000e+05
7.851000000000000000e+03
2.915810000000000000e+05
2.787200000000000000e+05
1.053600000000000000e+05
9.424960000000000000e+05
2.856190000000000000e+05
1.849300000000000000e+04
2.190281000000000000e+06
4.499040000000000000e+05
2.430690000000000000e+05
2.148880000000000000e+05
2.255410000000000000e+05
1.958200000000000000e+04
2.108050000000000000e+05
1.917380000000000000e+05
1.198280000000000000e+05
7.451100000000000000e+05
1.726300000000000000e+05
1.476300000000000000e+04
9.063670000000000000e+05
4.316140000000000000e+05
9.881000000000000000e+04
1.022180000000000000e+05
5.862200000000000000e+04
4.126000000000000000e+03
1.101950000000000000e+05
1.090450000000000000e+05
8.072900000000000000e+04
3.758280000000000000e+05
6.291700000000000000e+04
1.189500000000000000e+04
2.573490000000000000e+06
3.253790000000000000e+05
8.702600000000000000e+04
1.395400000000000000e+05
1.553140000000000000e+05
1.017300000000000000e+04
1.112830000000000000e+05
1.335940000000000000e+05
1.392780000000000000e+05
8.630260000000000000e+05
2.268360000000000000e+05
1.407300000000000000e+04
2.423243000000000000e+06
4.871820000000000000e+05
1.833010000000000000e+05
9.688600000000000000e+04
1.169790000000000000e+05
1.181600000000000000e+04
1.352850000000000000e+05
1.452560000000000000e+05
1.288960000000000000e+05
8.397440000000000000e+05
1.449830000000000000e+05
5.009000000000000000e+03
8.819480000000000000e+05
3.601600000000000000e+05
6.691400000000000000e+04
5.265900000000000000e+04
3.127400000000000000e+04
8.466000000000000000e+03
4.792200000000000000e+04
3.896900000000000000e+04
5.781700000000000000e+04
3.468070000000000000e+05
7.298400000000000000e+04
1.499000000000000000e+03
2.290470000000000000e+06
3.326280000000000000e+05
8.411900000000000000e+04
6.492900000000000000e+04
1.179640000000000000e+05
5.083000000000000000e+03
1.904700000000000000e+05
1.771850000000000000e+05
2.087810000000000000e+05
1.027108000000000000e+06
4.639310000000000000e+05
3.057300000000000000e+04
3.382427000000000000e+06
9.286490000000000000e+05
5.879330000000000000e+05
4.855820000000000000e+05
5.486510000000000000e+05
4.544600000000000000e+04
5.585370000000000000e+05
7.478040000000000000e+05
1.812887000000000000e+06
3.491958000000000000e+06
3.682149000000000000e+06
8.359600000000000000e+04
6.221877000000000000e+06
3.265170000000000000e+06
2.191565000000000000e+06
