1.398487000000000000e+06
1.730390000000000000e+05
1.247788000000000000e+06
1.113239000000000000e+06
1.032244000000000000e+06
9.218670000000000000e+05
9.052520000000000000e+05
8.601400000000000000e+04
2.549863000000000000e+06
1.450211000000000000e+06
1.359767000000000000e+06
2.084140000000000000e+06
1.705054000000000000e+06
9.010200000000000000e+04
1.351656000000000000e+06
6.632120000000000000e+05
6.117630000000000000e+05
8.460540000000000000e+05
1.071750000000000000e+06
6.828400000000000000e+04
2.274543000000000000e+06
1.302848000000000000e+06
7.630060000000000000e+05
7.630070000000000000e+05
3.342670000000000000e+05
4.637800000000000000e+04
3.085170000000000000e+05
3.054360000000000000e+05
3.171590000000000000e+05
2.455210000000000000e+05
2.628790000000000000e+05
2.410000000000000000e+04
3.352569000000000000e+06
5.325930000000000000e+05
1.687410000000000000e+05
8.745060000000000000e+05
1.841730000000000000e+05
1.844400000000000000e+04
1.581460000000000000e+05
1.879780000000000000e+05
4.235300000000000000e+05
7.536550000000000000e+05
1.273345000000000000e+06
8.030500000000000000e+04
4.375588000000000000e+06
2.078890000000000000e+06
1.599316000000000000e+06
2.008927000000000000e+06
1.097849000000000000e+06
8.110800000000000000e+04
1.034025000000000000e+06
1.137665000000000000e+06
1.101145000000000000e+06
1.052517000000000000e+06
9.471660000000000000e+05
7.621200000000000000e+04
3.446179000000000000e+06
1.288544000000000000e+06
9.884510000000000000e+05
1.747083000000000000e+06
1.393421000000000000e+06
1.136290000000000000e+05
1.504699000000000000e+06
1.563181000000000000e+06
1.394356000000000000e+06
1.110333000000000000e+06
8.178680000000000000e+05
9.939800000000000000e+04
1.910754000000000000e+06
8.617310000000000000e+05
4.907220000000000000e+05
8.131030000000000000e+05
4.640160000000000000e+05
2.199900000000000000e+04
4.362400000000000000e+05
4.552560000000000000e+05
3.226830000000000000e+05
2.345240000000000000e+05
3.972550000000000000e+05
1.000500000000000000e+04
3.414320000000000000e+06
7.165610000000000000e+05
8.056820000000000000e+05
1.476879000000000000e+06
3.828610000000000000e+05
1.533200000000000000e+04
5.232470000000000000e+05
4.487560000000000000e+05
1.692090000000000000e+05
4.394510000000000000e+05
5.544320000000000000e+05
2.793200000000000000e+04
2.593262000000000000e+06
4.912590000000000000e+05
2.903350000000000000e+05
8.745800000000000000e+05
2.495190000000000000e+05
4.036000000000000000e+03
2.610980000000000000e+05
3.156720000000000000e+05
3.597760000000000000e+05
2.683980000000000000e+05
2.189650000000000000e+05
1.146200000000000000e+04
2.826230000000000000e+06
5.428410000000000000e+05
3.738500000000000000e+05
1.056429000000000000e+06
8.449770000000000000e+05
6.313400000000000000e+04
1.469954000000000000e+06
1.742702000000000000e+06
1.823296000000000000e+06
1.765008000000000000e+06
1.525290000000000000e+06
1.167960000000000000e+05
4.479994000000000000e+06
1.742204000000000000e+06
1.076220000000000000e+06
1.805064000000000000e+06
1.339797000000000000e+06
1.432300000000000000e+05
1.613586000000000000e+06
1.726501000000000000e+06
1.765896000000000000e+06
1.541504000000000000e+06
1.127795000000000000e+06
1.045550000000000000e+05
2.160689000000000000e+06
1.328425000000000000e+06
1.069388000000000000e+06
1.254520000000000000e+06
6.844330000000000000e+05
6.521500000000000000e+04
4.901100000000000000e+05
5.063290000000000000e+05
5.473010000000000000e+05
4.221150000000000000e+05
5.150110000000000000e+05
3.774000000000000000e+04
3.145763000000000000e+06
6.844180000000000000e+05
1.411600000000000000e+05
8.451880000000000000e+05
2.534320000000000000e+05
3.308000000000000000e+04
1.950150000000000000e+05
1.682800000000000000e+05
1.321390000000000000e+05
