2.419790000000000000e+05
1.074500000000000000e+04
3.428900000000000000e+06
1.267863000000000000e+06
1.365719000000000000e+06
1.664572000000000000e+06
1.734383000000000000e+06
1.604330000000000000e+05
1.548378000000000000e+06
1.374259000000000000e+06
1.643002000000000000e+06
1.959189000000000000e+06
1.044307000000000000e+06
8.954200000000000000e+04
4.091370000000000000e+06
1.469130000000000000e+06
1.216778000000000000e+06
1.318953000000000000e+06
1.165506000000000000e+06
9.357200000000000000e+04
8.143210000000000000e+05
5.217410000000000000e+05
5.973080000000000000e+05
1.410614000000000000e+06
1.055298000000000000e+06
6.823900000000000000e+04
2.564440000000000000e+06
2.409728000000000000e+06
2.392020000000000000e+06
1.794097000000000000e+06
1.554982000000000000e+06
4.798400000000000000e+04
1.346634000000000000e+06
1.274066000000000000e+06
8.702970000000000000e+05
7.427830000000000000e+05
7.003890000000000000e+05
5.747000000000000000e+04
2.287489000000000000e+06
1.513933000000000000e+06
1.246808000000000000e+06
1.348467000000000000e+06
1.483618000000000000e+06
5.929900000000000000e+04
1.721792000000000000e+06
1.744957000000000000e+06
1.384902000000000000e+06
1.175353000000000000e+06
5.666350000000000000e+05
7.294700000000000000e+04
1.969166000000000000e+06
8.672060000000000000e+05
5.257070000000000000e+05
4.760910000000000000e+05
4.915920000000000000e+05
3.073200000000000000e+04
5.157590000000000000e+05
4.780920000000000000e+05
4.087690000000000000e+05
7.005480000000000000e+05
2.351770000000000000e+05
2.046500000000000000e+04
3.240987000000000000e+06
4.906690000000000000e+05
1.987300000000000000e+05
1.850850000000000000e+05
1.464180000000000000e+05
7.630000000000000000e+03
2.717550000000000000e+05
3.577020000000000000e+05
4.322430000000000000e+05
1.175021000000000000e+06
5.923030000000000000e+05
1.956000000000000000e+04
1.729217000000000000e+06
8.795130000000000000e+05
4.478990000000000000e+05
3.420820000000000000e+05
1.499600000000000000e+05
1.492000000000000000e+04
4.639520000000000000e+05
9.674740000000000000e+05
1.302095000000000000e+06
1.718052000000000000e+06
1.261362000000000000e+06
1.206720000000000000e+05
3.482749000000000000e+06
1.474447000000000000e+06
1.307733000000000000e+06
1.325451000000000000e+06
1.143057000000000000e+06
7.805700000000000000e+04
7.832770000000000000e+05
6.332630000000000000e+05
5.459620000000000000e+05
1.191657000000000000e+06
4.281850000000000000e+05
3.761400000000000000e+04
3.044994000000000000e+06
8.617090000000000000e+05
4.766430000000000000e+05
3.652590000000000000e+05
2.699850000000000000e+05
1.623600000000000000e+04
2.600100000000000000e+05
3.378900000000000000e+05
4.720780000000000000e+05
1.202846000000000000e+06
5.205560000000000000e+05
4.513600000000000000e+04
3.378055000000000000e+06
8.239330000000000000e+05
4.626600000000000000e+05
3.879630000000000000e+05
3.052950000000000000e+05
1.502200000000000000e+04
2.109210000000000000e+05
1.579010000000000000e+05
1.902340000000000000e+05
1.049914000000000000e+06
7.121450000000000000e+05
7.207500000000000000e+04
3.618412000000000000e+06
1.698762000000000000e+06
1.623193000000000000e+06
1.725441000000000000e+06
1.673672000000000000e+06
1.336760000000000000e+05
1.471027000000000000e+06
1.204701000000000000e+06
1.081488000000000000e+06
1.604960000000000000e+06
8.362920000000000000e+05
9.340700000000000000e+04
3.505736000000000000e+06
9.803150000000000000e+05
1.349607000000000000e+06
1.460822000000000000e+06
1.681397000000000000e+06
1.201440000000000000e+05
1.779137000000000000e+06
1.741196000000000000e+06
1.746938000000000000e+06
2.105718000000000000e+06
1.237869000000000000e+06
1.322900000000000000e+05
2.467768000000000000e+06
1.645699000000000000e+06
1.333792000000000000e+06
