3.462540000000000000e+05
1.483000000000000000e+04
4.171910000000000000e+05
5.499910000000000000e+05
6.615220000000000000e+05
5.122430000000000000e+05
3.241700000000000000e+05
2.206600000000000000e+04
3.289829000000000000e+06
1.275614000000000000e+06
1.011296000000000000e+06
1.505301000000000000e+06
8.650770000000000000e+05
5.988000000000000000e+04
4.414130000000000000e+05
9.046230000000000000e+05
1.349768000000000000e+06
1.318930000000000000e+06
9.796230000000000000e+05
7.167700000000000000e+04
3.288633000000000000e+06
6.536530000000000000e+05
1.271170000000000000e+05
8.132180000000000000e+05
1.089500000000000000e+05
1.733300000000000000e+04
9.172200000000000000e+04
2.330660000000000000e+05
2.183060000000000000e+05
1.679150000000000000e+05
4.374800000000000000e+04
2.274300000000000000e+04
3.272549000000000000e+06
4.217250000000000000e+05
1.013290000000000000e+05
7.925300000000000000e+05
6.634700000000000000e+04
4.857000000000000000e+03
6.669900000000000000e+04
2.814200000000000000e+04
3.265400000000000000e+04
4.960900000000000000e+04
3.232900000000000000e+04
2.101000000000000000e+03
2.649194000000000000e+06
2.959790000000000000e+05
2.342800000000000000e+04
7.772600000000000000e+05
1.106600000000000000e+05
5.520000000000000000e+03
1.482920000000000000e+05
2.990110000000000000e+05
2.484560000000000000e+05
2.126490000000000000e+05
5.136620000000000000e+05
6.136000000000000000e+03
3.334815000000000000e+06
1.157615000000000000e+06
1.001643000000000000e+06
1.637523000000000000e+06
1.034309000000000000e+06
3.813400000000000000e+04
9.555880000000000000e+05
8.951900000000000000e+05
7.378050000000000000e+05
4.768280000000000000e+05
3.760850000000000000e+05
4.314000000000000000e+04
3.689411000000000000e+06
1.661982000000000000e+06
1.243648000000000000e+06
1.531048000000000000e+06
7.048410000000000000e+05
7.763400000000000000e+04
5.208860000000000000e+05
4.965600000000000000e+05
5.088350000000000000e+05
4.534780000000000000e+05
2.264980000000000000e+05
2.842700000000000000e+04
2.963887000000000000e+06
7.387320000000000000e+05
4.434060000000000000e+05
1.035576000000000000e+06
3.563230000000000000e+05
1.391500000000000000e+04
2.418230000000000000e+05
1.757090000000000000e+05
1.235950000000000000e+05
1.349340000000000000e+05
1.769210000000000000e+05
2.529700000000000000e+04
2.476554000000000000e+06
8.286550000000000000e+05
6.108500000000000000e+05
1.131533000000000000e+06
4.260750000000000000e+05
4.145000000000000000e+04
3.619350000000000000e+05
3.314290000000000000e+05
1.893580000000000000e+05
2.340050000000000000e+05
3.341430000000000000e+05
3.122900000000000000e+04
1.394796000000000000e+06
6.271450000000000000e+05
2.413610000000000000e+05
5.317390000000000000e+05
2.133640000000000000e+05
2.163100000000000000e+04
1.098100000000000000e+05
1.034710000000000000e+05
7.566400000000000000e+04
5.282600000000000000e+04
6.793000000000000000e+04
1.714700000000000000e+04
2.825709000000000000e+06
3.660550000000000000e+05
1.314120000000000000e+05
7.945180000000000000e+05
1.056750000000000000e+05
0.000000000000000000e+00
7.924100000000000000e+04
9.285100000000000000e+04
7.454700000000000000e+04
8.645100000000000000e+04
4.316300000000000000e+04
9.739000000000000000e+03
1.998610000000000000e+06
4.556040000000000000e+05
2.230070000000000000e+05
7.251360000000000000e+05
1.524470000000000000e+05
3.120000000000000000e+02
2.974430000000000000e+05
3.048530000000000000e+05
1.297960000000000000e+05
7.325600000000000000e+04
7.758900000000000000e+04
1.121000000000000000e+03
2.086985000000000000e+06
4.496760000000000000e+05
2.653500000000000000e+05
8.576340000000000000e+05
5.410420000000000000e+05
3.885700000000000000e+04
6.234110000000000000e+05
7.746070000000000000e+05
7.169920000000000000e+05
