2.030080000000000000e+05
7.896960000000000000e+05
4.661120000000000000e+05
1.270016000000000000e+06
1.874816000000000000e+06
2.362624000000000000e+06
4.077248000000000000e+06
4.365120000000000000e+06
0.000000000000000000e+00
8.021248000000000000e+06
1.216934400000000000e+07
9.170815000000000000e+06
2.052324300000000000e+07
4.733839000000000000e+06
9.200710000000000000e+05
3.486824000000000000e+06
3.829007000000000000e+06
4.532956000000000000e+06
5.009554000000000000e+06
5.320949000000000000e+06
7.746000000000000000e+03
5.187241000000000000e+06
6.433056000000000000e+06
7.780829000000000000e+06
6.861277000000000000e+06
6.157524000000000000e+06
1.575120000000000000e+05
4.051873000000000000e+06
2.919713000000000000e+06
1.430524000000000000e+06
2.546332000000000000e+06
6.393614000000000000e+06
2.555600000000000000e+04
6.491219000000000000e+06
3.498715000000000000e+06
9.645890000000000000e+05
2.434685000000000000e+06
4.393023000000000000e+06
1.689040000000000000e+05
3.904746000000000000e+06
3.722754000000000000e+06
3.359410000000000000e+06
3.052689000000000000e+06
2.623914000000000000e+06
1.992300000000000000e+04
2.595008000000000000e+06
3.354154000000000000e+06
2.232010000000000000e+06
2.383744000000000000e+06
3.869368000000000000e+06
3.790280000000000000e+05
1.664067000000000000e+06
1.468234000000000000e+06
1.541638000000000000e+06
1.731774000000000000e+06
1.754387000000000000e+06
1.617800000000000000e+04
1.384335000000000000e+06
1.591613000000000000e+06
1.327221000000000000e+06
1.081602000000000000e+06
2.474904000000000000e+06
1.816390000000000000e+05
5.243280000000000000e+05
6.004760000000000000e+05
6.726520000000000000e+05
6.187334000000000000e+06
2.253604500000000000e+07
4.019800000000000000e+04
7.060222100000000000e+07
6.261362400000000000e+07
7.853942600000000000e+07
9.377050600000000000e+07
9.402187100000000000e+07
1.063170000000000000e+05
7.758455100000000000e+07
7.630626000000000000e+07
7.197278200000000000e+07
6.609601900000000000e+07
6.039412400000000000e+07
1.441670000000000000e+05
5.422649000000000000e+07
4.801414700000000000e+07
4.280891700000000000e+07
4.025674100000000000e+07
3.902573800000000000e+07
5.693100000000000000e+04
3.537433400000000000e+07
3.314077700000000000e+07
3.037397100000000000e+07
2.581354400000000000e+07
2.136695800000000000e+07
1.889090000000000000e+05
1.748806700000000000e+07
1.447324000000000000e+07
1.192311200000000000e+07
9.909910000000000000e+06
9.152096000000000000e+06
7.948000000000000000e+04
1.066825300000000000e+07
1.536980000000000000e+07
1.347593700000000000e+07
1.801269000000000000e+07
1.863472600000000000e+07
2.580310000000000000e+05
1.581915900000000000e+07
1.396760300000000000e+07
1.498176800000000000e+07
1.705644100000000000e+07
1.835303900000000000e+07
1.278300000000000000e+05
1.749973200000000000e+07
1.743965800000000000e+07
1.753484700000000000e+07
1.812763100000000000e+07
1.776926100000000000e+07
3.902400000000000000e+05
1.769902500000000000e+07
1.824715000000000000e+07
1.826118400000000000e+07
4.437344400000000000e+07
7.177330800000000000e+07
2.916650000000000000e+05
4.897889400000000000e+07
3.830177000000000000e+07
2.434401000000000000e+07
1.925069200000000000e+07
1.895126500000000000e+07
2.032200000000000000e+05
2.198525900000000000e+07
2.447710500000000000e+07
2.480656900000000000e+07
2.453679800000000000e+07
2.460545500000000000e+07
6.278100000000000000e+04
2.329238800000000000e+07
2.343058900000000000e+07
2.233154200000000000e+07
2.040830500000000000e+07
1.799578400000000000e+07
2.014890000000000000e+05
1.614311600000000000e+07
1.472922300000000000e+07
1.340993800000000000e+07
1.201858300000000000e+07
1.172545200000000000e+07
9.484200000000000000e+04
9.882218000000000000e+06
9.286110000000000000e+06
8.564102000000000000e+06
8.062155000000000000e+06
7.742295000000000000e+06
1.725170000000000000e+05
7.245847000000000000e+06
6.866185000000000000e+06
6.574148000000000000e+06
6.367369000000000000e+06
6.537214000000000000e+06
7.932300000000000000e+04
5.639310000000000000e+06
5.242072000000000000e+06
4.792736000000000000e+06
4.313825000000000000e+06
3.823586000000000000e+06
6.196200000000000000e+04
3.118233000000000000e+06
2.532875000000000000e+06
1.873939000000000000e+06
1.168839000000000000e+06
1.529801000000000000e+06
5.308500000000000000e+04
0.000000000000000000e+00
0.000000000000000000e+00
0.000000000000000000e+00
0.000000000000000000e+00
0.000000000000000000e+00
0.000000000000000000e+00
0.000000000000000000e+00
5.472000000000000000e+03
0.000000000000000000e+00
0.000000000000000000e+00
2.482380000000000000e+05
5.501700000000000000e+04
1.224000000000000000e+03
0.000000000000000000e+00
0.000000000000000000e+00
0.000000000000000000e+00
0.000000000000000000e+00
0.000000000000000000e+00
0.000000000000000000e+00
0.000000000000000000e+00
0.000000000000000000e+00
0.000000000000000000e+00
5.716500000000000000e+04
5.501700000000000000e+04
1.224000000000000000e+03
1.152000000000000000e+03
0.000000000000000000e+00
0.000000000000000000e+00
0.000000000000000000e+00
0.000000000000000000e+00
0.000000000000000000e+00
0.000000000000000000e+00
0.000000000000000000e+00
0.000000000000000000e+00
8.215100000000000000e+04
5.707600000000000000e+04
3.720000000000000000e+03
0.000000000000000000e+00
0.000000000000000000e+00
1.440000000000000000e+03
0.000000000000000000e+00
0.000000000000000000e+00
0.000000000000000000e+00
0.000000000000000000e+00
0.000000000000000000e+00
0.000000000000000000e+00
2.090670000000000000e+05
4.672000000000000000e+04
0.000000000000000000e+00
0.000000000000000000e+00
0.000000000000000000e+00
0.000000000000000000e+00
0.000000000000000000e+00
0.000000000000000000e+00
0.000000000000000000e+00
0.000000000000000000e+00
0.000000000000000000e+00
0.000000000000000000e+00
4.672000000000000000e+04
4.672000000000000000e+04
1.643684290000000000e+08
6.419760000000000000e+05
2.435700000000000000e+05
8.247600000000000000e+04
1.870490000000000000e+05
6.570000000000000000e+03
1.970160000000000000e+05
2.316340000000000000e+05
1.516750000000000000e+05
1.253190000000000000e+05
6.809100000000000000e+04
0.000000000000000000e+00
1.107570000000000000e+06
4.444900000000000000e+05
7.342500000000000000e+04
8.411500000000000000e+04
1.196460000000000000e+05
0.000000000000000000e+00
1.212900000000000000e+05
1.210690000000000000e+05
1.487220000000000000e+05
1.019710000000000000e+05
1.162770000000000000e+05
5.906000000000000000e+03
1.145907000000000000e+06
5.122970000000000000e+05
1.993270000000000000e+05
1.532310000000000000e+05
1.475720000000000000e+05
1.408000000000000000e+04
1.310910000000000000e+05
1.048370000000000000e+05
5.697100000000000000e+04
6.395300000000000000e+04
4.300600000000000000e+04
4.983000000000000000e+03
9.938260000000000000e+05
4.796680000000000000e+05
9.089600000000000000e+04
1.232990000000000000e+05
1.413880000000000000e+05
7.335000000000000000e+03
1.163960000000000000e+05
7.344900000000000000e+04
9.410000000000000000e+04
6.726300000000000000e+04
8.108300000000000000e+04
2.532000000000000000e+03
1.063064000000000000e+06
4.889680000000000000e+05
8.203300000000000000e+04
7.827000000000000000e+04
3.173500000000000000e+04
1.771000000000000000e+03
2.534900000000000000e+04
2.973800000000000000e+04
3.980000000000000000e+04
2.320300000000000000e+04
5.637800000000000000e+04
2.408000000000000000e+03
1.131895000000000000e+06
5.253350000000000000e+05
1.007930000000000000e+05
1.066590000000000000e+05
7.064100000000000000e+04
9.147000000000000000e+03
3.137400000000000000e+04
4.401400000000000000e+04
4.854200000000000000e+04
9.199800000000000000e+04
1.765150000000000000e+05
7.909000000000000000e+03
9.751640000000000000e+05
6.622230000000000000e+05
2.919980000000000000e+05
2.614870000000000000e+05
1.226490000000000000e+05
1.355500000000000000e+04
5.620600000000000000e+04
6.529500000000000000e+04
4.307100000000000000e+04
2.210200000000000000e+04
2.218500000000000000e+04
3.948000000000000000e+03
9.941450000000000000e+05
4.517230000000000000e+05
9.691100000000000000e+04
1.317010000000000000e+05
1.832520000000000000e+05
1.713900000000000000e+04
2.198010000000000000e+05
2.450470000000000000e+05
2.783570000000000000e+05
1.558730000000000000e+05
1.471070000000000000e+05
2.660000000000000000e+03
1.195093000000000000e+06
5.178430000000000000e+05
1.145450000000000000e+05
5.086900000000000000e+04
5.506500000000000000e+04
3.139000000000000000e+03
1.078260000000000000e+05
7.677200000000000000e+04
1.017090000000000000e+05
6.808000000000000000e+04
4.710400000000000000e+04
5.317000000000000000e+03
9.110420000000000000e+05
4.630500000000000000e+05
1.872750000000000000e+05
3.330850000000000000e+05
3.680480000000000000e+05
3.925300000000000000e+04
2.866900000000000000e+05
1.952270000000000000e+05
2.003510000000000000e+05
1.970130000000000000e+05
2.114280000000000000e+05
1.695000000000000000e+04
1.180442000000000000e+06
5.020500000000000000e+05
5.743200000000000000e+04
1.045650000000000000e+05
1.383240000000000000e+05
1.341600000000000000e+04
1.937680000000000000e+05
1.335190000000000000e+05
5.592900000000000000e+04
6.168700000000000000e+04
6.656400000000000000e+04
0.000000000000000000e+00
1.250369000000000000e+06
4.114140000000000000e+05
1.316190000000000000e+05
1.144330000000000000e+05
8.768900000000000000e+04
1.856000000000000000e+03
7.593400000000000000e+04
5.166900000000000000e+04
6.030500000000000000e+04
4.191900000000000000e+04
7.650700000000000000e+04
5.381000000000000000e+03
1.069793000000000000e+06
4.531220000000000000e+05
1.546190000000000000e+05
1.410600000000000000e+05
1.746880000000000000e+05
7.899000000000000000e+03
1.220420000000000000e+05
1.803330000000000000e+05
1.571530000000000000e+05
1.679620000000000000e+05
1.510250000000000000e+05
1.155200000000000000e+04
1.151242000000000000e+06
5.501180000000000000e+05
1.984860000000000000e+05
1.819230000000000000e+05
2.346860000000000000e+05
1.902400000000000000e+04
2.200720000000000000e+05
1.650430000000000000e+05
5.760300000000000000e+04
6.579900000000000000e+04
1.844400000000000000e+04
1.656200000000000000e+04
2.694199000000000000e+06
4.380040000000000000e+05
8.576900000000000000e+04
8.055100000000000000e+04
8.018300000000000000e+04
4.329000000000000000e+03
1.008050000000000000e+05
1.061050000000000000e+05
8.465300000000000000e+04
1.084270000000000000e+05
6.740000000000000000e+04
1.060000000000000000e+04
1.078565000000000000e+06
3.978770000000000000e+05
9.672100000000000000e+04
1.123530000000000000e+05
1.420840000000000000e+05
1.771800000000000000e+04
1.540760000000000000e+05
1.810310000000000000e+05
1.913350000000000000e+05
1.186910000000000000e+05
1.809190000000000000e+05
8.511000000000000000e+03
2.770317000000000000e+06
4.812990000000000000e+05
1.125160000000000000e+05
1.601620000000000000e+05
1.812390000000000000e+05
9.944000000000000000e+03
1.598770000000000000e+05
1.995800000000000000e+05
2.544810000000000000e+05
1.903040000000000000e+05
1.552770000000000000e+05
1.077200000000000000e+04
1.416614000000000000e+06
5.420920000000000000e+05
1.675830000000000000e+05
1.205080000000000000e+05
1.037300000000000000e+05
0.000000000000000000e+00
1.070550000000000000e+05
9.633800000000000000e+04
5.472100000000000000e+04
9.059400000000000000e+04
1.506260000000000000e+05
1.326700000000000000e+04
3.005287000000000000e+06
4.911030000000000000e+05
1.732760000000000000e+05
1.841280000000000000e+05
1.432280000000000000e+05
9.668000000000000000e+03
1.466150000000000000e+05
1.471110000000000000e+05
1.197330000000000000e+05
9.171800000000000000e+04
4.747500000000000000e+04
0.000000000000000000e+00
2.718874000000000000e+06
3.236140000000000000e+05
2.629000000000000000e+04
3.275200000000000000e+04
1.718100000000000000e+04
0.000000000000000000e+00
2.821400000000000000e+04
3.143000000000000000e+04
2.042200000000000000e+04
1.958400000000000000e+04
2.327400000000000000e+04
0.000000000000000000e+00
2.474556000000000000e+06
2.912450000000000000e+05
1.918200000000000000e+04
1.006600000000000000e+04
6.875000000000000000e+03
0.000000000000000000e+00
5.138500000000000000e+04
1.903700000000000000e+04
6.444200000000000000e+04
9.300400000000000000e+04
9.266800000000000000e+04
1.982000000000000000e+03
8.081070000000000000e+05
3.984000000000000000e+05
1.329360000000000000e+05
1.386100000000000000e+05
1.031510000000000000e+05
5.035000000000000000e+03
1.192610000000000000e+05
1.311680000000000000e+05
1.538700000000000000e+05
2.971460000000000000e+05
3.555230000000000000e+05
2.341400000000000000e+04
3.016039000000000000e+06
5.953670000000000000e+05
1.078850000000000000e+05
4.418800000000000000e+04
3.044600000000000000e+04
5.260000000000000000e+03
2.919500000000000000e+04
5.111200000000000000e+04
5.664000000000000000e+04
4.974600000000000000e+04
5.041500000000000000e+04
3.141000000000000000e+03
2.951832000000000000e+06
3.537550000000000000e+05
2.040320000000000000e+05
2.427880000000000000e+05
2.813830000000000000e+05
1.447100000000000000e+04
1.868470000000000000e+05
1.603650000000000000e+05
1.724480000000000000e+05
1.209870000000000000e+05
1.474680000000000000e+05
1.074300000000000000e+04
2.232317000000000000e+06
3.253780000000000000e+05
6.099500000000000000e+04
6.346300000000000000e+04
7.012600000000000000e+04
4.526000000000000000e+03
6.137100000000000000e+04
4.246300000000000000e+04
3.456500000000000000e+04
9.009100000000000000e+04
1.286450000000000000e+05
6.498000000000000000e+03
2.121299000000000000e+06
3.849460000000000000e+05
7.713400000000000000e+04
1.108550000000000000e+05
1.240470000000000000e+05
5.450000000000000000e+03
4.664200000000000000e+04
5.098400000000000000e+04
3.053800000000000000e+04
4.993300000000000000e+04
1.154670000000000000e+05
4.507000000000000000e+03
2.342237000000000000e+06
4.358580000000000000e+05
2.708080000000000000e+05
2.503360000000000000e+05
2.688150000000000000e+05
1.136100000000000000e+04
2.651690000000000000e+05
2.363850000000000000e+05
2.264080000000000000e+05
2.111380000000000000e+05
2.473120000000000000e+05
1.829900000000000000e+04
2.991748000000000000e+06
4.661340000000000000e+05
1.532490000000000000e+05
1.369260000000000000e+05
9.647700000000000000e+04
1.312700000000000000e+04
3.978100000000000000e+04
6.867600000000000000e+04
4.677600000000000000e+04
4.953800000000000000e+04
9.088600000000000000e+04
4.705000000000000000e+03
2.869983000000000000e+06
3.227440000000000000e+05
1.281480000000000000e+05
7.822400000000000000e+04
7.282900000000000000e+04
5.306000000000000000e+03
1.003010000000000000e+05
9.785500000000000000e+04
8.364100000000000000e+04
1.138460000000000000e+05
8.977300000000000000e+04
7.931000000000000000e+03
9.523320000000000000e+05
3.452060000000000000e+05
1.001320000000000000e+05
6.268400000000000000e+04
7.207400000000000000e+04
1.994000000000000000e+03
7.635800000000000000e+04
8.132500000000000000e+04
4.247900000000000000e+04
5.240900000000000000e+04
3.446900000000000000e+04
1.394900000000000000e+04
2.092796000000000000e+06
3.362480000000000000e+05
6.237100000000000000e+04
2.841800000000000000e+04
5.757200000000000000e+04
3.282000000000000000e+03
5.006000000000000000e+04
8.347300000000000000e+04
4.504500000000000000e+04
8.133000000000000000e+04
7.513600000000000000e+04
0.000000000000000000e+00
1.037174000000000000e+06
3.416670000000000000e+05
1.547990000000000000e+05
2.439150000000000000e+05
2.789340000000000000e+05
1.702600000000000000e+04
2.664710000000000000e+05
2.456910000000000000e+05
1.928190000000000000e+05
1.700350000000000000e+05
1.703820000000000000e+05
1.067800000000000000e+04
2.912746000000000000e+06
3.385640000000000000e+05
9.459600000000000000e+04
7.476900000000000000e+04
1.210160000000000000e+05
1.514500000000000000e+04
1.275400000000000000e+05
8.912500000000000000e+04
8.140300000000000000e+04
1.618240000000000000e+05
3.016530000000000000e+05
1.396700000000000000e+04
2.294704000000000000e+06
5.476390000000000000e+05
2.618010000000000000e+05
2.387160000000000000e+05
2.817600000000000000e+05
1.255100000000000000e+04
2.687840000000000000e+05
2.221680000000000000e+05
1.557680000000000000e+05
1.507070000000000000e+05
1.007470000000000000e+05
3.729100000000000000e+04
2.530548000000000000e+06
3.574770000000000000e+05
1.779490000000000000e+05
1.010350000000000000e+05
1.470380000000000000e+05
1.391300000000000000e+04
2.385290000000000000e+05
2.338800000000000000e+05
2.286200000000000000e+05
1.634850000000000000e+05
1.299310000000000000e+05
9.135000000000000000e+03
9.637800000000000000e+05
2.925470000000000000e+05
1.234370000000000000e+05
8.997800000000000000e+04
1.373220000000000000e+05
1.571100000000000000e+04
1.787630000000000000e+05
2.065940000000000000e+05
2.037060000000000000e+05
1.791190000000000000e+05
9.273700000000000000e+04
5.537000000000000000e+03
2.105443000000000000e+06
2.818540000000000000e+05
5.907400000000000000e+04
5.445600000000000000e+04
4.915100000000000000e+04
1.530000000000000000e+03
4.530800000000000000e+04
7.475700000000000000e+04
5.822000000000000000e+04
7.967300000000000000e+04
1.187760000000000000e+05
9.567000000000000000e+03
2.345796000000000000e+06
3.348970000000000000e+05
1.504900000000000000e+05
1.249070000000000000e+05
8.800600000000000000e+04
6.533000000000000000e+03
7.857300000000000000e+04
6.867400000000000000e+04
5.750100000000000000e+04
7.808400000000000000e+04
1.183200000000000000e+05
1.776500000000000000e+04
8.587390000000000000e+05
3.488380000000000000e+05
2.426340000000000000e+05
2.567110000000000000e+05
2.299070000000000000e+05
2.444200000000000000e+04
2.857470000000000000e+05
3.381900000000000000e+05
2.023470000000000000e+05
1.270910000000000000e+05
7.400300000000000000e+04
3.153000000000000000e+03
2.716323000000000000e+06
3.325870000000000000e+05
1.143950000000000000e+05
1.510410000000000000e+05
1.306520000000000000e+05
6.472000000000000000e+03
8.162800000000000000e+04
9.272700000000000000e+04
1.015170000000000000e+05
3.225200000000000000e+04
4.793100000000000000e+04
1.326500000000000000e+04
2.587763000000000000e+06
2.492750000000000000e+05
7.763500000000000000e+04
1.029600000000000000e+05
1.755620000000000000e+05
1.005000000000000000e+04
2.626430000000000000e+05
3.889630000000000000e+05
4.180620000000000000e+05
3.290560000000000000e+05
3.297320000000000000e+05
2.774600000000000000e+04
2.931168000000000000e+06
5.621870000000000000e+05
2.943440000000000000e+05
3.371850000000000000e+05
3.009740000000000000e+05
3.281100000000000000e+04
1.743510000000000000e+05
1.431770000000000000e+05
2.724430000000000000e+05
2.519050000000000000e+05
1.722530000000000000e+05
2.186000000000000000e+04
2.447785000000000000e+06
3.473820000000000000e+05
2.587450000000000000e+05
2.424090000000000000e+05
1.313440000000000000e+05
1.712100000000000000e+04
1.105130000000000000e+05
2.511130000000000000e+05
2.645280000000000000e+05
1.840620000000000000e+05
8.866500000000000000e+04
7.901000000000000000e+03
2.179292000000000000e+06
3.541870000000000000e+05
1.676370000000000000e+05
9.553600000000000000e+04
5.179600000000000000e+04
0.000000000000000000e+00
1.018200000000000000e+05
1.334360000000000000e+05
1.737880000000000000e+05
1.392100000000000000e+05
5.557900000000000000e+04
1.269900000000000000e+04
2.407734000000000000e+06
3.555890000000000000e+05
1.248370000000000000e+05
1.372290000000000000e+05
1.079160000000000000e+05
1.043200000000000000e+04
7.469500000000000000e+04
9.520000000000000000e+04
1.177670000000000000e+05
2.001620000000000000e+05
1.737570000000000000e+05
2.084800000000000000e+04
2.430019000000000000e+06
4.703370000000000000e+05
2.454260000000000000e+05
1.692290000000000000e+05
1.664680000000000000e+05
2.148700000000000000e+04
1.632420000000000000e+05
1.652230000000000000e+05
2.536910000000000000e+05
1.426540000000000000e+05
1.117350000000000000e+05
8.952000000000000000e+03
1.034420000000000000e+06
4.673880000000000000e+05
9.001900000000000000e+04
7.178400000000000000e+04
8.589800000000000000e+04
7.685000000000000000e+03
1.344610000000000000e+05
1.701490000000000000e+05
1.922030000000000000e+05
1.006090000000000000e+05
4.907000000000000000e+04
2.747000000000000000e+03
2.369336000000000000e+06
3.362280000000000000e+05
8.702000000000000000e+04
9.178300000000000000e+04
6.543300000000000000e+04
3.636000000000000000e+03
1.095640000000000000e+05
1.335680000000000000e+05
1.085000000000000000e+05
1.182940000000000000e+05
1.458560000000000000e+05
2.690000000000000000e+03
9.216140000000000000e+05
3.383480000000000000e+05
1.593070000000000000e+05
1.273590000000000000e+05
1.127890000000000000e+05
1.654700000000000000e+04
1.198370000000000000e+05
1.189090000000000000e+05
1.827290000000000000e+05
2.040270000000000000e+05
2.360560000000000000e+05
1.715600000000000000e+04
2.506906000000000000e+06
4.462560000000000000e+05
1.895480000000000000e+05
1.404590000000000000e+05
2.054450000000000000e+05
2.373600000000000000e+04
1.645160000000000000e+05
1.533030000000000000e+05
1.410320000000000000e+05
1.409630000000000000e+05
1.865180000000000000e+05
1.914700000000000000e+04
9.777330000000000000e+05
5.471160000000000000e+05
2.675280000000000000e+05
2.339970000000000000e+05
2.346080000000000000e+05
8.533000000000000000e+03
2.983240000000000000e+05
2.258620000000000000e+05
1.833050000000000000e+05
2.280970000000000000e+05
3.104340000000000000e+05
2.964200000000000000e+04
2.269776000000000000e+06
3.901460000000000000e+05
1.525420000000000000e+05
8.621200000000000000e+04
6.603500000000000000e+04
1.685400000000000000e+04
6.732100000000000000e+04
6.441200000000000000e+04
7.309800000000000000e+04
5.812900000000000000e+04
6.181400000000000000e+04
1.056000000000000000e+04
2.704102000000000000e+06
3.142070000000000000e+05
8.905300000000000000e+04
7.041000000000000000e+04
6.054700000000000000e+04
3.329000000000000000e+03
7.582900000000000000e+04
7.967600000000000000e+04
6.912000000000000000e+04
1.069060000000000000e+05
1.453030000000000000e+05
7.130000000000000000e+03
8.403110000000000000e+05
3.758890000000000000e+05
1.945870000000000000e+05
1.550450000000000000e+05
1.485470000000000000e+05
7.979000000000000000e+03
9.446000000000000000e+04
1.129870000000000000e+05
7.714800000000000000e+04
8.599700000000000000e+04
9.381500000000000000e+04
8.626000000000000000e+03
2.015731000000000000e+06
3.809810000000000000e+05
2.759330000000000000e+05
3.537770000000000000e+05
3.001730000000000000e+05
2.369800000000000000e+04
2.084030000000000000e+05
1.963860000000000000e+05
2.061140000000000000e+05
2.601640000000000000e+05
3.054070000000000000e+05
1.893500000000000000e+04
2.564286000000000000e+06
3.261670000000000000e+05
1.474730000000000000e+05
3.601870000000000000e+05
4.512940000000000000e+05
6.246500000000000000e+04
4.982260000000000000e+05
5.092120000000000000e+05
4.308830000000000000e+05
3.552790000000000000e+05
2.626440000000000000e+05
2.825900000000000000e+04
2.762940000000000000e+06
3.910190000000000000e+05
1.917580000000000000e+05
1.970780000000000000e+05
1.474600000000000000e+05
2.569500000000000000e+04
9.064400000000000000e+04
9.304700000000000000e+04
5.236800000000000000e+04
6.537600000000000000e+04
5.965900000000000000e+04
1.711000000000000000e+04
2.790585000000000000e+06
2.849730000000000000e+05
1.157050000000000000e+05
7.921500000000000000e+04
7.594800000000000000e+04
1.734000000000000000e+03
6.547500000000000000e+04
6.794100000000000000e+04
4.027600000000000000e+04
6.256400000000000000e+04
4.432800000000000000e+04
1.014600000000000000e+04
7.712730000000000000e+05
3.381050000000000000e+05
1.635670000000000000e+05
1.909080000000000000e+05
1.502210000000000000e+05
6.211000000000000000e+03
1.956800000000000000e+05
2.827840000000000000e+05
2.002890000000000000e+05
2.157910000000000000e+05
2.012860000000000000e+05
1.486800000000000000e+04
2.629882000000000000e+06
5.347560000000000000e+05
2.473090000000000000e+05
2.254110000000000000e+05
1.929250000000000000e+05
1.214500000000000000e+04
1.354630000000000000e+05
1.423570000000000000e+05
1.521520000000000000e+05
9.269000000000000000e+04
5.349900000000000000e+04
1.624100000000000000e+04
2.457866000000000000e+06
2.973520000000000000e+05
1.973960000000000000e+05
1.906910000000000000e+05
2.094070000000000000e+05
1.878200000000000000e+04
1.835180000000000000e+05
1.740770000000000000e+05
1.021570000000000000e+05
8.858800000000000000e+04
1.119400000000000000e+05
7.123000000000000000e+03
9.169730000000000000e+05
3.052450000000000000e+05
1.242280000000000000e+05
8.865300000000000000e+04
9.303800000000000000e+04
1.001000000000000000e+04
1.029500000000000000e+05
1.323250000000000000e+05
1.525970000000000000e+05
1.902710000000000000e+05
2.025360000000000000e+05
8.616000000000000000e+03
2.496244000000000000e+06
4.269530000000000000e+05
2.221940000000000000e+05
2.625870000000000000e+05
2.427730000000000000e+05
2.891100000000000000e+04
2.368730000000000000e+05
2.317950000000000000e+05
2.766370000000000000e+05
2.484030000000000000e+05
2.772510000000000000e+05
2.588700000000000000e+04
1.057094000000000000e+06
4.494440000000000000e+05
1.954830000000000000e+05
1.978900000000000000e+05
2.184160000000000000e+05
1.351200000000000000e+04
1.863650000000000000e+05
2.536230000000000000e+05
2.381430000000000000e+05
2.064150000000000000e+05
1.397960000000000000e+05
1.342200000000000000e+04
1.098898000000000000e+06
2.979070000000000000e+05
4.858500000000000000e+04
4.470600000000000000e+04
4.667800000000000000e+04
1.131000000000000000e+04
7.082500000000000000e+04
8.291000000000000000e+04
7.891700000000000000e+04
7.675800000000000000e+04
6.246100000000000000e+04
8.775000000000000000e+03
2.689312000000000000e+06
2.493120000000000000e+05
6.063200000000000000e+04
1.422400000000000000e+05
5.184500000000000000e+04
2.308000000000000000e+03
1.376080000000000000e+05
1.737470000000000000e+05
1.720100000000000000e+05
1.924880000000000000e+05
1.727790000000000000e+05
9.027000000000000000e+03
2.488450000000000000e+06
3.580870000000000000e+05
1.765040000000000000e+05
1.675000000000000000e+05
1.727870000000000000e+05
1.024900000000000000e+04
2.889660000000000000e+05
3.675090000000000000e+05
4.378150000000000000e+05
4.227810000000000000e+05
3.766810000000000000e+05
3.135200000000000000e+04
2.881750000000000000e+06
4.569290000000000000e+05
7.681200000000000000e+04
4.006700000000000000e+04
1.076240000000000000e+05
7.717000000000000000e+03
1.784340000000000000e+05
1.648510000000000000e+05
2.137740000000000000e+05
2.169220000000000000e+05
1.907110000000000000e+05
1.019400000000000000e+04
2.720999000000000000e+06
4.261530000000000000e+05
1.672770000000000000e+05
1.670860000000000000e+05
9.410300000000000000e+04
1.714800000000000000e+04
9.665500000000000000e+04
9.714000000000000000e+04
1.135850000000000000e+05
7.300900000000000000e+04
1.051070000000000000e+05
2.006500000000000000e+04
2.016445000000000000e+06
2.974120000000000000e+05
7.350500000000000000e+04
7.316000000000000000e+04
4.670100000000000000e+04
7.618000000000000000e+03
3.292600000000000000e+04
4.701300000000000000e+04
1.016710000000000000e+05
1.548180000000000000e+05
1.286250000000000000e+05
3.765000000000000000e+03
8.308960000000000000e+05
3.117780000000000000e+05
1.316820000000000000e+05
1.330040000000000000e+05
7.850000000000000000e+04
3.866000000000000000e+03
9.486900000000000000e+04
8.850900000000000000e+04
9.670200000000000000e+04
1.179220000000000000e+05
1.377530000000000000e+05
2.354000000000000000e+03
1.955791000000000000e+06
3.684660000000000000e+05
1.275340000000000000e+05
1.003970000000000000e+05
1.153990000000000000e+05
1.170000000000000000e+04
1.090560000000000000e+05
1.925040000000000000e+05
2.279790000000000000e+05
2.548520000000000000e+05
1.807460000000000000e+05
1.547500000000000000e+04
2.448936000000000000e+06
3.262630000000000000e+05
6.636700000000000000e+04
1.048650000000000000e+05
1.079920000000000000e+05
9.156000000000000000e+03
1.360800000000000000e+05
1.301880000000000000e+05
1.186450000000000000e+05
8.876600000000000000e+04
8.106400000000000000e+04
1.232600000000000000e+04
2.580341000000000000e+06
2.726500000000000000e+05
7.588200000000000000e+04
9.607600000000000000e+04
1.102270000000000000e+05
1.264300000000000000e+04
6.465000000000000000e+04
1.083830000000000000e+05
9.002900000000000000e+04
7.858000000000000000e+04
3.209700000000000000e+04
0.000000000000000000e+00
9.553300000000000000e+05
2.847820000000000000e+05
4.423000000000000000e+04
2.810400000000000000e+04
2.716400000000000000e+04
0.000000000000000000e+00
3.204800000000000000e+04
5.550900000000000000e+04
5.798900000000000000e+04
8.486500000000000000e+04
1.675670000000000000e+05
1.381200000000000000e+04
2.290447000000000000e+06
4.739700000000000000e+05
2.684340000000000000e+05
2.109140000000000000e+05
1.731980000000000000e+05
1.219600000000000000e+04
1.453420000000000000e+05
1.990720000000000000e+05
2.224580000000000000e+05
2.034590000000000000e+05
1.218560000000000000e+05
1.153800000000000000e+04
2.442083000000000000e+06
3.099040000000000000e+05
1.562880000000000000e+05
1.941220000000000000e+05
2.051930000000000000e+05
2.472700000000000000e+04
1.476860000000000000e+05
2.010220000000000000e+05
2.084480000000000000e+05
3.216380000000000000e+05
2.733430000000000000e+05
1.901400000000000000e+04
8.334140000000000000e+05
2.617110000000000000e+05
5.961300000000000000e+04
1.759640000000000000e+05
3.273610000000000000e+05
2.841200000000000000e+04
3.469680000000000000e+05
1.887600000000000000e+05
1.672380000000000000e+05
2.686680000000000000e+05
3.279710000000000000e+05
2.960300000000000000e+04
2.499099000000000000e+06
5.670790000000000000e+05
2.027710000000000000e+05
1.082720000000000000e+05
1.700990000000000000e+05
1.831500000000000000e+04
2.490130000000000000e+05
3.693890000000000000e+05
3.585620000000000000e+05
2.420420000000000000e+05
1.628400000000000000e+05
9.753000000000000000e+03
1.013255000000000000e+06
3.790720000000000000e+05
7.559000000000000000e+04
3.671300000000000000e+04
2.242900000000000000e+04
1.806000000000000000e+03
3.977100000000000000e+04
6.126100000000000000e+04
4.387100000000000000e+04
3.327800000000000000e+04
4.530500000000000000e+04
1.710800000000000000e+04
2.585907000000000000e+06
2.309440000000000000e+05
3.466400000000000000e+04
1.358300000000000000e+04
1.906200000000000000e+04
0.000000000000000000e+00
3.889400000000000000e+04
2.482100000000000000e+04
2.223800000000000000e+04
2.275500000000000000e+04
3.012800000000000000e+04
1.365400000000000000e+04
1.752937000000000000e+06
2.100540000000000000e+05
2.525000000000000000e+04
3.497000000000000000e+03
1.394400000000000000e+04
4.930000000000000000e+02
1.939700000000000000e+04
4.258200000000000000e+04
7.853600000000000000e+04
1.121800000000000000e+05
1.848840000000000000e+05
1.234600000000000000e+04
2.377836000000000000e+06
3.692780000000000000e+05
1.731590000000000000e+05
1.330700000000000000e+05
1.716090000000000000e+05
1.757900000000000000e+04
1.550380000000000000e+05
1.756540000000000000e+05
1.482160000000000000e+05
1.534260000000000000e+05
1.485860000000000000e+05
7.348000000000000000e+03
2.650277000000000000e+06
3.921910000000000000e+05
9.980200000000000000e+04
9.993300000000000000e+04
1.498230000000000000e+05
1.108700000000000000e+04
1.952550000000000000e+05
2.278720000000000000e+05
1.950320000000000000e+05
5.578100000000000000e+04
4.984000000000000000e+04
2.578100000000000000e+04
2.401494000000000000e+06
3.521490000000000000e+05
7.607800000000000000e+04
1.054020000000000000e+05
1.039210000000000000e+05
6.067000000000000000e+03
1.080780000000000000e+05
2.029670000000000000e+05
3.057790000000000000e+05
3.861340000000000000e+05
3.277150000000000000e+05
2.296500000000000000e+04
2.707880000000000000e+06
3.075580000000000000e+05
1.359290000000000000e+05
1.803930000000000000e+05
2.146600000000000000e+05
1.406500000000000000e+04
1.492670000000000000e+05
1.317820000000000000e+05
1.138630000000000000e+05
1.081880000000000000e+05
9.162100000000000000e+04
2.701000000000000000e+03
2.666034000000000000e+06
2.819620000000000000e+05
1.148560000000000000e+05
7.215700000000000000e+04
1.282870000000000000e+05
5.889000000000000000e+03
1.299260000000000000e+05
1.146910000000000000e+05
1.627870000000000000e+05
2.147240000000000000e+05
2.553660000000000000e+05
1.444000000000000000e+04
2.559490000000000000e+06
5.301360000000000000e+05
2.125790000000000000e+05
2.144470000000000000e+05
2.571820000000000000e+05
1.425800000000000000e+04
2.738130000000000000e+05
2.648960000000000000e+05
2.935290000000000000e+05
2.955560000000000000e+05
2.436880000000000000e+05
1.440900000000000000e+04
2.907865000000000000e+06
5.053070000000000000e+05
2.286710000000000000e+05
1.282020000000000000e+05
1.127620000000000000e+05
6.684000000000000000e+03
7.577500000000000000e+04
7.752800000000000000e+04
5.224600000000000000e+04
5.125600000000000000e+04
6.485900000000000000e+04
1.530700000000000000e+04
2.864825000000000000e+06
2.519290000000000000e+05
2.994600000000000000e+04
3.983300000000000000e+04
4.021800000000000000e+04
2.424000000000000000e+03
2.504500000000000000e+04
3.140600000000000000e+04
3.697200000000000000e+04
1.889800000000000000e+04
2.808300000000000000e+04
3.724000000000000000e+03
7.769250000000000000e+05
0.000000000000000000e+00
0.000000000000000000e+00
0.000000000000000000e+00
0.000000000000000000e+00
0.000000000000000000e+00
0.000000000000000000e+00
0.000000000000000000e+00
0.000000000000000000e+00
0.000000000000000000e+00
6.307000000000000000e+03
0.000000000000000000e+00
2.989908000000000000e+06
4.419920000000000000e+05
3.325440000000000000e+05
4.426110000000000000e+05
3.344060000000000000e+05
2.936500000000000000e+04
2.509300000000000000e+05
2.638320000000000000e+05
0.000000000000000000e+00
0.000000000000000000e+00
0.000000000000000000e+00
0.000000000000000000e+00
0.000000000000000000e+00
0.000000000000000000e+00
0.000000000000000000e+00
0.000000000000000000e+00
0.000000000000000000e+00
0.000000000000000000e+00
0.000000000000000000e+00
0.000000000000000000e+00
0.000000000000000000e+00
0.000000000000000000e+00
0.000000000000000000e+00
0.000000000000000000e+00
3.840480000000000000e+05
0.000000000000000000e+00
1.280110000000000000e+05
8.298000000000000000e+04
1.222620000000000000e+05
2.045300000000000000e+04
2.088720000000000000e+05
2.186370000000000000e+05
1.474190000000000000e+05
2.175120000000000000e+05
1.868980000000000000e+05
1.097300000000000000e+04
2.039469000000000000e+06
4.606780000000000000e+05
1.943100000000000000e+05
1.274870000000000000e+05
7.730700000000000000e+04
4.995000000000000000e+03
9.174100000000000000e+04
1.017500000000000000e+05
4.794700000000000000e+04
6.512600000000000000e+04
9.108500000000000000e+04
6.133000000000000000e+03
2.588865000000000000e+06
3.977870000000000000e+05
1.699190000000000000e+05
1.070930000000000000e+05
1.140870000000000000e+05
1.698100000000000000e+04
1.106990000000000000e+05
1.205190000000000000e+05
1.485850000000000000e+05
1.561770000000000000e+05
1.799550000000000000e+05
2.865000000000000000e+03
2.626832000000000000e+06
4.591140000000000000e+05
1.575120000000000000e+05
2.030810000000000000e+05
1.558040000000000000e+05
6.331000000000000000e+03
1.624200000000000000e+05
1.375020000000000000e+05
1.392710000000000000e+05
1.128400000000000000e+05
1.133270000000000000e+05
3.591000000000000000e+03
1.068873000000000000e+06
3.838180000000000000e+05
1.137210000000000000e+05
1.514370000000000000e+05
2.066040000000000000e+05
1.437200000000000000e+04
2.070920000000000000e+05
1.957520000000000000e+05
1.937550000000000000e+05
1.953870000000000000e+05
1.230430000000000000e+05
8.794000000000000000e+03
9.220850000000000000e+05
4.051590000000000000e+05
1.399590000000000000e+05
9.882300000000000000e+04
4.008400000000000000e+04
1.355500000000000000e+04
1.124560000000000000e+05
1.521890000000000000e+05
1.483860000000000000e+05
1.686750000000000000e+05
1.857540000000000000e+05
1.833100000000000000e+04
2.433618000000000000e+06
4.335570000000000000e+05
2.425650000000000000e+05
2.379250000000000000e+05
2.391530000000000000e+05
1.834000000000000000e+04
2.430900000000000000e+05
2.397920000000000000e+05
1.799030000000000000e+05
1.440070000000000000e+05
1.038000000000000000e+05
2.423000000000000000e+04
2.503590000000000000e+06
4.066250000000000000e+05
1.475330000000000000e+05
1.093000000000000000e+05
1.337880000000000000e+05
7.138000000000000000e+03
1.008850000000000000e+05
8.600200000000000000e+04
7.132600000000000000e+04
6.896800000000000000e+04
6.149900000000000000e+04
1.095200000000000000e+04
2.555154000000000000e+06
3.301470000000000000e+05
1.399190000000000000e+05
1.738980000000000000e+05
1.983940000000000000e+05
1.218000000000000000e+04
2.168730000000000000e+05
2.291680000000000000e+05
2.077270000000000000e+05
2.096160000000000000e+05
1.806380000000000000e+05
2.666300000000000000e+04
2.623754000000000000e+06
4.112210000000000000e+05
1.296770000000000000e+05
1.200870000000000000e+05
1.496340000000000000e+05
1.342200000000000000e+04
1.763220000000000000e+05
1.764150000000000000e+05
2.209150000000000000e+05
1.566610000000000000e+05
1.815790000000000000e+05
2.267800000000000000e+04
1.050134000000000000e+06
4.421440000000000000e+05
1.469900000000000000e+05
1.405180000000000000e+05
1.405300000000000000e+05
1.687600000000000000e+04
1.174870000000000000e+05
1.517050000000000000e+05
1.234330000000000000e+05
8.633800000000000000e+04
8.700100000000000000e+04
1.012000000000000000e+04
2.479335000000000000e+06
2.778390000000000000e+05
2.908100000000000000e+04
4.280500000000000000e+04
9.587500000000000000e+04
4.365000000000000000e+03
1.662690000000000000e+05
2.615370000000000000e+05
2.914630000000000000e+05
2.962870000000000000e+05
2.606480000000000000e+05
2.049200000000000000e+04
2.688510000000000000e+06
3.494840000000000000e+05
6.599500000000000000e+04
5.474900000000000000e+04
6.558800000000000000e+04
9.980000000000000000e+03
5.803500000000000000e+04
7.608600000000000000e+04
1.089770000000000000e+05
1.528040000000000000e+05
2.649700000000000000e+05
1.353100000000000000e+04
2.225488000000000000e+06
5.605410000000000000e+05
1.317890000000000000e+05
2.247000000000000000e+05
3.259990000000000000e+05
1.306700000000000000e+04
2.794200000000000000e+05
2.471320000000000000e+05
1.431740000000000000e+05
2.659010000000000000e+05
1.299010000000000000e+05
7.680000000000000000e+02
1.070704000000000000e+06
3.948770000000000000e+05
2.155890000000000000e+05
1.816280000000000000e+05
1.178860000000000000e+05
1.236400000000000000e+04
9.129000000000000000e+04
1.435360000000000000e+05
1.422550000000000000e+05
2.061230000000000000e+05
1.675670000000000000e+05
9.324000000000000000e+03
9.695950000000000000e+05
3.799810000000000000e+05
1.483110000000000000e+05
1.290560000000000000e+05
1.036690000000000000e+05
1.933800000000000000e+04
1.938060000000000000e+05
1.755110000000000000e+05
1.348270000000000000e+05
9.981900000000000000e+04
7.008700000000000000e+04
8.369000000000000000e+03
2.463965000000000000e+06
5.054110000000000000e+05
3.194460000000000000e+05
2.425820000000000000e+05
8.671100000000000000e+04
6.961000000000000000e+03
1.459880000000000000e+05
2.330500000000000000e+05
1.550020000000000000e+05
1.089160000000000000e+05
6.179500000000000000e+04
1.095300000000000000e+04
9.685310000000000000e+05
4.572160000000000000e+05
2.457990000000000000e+05
1.192360000000000000e+05
6.467200000000000000e+04
2.753000000000000000e+03
1.188760000000000000e+05
1.077860000000000000e+05
2.732500000000000000e+04
2.840600000000000000e+04
5.537000000000000000e+03
1.723400000000000000e+04
1.975525000000000000e+06
2.635450000000000000e+05
2.765200000000000000e+04
3.247600000000000000e+04
3.318300000000000000e+04
1.366400000000000000e+04
1.388700000000000000e+04
2.386600000000000000e+04
6.185000000000000000e+03
3.540300000000000000e+04
1.109800000000000000e+04
1.000000000000000000e+03
2.077783000000000000e+06
2.309330000000000000e+05
2.943900000000000000e+04
1.628100000000000000e+04
2.353800000000000000e+04
2.175000000000000000e+03
2.290700000000000000e+04
6.065000000000000000e+04
5.566700000000000000e+04
3.836900000000000000e+04
2.707800000000000000e+04
0.000000000000000000e+00
6.889640000000000000e+05
2.090560000000000000e+05
1.741800000000000000e+04
1.009700000000000000e+04
1.138900000000000000e+04
0.000000000000000000e+00
2.860900000000000000e+04
1.753000000000000000e+04
3.889500000000000000e+04
5.719000000000000000e+04
8.442300000000000000e+04
8.884000000000000000e+03
2.186963000000000000e+06
4.563550000000000000e+05
2.550820000000000000e+05
3.128100000000000000e+05
3.098980000000000000e+05
1.938900000000000000e+04
3.174230000000000000e+05
2.790790000000000000e+05
2.331610000000000000e+05
2.590530000000000000e+05
2.892650000000000000e+05
2.673300000000000000e+04
2.930769000000000000e+06
6.393140000000000000e+05
4.834970000000000000e+05
3.086880000000000000e+05
1.764630000000000000e+05
5.006000000000000000e+03
1.237190000000000000e+05
1.046160000000000000e+05
8.060600000000000000e+04
8.322700000000000000e+04
1.242860000000000000e+05
7.809000000000000000e+03
2.228365000000000000e+06
4.534100000000000000e+05
2.536300000000000000e+05
2.858340000000000000e+05
2.999770000000000000e+05
1.362300000000000000e+04
2.796590000000000000e+05
1.976580000000000000e+05
1.491350000000000000e+05
8.583700000000000000e+04
9.694000000000000000e+04
1.536500000000000000e+04
1.089730000000000000e+06
3.465770000000000000e+05
1.488210000000000000e+05
1.214950000000000000e+05
7.737700000000000000e+04
7.774000000000000000e+03
1.031570000000000000e+05
1.197240000000000000e+05
1.619470000000000000e+05
2.125330000000000000e+05
2.141910000000000000e+05
2.471200000000000000e+04
2.289923000000000000e+06
3.837770000000000000e+05
1.830740000000000000e+05
1.806670000000000000e+05
1.787370000000000000e+05
2.947200000000000000e+04
2.067700000000000000e+05
2.139850000000000000e+05
1.971690000000000000e+05
1.630370000000000000e+05
2.285690000000000000e+05
1.349800000000000000e+04
9.167810000000000000e+05
4.143660000000000000e+05
1.319410000000000000e+05
2.033020000000000000e+05
1.843570000000000000e+05
1.201400000000000000e+04
2.021230000000000000e+05
1.638850000000000000e+05
1.616130000000000000e+05
1.499200000000000000e+05
1.606630000000000000e+05
1.261700000000000000e+04
9.917390000000000000e+05
4.295190000000000000e+05
2.203150000000000000e+05
1.982340000000000000e+05
1.809660000000000000e+05
2.189900000000000000e+04
2.139340000000000000e+05
1.668210000000000000e+05
9.194700000000000000e+04
7.155400000000000000e+04
7.701500000000000000e+04
5.588000000000000000e+03
2.576703000000000000e+06
2.289550000000000000e+05
5.749900000000000000e+04
6.812800000000000000e+04
7.088500000000000000e+04
4.891000000000000000e+03
5.550000000000000000e+04
1.477800000000000000e+05
1.755780000000000000e+05
1.923190000000000000e+05
1.696240000000000000e+05
1.561600000000000000e+04
2.391823000000000000e+06
3.742690000000000000e+05
7.074100000000000000e+04
3.113300000000000000e+04
2.463200000000000000e+04
5.894000000000000000e+03
2.516100000000000000e+04
2.984500000000000000e+04
3.721400000000000000e+04
6.636600000000000000e+04
6.661500000000000000e+04
4.107000000000000000e+03
2.508319000000000000e+06
3.170790000000000000e+05
1.053940000000000000e+05
5.952400000000000000e+04
4.459600000000000000e+04
4.546000000000000000e+03
5.787100000000000000e+04
3.931800000000000000e+04
3.956100000000000000e+04
5.218400000000000000e+04
7.006300000000000000e+04
2.495000000000000000e+03
9.592530000000000000e+05
2.620380000000000000e+05
8.797900000000000000e+04
5.099200000000000000e+04
8.468500000000000000e+04
4.090000000000000000e+03
7.778000000000000000e+04
8.999300000000000000e+04
8.454300000000000000e+04
1.401330000000000000e+05
3.313150000000000000e+05
1.665300000000000000e+04
2.656098000000000000e+06
4.312200000000000000e+05
3.435900000000000000e+05
4.463490000000000000e+05
4.658790000000000000e+05
4.351500000000000000e+04
3.673810000000000000e+05
3.790830000000000000e+05
3.109810000000000000e+05
2.149220000000000000e+05
1.629800000000000000e+05
3.244800000000000000e+04
2.918847000000000000e+06
3.999080000000000000e+05
1.228380000000000000e+05
1.097690000000000000e+05
1.101550000000000000e+05
2.484000000000000000e+03
1.453410000000000000e+05
1.437450000000000000e+05
1.208630000000000000e+05
1.718010000000000000e+05
1.557580000000000000e+05
1.633100000000000000e+04
2.687697000000000000e+06
3.429530000000000000e+05
1.221020000000000000e+05
1.102150000000000000e+05
1.287390000000000000e+05
5.774000000000000000e+03
1.028850000000000000e+05
1.157500000000000000e+05
7.873300000000000000e+04
1.461790000000000000e+05
1.233990000000000000e+05
6.140000000000000000e+03
2.673805000000000000e+06
3.497440000000000000e+05
1.614980000000000000e+05
1.471060000000000000e+05
1.673200000000000000e+05
2.437100000000000000e+04
1.834330000000000000e+05
1.585330000000000000e+05
1.463030000000000000e+05
1.074050000000000000e+05
9.958000000000000000e+04
7.705000000000000000e+03
2.371634000000000000e+06
4.297360000000000000e+05
9.404900000000000000e+04
1.117220000000000000e+05
8.556700000000000000e+04
4.724000000000000000e+03
5.407200000000000000e+04
6.256300000000000000e+04
4.576200000000000000e+04
5.575600000000000000e+04
5.926300000000000000e+04
3.923000000000000000e+03
2.328630000000000000e+06
3.306160000000000000e+05
8.730800000000000000e+04
1.371880000000000000e+05
1.133800000000000000e+05
1.463000000000000000e+04
1.269780000000000000e+05
1.229880000000000000e+05
9.545900000000000000e+04
1.273240000000000000e+05
1.428160000000000000e+05
6.260000000000000000e+03
2.457382000000000000e+06
4.573560000000000000e+05
1.375590000000000000e+05
1.068790000000000000e+05
1.378310000000000000e+05
9.272000000000000000e+03
1.273020000000000000e+05
1.247000000000000000e+05
1.040970000000000000e+05
8.964300000000000000e+04
9.461000000000000000e+04
6.612000000000000000e+03
2.358719000000000000e+06
2.474910000000000000e+05
1.005290000000000000e+05
8.810500000000000000e+04
7.887500000000000000e+04
1.348000000000000000e+03
1.468750000000000000e+05
1.375700000000000000e+05
1.819090000000000000e+05
1.549920000000000000e+05
1.488610000000000000e+05
6.035000000000000000e+03
2.412207000000000000e+06
4.130900000000000000e+05
1.110650000000000000e+05
1.416720000000000000e+05
1.664400000000000000e+05
1.083900000000000000e+04
1.477690000000000000e+05
1.214650000000000000e+05
8.310500000000000000e+04
1.099570000000000000e+05
8.256400000000000000e+04
6.647000000000000000e+03
1.006009000000000000e+06
3.193040000000000000e+05
9.774700000000000000e+04
6.647500000000000000e+04
6.648000000000000000e+04
1.372800000000000000e+04
6.173700000000000000e+04
7.122900000000000000e+04
1.056750000000000000e+05
8.871100000000000000e+04
8.228000000000000000e+04
3.860000000000000000e+03
2.322757000000000000e+06
3.098830000000000000e+05
6.466300000000000000e+04
8.466900000000000000e+04
7.258600000000000000e+04
0.000000000000000000e+00
5.097600000000000000e+04
6.853000000000000000e+04
6.590900000000000000e+04
4.979100000000000000e+04
7.630000000000000000e+04
1.001800000000000000e+04
2.003798000000000000e+06
2.543260000000000000e+05
3.117900000000000000e+04
3.636800000000000000e+04
1.136600000000000000e+04
5.120000000000000000e+02
2.450900000000000000e+04
3.805100000000000000e+04
7.190000000000000000e+03
5.596000000000000000e+03
2.005100000000000000e+04
5.836000000000000000e+03
2.117687000000000000e+06
1.868100000000000000e+05
8.041800000000000000e+04
1.817830000000000000e+05
2.171040000000000000e+05
2.014500000000000000e+04
2.762450000000000000e+05
3.407390000000000000e+05
3.675370000000000000e+05
4.192930000000000000e+05
4.120910000000000000e+05
4.041000000000000000e+04
3.242697000000000000e+06
7.056820000000000000e+05
4.891280000000000000e+05
5.926540000000000000e+05
7.400690000000000000e+05
5.481300000000000000e+04
6.572670000000000000e+05
1.861990000000000000e+05
4.034940000000000000e+05
6.673350000000000000e+05
7.344510000000000000e+05
5.555800000000000000e+04
1.427087000000000000e+06
8.786290000000000000e+05
5.255570000000000000e+05
4.481630000000000000e+05
4.222800000000000000e+05
3.902000000000000000e+04
3.387530000000000000e+05
3.103840000000000000e+05
1.982100000000000000e+05
1.125880000000000000e+05
1.067840000000000000e+05
1.948400000000000000e+04
2.743619000000000000e+06
3.417010000000000000e+05
1.461320000000000000e+05
1.739890000000000000e+05
1.676740000000000000e+05
1.900100000000000000e+04
1.735030000000000000e+05
1.983380000000000000e+05
2.260050000000000000e+05
2.076460000000000000e+05
1.839230000000000000e+05
8.709000000000000000e+03
9.180880000000000000e+05
4.551960000000000000e+05
2.633630000000000000e+05
1.578770000000000000e+05
1.252630000000000000e+05
2.514900000000000000e+04
1.282700000000000000e+05
1.199780000000000000e+05
1.116930000000000000e+05
9.065700000000000000e+04
1.487050000000000000e+05
1.829700000000000000e+04
2.224198000000000000e+06
5.903490000000000000e+05
4.164280000000000000e+05
4.702810000000000000e+05
3.959390000000000000e+05
2.127600000000000000e+04
3.237470000000000000e+05
3.457490000000000000e+05
3.138880000000000000e+05
2.204690000000000000e+05
1.272630000000000000e+05
3.440900000000000000e+04
2.975637000000000000e+06
3.925750000000000000e+05
1.080590000000000000e+05
1.481480000000000000e+05
1.724600000000000000e+05
2.465700000000000000e+04
9.172400000000000000e+04
1.934720000000000000e+05
1.063140000000000000e+05
1.196310000000000000e+05
1.001600000000000000e+05
4.124000000000000000e+03
2.802686000000000000e+06
3.578620000000000000e+05
8.603100000000000000e+04
7.850700000000000000e+04
9.479200000000000000e+04
1.867000000000000000e+03
1.628960000000000000e+05
2.296040000000000000e+05
2.534400000000000000e+05
2.880610000000000000e+05
3.048760000000000000e+05
2.802900000000000000e+04
2.772927000000000000e+06
4.721820000000000000e+05
1.838920000000000000e+05
1.284760000000000000e+05
1.788090000000000000e+05
1.920100000000000000e+04
2.141050000000000000e+05
2.308570000000000000e+05
1.607790000000000000e+05
2.016740000000000000e+05
1.166370000000000000e+05
1.058500000000000000e+04
2.475224000000000000e+06
3.387360000000000000e+05
7.623900000000000000e+04
8.921100000000000000e+04
1.004000000000000000e+05
2.223000000000000000e+03
9.265300000000000000e+04
9.195500000000000000e+04
7.068600000000000000e+04
7.135300000000000000e+04
7.372500000000000000e+04
1.556900000000000000e+04
2.569484000000000000e+06
3.044920000000000000e+05
9.484300000000000000e+04
7.543600000000000000e+04
7.531200000000000000e+04
1.240200000000000000e+04
9.036300000000000000e+04
6.284400000000000000e+04
2.024370000000000000e+05
2.204750000000000000e+05
2.281990000000000000e+05
1.572100000000000000e+04
2.430905000000000000e+06
4.931800000000000000e+05
2.309110000000000000e+05
1.599750000000000000e+05
2.138390000000000000e+05
2.217700000000000000e+04
1.732310000000000000e+05
3.080640000000000000e+05
3.613400000000000000e+05
3.142330000000000000e+05
1.999860000000000000e+05
3.449200000000000000e+04
2.729182000000000000e+06
3.834670000000000000e+05
1.542220000000000000e+05
1.803960000000000000e+05
1.166120000000000000e+05
1.777000000000000000e+03
1.275380000000000000e+05
8.647300000000000000e+04
1.179640000000000000e+05
1.055040000000000000e+05
7.593100000000000000e+04
1.837900000000000000e+04
2.666236000000000000e+06
3.834120000000000000e+05
9.064100000000000000e+04
6.694400000000000000e+04
5.008600000000000000e+04
5.472000000000000000e+03
6.334800000000000000e+04
1.024520000000000000e+05
1.495340000000000000e+05
1.682520000000000000e+05
1.970290000000000000e+05
2.106600000000000000e+04
2.259406000000000000e+06
4.153450000000000000e+05
1.604740000000000000e+05
1.818110000000000000e+05
2.490820000000000000e+05
5.405000000000000000e+03
3.161370000000000000e+05
4.508320000000000000e+05
4.724470000000000000e+05
3.633020000000000000e+05
2.444260000000000000e+05
3.027700000000000000e+04
2.577229000000000000e+06
4.583020000000000000e+05
2.470190000000000000e+05
2.515980000000000000e+05
1.941200000000000000e+05
8.811000000000000000e+03
1.398560000000000000e+05
1.053650000000000000e+05
5.908900000000000000e+04
5.975700000000000000e+04
5.240100000000000000e+04
1.354000000000000000e+04
2.698819000000000000e+06
2.849030000000000000e+05
8.181700000000000000e+04
1.063290000000000000e+05
1.053910000000000000e+05
8.879000000000000000e+03
1.646750000000000000e+05
1.995440000000000000e+05
2.748770000000000000e+05
3.553150000000000000e+05
4.361290000000000000e+05
4.812800000000000000e+04
2.891478000000000000e+06
5.650300000000000000e+05
2.553590000000000000e+05
1.424630000000000000e+05
9.156200000000000000e+04
1.287900000000000000e+04
1.048410000000000000e+05
5.429100000000000000e+04
8.372400000000000000e+04
6.720700000000000000e+04
7.929900000000000000e+04
1.059000000000000000e+03
2.693332000000000000e+06
2.997590000000000000e+05
1.320190000000000000e+05
1.117580000000000000e+05
1.231840000000000000e+05
1.229700000000000000e+04
1.041140000000000000e+05
6.076000000000000000e+04
3.772700000000000000e+04
4.901400000000000000e+04
7.242200000000000000e+04
1.654000000000000000e+03
6.889480000000000000e+05
2.478990000000000000e+05
3.544600000000000000e+04
5.592000000000000000e+04
3.403900000000000000e+04
0.000000000000000000e+00
3.334500000000000000e+04
3.055900000000000000e+04
3.581800000000000000e+04
3.066700000000000000e+04
4.118500000000000000e+04
0.000000000000000000e+00
1.848911000000000000e+06
2.963200000000000000e+05
3.207100000000000000e+04
5.744700000000000000e+04
6.589200000000000000e+04
7.045000000000000000e+03
9.108200000000000000e+04
7.776800000000000000e+04
9.135000000000000000e+04
2.147470000000000000e+05
3.350630000000000000e+05
1.580700000000000000e+04
2.882454000000000000e+06
5.325530000000000000e+05
3.517260000000000000e+05
4.121120000000000000e+05
5.140620000000000000e+05
5.641700000000000000e+04
4.537170000000000000e+05
3.719150000000000000e+05
2.990910000000000000e+05
2.121690000000000000e+05
1.453370000000000000e+05
2.274000000000000000e+04
2.502212000000000000e+06
3.808160000000000000e+05
7.098100000000000000e+04
3.753800000000000000e+04
1.024910000000000000e+05
7.977000000000000000e+03
1.265090000000000000e+05
1.680600000000000000e+05
1.785420000000000000e+05
1.121390000000000000e+05
1.205380000000000000e+05
1.494100000000000000e+04
2.690713000000000000e+06
4.035110000000000000e+05
1.841500000000000000e+05
2.467740000000000000e+05
2.795240000000000000e+05
6.580000000000000000e+03
2.872120000000000000e+05
2.691200000000000000e+05
1.002180000000000000e+05
2.284310000000000000e+05
2.693600000000000000e+05
1.499100000000000000e+04
2.286127000000000000e+06
4.179640000000000000e+05
2.370610000000000000e+05
2.091050000000000000e+05
2.237190000000000000e+05
1.905700000000000000e+04
2.073590000000000000e+05
1.882380000000000000e+05
1.192190000000000000e+05
1.032720000000000000e+05
1.610150000000000000e+05
1.198200000000000000e+04
9.207220000000000000e+05
4.231130000000000000e+05
9.424000000000000000e+04
1.021170000000000000e+05
5.440200000000000000e+04
3.710000000000000000e+03
1.100930000000000000e+05
1.036780000000000000e+05
8.031300000000000000e+04
8.563000000000000000e+04
5.264300000000000000e+04
1.028100000000000000e+04
2.564207000000000000e+06
2.870960000000000000e+05
8.328200000000000000e+04
1.378180000000000000e+05
1.504030000000000000e+05
8.522000000000000000e+03
1.047820000000000000e+05
1.287420000000000000e+05
1.382190000000000000e+05
1.785970000000000000e+05
2.036660000000000000e+05
1.041400000000000000e+04
2.448390000000000000e+06
4.585420000000000000e+05
1.771230000000000000e+05
9.398000000000000000e+04
1.164870000000000000e+05
9.543000000000000000e+03
1.325490000000000000e+05
1.418700000000000000e+05
1.231580000000000000e+05
1.557780000000000000e+05
1.277790000000000000e+05
4.392000000000000000e+03
8.882990000000000000e+05
3.491660000000000000e+05
6.474000000000000000e+04
5.131700000000000000e+04
3.079600000000000000e+04
8.549000000000000000e+03
4.556200000000000000e+04
3.873700000000000000e+04
5.600400000000000000e+04
2.380600000000000000e+04
5.217400000000000000e+04
0.000000000000000000e+00
2.315384000000000000e+06
2.940530000000000000e+05
7.616400000000000000e+04
6.396900000000000000e+04
1.159130000000000000e+05
4.272000000000000000e+03
1.910730000000000000e+05
1.747400000000000000e+05
2.045190000000000000e+05
3.425780000000000000e+05
4.231480000000000000e+05
2.649300000000000000e+04
3.370219000000000000e+06
8.643610000000000000e+05
5.632510000000000000e+05
4.722110000000000000e+05
5.376340000000000000e+05
4.113100000000000000e+04
5.472910000000000000e+05
7.352170000000000000e+05
1.810464000000000000e+06
2.841306000000000000e+06
3.663936000000000000e+06
7.558800000000000000e+04
6.258590000000000000e+06
3.206711000000000000e+06
2.175791000000000000e+06
1.562222000000000000e+06
1.339617000000000000e+06
1.647690000000000000e+05
1.254261000000000000e+06
1.112030000000000000e+06
1.031789000000000000e+06
9.212180000000000000e+05
9.043780000000000000e+05
8.696700000000000000e+04
2.572383000000000000e+06
1.411272000000000000e+06
1.341921000000000000e+06
1.614207000000000000e+06
1.688750000000000000e+06
8.919400000000000000e+04
1.340193000000000000e+06
6.594840000000000000e+05
6.061950000000000000e+05
8.493180000000000000e+05
1.068447000000000000e+06
6.709800000000000000e+04
2.287915000000000000e+06
1.259355000000000000e+06
7.494210000000000000e+05
3.956300000000000000e+05
3.139140000000000000e+05
4.235800000000000000e+04
3.058880000000000000e+05
3.035540000000000000e+05
3.180740000000000000e+05
2.480360000000000000e+05
2.617710000000000000e+05
2.371600000000000000e+04
3.428735000000000000e+06
4.723110000000000000e+05
1.611120000000000000e+05
1.837090000000000000e+05
1.658650000000000000e+05
1.564500000000000000e+04
1.574710000000000000e+05
1.806740000000000000e+05
4.225410000000000000e+05
7.535160000000000000e+05
1.280218000000000000e+06
8.061100000000000000e+04
4.397775000000000000e+06
2.032424000000000000e+06
1.586658000000000000e+06
1.362369000000000000e+06
1.074989000000000000e+06
7.889700000000000000e+04
1.025581000000000000e+06
1.123936000000000000e+06
1.091032000000000000e+06
1.042852000000000000e+06
9.410000000000000000e+05
7.309900000000000000e+04
3.466137000000000000e+06
1.236994000000000000e+06
9.770470000000000000e+05
1.154679000000000000e+06
1.372227000000000000e+06
1.085060000000000000e+05
1.495487000000000000e+06
1.559630000000000000e+06
1.395601000000000000e+06
1.108890000000000000e+06
8.196160000000000000e+05
9.744000000000000000e+04
1.929110000000000000e+06
8.222230000000000000e+05
4.801610000000000000e+05
5.012810000000000000e+05
4.384400000000000000e+05
1.754900000000000000e+04
4.269450000000000000e+05
4.487880000000000000e+05
3.140060000000000000e+05
2.342110000000000000e+05
3.939880000000000000e+05
1.000700000000000000e+04
3.430273000000000000e+06
6.626650000000000000e+05
7.914640000000000000e+05
8.427720000000000000e+05
3.582200000000000000e+05
1.303300000000000000e+04
5.171830000000000000e+05
4.408470000000000000e+05
1.642450000000000000e+05
4.321370000000000000e+05
5.512660000000000000e+05
2.788600000000000000e+04
2.688102000000000000e+06
4.374840000000000000e+05
2.797790000000000000e+05
2.646760000000000000e+05
2.247300000000000000e+05
2.817000000000000000e+03
2.525380000000000000e+05
3.134630000000000000e+05
3.546310000000000000e+05
2.649300000000000000e+05
2.139920000000000000e+05
1.222800000000000000e+04
2.853853000000000000e+06
4.929990000000000000e+05
3.693520000000000000e+05
3.915080000000000000e+05
8.324430000000000000e+05
6.037300000000000000e+04
1.470187000000000000e+06
1.748355000000000000e+06
1.829794000000000000e+06
1.765402000000000000e+06
1.525121000000000000e+06
1.136630000000000000e+05
4.551975000000000000e+06
1.686750000000000000e+06
1.056277000000000000e+06
1.135897000000000000e+06
1.311326000000000000e+06
1.397850000000000000e+05
1.604071000000000000e+06
1.715622000000000000e+06
1.768202000000000000e+06
1.538251000000000000e+06
1.123686000000000000e+06
1.035800000000000000e+05
2.161565000000000000e+06
1.281484000000000000e+06
1.048902000000000000e+06
9.327470000000000000e+05
6.537070000000000000e+05
6.112100000000000000e+04
4.801250000000000000e+05
4.961030000000000000e+05
5.399390000000000000e+05
4.143190000000000000e+05
5.133730000000000000e+05
3.810600000000000000e+04
3.185052000000000000e+06
6.178380000000000000e+05
1.335840000000000000e+05
1.697360000000000000e+05
2.409280000000000000e+05
3.169200000000000000e+04
1.874290000000000000e+05
1.663330000000000000e+05
1.251670000000000000e+05
9.163600000000000000e+04
1.522940000000000000e+05
4.269000000000000000e+03
3.480648000000000000e+06
1.226662000000000000e+06
1.364138000000000000e+06
1.667410000000000000e+06
1.738993000000000000e+06
1.602180000000000000e+05
1.545194000000000000e+06
1.376441000000000000e+06
1.641220000000000000e+06
1.340138000000000000e+06
1.023042000000000000e+06
8.435700000000000000e+04
4.146326000000000000e+06
1.410504000000000000e+06
1.200837000000000000e+06
1.302168000000000000e+06
1.154997000000000000e+06
8.903400000000000000e+04
8.039460000000000000e+05
5.167820000000000000e+05
5.886760000000000000e+05
7.323660000000000000e+05
1.036064000000000000e+06
6.740700000000000000e+04
2.557134000000000000e+06
2.374496000000000000e+06
2.374181000000000000e+06
1.780123000000000000e+06
1.540546000000000000e+06
4.472700000000000000e+04
1.339560000000000000e+06
1.273971000000000000e+06
8.652910000000000000e+05
4.029510000000000000e+05
6.831570000000000000e+05
5.668900000000000000e+04
2.277925000000000000e+06
1.476738000000000000e+06
1.234005000000000000e+06
1.334315000000000000e+06
1.475729000000000000e+06
5.341500000000000000e+04
1.720015000000000000e+06
1.746249000000000000e+06
1.376787000000000000e+06
8.277730000000000000e+05
5.495410000000000000e+05
6.737300000000000000e+04
1.996714000000000000e+06
8.228910000000000000e+05
5.125850000000000000e+05
4.641530000000000000e+05
4.800750000000000000e+05
2.864500000000000000e+04
5.071330000000000000e+05
4.648250000000000000e+05
4.022130000000000000e+05
3.238360000000000000e+05
2.126750000000000000e+05
1.902500000000000000e+04
3.246600000000000000e+06
4.296540000000000000e+05
1.892520000000000000e+05
1.796190000000000000e+05
1.389110000000000000e+05
7.748000000000000000e+03
2.660980000000000000e+05
3.551560000000000000e+05
4.252730000000000000e+05
5.125480000000000000e+05
5.610580000000000000e+05
1.521600000000000000e+04
1.755617000000000000e+06
8.628240000000000000e+05
4.331000000000000000e+05
3.338780000000000000e+05
1.419710000000000000e+05
1.484200000000000000e+04
4.585490000000000000e+05
9.619280000000000000e+05
1.291440000000000000e+06
1.429262000000000000e+06
1.239554000000000000e+06
1.163850000000000000e+05
3.482944000000000000e+06
1.421000000000000000e+06
1.297447000000000000e+06
1.310688000000000000e+06
1.131143000000000000e+06
7.468200000000000000e+04
7.752970000000000000e+05
6.250880000000000000e+05
5.429100000000000000e+05
5.276790000000000000e+05
4.010170000000000000e+05
2.817100000000000000e+04
3.077238000000000000e+06
7.950990000000000000e+05
4.629270000000000000e+05
3.578210000000000000e+05
2.634890000000000000e+05
1.475000000000000000e+04
2.511610000000000000e+05
3.273370000000000000e+05
4.672990000000000000e+05
5.516140000000000000e+05
5.001150000000000000e+05
4.441500000000000000e+04
3.400809000000000000e+06
7.715540000000000000e+05
4.550710000000000000e+05
3.828560000000000000e+05
2.977500000000000000e+05
1.354100000000000000e+04
2.047700000000000000e+05
1.560110000000000000e+05
1.882030000000000000e+05
3.675030000000000000e+05
6.880820000000000000e+05
6.880200000000000000e+04
3.619242000000000000e+06
1.646135000000000000e+06
1.613124000000000000e+06
1.720059000000000000e+06
1.669668000000000000e+06
1.313470000000000000e+05
1.468790000000000000e+06
1.205545000000000000e+06
1.078895000000000000e+06
9.792450000000000000e+05
8.185530000000000000e+05
9.130800000000000000e+04
3.594980000000000000e+06
9.116210000000000000e+05
1.331879000000000000e+06
1.447256000000000000e+06
1.675386000000000000e+06
1.144990000000000000e+05
1.776647000000000000e+06
1.740146000000000000e+06
1.747908000000000000e+06
1.513460000000000000e+06
1.218833000000000000e+06
1.287980000000000000e+05
2.480380000000000000e+06
1.606517000000000000e+06
1.313768000000000000e+06
1.227846000000000000e+06
1.042648000000000000e+06
1.187360000000000000e+05
9.102920000000000000e+05
8.330190000000000000e+05
6.916330000000000000e+05
5.584800000000000000e+05
4.604950000000000000e+05
3.528600000000000000e+04
3.150467000000000000e+06
6.611780000000000000e+05
3.325020000000000000e+05
3.188850000000000000e+05
3.511700000000000000e+05
1.662700000000000000e+04
2.728940000000000000e+05
2.193290000000000000e+05
3.857400000000000000e+05
4.085010000000000000e+05
3.468830000000000000e+05
2.271800000000000000e+04
3.135933000000000000e+06
5.188680000000000000e+05
1.652130000000000000e+05
1.648880000000000000e+05
1.329410000000000000e+05
1.848400000000000000e+04
1.482570000000000000e+05
2.715160000000000000e+05
1.607240000000000000e+05
1.702150000000000000e+05
8.885100000000000000e+04
2.749300000000000000e+04
2.755335000000000000e+06
3.259120000000000000e+05
8.420900000000000000e+04
7.301700000000000000e+04
9.262900000000000000e+04
8.252000000000000000e+03
4.144300000000000000e+04
8.943700000000000000e+04
9.958100000000000000e+04
2.098410000000000000e+05
3.231120000000000000e+05
1.902300000000000000e+04
2.258437000000000000e+06
3.025300000000000000e+05
1.232510000000000000e+05
9.194200000000000000e+04
1.332270000000000000e+05
1.173600000000000000e+04
1.340370000000000000e+05
2.281070000000000000e+05
1.948410000000000000e+05
1.323200000000000000e+05
6.649000000000000000e+04
7.620000000000000000e+03
2.533481000000000000e+06
6.125420000000000000e+05
5.757130000000000000e+05
8.241880000000000000e+05
1.063662000000000000e+06
4.882700000000000000e+04
1.203604000000000000e+06
1.193954000000000000e+06
1.093986000000000000e+06
9.112370000000000000e+05
6.277930000000000000e+05
6.299900000000000000e+04
3.807756000000000000e+06
6.114750000000000000e+05
3.091730000000000000e+05
4.566350000000000000e+05
8.691670000000000000e+05
4.049000000000000000e+04
1.411918000000000000e+06
1.859221000000000000e+06
1.759652000000000000e+06
1.097793000000000000e+06
7.065000000000000000e+05
7.361600000000000000e+04
1.897141000000000000e+06
7.118580000000000000e+05
2.520990000000000000e+05
1.663970000000000000e+05
1.913020000000000000e+05
2.388700000000000000e+04
2.765860000000000000e+05
3.247840000000000000e+05
2.637360000000000000e+05
2.805480000000000000e+05
3.316490000000000000e+05
1.799400000000000000e+04
3.405539000000000000e+06
5.667240000000000000e+05
1.959240000000000000e+05
4.235390000000000000e+05
4.533470000000000000e+05
2.650500000000000000e+04
4.622190000000000000e+05
4.112140000000000000e+05
4.317920000000000000e+05
4.491810000000000000e+05
3.964170000000000000e+05
3.711800000000000000e+04
3.215992000000000000e+06
5.798530000000000000e+05
2.309580000000000000e+05
2.133900000000000000e+05
2.243210000000000000e+05
2.721900000000000000e+04
2.122600000000000000e+05
2.445160000000000000e+05
1.836700000000000000e+05
1.859440000000000000e+05
1.788570000000000000e+05
2.078500000000000000e+04
3.133445000000000000e+06
4.360730000000000000e+05
1.160570000000000000e+05
6.249200000000000000e+04
2.810340000000000000e+05
7.093000000000000000e+03
4.188960000000000000e+05
3.849030000000000000e+05
1.384470000000000000e+05
2.097810000000000000e+05
2.870190000000000000e+05
2.482300000000000000e+04
2.631177000000000000e+06
4.447470000000000000e+05
1.821220000000000000e+05
1.183760000000000000e+05
6.450300000000000000e+04
5.395000000000000000e+03
7.927400000000000000e+04
7.278500000000000000e+04
1.546980000000000000e+05
1.339160000000000000e+05
9.870800000000000000e+04
5.161000000000000000e+03
2.895606000000000000e+06
3.546530000000000000e+05
1.761890000000000000e+05
1.029530000000000000e+05
8.572100000000000000e+04
1.034200000000000000e+04
1.259890000000000000e+05
1.787250000000000000e+05
2.323060000000000000e+05
3.185810000000000000e+05
4.300740000000000000e+05
2.237800000000000000e+04
3.101103000000000000e+06
9.295930000000000000e+05
5.981530000000000000e+05
3.404900000000000000e+05
3.405190000000000000e+05
1.507500000000000000e+04
9.678000000000000000e+05
1.301123000000000000e+06
1.116190000000000000e+06
6.783940000000000000e+05
6.048030000000000000e+05
3.355100000000000000e+04
3.460090000000000000e+06
9.865970000000000000e+05
4.044250000000000000e+05
5.369060000000000000e+05
9.344270000000000000e+05
4.521500000000000000e+04
1.084527000000000000e+06
1.271025000000000000e+06
1.199863000000000000e+06
1.132362000000000000e+06
9.228060000000000000e+05
5.219600000000000000e+04
3.476445000000000000e+06
1.232256000000000000e+06
1.518729000000000000e+06
1.523308000000000000e+06
1.312695000000000000e+06
7.366400000000000000e+04
6.880980000000000000e+05
3.434770000000000000e+05
3.614830000000000000e+05
3.099930000000000000e+05
6.282180000000000000e+05
3.975200000000000000e+04
3.739136000000000000e+06
1.251973000000000000e+06
8.684710000000000000e+05
8.214500000000000000e+05
7.284900000000000000e+05
4.238400000000000000e+04
7.096980000000000000e+05
5.984700000000000000e+05
4.014020000000000000e+05
2.062370000000000000e+05
5.932800000000000000e+05
4.367800000000000000e+04
3.468784000000000000e+06
1.504445000000000000e+06
1.079000000000000000e+06
4.584480000000000000e+05
2.528110000000000000e+05
5.643000000000000000e+03
3.326730000000000000e+05
1.695650000000000000e+05
1.246050000000000000e+05
2.563000000000000000e+05
2.285670000000000000e+05
1.711900000000000000e+04
2.797032000000000000e+06
3.762070000000000000e+05
2.124640000000000000e+05
4.629820000000000000e+05
7.278310000000000000e+05
4.748100000000000000e+04
9.897770000000000000e+05
1.303556000000000000e+06
1.535617000000000000e+06
1.677563000000000000e+06
1.715152000000000000e+06
1.451330000000000000e+05
4.548813000000000000e+06
1.584317000000000000e+06
6.336790000000000000e+05
3.310230000000000000e+05
9.847600000000000000e+05
6.764200000000000000e+04
1.420426000000000000e+06
1.658319000000000000e+06
1.600047000000000000e+06
1.172539000000000000e+06
6.860540000000000000e+05
1.102170000000000000e+05
1.761269000000000000e+06
9.371320000000000000e+05
6.567010000000000000e+05
6.508800000000000000e+05
5.585070000000000000e+05
6.740800000000000000e+04
4.328570000000000000e+05
3.442560000000000000e+05
2.497290000000000000e+05
2.068430000000000000e+05
1.411420000000000000e+05
3.730800000000000000e+04
3.299194000000000000e+06
5.399040000000000000e+05
1.733790000000000000e+05
1.417580000000000000e+05
9.940800000000000000e+04
1.614500000000000000e+04
1.460230000000000000e+05
9.654400000000000000e+04
5.747200000000000000e+04
1.998890000000000000e+05
1.577180000000000000e+05
8.870000000000000000e+02
2.754245000000000000e+06
4.489330000000000000e+05
2.852980000000000000e+05
3.386150000000000000e+05
3.402510000000000000e+05
1.859900000000000000e+04
4.244620000000000000e+05
5.922340000000000000e+05
5.882940000000000000e+05
6.559610000000000000e+05
7.237700000000000000e+05
6.518100000000000000e+04
3.676538000000000000e+06
1.077029000000000000e+06
7.433850000000000000e+05
5.503520000000000000e+05
5.405590000000000000e+05
1.668400000000000000e+04
1.019935000000000000e+06
1.279281000000000000e+06
1.329278000000000000e+06
1.050478000000000000e+06
7.142830000000000000e+05
7.118000000000000000e+04
3.118532000000000000e+06
5.597840000000000000e+05
1.754750000000000000e+05
1.980240000000000000e+05
3.807050000000000000e+05
8.759000000000000000e+03
6.017890000000000000e+05
7.243050000000000000e+05
5.870520000000000000e+05
2.270020000000000000e+05
5.265290000000000000e+05
3.493500000000000000e+04
3.602730000000000000e+06
9.676790000000000000e+05
3.697260000000000000e+05
2.682050000000000000e+05
2.842320000000000000e+05
4.905000000000000000e+03
4.136220000000000000e+05
5.453780000000000000e+05
6.650440000000000000e+05
5.141940000000000000e+05
3.222220000000000000e+05
2.192100000000000000e+04
3.274376000000000000e+06
1.230546000000000000e+06
9.974940000000000000e+05
9.018650000000000000e+05
8.418200000000000000e+05
5.664900000000000000e+04
4.292920000000000000e+05
8.942720000000000000e+05
1.343805000000000000e+06
1.310909000000000000e+06
9.753220000000000000e+05
6.876200000000000000e+04
3.381654000000000000e+06
5.910610000000000000e+05
1.205650000000000000e+05
8.486200000000000000e+04
9.175500000000000000e+04
1.458500000000000000e+04
8.668300000000000000e+04
2.316380000000000000e+05
2.172800000000000000e+05
1.695520000000000000e+05
4.416700000000000000e+04
2.136500000000000000e+04
3.330304000000000000e+06
3.648290000000000000e+05
9.396300000000000000e+04
6.610300000000000000e+04
5.440400000000000000e+04
3.378000000000000000e+03
6.208400000000000000e+04
2.661000000000000000e+04
3.325000000000000000e+04
4.640100000000000000e+04
2.891900000000000000e+04
2.160000000000000000e+03
2.710392000000000000e+06
2.626480000000000000e+05
1.972000000000000000e+04
4.405100000000000000e+04
9.626500000000000000e+04
5.593000000000000000e+03
1.464560000000000000e+05
2.959430000000000000e+05
2.471690000000000000e+05
2.098760000000000000e+05
5.077190000000000000e+05
4.777000000000000000e+03
3.386457000000000000e+06
1.110573000000000000e+06
9.829200000000000000e+05
1.020601000000000000e+06
1.012465000000000000e+06
3.616300000000000000e+04
9.467450000000000000e+05
8.918650000000000000e+05
7.392670000000000000e+05
4.798810000000000000e+05
3.751630000000000000e+05
4.051900000000000000e+04
3.720386000000000000e+06
1.615574000000000000e+06
1.236855000000000000e+06
8.990010000000000000e+05
6.782530000000000000e+05
7.535700000000000000e+04
5.142940000000000000e+05
4.924510000000000000e+05
5.077380000000000000e+05
4.523510000000000000e+05
2.230630000000000000e+05
2.807100000000000000e+04
2.964899000000000000e+06
6.941030000000000000e+05
4.310830000000000000e+05
3.630860000000000000e+05
3.295740000000000000e+05
1.199300000000000000e+04
2.400560000000000000e+05
1.733930000000000000e+05
1.214980000000000000e+05
1.317150000000000000e+05
1.735140000000000000e+05
2.380200000000000000e+04
2.574755000000000000e+06
7.786320000000000000e+05
5.989030000000000000e+05
5.545530000000000000e+05
3.959400000000000000e+05
3.671000000000000000e+04
3.581880000000000000e+05
3.265060000000000000e+05
1.856440000000000000e+05
2.305800000000000000e+05
3.349420000000000000e+05
3.110200000000000000e+04
1.434565000000000000e+06
5.984220000000000000e+05
2.285470000000000000e+05
1.742330000000000000e+05
1.955770000000000000e+05
1.826100000000000000e+04
1.073120000000000000e+05
9.537400000000000000e+04
7.410800000000000000e+04
5.062100000000000000e+04
6.795800000000000000e+04
1.795700000000000000e+04
2.907718000000000000e+06
3.248830000000000000e+05
1.263290000000000000e+05
7.790400000000000000e+04
9.029300000000000000e+04
0.000000000000000000e+00
7.763600000000000000e+04
8.804400000000000000e+04
7.491700000000000000e+04
8.526100000000000000e+04
4.086200000000000000e+04
1.075500000000000000e+04
2.112785000000000000e+06
4.296120000000000000e+05
2.194520000000000000e+05
8.832900000000000000e+04
1.286380000000000000e+05
0.000000000000000000e+00
2.981340000000000000e+05
3.005790000000000000e+05
1.277050000000000000e+05
7.226500000000000000e+04
7.455000000000000000e+04
0.000000000000000000e+00
2.203096000000000000e+06
4.109980000000000000e+05
2.549890000000000000e+05
2.289450000000000000e+05
5.152700000000000000e+05
3.759800000000000000e+04
6.170970000000000000e+05
7.674090000000000000e+05
7.106030000000000000e+05
6.702180000000000000e+05
7.200730000000000000e+05
2.702700000000000000e+04
3.734095000000000000e+06
1.028901000000000000e+06
6.767740000000000000e+05
5.284350000000000000e+05
3.920200000000000000e+05
2.365600000000000000e+04
3.067020000000000000e+05
2.237420000000000000e+05
2.303490000000000000e+05
2.477530000000000000e+05
2.102210000000000000e+05
2.875700000000000000e+04
3.081364000000000000e+06
5.790740000000000000e+05
2.649480000000000000e+05
1.448190000000000000e+05
9.844100000000000000e+04
1.373700000000000000e+04
1.785550000000000000e+05
1.965390000000000000e+05
9.060300000000000000e+04
7.515800000000000000e+04
5.520700000000000000e+04
8.062000000000000000e+03
3.188256000000000000e+06
7.716070000000000000e+05
1.259773000000000000e+06
1.435175000000000000e+06
1.221158000000000000e+06
6.448500000000000000e+04
4.807280000000000000e+05
9.841160000000000000e+05
7.736390000000000000e+05
3.956830000000000000e+05
7.338130000000000000e+05
5.583200000000000000e+04
3.776694000000000000e+06
1.491995000000000000e+06
7.140630000000000000e+05
6.466420000000000000e+05
8.602130000000000000e+05
2.920600000000000000e+04
5.602790000000000000e+05
3.686660000000000000e+05
9.468980000000000000e+05
1.165084000000000000e+06
8.113130000000000000e+05
5.139100000000000000e+04
3.181426000000000000e+06
8.812740000000000000e+05
4.720980000000000000e+05
3.140220000000000000e+05
2.558290000000000000e+05
2.993100000000000000e+04
2.237020000000000000e+05
2.896480000000000000e+05
4.674040000000000000e+05
6.269490000000000000e+05
7.861550000000000000e+05
2.257200000000000000e+04
3.594410000000000000e+06
1.190480000000000000e+06
8.240890000000000000e+05
4.435760000000000000e+05
9.237640000000000000e+05
6.401000000000000000e+04
1.120022000000000000e+06
1.013543000000000000e+06
7.262690000000000000e+05
3.678240000000000000e+05
4.205910000000000000e+05
2.335800000000000000e+04
1.483743000000000000e+06
7.924610000000000000e+05
5.206010000000000000e+05
4.669150000000000000e+05
4.953240000000000000e+05
3.360200000000000000e+04
3.754940000000000000e+05
3.382930000000000000e+05
3.662000000000000000e+05
4.132550000000000000e+05
2.838000000000000000e+05
3.250800000000000000e+04
2.983177000000000000e+06
3.823600000000000000e+05
1.515710000000000000e+05
2.290620000000000000e+05
1.817970000000000000e+05
1.288500000000000000e+04
1.342480000000000000e+05
1.714800000000000000e+05
1.399450000000000000e+05
1.986460000000000000e+05
3.234860000000000000e+05
2.339000000000000000e+04
1.348031000000000000e+06
8.000750000000000000e+05
4.446040000000000000e+05
4.482050000000000000e+05
3.214180000000000000e+05
8.293000000000000000e+03
2.805780000000000000e+05
1.672150000000000000e+05
1.848560000000000000e+05
2.085720000000000000e+05
1.777990000000000000e+05
2.271600000000000000e+04
2.686785000000000000e+06
5.290740000000000000e+05
2.290190000000000000e+05
1.643550000000000000e+05
2.304640000000000000e+05
8.162000000000000000e+03
2.119280000000000000e+05
2.349270000000000000e+05
2.405800000000000000e+05
1.726560000000000000e+05
2.062730000000000000e+05
2.203700000000000000e+04
1.351387000000000000e+06
5.058550000000000000e+05
9.560200000000000000e+04
6.313456000000000000e+07
3.780000000000000000e+04
0.000000000000000000e+00
0.000000000000000000e+00
0.000000000000000000e+00
0.000000000000000000e+00
0.000000000000000000e+00
0.000000000000000000e+00
1.128000000000000000e+03
4.320000000000000000e+02
8.638000000000000000e+03
0.000000000000000000e+00
5.549780000000000000e+05
7.024630000000000000e+05
1.056000000000000000e+03
0.000000000000000000e+00
0.000000000000000000e+00
0.000000000000000000e+00
0.000000000000000000e+00
0.000000000000000000e+00
0.000000000000000000e+00
0.000000000000000000e+00
0.000000000000000000e+00
0.000000000000000000e+00
7.370360000000000000e+05
7.095560000000000000e+05
6.070000000000000000e+02
0.000000000000000000e+00
0.000000000000000000e+00
0.000000000000000000e+00
0.000000000000000000e+00
0.000000000000000000e+00
0.000000000000000000e+00
0.000000000000000000e+00
0.000000000000000000e+00
0.000000000000000000e+00
7.114290000000000000e+05
7.095240000000000000e+05
6.070000000000000000e+02
0.000000000000000000e+00
0.000000000000000000e+00
0.000000000000000000e+00
0.000000000000000000e+00
0.000000000000000000e+00
0.000000000000000000e+00
0.000000000000000000e+00
0.000000000000000000e+00
0.000000000000000000e+00
7.110410000000000000e+05
7.095240000000000000e+05
6.070000000000000000e+02
0.000000000000000000e+00
0.000000000000000000e+00
0.000000000000000000e+00
0.000000000000000000e+00
0.000000000000000000e+00
0.000000000000000000e+00
0.000000000000000000e+00
0.000000000000000000e+00
0.000000000000000000e+00
7.101310000000000000e+05
7.095240000000000000e+05
6.070000000000000000e+02
0.000000000000000000e+00
0.000000000000000000e+00
0.000000000000000000e+00
0.000000000000000000e+00
0.000000000000000000e+00
0.000000000000000000e+00
0.000000000000000000e+00
0.000000000000000000e+00
0.000000000000000000e+00
3.654960000000000000e+05
1.605400000000000000e+04
3.680000000000000000e+02
0.000000000000000000e+00
0.000000000000000000e+00
0.000000000000000000e+00
0.000000000000000000e+00
0.000000000000000000e+00
0.000000000000000000e+00
0.000000000000000000e+00
0.000000000000000000e+00
0.000000000000000000e+00
1.642200000000000000e+04
1.605400000000000000e+04
3.680000000000000000e+02
0.000000000000000000e+00
0.000000000000000000e+00
0.000000000000000000e+00
