2.913920000000000000e+05
2.451210000000000000e+05
1.294600000000000000e+04
1.774730000000000000e+05
1.796490000000000000e+05
1.830840000000000000e+05
1.793480000000000000e+05
1.756010000000000000e+05
8.680000000000000000e+03
1.760120000000000000e+05
1.714880000000000000e+05
1.252485000000000000e+06
1.321900000000000000e+05
1.377880000000000000e+05
2.191100000000000000e+04
1.393130000000000000e+05
1.430790000000000000e+05
1.311300000000000000e+05
1.345750000000000000e+05
1.254680000000000000e+05
3.795700000000000000e+04
1.113560000000000000e+05
1.093880000000000000e+05
3.415990000000000000e+05
9.474800000000000000e+04
9.653000000000000000e+04
1.879000000000000000e+03
1.020150000000000000e+05
1.116600000000000000e+05
1.077030000000000000e+05
1.066500000000000000e+05
1.072320000000000000e+05
3.863000000000000000e+03
9.661500000000000000e+04
1.075770000000000000e+05
3.123850000000000000e+05
1.017840000000000000e+05
1.078250000000000000e+05
6.765000000000000000e+03
1.126170000000000000e+05
1.098230000000000000e+05
1.061710000000000000e+05
1.011660000000000000e+05
8.998900000000000000e+04
3.467200000000000000e+04
1.024480000000000000e+05
1.074410000000000000e+05
3.950710000000000000e+05
1.018940000000000000e+05
1.025980000000000000e+05
3.646100000000000000e+04
9.691500000000000000e+04
1.079050000000000000e+05
9.625000000000000000e+04
9.484300000000000000e+04
9.737600000000000000e+04
3.999200000000000000e+04
1.081000000000000000e+05
1.017420000000000000e+05
2.232390000000000000e+05
1.036860000000000000e+05
1.024420000000000000e+05
3.598900000000000000e+04
9.473200000000000000e+04
9.374400000000000000e+04
1.727700000000000000e+05
6.263090000000000000e+06
1.150061800000000000e+07
6.759130000000000000e+05
1.514095100000000000e+07
1.499665800000000000e+07
1.507038200000000000e+07
1.329342400000000000e+07
1.171839600000000000e+07
1.342080000000000000e+05
9.999796000000000000e+06
9.008208000000000000e+06
7.996960000000000000e+06
7.583875000000000000e+06
7.098766000000000000e+06
2.495450000000000000e+05
6.613634000000000000e+06
6.357949000000000000e+06
6.526793000000000000e+06
5.762028000000000000e+06
5.072666000000000000e+06
1.693930000000000000e+05
4.390003000000000000e+06
3.893344000000000000e+06
3.637330000000000000e+06
3.331008000000000000e+06
3.225986000000000000e+06
7.006800000000000000e+04
3.024412000000000000e+06
3.068621000000000000e+06
4.822717000000000000e+06
4.371477000000000000e+06
4.973059000000000000e+06
2.239320000000000000e+06
3.177995000000000000e+06
3.255189000000000000e+06
3.347420000000000000e+06
3.477168000000000000e+06
3.538291000000000000e+06
2.240420000000000000e+05
3.715841000000000000e+06
3.823119000000000000e+06
3.769477000000000000e+06
3.431062000000000000e+06
4.321593000000000000e+06
1.010460000000000000e+05
2.619444000000000000e+06
2.359947000000000000e+06
2.366947000000000000e+06
2.352459000000000000e+06
2.425786000000000000e+06
1.577180000000000000e+05
2.485325000000000000e+06
2.692007000000000000e+06
3.856385000000000000e+06
3.404989000000000000e+06
3.855275000000000000e+06
1.126300000000000000e+05
2.617106000000000000e+06
2.680724000000000000e+06
3.000956000000000000e+06
3.017639000000000000e+06
1.631200000000000000e+05
3.555300000000000000e+04
1.260069400000000000e+07
1.352480000000000000e+05
1.578002000000000000e+06
4.013440000000000000e+05
5.690540000000000000e+05
1.107990000000000000e+05
8.878900000000000000e+05
1.102212000000000000e+06
1.311646000000000000e+06
1.678925000000000000e+06
1.984037000000000000e+06
1.404110000000000000e+05
2.378493000000000000e+06
2.835596000000000000e+06
5.449593000000000000e+06
2.564674000000000000e+06
2.098793000000000000e+06
1.816870000000000000e+05
1.586707000000000000e+06
9.840020000000000000e+05
