2.057076000000000000e+06
2.401788000000000000e+06
1.674299000000000000e+06
1.503710000000000000e+05
2.018750000000000000e+05
5.516000000000000000e+04
1.315960000000000000e+05
1.317890000000000000e+05
4.501500000000000000e+04
1.697180000000000000e+05
2.609800000000000000e+05
2.727604000000000000e+06
1.615490000000000000e+06
2.736560000000000000e+05
1.120900000000000000e+04
4.096120000000000000e+05
6.359410000000000000e+05
1.182138000000000000e+06
1.567122000000000000e+06
1.829464000000000000e+06
1.056140000000000000e+05
2.022031000000000000e+06
2.336784000000000000e+06
4.354046000000000000e+06
2.397185000000000000e+06
2.174067000000000000e+06
6.891900000000000000e+04
2.013011000000000000e+06
1.733998000000000000e+06
1.273475000000000000e+06
9.669760000000000000e+05
1.071943000000000000e+06
1.138530000000000000e+05
1.090716000000000000e+06
1.441655000000000000e+06
5.126197000000000000e+06
1.419119000000000000e+06
1.343133000000000000e+06
7.435000000000000000e+04
1.424517000000000000e+06
1.543862000000000000e+06
1.586455000000000000e+06
1.660404000000000000e+06
1.580103000000000000e+06
1.487950000000000000e+05
9.963940000000000000e+05
8.374640000000000000e+05
4.547164000000000000e+06
1.137424000000000000e+06
9.353310000000000000e+05
6.431200000000000000e+04
9.128610000000000000e+05
7.054418500000000000e+07
6.054600000000000000e+04
7.520000000000000000e+02
5.280000000000000000e+02
0.000000000000000000e+00
8.310000000000000000e+02
6.047000000000000000e+03
5.527000000000000000e+03
1.265100000000000000e+04
1.441980000000000000e+05
7.152500000000000000e+05
6.400000000000000000e+02
2.167224000000000000e+06
1.151865000000000000e+06
8.426000000000000000e+03
0.000000000000000000e+00
0.000000000000000000e+00
0.000000000000000000e+00
0.000000000000000000e+00
0.000000000000000000e+00
3.491000000000000000e+03
1.701000000000000000e+03
0.000000000000000000e+00
1.240000000000000000e+03
2.485528000000000000e+06
4.839210000000000000e+05
7.122090000000000000e+05
1.105664000000000000e+06
1.152000000000000000e+04
0.000000000000000000e+00
0.000000000000000000e+00
0.000000000000000000e+00
0.000000000000000000e+00
0.000000000000000000e+00
0.000000000000000000e+00
0.000000000000000000e+00
1.706734000000000000e+06
1.212840000000000000e+05
3.044000000000000000e+03
7.860000000000000000e+02
0.000000000000000000e+00
1.206700000000000000e+05
2.281825000000000000e+06
8.519532000000000000e+06
5.820732000000000000e+06
3.704120000000000000e+05
5.651600000000000000e+04
4.456981000000000000e+06
1.044910000000000000e+07
9.338700000000000000e+04
1.174578000000000000e+06
1.024472600000000000e+07
3.500300000000000000e+05
2.799274000000000000e+06
8.865998000000000000e+06
2.664700000000000000e+05
1.187134000000000000e+06
9.175605000000000000e+06
2.341360000000000000e+05
1.494269000000000000e+06
2.677999000000000000e+06
4.822890000000000000e+06
3.644966000000000000e+06
2.372790000000000000e+05
3.015800000000000000e+04
3.454700000000000000e+04
1.609800000000000000e+04
8.762000000000000000e+03
1.278500000000000000e+04
8.140000000000000000e+03
1.590000000000000000e+02
4.576000000000000000e+03
2.759678000000000000e+06
9.795500000000000000e+04
9.280000000000000000e+03
0.000000000000000000e+00
0.000000000000000000e+00
0.000000000000000000e+00
3.083000000000000000e+03
3.675000000000000000e+03
4.691000000000000000e+03
4.649000000000000000e+03
1.512800000000000000e+04
7.629000000000000000e+03
2.730293000000000000e+06
4.149200000000000000e+04
1.407000000000000000e+03
2.290000000000000000e+03
1.810000000000000000e+02
4.113000000000000000e+03
4.490000000000000000e+02
1.790000000000000000e+02
1.263000000000000000e+03
9.806000000000000000e+03
0.000000000000000000e+00
2.755000000000000000e+03
3.035383000000000000e+06
