5.289280000000000000e+05
4.215400000000000000e+05
3.933900000000000000e+04
6.132290000000000000e+05
7.365190000000000000e+05
7.562870000000000000e+05
4.696160000000000000e+05
1.266602000000000000e+06
1.356610000000000000e+05
6.812480000000000000e+05
9.283690000000000000e+05
1.109855000000000000e+06
9.544730000000000000e+05
7.183330000000000000e+05
3.983700000000000000e+04
4.500720000000000000e+05
3.669980000000000000e+05
3.202290000000000000e+05
3.528140000000000000e+05
1.469768000000000000e+06
1.624790000000000000e+05
3.681010000000000000e+05
3.912670000000000000e+05
6.056220000000000000e+05
5.523930000000000000e+05
5.535500000000000000e+05
2.756000000000000000e+04
5.797090000000000000e+05
5.160880000000000000e+05
4.642650000000000000e+05
4.445630000000000000e+05
1.493621000000000000e+06
1.537250000000000000e+05
8.151610000000000000e+05
9.806020000000000000e+05
1.147056000000000000e+06
1.100109000000000000e+06
1.160726000000000000e+06
8.172600000000000000e+04
9.528430000000000000e+05
7.267090000000000000e+05
6.544910000000000000e+05
7.246620000000000000e+05
1.814245000000000000e+06
1.646290000000000000e+05
1.061761000000000000e+06
1.039415000000000000e+06
9.573090000000000000e+05
5.080080000000000000e+05
3.296900000000000000e+05
3.527800000000000000e+04
7.186060000000000000e+05
9.779690000000000000e+05
1.205486000000000000e+06
1.299147000000000000e+06
1.967125000000000000e+06
1.550100000000000000e+05
9.154420000000000000e+05
6.748340000000000000e+05
7.027360000000000000e+05
5.355780000000000000e+05
5.370810000000000000e+05
2.467100000000000000e+04
5.031180000000000000e+05
4.972590000000000000e+05
4.544110000000000000e+05
4.834190000000000000e+05
1.437023000000000000e+06
1.767890000000000000e+05
3.615820000000000000e+05
3.130460000000000000e+05
5.008150000000000000e+05
2.466740000000000000e+05
2.690010000000000000e+05
3.843700000000000000e+04
2.697190000000000000e+05
2.841600000000000000e+05
2.337790000000000000e+05
1.679630000000000000e+05
1.932719000000000000e+06
1.417730000000000000e+05
2.170140000000000000e+05
3.130560000000000000e+05
6.615760000000000000e+05
5.617110000000000000e+05
5.767590000000000000e+05
2.174300000000000000e+04
9.962571600000000000e+07
1.845127000000000000e+06
1.245440000000000000e+06
1.929158000000000000e+06
2.254168000000000000e+06
8.616400000000000000e+04
1.406198000000000000e+06
1.139495000000000000e+06
1.906636000000000000e+06
6.058840000000000000e+05
7.272880000000000000e+05
3.412300000000000000e+04
5.322811000000000000e+06
1.372605000000000000e+06
7.820110000000000000e+05
7.319490000000000000e+05
9.342090000000000000e+05
5.624100000000000000e+04
7.215550000000000000e+05
6.436090000000000000e+05
2.363772000000000000e+06
5.335680000000000000e+05
8.585430000000000000e+05
3.561500000000000000e+04
4.939221000000000000e+06
1.759280000000000000e+06
1.994392000000000000e+06
8.977510000000000000e+05
1.944668000000000000e+06
2.526100000000000000e+04
1.417414000000000000e+06
1.512301000000000000e+06
2.133085000000000000e+06
1.015945000000000000e+06
1.295152000000000000e+06
4.705000000000000000e+04
4.433225000000000000e+06
5.462000000000000000e+05
3.583040000000000000e+05
1.222499000000000000e+06
5.054560000000000000e+05
1.392700000000000000e+04
7.242130000000000000e+05
1.325795000000000000e+06
1.564222000000000000e+06
1.374368000000000000e+06
1.043804000000000000e+06
1.848400000000000000e+04
5.385078000000000000e+06
2.169744000000000000e+06
1.639937000000000000e+06
1.011150000000000000e+06
9.022050000000000000e+05
6.247300000000000000e+04
1.430696000000000000e+06
8.043440000000000000e+05
1.627919000000000000e+06
1.577668000000000000e+06
2.280899000000000000e+06
1.083270000000000000e+05
6.029012000000000000e+06
2.663912000000000000e+06
