1.844386000000000000e+06
1.690426000000000000e+06
6.754100000000000000e+04
1.438794000000000000e+06
3.255787000000000000e+06
1.667264000000000000e+06
2.888035000000000000e+06
1.233022000000000000e+06
5.408300000000000000e+04
6.811041000000000000e+06
1.431118000000000000e+06
1.939691000000000000e+06
2.299896000000000000e+06
3.567643000000000000e+06
1.625990000000000000e+05
2.300357000000000000e+06
1.812639000000000000e+06
1.373838000000000000e+06
3.566526000000000000e+06
2.036199000000000000e+06
1.151870000000000000e+05
7.539371000000000000e+06
9.079251000000000000e+06
2.742272000000000000e+06
1.123225000000000000e+06
1.917935000000000000e+06
1.105620000000000000e+05
1.974516000000000000e+06
1.840663000000000000e+06
2.323882000000000000e+06
1.206153000000000000e+06
1.402478000000000000e+06
5.190600000000000000e+04
5.298749000000000000e+06
1.738858000000000000e+06
2.516297000000000000e+06
2.136580000000000000e+06
8.026010000000000000e+05
2.844900000000000000e+04
1.505090000000000000e+06
5.614470000000000000e+05
8.023740000000000000e+05
7.731620000000000000e+05
4.124420000000000000e+05
1.524400000000000000e+04
4.269289000000000000e+06
9.721377200000000000e+07
7.472430000000000000e+05
7.379710000000000000e+05
8.798240000000000000e+05
9.863700000000000000e+04
1.209705000000000000e+06
1.939670000000000000e+06
2.469430000000000000e+06
2.782930000000000000e+06
2.731281000000000000e+06
1.941910000000000000e+05
2.282416000000000000e+06
3.175210000000000000e+06
1.724536000000000000e+06
1.566545000000000000e+06
2.053016000000000000e+06
1.446770000000000000e+05
2.234358000000000000e+06
2.345707000000000000e+06
2.561559000000000000e+06
2.321352000000000000e+06
1.857714000000000000e+06
1.560080000000000000e+05
1.300646000000000000e+06
2.511308000000000000e+06
1.053571000000000000e+06
8.088340000000000000e+05
5.864550000000000000e+05
3.536900000000000000e+04
5.029480000000000000e+05
4.215170000000000000e+05
3.919230000000000000e+05
3.754620000000000000e+05
3.133010000000000000e+05
2.904800000000000000e+04
2.292850000000000000e+05
1.615276000000000000e+06
4.082510000000000000e+05
2.947070000000000000e+05
4.249120000000000000e+05
3.695500000000000000e+04
4.123890000000000000e+05
5.452060000000000000e+05
6.437390000000000000e+05
5.519990000000000000e+05
3.757420000000000000e+05
1.981400000000000000e+04
3.776300000000000000e+05
1.815901000000000000e+06
6.965800000000000000e+05
5.512960000000000000e+05
4.580200000000000000e+05
2.657400000000000000e+04
4.135470000000000000e+05
2.398330000000000000e+05
2.456980000000000000e+05
3.064140000000000000e+05
4.018640000000000000e+05
2.171800000000000000e+04
3.324060000000000000e+05
1.617379000000000000e+06
5.137580000000000000e+05
4.030720000000000000e+05
3.870890000000000000e+05
2.226700000000000000e+04
3.979740000000000000e+05
2.471650000000000000e+05
2.301060000000000000e+05
1.921050000000000000e+05
2.206190000000000000e+05
1.527500000000000000e+04
1.688530000000000000e+05
1.538881000000000000e+06
4.172950000000000000e+05
3.455090000000000000e+05
3.928710000000000000e+05
2.899300000000000000e+04
3.744070000000000000e+05
3.930220000000000000e+05
2.971350000000000000e+05
2.298570000000000000e+05
1.499130000000000000e+05
2.225000000000000000e+03
1.385540000000000000e+05
1.652275000000000000e+06
3.823690000000000000e+05
2.098240000000000000e+05
1.115470000000000000e+05
0.000000000000000000e+00
5.216100000000000000e+04
1.579050000000000000e+05
1.133470000000000000e+05
1.757740000000000000e+05
2.210500000000000000e+05
1.143700000000000000e+04
3.264940000000000000e+05
1.426508000000000000e+06
6.520790000000000000e+05
6.114420000000000000e+05
7.365700000000000000e+05
6.814700000000000000e+04
3.577590000000000000e+05
3.242650000000000000e+05
