9.488000000000000000e+05
9.439720000000000000e+05
7.014400000000000000e+04
1.023699000000000000e+06
1.927249000000000000e+06
1.054292000000000000e+06
6.044310000000000000e+05
5.474740000000000000e+05
2.409800000000000000e+04
4.211350000000000000e+05
3.608720000000000000e+05
6.224980000000000000e+05
2.892770000000000000e+05
1.650190000000000000e+05
1.600100000000000000e+04
1.361720000000000000e+05
1.521170000000000000e+06
5.095320000000000000e+05
3.532960000000000000e+05
4.926530000000000000e+05
2.033300000000000000e+04
4.865810000000000000e+05
5.168530000000000000e+05
7.657570000000000000e+05
5.807300000000000000e+05
4.744640000000000000e+05
3.015300000000000000e+04
4.229360000000000000e+05
1.731073000000000000e+06
5.541480000000000000e+05
4.134440000000000000e+05
2.237130000000000000e+05
1.271200000000000000e+04
1.279720000000000000e+05
7.094700000000000000e+04
4.831060000000000000e+05
8.311400000000000000e+04
1.176390000000000000e+05
2.836000000000000000e+03
1.116860000000000000e+05
1.214758000000000000e+06
3.282220000000000000e+05
1.595300000000000000e+05
2.122860000000000000e+05
1.493900000000000000e+04
2.143770000000000000e+05
2.024900000000000000e+05
4.826310000000000000e+05
2.019620000000000000e+05
1.356700000000000000e+05
2.509000000000000000e+03
3.755790000000000000e+05
1.925495000000000000e+06
1.471999000000000000e+06
1.612583000000000000e+06
1.944226000000000000e+06
1.557140000000000000e+05
2.095558000000000000e+06
2.231777000000000000e+06
2.630560000000000000e+06
2.540477000000000000e+06
2.343252000000000000e+06
1.898240000000000000e+05
2.005336000000000000e+06
3.154669000000000000e+06
1.907175000000000000e+06
1.476229000000000000e+06
1.669919000000000000e+06
1.609870000000000000e+05
2.352846000000000000e+06
2.002412000000000000e+06
1.349569000000000000e+06
1.448248000000000000e+06
1.669274000000000000e+06
1.287810000000000000e+05
2.165721000000000000e+06
3.533104000000000000e+06
2.721991000000000000e+06
2.690794000000000000e+06
2.589582000000000000e+06
1.849110000000000000e+05
2.494180000000000000e+06
2.213376000000000000e+06
2.089062000000000000e+06
1.581591000000000000e+06
1.322331000000000000e+06
1.026020000000000000e+05
1.031216000000000000e+06
2.279369000000000000e+06
6.653450000000000000e+05
3.261550000000000000e+05
3.947100000000000000e+05
3.629000000000000000e+04
4.566000000000000000e+05
4.776460000000000000e+05
7.921270000000000000e+05
2.599110000000000000e+05
1.277970000000000000e+05
6.341000000000000000e+03
2.069620000000000000e+05
1.550328000000000000e+06
5.324730000000000000e+05
2.317360000000000000e+05
4.581070000000000000e+05
1.624200000000000000e+04
8.772620000000000000e+05
1.138638000000000000e+06
1.379958000000000000e+06
7.450940000000000000e+05
1.098504000000000000e+06
6.910900000000000000e+04
8.391550000000000000e+05
1.689577000000000000e+06
7.056390000000000000e+05
7.405260000000000000e+05
8.739350000000000000e+05
6.245500000000000000e+04
8.767190000000000000e+05
9.348260000000000000e+05
1.003259000000000000e+06
8.425630000000000000e+05
6.058590000000000000e+05
3.380300000000000000e+04
4.489550000000000000e+05
1.746760000000000000e+06
6.308080000000000000e+05
3.094160000000000000e+05
1.803450000000000000e+05
7.841000000000000000e+03
1.890870000000000000e+05
3.079700000000000000e+05
5.956580000000000000e+05
1.956560000000000000e+05
1.132210000000000000e+05
0.000000000000000000e+00
7.464900000000000000e+04
1.376177000000000000e+06
3.128800000000000000e+05
1.313680000000000000e+05
4.927940000000000000e+05
2.824100000000000000e+04
1.235810000000000000e+06
1.974143000000000000e+06
2.548859000000000000e+06
2.749165000000000000e+06
2.430420000000000000e+06
2.002030000000000000e+05
1.857574000000000000e+06
2.949419000000000000e+06
