9.008560000000000000e+05
5.146620000000000000e+05
4.377800000000000000e+04
4.799760000000000000e+05
6.614490000000000000e+05
9.202520000000000000e+05
1.181564000000000000e+06
9.551670000000000000e+05
5.068000000000000000e+04
1.028090470000000000e+08
3.990970000000000000e+05
1.174692000000000000e+06
9.025740000000000000e+05
6.323190000000000000e+05
2.035700000000000000e+04
9.303340000000000000e+05
4.662350000000000000e+05
5.405970000000000000e+05
9.569980000000000000e+05
9.324790000000000000e+05
7.930000000000000000e+04
4.005674000000000000e+06
7.279260000000000000e+05
1.145657000000000000e+06
1.238767000000000000e+06
2.005090000000000000e+05
6.644000000000000000e+03
1.096818000000000000e+06
3.669020000000000000e+05
2.054010000000000000e+05
2.389440000000000000e+05
1.522990000000000000e+05
1.447400000000000000e+04
3.022599000000000000e+06
4.466460000000000000e+05
9.624350000000000000e+05
2.851060000000000000e+05
3.482730000000000000e+05
7.944000000000000000e+03
1.943360000000000000e+05
6.206400000000000000e+04
1.922210000000000000e+05
1.291440000000000000e+05
1.948220000000000000e+05
8.541000000000000000e+03
2.974783000000000000e+06
6.515880000000000000e+05
7.631290000000000000e+05
7.432310000000000000e+05
8.133520000000000000e+05
3.019900000000000000e+04
8.255990000000000000e+05
9.062310000000000000e+05
6.670750000000000000e+05
1.211446000000000000e+06
5.806610000000000000e+05
1.360500000000000000e+04
3.707380000000000000e+06
1.000111000000000000e+06
1.117216000000000000e+06
4.407710000000000000e+05
8.856210000000000000e+05
3.119900000000000000e+04
1.960630000000000000e+05
3.541960000000000000e+05
1.157990000000000000e+05
4.154110000000000000e+05
8.562210000000000000e+05
1.985200000000000000e+04
3.537912000000000000e+06
1.963534000000000000e+06
1.317319000000000000e+06
2.228240000000000000e+05
1.329024000000000000e+06
4.881100000000000000e+04
9.335870000000000000e+05
5.598510000000000000e+05
2.425190000000000000e+05
1.041010000000000000e+05
7.093090000000000000e+05
1.129900000000000000e+04
3.703013000000000000e+06
1.812355000000000000e+06
1.141314000000000000e+06
4.927010000000000000e+05
8.333820000000000000e+05
1.679400000000000000e+04
6.487780000000000000e+05
8.640920000000000000e+05
3.182050000000000000e+05
5.375270000000000000e+05
9.368270000000000000e+05
2.253100000000000000e+04
3.733190000000000000e+06
1.169466000000000000e+06
1.076487000000000000e+06
7.547170000000000000e+05
1.060831000000000000e+06
2.864100000000000000e+04
4.043910000000000000e+05
6.187940000000000000e+05
2.350970000000000000e+05
3.826180000000000000e+05
3.640620000000000000e+05
2.469400000000000000e+04
3.022998000000000000e+06
8.521960000000000000e+05
1.522316000000000000e+06
1.097050000000000000e+06
6.589900000000000000e+05
5.066400000000000000e+04
8.451660000000000000e+05
1.444132000000000000e+06
8.178880000000000000e+05
5.241000000000000000e+05
4.969740000000000000e+05
2.469300000000000000e+04
1.055295880000000000e+08
3.311500000000000000e+05
2.721190000000000000e+05
3.356310000000000000e+05
3.232640000000000000e+05
1.538700000000000000e+04
2.761610000000000000e+05
2.987580000000000000e+05
2.782970000000000000e+05
2.211240000000000000e+05
1.779340000000000000e+05
1.360000000000000000e+03
1.092044000000000000e+06
2.388290000000000000e+05
2.151110000000000000e+05
2.745640000000000000e+05
2.962080000000000000e+05
3.145300000000000000e+04
4.350970000000000000e+05
4.940980000000000000e+05
4.431550000000000000e+05
3.701420000000000000e+05
4.572770000000000000e+05
3.128200000000000000e+04
1.353677000000000000e+06
9.138480000000000000e+05
9.139000000000000000e+05
8.908800000000000000e+05
8.659200000000000000e+05
4.006100000000000000e+04
8.615820000000000000e+05
6.697430000000000000e+05
