3.926770000000000000e+05
2.511260000000000000e+05
1.831800000000000000e+04
1.274446000000000000e+06
5.765230000000000000e+05
4.952230000000000000e+05
5.771400000000000000e+05
6.093050000000000000e+05
3.254300000000000000e+04
6.856920000000000000e+05
7.451940000000000000e+05
8.332750000000000000e+05
7.530750000000000000e+05
6.710860000000000000e+05
2.193200000000000000e+04
1.442662000000000000e+06
7.308720000000000000e+05
6.117910000000000000e+05
4.508840000000000000e+05
4.314650000000000000e+05
1.827400000000000000e+04
3.810250000000000000e+05
5.693350000000000000e+05
7.060540000000000000e+05
5.711390000000000000e+05
5.803420000000000000e+05
2.869700000000000000e+04
1.358787000000000000e+06
5.085550000000000000e+05
3.927120000000000000e+05
4.473260000000000000e+05
4.361500000000000000e+05
2.139500000000000000e+04
5.050790000000000000e+05
6.644880000000000000e+05
7.772420000000000000e+05
6.695060000000000000e+05
5.526510000000000000e+05
2.720900000000000000e+04
1.239164000000000000e+06
3.935570000000000000e+05
1.914100000000000000e+05
2.579750000000000000e+05
2.836620000000000000e+05
1.474900000000000000e+04
2.244390000000000000e+05
2.154800000000000000e+05
4.614480000000000000e+05
1.926270000000000000e+05
3.264380000000000000e+05
9.521000000000000000e+03
1.068784000000000000e+06
4.017380000000000000e+05
3.033290000000000000e+05
3.056420000000000000e+05
3.711380000000000000e+05
1.116800000000000000e+04
3.826550000000000000e+05
5.410240000000000000e+05
8.060330000000000000e+05
7.470410000000000000e+05
8.199620000000000000e+05
2.947700000000000000e+04
1.629146000000000000e+06
1.063488000000000000e+06
9.838750000000000000e+05
9.237110000000000000e+05
8.611570000000000000e+05
5.970000000000000000e+04
7.905080000000000000e+05
1.119462000000000000e+06
1.207408000000000000e+06
1.067842000000000000e+06
7.827620000000000000e+05
5.682500000000000000e+04
1.410516000000000000e+06
6.243040000000000000e+05
4.301500000000000000e+05
3.853420000000000000e+05
6.130970000000000000e+05
5.146900000000000000e+04
6.710620000000000000e+05
7.427710000000000000e+05
9.445300000000000000e+05
1.530606000000000000e+06
2.149392000000000000e+06
6.489400000000000000e+04
2.828415000000000000e+06
2.093614000000000000e+06
1.717254000000000000e+06
1.251291000000000000e+06
1.892053000000000000e+06
1.005840000000000000e+05
1.943358000000000000e+06
1.760042000000000000e+06
1.438758000000000000e+06
8.417190000000000000e+05
6.660750000000000000e+05
3.439700000000000000e+04
1.453208000000000000e+06
7.939370000000000000e+05
1.421018000000000000e+06
1.788594000000000000e+06
1.865604000000000000e+06
8.609500000000000000e+04
1.337743000000000000e+06
1.365723000000000000e+06
1.714210000000000000e+06
1.567493000000000000e+06
1.365671000000000000e+06
6.102500000000000000e+04
1.610151000000000000e+06
6.452210000000000000e+05
4.659240000000000000e+05
4.576430000000000000e+05
4.132830000000000000e+05
3.019900000000000000e+04
4.116080000000000000e+05
4.753730000000000000e+05
6.285780000000000000e+05
5.737600000000000000e+05
6.295360000000000000e+05
4.168200000000000000e+04
1.510448000000000000e+06
1.137097000000000000e+06
1.263740000000000000e+06
1.398474000000000000e+06
1.512683000000000000e+06
1.198540000000000000e+05
1.370588000000000000e+06
1.657244000000000000e+06
2.034182000000000000e+06
2.039506000000000000e+06
1.881987000000000000e+06
1.123400000000000000e+05
2.389904000000000000e+06
1.562190000000000000e+06
1.347619000000000000e+06
1.424044000000000000e+06
1.462305000000000000e+06
8.088500000000000000e+04
1.063653000000000000e+06
7.704690000000000000e+05
8.561960000000000000e+05
5.007780000000000000e+05
6.008070000000000000e+05
4.050500000000000000e+04
1.435234000000000000e+06
9.092800000000000000e+05
