3.238148000000000000e+06
1.697986000000000000e+06
7.954000000000000000e+04
1.176676000000000000e+06
2.772502000000000000e+06
2.717231000000000000e+06
1.338870000000000000e+06
1.431495000000000000e+06
2.536000000000000000e+04
4.051027000000000000e+06
1.372296000000000000e+06
2.622598000000000000e+06
3.274377000000000000e+06
1.585700000000000000e+06
7.271200000000000000e+04
1.527034000000000000e+06
2.086854000000000000e+06
2.499534000000000000e+06
2.782080000000000000e+06
6.228110000000000000e+05
2.556800000000000000e+04
3.771190000000000000e+06
2.766201000000000000e+06
3.212040000000000000e+06
4.468523000000000000e+06
2.189417000000000000e+06
7.860300000000000000e+04
3.766211000000000000e+06
3.585946000000000000e+06
4.248385000000000000e+06
3.259211000000000000e+06
3.216060000000000000e+06
1.566660000000000000e+05
4.759010000000000000e+06
4.217705000000000000e+06
4.395712000000000000e+06
2.625595000000000000e+06
2.765482000000000000e+06
4.841700000000000000e+04
3.038630000000000000e+05
3.830294000000000000e+06
2.027142000000000000e+06
3.492853000000000000e+06
3.889071000000000000e+06
1.252440000000000000e+05
5.058936000000000000e+06
3.511817000000000000e+06
3.589001000000000000e+06
4.743162000000000000e+06
1.669031000000000000e+06
8.569200000000000000e+04
3.220043000000000000e+06
4.036035000000000000e+06
4.601059000000000000e+06
7.542244000000000000e+06
1.372456200000000000e+07
2.834590000000000000e+05
1.586532300000000000e+07
1.942892900000000000e+07
2.280965200000000000e+07
2.250209400000000000e+07
2.302516800000000000e+07
2.936280000000000000e+05
2.498589000000000000e+07
2.384970600000000000e+07
2.324909200000000000e+07
1.997486200000000000e+07
1.930606400000000000e+07
4.440100000000000000e+05
2.536070500000000000e+07
1.869224200000000000e+07
1.576399000000000000e+07
9.528897000000000000e+06
6.794155000000000000e+06
3.872930000000000000e+05
7.071423000000000000e+06
7.538783000000000000e+06
8.953467000000000000e+06
9.153422000000000000e+06
7.635575000000000000e+06
3.565140000000000000e+05
8.251250000000000000e+06
1.021906600000000000e+07
9.878556000000000000e+06
6.555681000000000000e+06
8.427982000000000000e+06
4.789240000000000000e+05
8.838159000000000000e+06
8.228894000000000000e+06
1.634455200000000000e+07
2.290677400000000000e+07
1.805796100000000000e+07
2.838520000000000000e+05
2.225197600000000000e+07
1.859032300000000000e+07
1.765607700000000000e+07
1.700166800000000000e+07
1.493305700000000000e+07
2.171600000000000000e+05
1.698954600000000000e+07
1.827256900000000000e+07
1.970779800000000000e+07
1.807214800000000000e+07
1.691089000000000000e+07
3.460480000000000000e+05
9.999726000000000000e+06
4.698648000000000000e+06
7.574129000000000000e+06
6.688400000000000000e+06
4.158122000000000000e+06
1.919500000000000000e+05
6.273894000000000000e+06
6.059495000000000000e+06
4.736039000000000000e+06
4.573356000000000000e+06
6.202548000000000000e+06
3.778520000000000000e+05
5.847954000000000000e+06
4.579781000000000000e+06
3.670518000000000000e+06
4.358758000000000000e+06
1.427468700000000000e+07
2.544910000000000000e+05
1.877814500000000000e+07
1.751895700000000000e+07
1.720076700000000000e+07
1.551159200000000000e+07
1.627792600000000000e+07
3.336300000000000000e+05
1.752115200000000000e+07
1.420967700000000000e+07
1.865465700000000000e+07
1.722340300000000000e+07
1.886560500000000000e+07
4.036780000000000000e+05
1.312081400000000000e+07
7.581099000000000000e+06
1.749319000000000000e+06
4.250434000000000000e+06
3.216486000000000000e+06
7.832300000000000000e+04
6.563150000000000000e+06
3.106943000000000000e+06
1.872779000000000000e+06
3.048047000000000000e+06
1.312199000000000000e+06
3.408900000000000000e+04
1.760874000000000000e+06
1.869941000000000000e+06
