1.896210800000000000e+07
2.025036700000000000e+07
2.794220000000000000e+05
2.177205000000000000e+07
1.808306400000000000e+07
1.757515900000000000e+07
1.960048600000000000e+07
1.765445700000000000e+07
2.914950000000000000e+05
1.857389700000000000e+07
1.922516700000000000e+07
1.394440100000000000e+07
7.320671000000000000e+06
8.860609000000000000e+06
3.960940000000000000e+05
9.753480000000000000e+06
4.226576000000000000e+06
3.075743000000000000e+06
6.922187000000000000e+06
9.567935000000000000e+06
5.146160000000000000e+05
1.174528900000000000e+07
7.259375000000000000e+06
3.783546000000000000e+06
5.121690000000000000e+06
4.745353000000000000e+06
1.845480000000000000e+05
8.115894000000000000e+06
8.178148000000000000e+06
6.928907000000000000e+06
5.165169000000000000e+06
4.200514000000000000e+06
1.631530000000000000e+05
4.949281000000000000e+06
1.814461000000000000e+06
2.592017000000000000e+06
9.819910000000000000e+05
6.763220000000000000e+05
3.982200000000000000e+04
6.433041000000000000e+06
1.216534000000000000e+06
1.650030000000000000e+06
2.582619000000000000e+06
2.200100000000000000e+05
1.413000000000000000e+04
1.194898000000000000e+06
1.306993870000000000e+08
1.318043000000000000e+06
9.863330000000000000e+05
8.709500000000000000e+05
4.315400000000000000e+04
8.878660000000000000e+05
9.376380000000000000e+05
8.946660000000000000e+05
9.072870000000000000e+05
7.885330000000000000e+05
4.560900000000000000e+04
8.049610000000000000e+05
3.171134000000000000e+06
1.285388000000000000e+06
8.123300000000000000e+05
9.071040000000000000e+05
4.130500000000000000e+04
8.707130000000000000e+05
9.874060000000000000e+05
9.613490000000000000e+05
1.001068000000000000e+06
9.368920000000000000e+05
6.321600000000000000e+04
9.519200000000000000e+05
3.142259000000000000e+06
1.219929000000000000e+06
8.354840000000000000e+05
8.531470000000000000e+05
2.461900000000000000e+04
7.897940000000000000e+05
9.146660000000000000e+05
8.099250000000000000e+05
9.014000000000000000e+05
7.984640000000000000e+05
3.971000000000000000e+04
8.942760000000000000e+05
3.120809000000000000e+06
1.295246000000000000e+06
7.804930000000000000e+05
8.326150000000000000e+05
4.721900000000000000e+04
8.461640000000000000e+05
9.109990000000000000e+05
9.568040000000000000e+05
9.549490000000000000e+05
9.919420000000000000e+05
3.946800000000000000e+04
1.021638000000000000e+06
3.235582000000000000e+06
1.283008000000000000e+06
8.379430000000000000e+05
1.034993000000000000e+06
4.164500000000000000e+04
1.035664000000000000e+06
1.023566000000000000e+06
1.128070000000000000e+06
1.380031000000000000e+06
1.316524000000000000e+06
4.875900000000000000e+04
1.236608000000000000e+06
3.408658000000000000e+06
1.391704000000000000e+06
1.064332000000000000e+06
1.074408000000000000e+06
4.054800000000000000e+04
9.633420000000000000e+05
1.100161000000000000e+06
9.893240000000000000e+05
1.185304000000000000e+06
9.970170000000000000e+05
5.444300000000000000e+04
1.033708000000000000e+06
3.377518000000000000e+06
1.251301000000000000e+06
7.479860000000000000e+05
7.574300000000000000e+05
3.313800000000000000e+04
7.584240000000000000e+05
9.500060000000000000e+05
8.524380000000000000e+05
8.806100000000000000e+05
8.481180000000000000e+05
4.994400000000000000e+04
7.624250000000000000e+05
3.088227000000000000e+06
9.963120000000000000e+05
5.942400000000000000e+05
6.938270000000000000e+05
2.762200000000000000e+04
6.677810000000000000e+05
6.674780000000000000e+05
5.130974300000000000e+07
3.276482000000000000e+06
3.212082000000000000e+06
3.608380000000000000e+05
3.806539000000000000e+06
7.945300000000000000e+06
3.297557000000000000e+06
3.434301000000000000e+06
3.931529000000000000e+06
6.957880000000000000e+05
4.230777000000000000e+06
3.808092000000000000e+06
