1.616798000000000000e+06
9.262908000000000000e+06
6.327710000000000000e+05
9.470737000000000000e+06
1.094089000000000000e+07
8.739443000000000000e+06
9.188354000000000000e+06
9.796499000000000000e+06
4.974510000000000000e+05
7.064749000000000000e+06
1.229116000000000000e+07
1.126155800000000000e+07
1.290225300000000000e+07
6.679180000000000000e+05
3.994800000000000000e+05
1.048257400000000000e+07
1.206926200000000000e+07
1.111804100000000000e+07
9.899800000000000000e+06
5.784560000000000000e+05
4.201910000000000000e+05
1.480824600000000000e+07
1.308390400000000000e+07
1.187434700000000000e+07
4.983740000000000000e+05
1.323057100000000000e+07
9.345200000000000000e+05
1.225008200000000000e+07
1.621498200000000000e+07
3.024088000000000000e+07
9.481177000000000000e+06
1.107964900000000000e+07
6.463250000000000000e+05
7.569083000000000000e+06
1.201645000000000000e+07
1.204447000000000000e+07
9.586767000000000000e+06
1.081533600000000000e+07
5.732530000000000000e+05
8.981972000000000000e+06
9.580215000000000000e+06
4.501260000000000000e+05
1.169828400000000000e+07
8.431010000000000000e+05
1.792200000000000000e+05
1.344031200000000000e+07
1.118589000000000000e+06
1.012622100000000000e+07
8.430676000000000000e+06
9.419993000000000000e+06
4.764600000000000000e+05
8.229133000000000000e+06
6.742190000000000000e+05
1.088991800000000000e+07
1.092854200000000000e+07
9.952118000000000000e+06
4.157060000000000000e+05
1.419103000000000000e+07
1.028642700000000000e+07
1.075466200000000000e+07
8.525522000000000000e+06
4.977310000000000000e+05
4.169360000000000000e+05
9.859736000000000000e+06
9.717731000000000000e+06
7.884970000000000000e+05
9.841159000000000000e+06
4.906020000000000000e+05
2.770680000000000000e+05
1.356009900000000000e+07
1.020011700000000000e+07
2.113286000000000000e+06
1.242604900000000000e+07
1.150327200000000000e+07
5.005680000000000000e+05
1.092437700000000000e+07
5.531700000000000000e+05
9.421562000000000000e+06
9.987903000000000000e+06
1.063045300000000000e+07
5.280510000000000000e+05
7.335458000000000000e+06
9.644068000000000000e+06
9.841218000000000000e+06
8.850914000000000000e+06
9.576832000000000000e+06
3.516250000000000000e+05
5.776740000000000000e+05
8.664255000000000000e+06
8.451778000000000000e+06
5.018040000000000000e+05
1.007693100000000000e+07
6.371700000000000000e+05
1.255123300000000000e+07
9.548717000000000000e+06
1.871115000000000000e+06
9.163830000000000000e+06
8.480221000000000000e+06
4.795150000000000000e+05
1.097135600000000000e+07
6.940540000000000000e+05
8.245264000000000000e+06
1.077832500000000000e+07
8.172931000000000000e+06
4.616130000000000000e+05
1.358408200000000000e+07
1.177296000000000000e+06
9.938130000000000000e+06
9.487335000000000000e+06
1.087531500000000000e+07
5.387200000000000000e+05
8.848777000000000000e+06
6.630771800000000000e+07
1.501830000000000000e+05
1.150880000000000000e+05
1.341250000000000000e+05
1.340000000000000000e+03
1.766960000000000000e+05
1.647030000000000000e+05
1.903620000000000000e+05
1.657610000000000000e+05
1.886780000000000000e+05
4.437000000000000000e+03
2.900950000000000000e+05
1.696667000000000000e+06
1.329165000000000000e+06
1.985644000000000000e+06
2.636271000000000000e+06
2.079990000000000000e+05
2.624687000000000000e+06
2.423271000000000000e+06
2.111144000000000000e+06
1.814674000000000000e+06
1.607644000000000000e+06
1.716940000000000000e+05
8.759930000000000000e+05
2.614074000000000000e+06
1.794337000000000000e+06
1.866076000000000000e+06
1.973657000000000000e+06
1.283790000000000000e+05
1.889918000000000000e+06
1.703088000000000000e+06
1.490465000000000000e+06
1.432433000000000000e+06
1.221855000000000000e+06
1.219860000000000000e+05
1.030635000000000000e+06
2.381082000000000000e+06
