7.568080000000000000e+05
5.165680000000000000e+05
4.474400000000000000e+04
2.844730000000000000e+05
3.088470000000000000e+05
4.705440000000000000e+05
5.501130000000000000e+05
4.845410000000000000e+05
3.159300000000000000e+04
2.191180000000000000e+05
1.468386000000000000e+06
5.844540000000000000e+05
1.677220000000000000e+05
1.621010000000000000e+05
1.349300000000000000e+04
1.075450000000000000e+05
1.013540000000000000e+05
9.229100000000000000e+04
6.549200000000000000e+04
4.062200000000000000e+04
0.000000000000000000e+00
5.748500000000000000e+04
1.158778000000000000e+06
4.847070000000000000e+05
8.399800000000000000e+04
1.029700000000000000e+05
5.745000000000000000e+03
1.189560000000000000e+05
7.015300000000000000e+04
1.464550000000000000e+05
3.571760000000000000e+05
5.678720000000000000e+05
4.702000000000000000e+04
3.583990000000000000e+05
1.625091000000000000e+06
7.557730000000000000e+05
3.869450000000000000e+05
4.136070000000000000e+05
2.833000000000000000e+03
4.388850000000000000e+05
4.764140000000000000e+05
5.113560000000000000e+05
6.026160000000000000e+05
4.419990000000000000e+05
3.365200000000000000e+04
3.490070000000000000e+05
1.548059000000000000e+06
6.000330000000000000e+05
1.265400000000000000e+05
1.763260000000000000e+05
3.421000000000000000e+03
2.642590000000000000e+05
3.909010000000000000e+05
4.729110000000000000e+05
5.807180000000000000e+05
4.131060000000000000e+05
3.844400000000000000e+04
2.759260000000000000e+05
1.430648000000000000e+06
7.223510000000000000e+05
3.056810000000000000e+05
2.217690000000000000e+05
2.773000000000000000e+03
1.434600000000000000e+05
1.862500000000000000e+05
2.684770000000000000e+05
2.393040000000000000e+05
1.781180000000000000e+05
4.970000000000000000e+03
8.979300000000000000e+04
1.251551000000000000e+06
4.748780000000000000e+05
1.545130000000000000e+05
3.921740000000000000e+05
2.826700000000000000e+04
8.953190000000000000e+05
1.564968000000000000e+06
2.489449000000000000e+06
3.161082000000000000e+06
3.374995000000000000e+06
2.066040000000000000e+05
3.311881000000000000e+06
4.039690000000000000e+06
3.054416000000000000e+06
2.524076000000000000e+06
2.008948000000000000e+06
1.730460000000000000e+05
1.494978000000000000e+06
1.245863000000000000e+06
1.060787000000000000e+06
9.726320000000000000e+05
9.639800000000000000e+05
1.349750000000000000e+05
1.069140000000000000e+06
2.455398000000000000e+06
1.560957000000000000e+06
1.428989000000000000e+06
1.739987000000000000e+06
1.362720000000000000e+05
2.189222000000000000e+06
2.538941000000000000e+06
2.520406000000000000e+06
2.078596000000000000e+06
2.178871000000000000e+06
2.093130000000000000e+05
2.501718000000000000e+06
3.888514000000000000e+06
3.169316000000000000e+06
3.011947000000000000e+06
2.896157000000000000e+06
1.468100000000000000e+05
2.392670000000000000e+06
2.025359000000000000e+06
1.834550000000000000e+06
1.423580000000000000e+06
1.311617000000000000e+06
1.185140000000000000e+05
1.152957000000000000e+06
2.281787000000000000e+06
1.150595000000000000e+06
6.301370000000000000e+05
4.266510000000000000e+05
2.178400000000000000e+04
3.960280000000000000e+05
5.681310000000000000e+05
5.335340000000000000e+05
6.378660000000000000e+05
6.420530000000000000e+05
4.036600000000000000e+04
7.150160000000000000e+05
1.847406000000000000e+06
1.112195000000000000e+06
7.685420000000000000e+05
7.932410000000000000e+05
3.532200000000000000e+04
6.468670000000000000e+05
5.450790000000000000e+05
4.057480000000000000e+05
2.779190000000000000e+05
1.957370000000000000e+05
6.844000000000000000e+03
1.117270000000000000e+05
1.536196000000000000e+06
6.153400000000000000e+05
2.621880000000000000e+05
2.481900000000000000e+05
2.406200000000000000e+04
1.871050000000000000e+05
2.554930000000000000e+05
