2.599280000000000000e+05
2.745600000000000000e+05
4.576000000000000000e+03
6.469900000000000000e+04
1.286009000000000000e+06
2.654000000000000000e+05
6.632200000000000000e+04
1.420290000000000000e+05
5.898000000000000000e+03
1.281170000000000000e+05
8.887000000000000000e+04
4.159560000000000000e+05
1.388820000000000000e+05
1.159050000000000000e+05
5.212000000000000000e+03
9.580300000000000000e+04
1.276453000000000000e+06
2.669980000000000000e+05
6.618700000000000000e+04
1.137780000000000000e+05
9.198000000000000000e+03
9.878300000000000000e+04
7.295800000000000000e+04
4.722960000000000000e+05
4.923990000000000000e+05
6.818060000000000000e+05
1.275500000000000000e+04
6.559640000000000000e+05
1.603464000000000000e+06
6.079810000000000000e+05
3.337210000000000000e+05
2.825510000000000000e+05
1.202700000000000000e+04
3.530240000000000000e+05
5.636460000000000000e+05
1.210514000000000000e+06
1.531610000000000000e+06
1.943664000000000000e+06
1.382570000000000000e+05
2.196651000000000000e+06
3.377525000000000000e+06
2.416161000000000000e+06
2.124029000000000000e+06
1.964758000000000000e+06
1.663090000000000000e+05
1.243413000000000000e+06
9.237440000000000000e+05
1.355213000000000000e+06
1.193418000000000000e+06
1.316508000000000000e+06
9.771100000000000000e+04
1.100456000000000000e+06
2.179240000000000000e+06
7.590760000000000000e+05
5.302560000000000000e+05
3.919230000000000000e+05
2.045600000000000000e+04
2.418310000000000000e+05
2.609670000000000000e+05
6.742820000000000000e+05
3.716050000000000000e+05
3.991500000000000000e+05
1.941900000000000000e+04
6.830720000000000000e+05
2.379192000000000000e+06
2.113973000000000000e+06
2.069987000000000000e+06
1.945576000000000000e+06
1.864630000000000000e+05
1.837213000000000000e+06
1.659600000000000000e+06
1.508622000000000000e+06
9.199730000000000000e+05
6.211900000000000000e+05
6.074600000000000000e+04
5.819610000000000000e+05
2.160339000000000000e+06
7.738470000000000000e+05
4.889160000000000000e+05
4.921210000000000000e+05
2.030800000000000000e+04
4.050600000000000000e+05
3.438830000000000000e+05
6.412980000000000000e+05
2.112230000000000000e+05
1.644030000000000000e+05
1.132400000000000000e+04
1.954640000000000000e+05
1.530524000000000000e+06
5.465050000000000000e+05
4.653040000000000000e+05
4.985300000000000000e+05
3.289100000000000000e+04
5.425400000000000000e+05
5.285310000000000000e+05
7.936840000000000000e+05
8.513250000000000000e+05
1.314464000000000000e+06
7.035600000000000000e+04
1.531872000000000000e+06
2.457365000000000000e+06
1.267171000000000000e+06
1.955908000000000000e+06
1.852285000000000000e+06
1.476050000000000000e+05
1.606059000000000000e+06
1.837243000000000000e+06
1.950944000000000000e+06
1.554408000000000000e+06
1.347160000000000000e+06
1.198890000000000000e+05
1.170549000000000000e+06
2.334041000000000000e+06
8.689420000000000000e+05
5.406600000000000000e+05
8.180170000000000000e+05
4.911800000000000000e+04
5.623570000000000000e+05
4.956750000000000000e+05
9.249200000000000000e+05
5.493200000000000000e+05
3.283740000000000000e+05
2.792000000000000000e+04
3.812990000000000000e+05
1.743719000000000000e+06
6.546420000000000000e+05
3.947540000000000000e+05
3.119420000000000000e+05
1.614600000000000000e+04
2.031020000000000000e+05
1.609110000000000000e+05
5.403160000000000000e+05
2.156960000000000000e+05
2.496530000000000000e+05
7.355000000000000000e+03
4.319290000000000000e+05
1.475609000000000000e+06
6.262050000000000000e+05
6.087940000000000000e+05
7.676360000000000000e+05
4.382200000000000000e+04
7.004900000000000000e+05
6.368130000000000000e+05
7.828860000000000000e+05
3.567350000000000000e+05
2.794240000000000000e+05
4.003300000000000000e+04
1.776460000000000000e+05
1.599675000000000000e+06
