3.337180000000000000e+05
3.276050000000000000e+05
2.800000000000000000e+04
2.545240000000000000e+05
2.536050000000000000e+05
2.178270000000000000e+05
2.051080000000000000e+05
2.181820000000000000e+05
1.708600000000000000e+04
1.336650000000000000e+05
1.357526000000000000e+06
5.087680000000000000e+05
6.407000000000000000e+04
9.752500000000000000e+04
4.560000000000000000e+02
6.577200000000000000e+04
7.569200000000000000e+04
9.612300000000000000e+04
7.176300000000000000e+04
5.786600000000000000e+04
2.331000000000000000e+03
8.325300000000000000e+04
1.188274000000000000e+06
4.648750000000000000e+05
3.806200000000000000e+04
6.506000000000000000e+04
1.268000000000000000e+03
8.753700000000000000e+04
1.056910000000000000e+05
6.809850000000000000e+05
9.370390000000000000e+05
9.185070000000000000e+05
3.961100000000000000e+04
7.368930000000000000e+05
1.645780000000000000e+06
8.224260000000000000e+05
5.214040000000000000e+05
4.827290000000000000e+05
3.880600000000000000e+04
3.994140000000000000e+05
4.362490000000000000e+05
3.629160000000000000e+05
3.352480000000000000e+05
3.191120000000000000e+05
2.476600000000000000e+04
3.926410000000000000e+05
1.676600000000000000e+06
8.319660000000000000e+05
4.835070000000000000e+05
5.552980000000000000e+05
2.619500000000000000e+04
4.811670000000000000e+05
5.636310000000000000e+05
6.359120000000000000e+05
7.202560000000000000e+05
7.073240000000000000e+05
4.498900000000000000e+04
7.375190000000000000e+05
1.891550000000000000e+06
9.662760000000000000e+05
5.737110000000000000e+05
5.508800000000000000e+05
4.690600000000000000e+04
4.870230000000000000e+05
3.140520000000000000e+05
2.604250000000000000e+05
2.931590000000000000e+05
2.244270000000000000e+05
1.390600000000000000e+04
1.563560000000000000e+05
1.399686000000000000e+06
4.827620000000000000e+05
9.761300000000000000e+04
8.124800000000000000e+04
5.938000000000000000e+03
7.572500000000000000e+04
8.898700000000000000e+04
9.326000000000000000e+04
1.226060000000000000e+05
1.923170000000000000e+05
8.846000000000000000e+03
5.334080000000000000e+05
1.822399000000000000e+06
1.945419000000000000e+06
2.336633000000000000e+06
2.834290000000000000e+06
1.841510000000000000e+05
2.782392000000000000e+06
2.359592000000000000e+06
1.414529000000000000e+06
2.068339000000000000e+06
2.566223000000000000e+06
1.671220000000000000e+05
2.931679000000000000e+06
3.892124000000000000e+06
2.670449000000000000e+06
1.917188000000000000e+06
1.491635000000000000e+06
1.150050000000000000e+05
1.362527000000000000e+06
1.398253000000000000e+06
8.987620000000000000e+05
6.139220000000000000e+05
6.787940000000000000e+05
4.257500000000000000e+04
4.950000000000000000e+05
1.889104000000000000e+06
8.637840000000000000e+05
5.413180000000000000e+05
4.040600000000000000e+05
1.542900000000000000e+04
2.838600000000000000e+05
2.298760000000000000e+05
1.420750000000000000e+05
2.073010000000000000e+05
1.774910000000000000e+05
4.682000000000000000e+03
1.103140000000000000e+05
1.813562000000000000e+06
1.234144000000000000e+06
1.643125000000000000e+06
1.704134000000000000e+06
1.214280000000000000e+05
1.513083000000000000e+06
1.601524000000000000e+06
1.552749000000000000e+06
1.773205000000000000e+06
1.671589000000000000e+06
5.520900000000000000e+04
1.758167000000000000e+06
1.918586000000000000e+06
1.300352000000000000e+06
1.648386000000000000e+06
1.705788000000000000e+06
0.000000000000000000e+00
4.506240000000000000e+05
7.971600000000000000e+04
6.574400000000000000e+04
1.333600000000000000e+05
2.114080000000000000e+05
2.318400000000000000e+04
2.862780000000000000e+05
1.700735000000000000e+06
2.612700000000000000e+05
3.708400000000000000e+04
5.998400000000000000e+04
8.387000000000000000e+03
3.355740000000000000e+05
8.736860000000000000e+05
