3.970070000000000000e+05
2.685770000000000000e+05
2.802700000000000000e+04
1.873740000000000000e+05
1.870410000000000000e+05
1.826250000000000000e+05
1.822300000000000000e+05
1.763950000000000000e+05
5.839000000000000000e+03
1.786810000000000000e+05
1.678020000000000000e+05
1.181061000000000000e+06
1.338010000000000000e+05
1.414310000000000000e+05
3.705100000000000000e+04
1.402790000000000000e+05
1.455640000000000000e+05
1.343720000000000000e+05
1.365740000000000000e+05
1.278680000000000000e+05
6.766800000000000000e+04
1.109650000000000000e+05
1.104480000000000000e+05
2.745010000000000000e+05
9.802700000000000000e+04
9.987000000000000000e+04
2.942000000000000000e+03
1.057260000000000000e+05
1.121660000000000000e+05
1.118560000000000000e+05
1.092000000000000000e+05
1.097920000000000000e+05
2.702000000000000000e+03
1.006650000000000000e+05
1.114160000000000000e+05
2.541920000000000000e+05
1.036220000000000000e+05
1.097960000000000000e+05
5.815000000000000000e+03
1.159050000000000000e+05
1.131360000000000000e+05
1.093230000000000000e+05
1.036420000000000000e+05
9.416500000000000000e+04
3.830600000000000000e+04
1.060140000000000000e+05
1.109680000000000000e+05
3.480150000000000000e+05
1.070090000000000000e+05
1.093280000000000000e+05
3.978000000000000000e+04
1.022840000000000000e+05
1.158910000000000000e+05
1.023520000000000000e+05
1.016360000000000000e+05
1.018850000000000000e+05
4.723900000000000000e+04
1.126630000000000000e+05
1.061790000000000000e+05
2.158200000000000000e+05
1.080870000000000000e+05
1.073520000000000000e+05
4.013700000000000000e+04
9.971800000000000000e+04
9.845000000000000000e+04
1.766110000000000000e+05
6.287010000000000000e+06
1.152158600000000000e+07
6.480610000000000000e+05
1.514285500000000000e+07
1.501495700000000000e+07
1.531210900000000000e+07
1.307984100000000000e+07
1.227845700000000000e+07
1.042860000000000000e+05
1.056845500000000000e+07
9.041561000000000000e+06
8.019215000000000000e+06
7.612554000000000000e+06
7.139290000000000000e+06
2.253010000000000000e+05
6.681097000000000000e+06
6.410435000000000000e+06
6.532846000000000000e+06
5.790152000000000000e+06
5.098003000000000000e+06
1.577250000000000000e+05
4.410162000000000000e+06
3.905592000000000000e+06
3.635588000000000000e+06
3.332764000000000000e+06
3.225002000000000000e+06
6.170500000000000000e+04
3.028387000000000000e+06
3.067783000000000000e+06
4.244284000000000000e+06
4.147972000000000000e+06
4.376664000000000000e+06
1.645428000000000000e+06
3.162291000000000000e+06
3.236074000000000000e+06
3.326975000000000000e+06
3.465624000000000000e+06
3.523169000000000000e+06
2.153870000000000000e+05
3.692359000000000000e+06
3.810087000000000000e+06
4.031101000000000000e+06
3.833341000000000000e+06
4.314791000000000000e+06
9.980800000000000000e+04
2.629253000000000000e+06
2.357870000000000000e+06
2.367613000000000000e+06
2.357221000000000000e+06
2.429627000000000000e+06
1.566390000000000000e+05
2.487862000000000000e+06
2.692737000000000000e+06
3.561549000000000000e+06
3.653953000000000000e+06
3.881020000000000000e+06
1.114460000000000000e+05
2.638955000000000000e+06
2.682547000000000000e+06
3.004716000000000000e+06
3.033217000000000000e+06
1.636190000000000000e+05
3.790500000000000000e+04
1.264606900000000000e+07
1.310520000000000000e+05
1.543051000000000000e+06
4.007530000000000000e+05
5.698920000000000000e+05
1.123340000000000000e+05
8.880190000000000000e+05
1.103925000000000000e+06
1.312445000000000000e+06
1.684284000000000000e+06
1.989442000000000000e+06
1.402250000000000000e+05
2.388414000000000000e+06
2.847166000000000000e+06
5.426415000000000000e+06
2.562030000000000000e+06
2.097272000000000000e+06
1.768360000000000000e+05
1.590203000000000000e+06
9.815120000000000000e+05
1.470911000000000000e+06
2.218526000000000000e+06
2.547700000000000000e+06
1.640270000000000000e+05
2.588526000000000000e+06
2.773284000000000000e+06
3.951833000000000000e+06
2.130622000000000000e+06
1.906987000000000000e+06
1.012230000000000000e+05
1.541997000000000000e+06
1.321256000000000000e+06
1.207555000000000000e+06
8.599620000000000000e+05
5.586970000000000000e+05
5.535400000000000000e+04
7.588190000000000000e+05
8.014760000000000000e+05
2.674836000000000000e+06
1.692017000000000000e+06
1.286280000000000000e+06
4.654200000000000000e+04
6.266880000000000000e+05
6.471790000000000000e+05
4.705640000000000000e+05
5.434560000000000000e+05
4.749370000000000000e+05
1.250340000000000000e+05
4.923320000000000000e+05
4.484920000000000000e+05
2.406941000000000000e+06
1.241005000000000000e+06
1.782782000000000000e+06
3.779000000000000000e+03
1.019110000000000000e+05
1.532380000000000000e+05
1.386510000000000000e+05
1.482870000000000000e+05
2.010290000000000000e+05
6.223000000000000000e+04
1.716080000000000000e+05
1.833100000000000000e+05
1.333072000000000000e+06
1.711360000000000000e+05
1.336700000000000000e+05
1.934000000000000000e+03
1.613800000000000000e+05
2.178470000000000000e+05
2.574730000000000000e+05
3.742620000000000000e+05
5.327530000000000000e+05
3.862200000000000000e+04
6.962270000000000000e+05
8.420760000000000000e+05
2.797374000000000000e+06
2.664066000000000000e+06
2.051674000000000000e+06
8.237100000000000000e+04
1.539954000000000000e+06
1.698825000000000000e+06
1.722816000000000000e+06
1.615076000000000000e+06
1.318130000000000000e+06
2.176800000000000000e+05
1.010933000000000000e+06
6.879220000000000000e+05
2.970719000000000000e+06
1.958109000000000000e+06
1.418774000000000000e+06
9.835600000000000000e+04
1.627832000000000000e+06
1.895930000000000000e+06
1.828539000000000000e+06
1.703975000000000000e+06
1.558888000000000000e+06
1.216760000000000000e+05
1.429271000000000000e+06
8.103850000000000000e+05
3.175300000000000000e+06
7.771670000000000000e+05
5.981800000000000000e+05
7.633700000000000000e+04
7.709600000000000000e+05
7.297000000000000000e+05
6.580630000000000000e+05
6.006620000000000000e+05
4.959280000000000000e+05
1.836700000000000000e+04
4.380110000000000000e+05
4.234650000000000000e+05
2.660779000000000000e+06
1.557440000000000000e+06
1.023652000000000000e+06
1.237600000000000000e+04
2.695490000000000000e+05
2.972480000000000000e+05
3.498820000000000000e+05
2.688150000000000000e+05
3.269500000000000000e+05
7.312800000000000000e+04
2.649540000000000000e+05
2.320780000000000000e+05
2.187196000000000000e+06
1.641623000000000000e+06
1.398818000000000000e+06
3.591000000000000000e+04
8.518060000000000000e+05
9.298420000000000000e+05
8.964140000000000000e+05
9.653010000000000000e+05
9.744240000000000000e+05
7.451900000000000000e+04
8.503440000000000000e+05
1.032625000000000000e+06
3.887569000000000000e+06
2.011806000000000000e+06
1.986156000000000000e+06
2.978354000000000000e+06
1.745981000000000000e+06
4.645570000000000000e+05
5.395410000000000000e+05
7.029120000000000000e+05
8.373280000000000000e+05
4.538600000000000000e+04
7.854730000000000000e+05
6.900890000000000000e+05
2.919245000000000000e+06
6.765290000000000000e+05
6.377600000000000000e+05
4.108400000000000000e+04
7.375950000000000000e+05
6.973770000000000000e+05
6.633700000000000000e+05
5.528220000000000000e+05
5.041010000000000000e+05
2.402500000000000000e+04
5.334310000000000000e+05
4.717550000000000000e+05
2.431326000000000000e+06
1.052122000000000000e+06
3.158950000000000000e+05
1.188000000000000000e+04
1.374580000000000000e+05
1.580720000000000000e+05
8.217600000000000000e+04
1.020520000000000000e+05
1.017890000000000000e+05
4.457800000000000000e+04
1.143940000000000000e+05
1.274960000000000000e+05
2.063778000000000000e+06
1.438128000000000000e+06
2.398435000000000000e+06
1.673766000000000000e+06
1.523750000000000000e+05
1.970020000000000000e+05
5.328200000000000000e+04
1.305890000000000000e+05
1.318980000000000000e+05
4.221000000000000000e+04
1.719350000000000000e+05
2.601840000000000000e+05
2.080232000000000000e+06
9.894970000000000000e+05
2.707910000000000000e+05
1.137900000000000000e+04
4.035090000000000000e+05
6.327810000000000000e+05
1.178067000000000000e+06
1.563378000000000000e+06
1.828556000000000000e+06
1.055630000000000000e+05
2.019876000000000000e+06
2.330009000000000000e+06
4.337826000000000000e+06
2.400109000000000000e+06
2.170147000000000000e+06
6.728800000000000000e+04
2.010719000000000000e+06
1.729006000000000000e+06
1.272992000000000000e+06
9.608510000000000000e+05
1.071501000000000000e+06
1.128770000000000000e+05
1.093307000000000000e+06
1.440831000000000000e+06
5.118180000000000000e+06
1.421268000000000000e+06
1.343205000000000000e+06
7.430100000000000000e+04
1.421283000000000000e+06
1.526859000000000000e+06
1.588823000000000000e+06
1.608388000000000000e+06
1.574099000000000000e+06
1.481550000000000000e+05
9.916930000000000000e+05
8.331350000000000000e+05
4.547017000000000000e+06
1.139599000000000000e+06
9.350060000000000000e+05
6.366400000000000000e+04
9.150820000000000000e+05
7.078303600000000000e+07
5.886900000000000000e+04
5.280000000000000000e+02
5.280000000000000000e+02
0.000000000000000000e+00
9.960000000000000000e+02
5.702000000000000000e+03
5.697000000000000000e+03
1.249400000000000000e+04
1.502280000000000000e+05
7.126880000000000000e+05
0.000000000000000000e+00
2.094128000000000000e+06
1.151127000000000000e+06
8.375000000000000000e+03
0.000000000000000000e+00
0.000000000000000000e+00
0.000000000000000000e+00
0.000000000000000000e+00
0.000000000000000000e+00
3.901000000000000000e+03
1.445000000000000000e+03
0.000000000000000000e+00
1.234000000000000000e+03
2.847360000000000000e+06
8.720610000000000000e+05
7.116030000000000000e+05
1.513472000000000000e+06
1.152000000000000000e+04
0.000000000000000000e+00
0.000000000000000000e+00
0.000000000000000000e+00
0.000000000000000000e+00
0.000000000000000000e+00
0.000000000000000000e+00
0.000000000000000000e+00
1.717657000000000000e+06
1.515600000000000000e+05
4.108000000000000000e+03
1.152000000000000000e+03
0.000000000000000000e+00
1.218100000000000000e+05
2.264817000000000000e+06
8.530522000000000000e+06
5.961773000000000000e+06
3.517040000000000000e+05
5.294100000000000000e+04
4.525725000000000000e+06
1.094400000000000000e+07
9.165300000000000000e+04
1.180165000000000000e+06
1.024090400000000000e+07
2.998400000000000000e+05
2.804719000000000000e+06
8.920961000000000000e+06
2.352980000000000000e+05
1.211118000000000000e+06
9.197214000000000000e+06
1.935480000000000000e+05
1.523006000000000000e+06
2.697379000000000000e+06
4.835854000000000000e+06
3.663847000000000000e+06
2.146860000000000000e+05
2.633100000000000000e+04
3.355600000000000000e+04
1.503900000000000000e+04
8.283000000000000000e+03
1.295000000000000000e+04
8.715000000000000000e+03
0.000000000000000000e+00
4.579000000000000000e+03
2.719047000000000000e+06
9.683100000000000000e+04
9.326000000000000000e+03
0.000000000000000000e+00
0.000000000000000000e+00
0.000000000000000000e+00
3.388000000000000000e+03
3.704000000000000000e+03
4.560000000000000000e+03
4.764000000000000000e+03
1.615500000000000000e+04
7.693000000000000000e+03
3.356466000000000000e+06
4.099200000000000000e+04
1.719000000000000000e+03
2.473000000000000000e+03
0.000000000000000000e+00
4.260000000000000000e+03
0.000000000000000000e+00
0.000000000000000000e+00
1.287000000000000000e+03
1.112900000000000000e+04
0.000000000000000000e+00
2.910000000000000000e+03
3.632958000000000000e+06
4.359000000000000000e+04
1.707000000000000000e+04
0.000000000000000000e+00
0.000000000000000000e+00
2.078000000000000000e+03
1.108900000000000000e+04
9.723000000000000000e+03
8.768000000000000000e+03
0.000000000000000000e+00
0.000000000000000000e+00
0.000000000000000000e+00
2.302820000000000000e+05
3.741300000000000000e+04
2.341000000000000000e+03
0.000000000000000000e+00
0.000000000000000000e+00
4.979000000000000000e+03
4.926000000000000000e+03
0.000000000000000000e+00
0.000000000000000000e+00
1.556900000000000000e+04
3.959000000000000000e+03
4.164000000000000000e+03
3.467284000000000000e+06
3.565800000000000000e+04
7.248000000000000000e+03
5.714000000000000000e+03
0.000000000000000000e+00
0.000000000000000000e+00
0.000000000000000000e+00
2.945000000000000000e+03
1.764000000000000000e+03
0.000000000000000000e+00
0.000000000000000000e+00
3.181000000000000000e+03
2.446110000000000000e+05
3.555700000000000000e+04
2.178000000000000000e+03
0.000000000000000000e+00
0.000000000000000000e+00
5.186000000000000000e+03
6.432000000000000000e+03
0.000000000000000000e+00
0.000000000000000000e+00
0.000000000000000000e+00
4.605000000000000000e+03
0.000000000000000000e+00
8.452400000000000000e+04
3.396700000000000000e+04
0.000000000000000000e+00
8.738176800000000000e+07
9.613300000000000000e+04
6.392180000000000000e+05
7.237520000000000000e+05
6.827610000000000000e+05
6.730270000000000000e+05
5.304030000000000000e+05
3.283700000000000000e+04
4.529460000000000000e+05
4.350270000000000000e+05
4.229280000000000000e+05
4.208630000000000000e+05
3.978204000000000000e+06
1.070080000000000000e+05
4.920720000000000000e+05
6.329780000000000000e+05
8.052170000000000000e+05
1.254301000000000000e+06
1.221811000000000000e+06
6.341900000000000000e+04
1.104857000000000000e+06
8.447490000000000000e+05
7.504750000000000000e+05
7.400940000000000000e+05
1.670546000000000000e+06
1.376470000000000000e+05
4.254010000000000000e+05
4.074880000000000000e+05
4.531940000000000000e+05
4.222820000000000000e+05
3.149620000000000000e+05
2.127000000000000000e+04
2.459110000000000000e+05
3.433660000000000000e+05
2.967790000000000000e+05
3.396530000000000000e+05
1.533006000000000000e+06
1.491800000000000000e+05
3.542100000000000000e+05
5.449530000000000000e+05
6.379700000000000000e+05
5.479110000000000000e+05
4.792520000000000000e+05
1.632700000000000000e+04
4.771200000000000000e+05
6.290550000000000000e+05
7.157620000000000000e+05
7.810950000000000000e+05
1.751710000000000000e+06
1.237700000000000000e+05
6.741840000000000000e+05
4.590360000000000000e+05
8.012980000000000000e+05
1.011049000000000000e+06
1.028060000000000000e+06
4.182200000000000000e+04
7.623000000000000000e+05
4.038990000000000000e+05
5.083320000000000000e+05
6.618390000000000000e+05
1.729750000000000000e+06
1.490010000000000000e+05
7.212710000000000000e+05
7.607440000000000000e+05
5.744550000000000000e+05
2.901120000000000000e+05
5.737790000000000000e+05
1.669300000000000000e+04
7.568320000000000000e+05
5.120060000000000000e+05
6.686940000000000000e+05
7.456500000000000000e+05
1.594004000000000000e+06
1.394640000000000000e+05
4.865320000000000000e+05
4.378300000000000000e+05
7.028850000000000000e+05
6.716360000000000000e+05
4.579560000000000000e+05
4.310300000000000000e+04
4.219630000000000000e+05
6.150070000000000000e+05
7.086680000000000000e+05
6.464240000000000000e+05
1.577730000000000000e+06
1.237670000000000000e+05
6.045200000000000000e+05
5.700530000000000000e+05
4.467580000000000000e+05
3.996030000000000000e+05
4.450510000000000000e+05
2.932800000000000000e+04
5.375790000000000000e+05
6.256410000000000000e+05
6.293010000000000000e+05
6.318570000000000000e+05
1.313104000000000000e+06
1.662430000000000000e+05
3.011000000000000000e+05
5.241630000000000000e+05
6.272090000000000000e+05
4.953680000000000000e+05
4.135770000000000000e+05
3.841100000000000000e+04
6.098220000000000000e+05
7.339320000000000000e+05
7.516050000000000000e+05
4.616730000000000000e+05
1.293398000000000000e+06
1.153350000000000000e+05
6.628830000000000000e+05
9.119450000000000000e+05
9.495260000000000000e+05
9.314950000000000000e+05
7.030070000000000000e+05
3.748900000000000000e+04
4.382520000000000000e+05
3.585810000000000000e+05
3.121310000000000000e+05
3.437650000000000000e+05
1.482791000000000000e+06
1.410190000000000000e+05
3.510710000000000000e+05
3.696170000000000000e+05
3.938830000000000000e+05
5.273920000000000000e+05
5.374210000000000000e+05
2.364600000000000000e+04
5.618990000000000000e+05
5.073110000000000000e+05
4.511680000000000000e+05
4.366240000000000000e+05
1.513053000000000000e+06
1.391920000000000000e+05
7.935350000000000000e+05
9.590020000000000000e+05
9.779220000000000000e+05
1.074312000000000000e+06
1.139381000000000000e+06
7.945400000000000000e+04
9.333710000000000000e+05
7.086850000000000000e+05
6.388780000000000000e+05
7.129000000000000000e+05
1.834159000000000000e+06
1.305880000000000000e+05
1.038358000000000000e+06
1.007211000000000000e+06
7.164620000000000000e+05
4.886890000000000000e+05
3.206100000000000000e+05
3.299900000000000000e+04
7.097300000000000000e+05
9.688540000000000000e+05
1.195169000000000000e+06
1.293974000000000000e+06
1.970731000000000000e+06
1.358260000000000000e+05
8.919380000000000000e+05
6.524230000000000000e+05
5.134310000000000000e+05
5.070970000000000000e+05
5.197120000000000000e+05
2.310600000000000000e+04
4.890170000000000000e+05
4.790730000000000000e+05
4.383400000000000000e+05
4.655940000000000000e+05
1.464398000000000000e+06
1.473020000000000000e+05
3.414680000000000000e+05
2.961420000000000000e+05
2.586440000000000000e+05
2.337760000000000000e+05
2.561700000000000000e+05
3.703400000000000000e+04
2.631050000000000000e+05
2.738310000000000000e+05
2.273200000000000000e+05
1.635410000000000000e+05
1.956305000000000000e+06
1.228650000000000000e+05
2.078510000000000000e+05
2.957990000000000000e+05
4.789120000000000000e+05
5.388960000000000000e+05
5.612620000000000000e+05
2.075400000000000000e+04
9.970474500000000000e+07
1.842348000000000000e+06
1.231470000000000000e+06
1.924125000000000000e+06
2.248226000000000000e+06
8.183500000000000000e+04
1.406205000000000000e+06
1.136176000000000000e+06
1.439313000000000000e+06
5.741400000000000000e+05
7.060070000000000000e+05
3.014000000000000000e+04
5.413475000000000000e+06
1.302449000000000000e+06
7.557030000000000000e+05
7.074630000000000000e+05
9.150520000000000000e+05
5.417700000000000000e+04
7.101120000000000000e+05
6.201160000000000000e+05
1.821232000000000000e+06
4.890550000000000000e+05
8.196330000000000000e+05
3.318800000000000000e+04
4.930252000000000000e+06
1.684455000000000000e+06
1.962410000000000000e+06
8.794260000000000000e+05
1.921612000000000000e+06
2.378600000000000000e+04
1.395156000000000000e+06
1.492381000000000000e+06
1.521200000000000000e+06
9.897010000000000000e+05
1.258418000000000000e+06
4.027300000000000000e+04
4.489768000000000000e+06
4.676460000000000000e+05
3.406710000000000000e+05
1.187717000000000000e+06
4.893630000000000000e+05
1.340600000000000000e+04
6.952510000000000000e+05
1.294928000000000000e+06
7.991830000000000000e+05
1.330984000000000000e+06
1.012627000000000000e+06
1.632800000000000000e+04
5.358300000000000000e+06
2.085558000000000000e+06
1.612436000000000000e+06
9.672810000000000000e+05
8.670270000000000000e+05
5.969100000000000000e+04
1.412448000000000000e+06
7.786500000000000000e+05
7.104560000000000000e+05
1.523651000000000000e+06
2.216574000000000000e+06
1.008470000000000000e+05
6.089402000000000000e+06
2.582832000000000000e+06
8.725350000000000000e+05
1.100465000000000000e+06
1.656972000000000000e+06
5.323400000000000000e+04
1.388577000000000000e+06
3.225063000000000000e+06
1.629220000000000000e+06
2.869831000000000000e+06
1.212935000000000000e+06
5.171000000000000000e+04
6.857498000000000000e+06
1.308567000000000000e+06
1.014655000000000000e+06
2.247201000000000000e+06
3.501435000000000000e+06
1.514100000000000000e+05
2.258320000000000000e+06
1.772016000000000000e+06
1.347479000000000000e+06
3.533541000000000000e+06
2.006903000000000000e+06
1.033350000000000000e+05
7.568832000000000000e+06
8.992271000000000000e+06
2.080270000000000000e+06
1.060342000000000000e+06
1.860024000000000000e+06
1.010060000000000000e+05
1.934253000000000000e+06
1.800417000000000000e+06
2.281979000000000000e+06
1.177886000000000000e+06
1.373920000000000000e+06
4.802600000000000000e+04
5.419089000000000000e+06
1.607338000000000000e+06
1.859162000000000000e+06
2.052423000000000000e+06
7.530190000000000000e+05
2.214200000000000000e+04
1.448615000000000000e+06
5.347620000000000000e+05
7.749360000000000000e+05
7.536450000000000000e+05
3.982160000000000000e+05
1.262500000000000000e+04
4.300568000000000000e+06
9.735577200000000000e+07
7.491030000000000000e+05
7.363450000000000000e+05
8.817590000000000000e+05
9.928400000000000000e+04
1.212983000000000000e+06
1.943045000000000000e+06
2.472996000000000000e+06
2.781068000000000000e+06
2.736741000000000000e+06
1.904860000000000000e+05
2.283810000000000000e+06
3.174655000000000000e+06
1.726241000000000000e+06
1.567609000000000000e+06
2.053057000000000000e+06
1.435880000000000000e+05
2.239624000000000000e+06
2.348814000000000000e+06
2.558038000000000000e+06
2.326012000000000000e+06
1.855870000000000000e+06
1.557710000000000000e+05
1.299848000000000000e+06
2.502053000000000000e+06
1.057050000000000000e+06
8.079770000000000000e+05
5.854690000000000000e+05
3.512400000000000000e+04
4.997650000000000000e+05
4.185340000000000000e+05
3.918140000000000000e+05
3.745090000000000000e+05
3.092440000000000000e+05
2.957700000000000000e+04
2.264730000000000000e+05
1.603592000000000000e+06
4.106690000000000000e+05
2.912280000000000000e+05
4.240480000000000000e+05
3.722500000000000000e+04
4.117250000000000000e+05
5.439520000000000000e+05
6.446370000000000000e+05
5.528880000000000000e+05
3.756780000000000000e+05
1.940900000000000000e+04
3.750240000000000000e+05
1.808767000000000000e+06
6.998510000000000000e+05
5.517780000000000000e+05
4.576140000000000000e+05
2.688700000000000000e+04
4.115200000000000000e+05
2.374790000000000000e+05
2.443570000000000000e+05
3.008300000000000000e+05
4.003420000000000000e+05
2.040400000000000000e+04
3.265070000000000000e+05
1.609151000000000000e+06
5.154570000000000000e+05
4.026320000000000000e+05
3.853970000000000000e+05
2.250700000000000000e+04
3.957830000000000000e+05
2.452630000000000000e+05
2.293720000000000000e+05
1.911430000000000000e+05
2.162960000000000000e+05
1.511100000000000000e+04
1.672550000000000000e+05
1.527731000000000000e+06
4.196710000000000000e+05
3.439720000000000000e+05
3.933110000000000000e+05
2.932400000000000000e+04
3.751670000000000000e+05
3.927860000000000000e+05
2.957890000000000000e+05
2.290340000000000000e+05
1.461880000000000000e+05
2.264000000000000000e+03
1.369770000000000000e+05
1.643140000000000000e+06
3.872030000000000000e+05
2.069840000000000000e+05
1.106230000000000000e+05
0.000000000000000000e+00
5.198900000000000000e+04
1.574720000000000000e+05
1.148280000000000000e+05
1.741960000000000000e+05
2.221970000000000000e+05
1.136300000000000000e+04
3.252390000000000000e+05
1.418278000000000000e+06
6.528560000000000000e+05
6.127000000000000000e+05
7.378350000000000000e+05
6.720800000000000000e+04
3.583580000000000000e+05
3.226700000000000000e+05
7.722380000000000000e+05
9.063370000000000000e+05
9.290660000000000000e+05
6.052600000000000000e+04
1.016474000000000000e+06
1.951824000000000000e+06
1.016814000000000000e+06
5.852150000000000000e+05
5.310770000000000000e+05
2.065500000000000000e+04
4.053810000000000000e+05
3.508180000000000000e+05
2.989760000000000000e+05
2.709710000000000000e+05
1.589980000000000000e+05
1.578300000000000000e+04
1.298100000000000000e+05
1.553134000000000000e+06
4.770940000000000000e+05
3.383050000000000000e+05
4.802800000000000000e+05
1.844300000000000000e+04
4.780600000000000000e+05
5.063190000000000000e+05
4.695090000000000000e+05
5.545890000000000000e+05
4.558150000000000000e+05
2.663100000000000000e+04
4.064990000000000000e+05
1.760132000000000000e+06
5.204160000000000000e+05
3.963920000000000000e+05
2.154880000000000000e+05
1.042000000000000000e+04
1.196530000000000000e+05
6.738400000000000000e+04
9.708300000000000000e+04
7.176100000000000000e+04
1.103230000000000000e+05
2.676000000000000000e+03
1.079020000000000000e+05
1.231913000000000000e+06
3.051990000000000000e+05
1.570820000000000000e+05
2.051240000000000000e+05
1.234800000000000000e+04
2.081240000000000000e+05
1.981190000000000000e+05
1.649120000000000000e+05
1.833440000000000000e+05
1.268540000000000000e+05
2.426000000000000000e+03
3.660500000000000000e+05
1.939660000000000000e+06
1.434302000000000000e+06
1.594200000000000000e+06
1.922333000000000000e+06
1.512610000000000000e+05
2.088253000000000000e+06
2.228587000000000000e+06
2.375105000000000000e+06
2.513724000000000000e+06
2.336232000000000000e+06
1.854080000000000000e+05
2.001426000000000000e+06
3.186391000000000000e+06
1.854526000000000000e+06
1.444884000000000000e+06
1.641602000000000000e+06
1.490610000000000000e+05
2.329469000000000000e+06
1.987190000000000000e+06
1.086046000000000000e+06
1.410779000000000000e+06
1.644616000000000000e+06
1.237140000000000000e+05
2.156258000000000000e+06
3.571417000000000000e+06
2.678930000000000000e+06
2.672721000000000000e+06
2.563436000000000000e+06
1.711030000000000000e+05
2.478617000000000000e+06
2.201313000000000000e+06
1.861137000000000000e+06
1.556500000000000000e+06
1.309048000000000000e+06
9.924900000000000000e+04
1.023127000000000000e+06
2.322772000000000000e+06
6.193310000000000000e+05
3.090230000000000000e+05
3.710770000000000000e+05
3.314400000000000000e+04
4.450120000000000000e+05
4.637170000000000000e+05
4.272130000000000000e+05
2.478540000000000000e+05
1.192080000000000000e+05
6.043000000000000000e+03
2.001660000000000000e+05
1.580941000000000000e+06
5.033720000000000000e+05
2.236560000000000000e+05
4.484130000000000000e+05
1.344700000000000000e+04
8.688490000000000000e+05
1.123148000000000000e+06
1.140278000000000000e+06
7.292980000000000000e+05
1.085222000000000000e+06
6.816900000000000000e+04
8.246850000000000000e+05
1.718101000000000000e+06
6.605910000000000000e+05
7.117790000000000000e+05
8.543430000000000000e+05
6.051600000000000000e+04
8.594040000000000000e+05
9.270620000000000000e+05
7.445970000000000000e+05
8.225420000000000000e+05
5.917200000000000000e+05
3.134900000000000000e+04
4.392820000000000000e+05
1.788855000000000000e+06
5.866540000000000000e+05
2.956610000000000000e+05
1.695610000000000000e+05
6.278000000000000000e+03
1.808180000000000000e+05
2.976150000000000000e+05
2.292050000000000000e+05
1.814360000000000000e+05
1.061440000000000000e+05
0.000000000000000000e+00
7.117600000000000000e+04
1.411405000000000000e+06
2.815610000000000000e+05
1.274350000000000000e+05
4.856230000000000000e+05
2.525300000000000000e+04
1.224640000000000000e+06
1.966072000000000000e+06
2.343466000000000000e+06
2.731305000000000000e+06
2.427824000000000000e+06
1.946190000000000000e+05
1.848540000000000000e+06
2.977812000000000000e+06
1.635600000000000000e+06
8.446480000000000000e+05
5.021460000000000000e+05
4.402100000000000000e+04
4.774980000000000000e+05
6.588840000000000000e+05
9.127810000000000000e+05
1.178738000000000000e+06
9.495110000000000000e+05
5.026900000000000000e+04
1.030408520000000000e+08
3.933890000000000000e+05
9.802590000000000000e+05
8.789980000000000000e+05
6.202160000000000000e+05
1.848500000000000000e+04
9.161280000000000000e+05
4.613360000000000000e+05
5.375730000000000000e+05
9.522890000000000000e+05
9.297550000000000000e+05
7.855300000000000000e+04
4.056684000000000000e+06
6.521880000000000000e+05
4.274150000000000000e+05
1.214639000000000000e+06
1.920020000000000000e+05
5.898000000000000000e+03
1.092682000000000000e+06
3.617300000000000000e+05
2.007150000000000000e+05
2.330290000000000000e+05
1.457420000000000000e+05
1.142700000000000000e+04
3.056017000000000000e+06
3.984340000000000000e+05
3.553480000000000000e+05
2.682660000000000000e+05
3.424350000000000000e+05
7.069000000000000000e+03
1.891920000000000000e+05
6.111500000000000000e+04
1.907190000000000000e+05
1.285610000000000000e+05
1.922910000000000000e+05
5.081000000000000000e+03
3.004930000000000000e+06
6.116620000000000000e+05
7.210600000000000000e+04
7.312780000000000000e+05
8.062860000000000000e+05
2.853700000000000000e+04
8.135360000000000000e+05
8.979470000000000000e+05
6.711970000000000000e+05
1.205015000000000000e+06
5.713110000000000000e+05
1.231500000000000000e+04
3.791801000000000000e+06
9.432450000000000000e+05
3.714730000000000000e+05
4.250160000000000000e+05
8.661690000000000000e+05
2.919900000000000000e+04
1.910860000000000000e+05
3.442750000000000000e+05
1.135830000000000000e+05
4.134440000000000000e+05
8.435660000000000000e+05
1.764000000000000000e+04
3.602512000000000000e+06
1.932359000000000000e+06
6.831150000000000000e+05
2.063390000000000000e+05
1.300646000000000000e+06
4.687300000000000000e+04
9.158980000000000000e+05
5.518530000000000000e+05
2.384700000000000000e+05
1.009230000000000000e+05
7.020370000000000000e+05
1.032300000000000000e+04
3.769658000000000000e+06
1.775429000000000000e+06
4.730100000000000000e+05
4.751470000000000000e+05
8.164510000000000000e+05
1.632500000000000000e+04
6.365010000000000000e+05
8.586510000000000000e+05
3.131730000000000000e+05
5.327830000000000000e+05
9.326620000000000000e+05
2.041100000000000000e+04
3.783521000000000000e+06
1.126037000000000000e+06
3.635330000000000000e+05
7.357230000000000000e+05
1.043956000000000000e+06
2.778300000000000000e+04
4.024590000000000000e+05
6.114340000000000000e+05
2.339450000000000000e+05
3.792600000000000000e+05
3.650380000000000000e+05
2.408600000000000000e+04
3.059708000000000000e+06
8.061950000000000000e+05
1.030951000000000000e+06
1.072590000000000000e+06
6.506500000000000000e+05
4.908600000000000000e+04
8.319170000000000000e+05
1.431139000000000000e+06
8.150460000000000000e+05
5.202710000000000000e+05
4.921580000000000000e+05
2.460100000000000000e+04
1.058007480000000000e+08
3.326790000000000000e+05
2.698870000000000000e+05
3.324790000000000000e+05
3.199370000000000000e+05
1.461600000000000000e+04
2.724840000000000000e+05
2.931190000000000000e+05
2.751350000000000000e+05
2.164610000000000000e+05
1.753710000000000000e+05
1.328000000000000000e+03
1.078509000000000000e+06
2.386070000000000000e+05
2.145080000000000000e+05
2.732000000000000000e+05
2.948320000000000000e+05
3.112900000000000000e+04
4.342770000000000000e+05
4.892810000000000000e+05
4.409020000000000000e+05
3.653910000000000000e+05
4.543540000000000000e+05
2.817200000000000000e+04
1.344501000000000000e+06
9.188230000000000000e+05
9.153500000000000000e+05
8.910880000000000000e+05
8.668710000000000000e+05
3.894800000000000000e+04
8.605750000000000000e+05
6.708220000000000000e+05
3.236250000000000000e+05
3.538380000000000000e+05
2.298510000000000000e+05
1.377000000000000000e+04
1.309491000000000000e+06
5.463460000000000000e+05
4.776510000000000000e+05
5.575310000000000000e+05
5.900520000000000000e+05
2.643400000000000000e+04
6.732580000000000000e+05
7.315070000000000000e+05
7.005000000000000000e+05
7.228770000000000000e+05
6.479670000000000000e+05
2.023200000000000000e+04
1.452158000000000000e+06
6.942100000000000000e+05
5.904040000000000000e+05
4.340510000000000000e+05
4.144480000000000000e+05
1.291900000000000000e+04
3.708600000000000000e+05
5.548660000000000000e+05
5.223350000000000000e+05
5.529090000000000000e+05
5.557500000000000000e+05
2.653500000000000000e+04
1.369750000000000000e+06
4.726180000000000000e+05
3.721040000000000000e+05
4.323540000000000000e+05
4.212630000000000000e+05
1.782500000000000000e+04
4.868650000000000000e+05
6.455770000000000000e+05
6.081820000000000000e+05
6.398080000000000000e+05
5.275410000000000000e+05
2.274100000000000000e+04
1.256189000000000000e+06
3.584280000000000000e+05
1.778210000000000000e+05
2.452720000000000000e+05
2.696130000000000000e+05
1.268300000000000000e+04
2.163950000000000000e+05
2.040760000000000000e+05
2.391210000000000000e+05
1.789030000000000000e+05
3.102500000000000000e+05
8.368000000000000000e+03
1.082427000000000000e+06
3.783190000000000000e+05
2.909210000000000000e+05
2.968280000000000000e+05
3.541220000000000000e+05
9.567000000000000000e+03
3.728140000000000000e+05
5.282440000000000000e+05
6.525440000000000000e+05
7.301080000000000000e+05
8.072440000000000000e+05
2.668100000000000000e+04
1.635703000000000000e+06
1.026136000000000000e+06
9.581440000000000000e+05
9.072460000000000000e+05
8.488270000000000000e+05
5.393600000000000000e+04
7.794660000000000000e+05
1.106078000000000000e+06
1.038944000000000000e+06
1.044799000000000000e+06
7.632910000000000000e+05
5.137000000000000000e+04
1.431138000000000000e+06
5.934090000000000000e+05
4.161610000000000000e+05
3.684150000000000000e+05
5.978760000000000000e+05
4.851900000000000000e+04
6.613310000000000000e+05
7.276200000000000000e+05
7.996700000000000000e+05
1.510953000000000000e+06
2.134599000000000000e+06
6.285400000000000000e+04
2.834351000000000000e+06
2.059862000000000000e+06
1.698288000000000000e+06
1.226018000000000000e+06
1.869512000000000000e+06
9.479600000000000000e+04
1.913488000000000000e+06
1.739107000000000000e+06
1.306245000000000000e+06
8.127890000000000000e+05
6.463150000000000000e+05
3.181200000000000000e+04
1.466768000000000000e+06
7.545630000000000000e+05
1.396719000000000000e+06
1.769683000000000000e+06
1.840426000000000000e+06
8.203300000000000000e+04
1.323581000000000000e+06
1.350510000000000000e+06
1.608760000000000000e+06
1.539374000000000000e+06
1.346988000000000000e+06
5.499900000000000000e+04
1.621880000000000000e+06
6.119920000000000000e+05
4.433740000000000000e+05
4.365200000000000000e+05
3.945000000000000000e+05
2.699000000000000000e+04
3.979510000000000000e+05
4.547040000000000000e+05
4.358770000000000000e+05
5.489600000000000000e+05
6.119980000000000000e+05
3.993500000000000000e+04
1.519802000000000000e+06
1.096043000000000000e+06
1.237597000000000000e+06
1.375125000000000000e+06
1.495321000000000000e+06
1.149280000000000000e+05
1.353625000000000000e+06
1.644062000000000000e+06
1.924935000000000000e+06
2.004593000000000000e+06
1.860455000000000000e+06
1.078090000000000000e+05
2.373122000000000000e+06
1.516532000000000000e+06
1.315142000000000000e+06
1.396322000000000000e+06
1.438492000000000000e+06
7.531300000000000000e+04
1.042678000000000000e+06
7.539330000000000000e+05
6.486850000000000000e+05
4.846900000000000000e+05
5.843000000000000000e+05
3.596900000000000000e+04
1.438870000000000000e+06
8.733240000000000000e+05
9.475980000000000000e+05
1.005680000000000000e+06
1.027373000000000000e+06
6.615500000000000000e+04
1.189190000000000000e+06
1.201020000000000000e+06
1.279674000000000000e+06
1.219224000000000000e+06
1.175245000000000000e+06
8.065800000000000000e+04
1.799558000000000000e+06
1.120432000000000000e+06
1.093039000000000000e+06
9.293700000000000000e+05
8.053950000000000000e+05
4.681200000000000000e+04
6.570710000000000000e+05
5.340670000000000000e+05
4.093130000000000000e+05
5.788670000000000000e+05
7.656640000000000000e+05
4.272800000000000000e+04
1.675548000000000000e+06
1.173137000000000000e+06
1.285760000000000000e+06
1.400040000000000000e+06
1.500226000000000000e+06
9.609000000000000000e+04
1.476285000000000000e+06
1.522643000000000000e+06
1.424374000000000000e+06
1.213164000000000000e+06
7.398370000000000000e+05
7.888000000000000000e+04
1.406710000000000000e+06
5.792700000000000000e+05
7.623250000000000000e+05
9.292580000000000000e+05
8.863550000000000000e+05
3.136700000000000000e+04
8.097350000000000000e+05
9.371000000000000000e+05
1.006932000000000000e+06
1.041913000000000000e+06
9.879900000000000000e+05
7.624900000000000000e+04
1.587363000000000000e+06
9.333270000000000000e+05
9.051190000000000000e+05
8.768050000000000000e+05
8.371050000000000000e+05
4.075300000000000000e+04
1.096278000000000000e+06
1.427313000000000000e+06
1.617505000000000000e+06
1.602883000000000000e+06
1.154046000000000000e+06
8.514200000000000000e+04
1.746347000000000000e+06
9.397520000000000000e+05
8.421350000000000000e+05
8.618120000000000000e+05
1.077216000000000000e+06
8.889600000000000000e+04
1.162626000000000000e+06
1.119573000000000000e+06
9.744970000000000000e+05
1.092927000000000000e+06
1.207758000000000000e+06
5.888500000000000000e+04
1.931691000000000000e+06
1.432613000000000000e+06
1.216641000000000000e+06
9.090650000000000000e+05
9.550460000000000000e+05
7.499300000000000000e+04
9.753680000000000000e+05
8.784040000000000000e+05
7.419190000000000000e+05
5.893970000000000000e+05
4.964510000000000000e+05
8.824000000000000000e+03
1.384420000000000000e+06
6.537550000000000000e+05
4.988880000000000000e+05
5.150360000000000000e+05
6.891630000000000000e+05
1.763700000000000000e+04
5.774110000000000000e+05
6.004180000000000000e+05
5.304540000000000000e+05
4.145610000000000000e+05
4.708880000000000000e+05
1.286700000000000000e+04
1.255670000000000000e+06
5.428650000000000000e+05
3.203230000000000000e+05
2.783560000000000000e+05
1.315150000000000000e+05
4.316000000000000000e+03
2.120490000000000000e+05
2.975960000000000000e+05
2.238240000000000000e+05
1.554160000000000000e+05
1.978130000000000000e+05
5.592000000000000000e+03
2.101701000000000000e+06
2.459368000000000000e+06
3.708075000000000000e+06
1.278893000000000000e+06
2.573740000000000000e+05
1.983700000000000000e+04
2.883000000000000000e+05
2.459950000000000000e+05
3.187870000000000000e+05
2.710180000000000000e+05
3.406950000000000000e+05
2.503200000000000000e+04
1.968078000000000000e+06
4.803910000000000000e+05
4.550060000000000000e+05
3.474410000000000000e+05
3.221700000000000000e+05
1.723500000000000000e+04
2.380070000000000000e+05
2.699710000000000000e+05
2.784060000000000000e+05
2.379700000000000000e+05
2.079490000000000000e+05
3.687000000000000000e+03
1.142655000000000000e+06
2.802700000000000000e+05
2.261050000000000000e+05
1.587780000000000000e+05
2.785320000000000000e+05
1.206700000000000000e+04
1.631350000000000000e+05
1.898140000000000000e+05
2.413410000000000000e+05
3.208320000000000000e+05
3.151140000000000000e+05
1.534500000000000000e+04
1.120652000000000000e+06
4.046370000000000000e+05
2.866680000000000000e+05
3.456380000000000000e+05
4.320290000000000000e+05
3.204600000000000000e+04
7.890788100000000000e+07
6.676783000000000000e+06
3.952464000000000000e+06
2.635504000000000000e+06
1.593030000000000000e+06
6.127200000000000000e+04
1.123532000000000000e+06
2.696857000000000000e+06
2.657114000000000000e+06
1.301870000000000000e+06
1.401891000000000000e+06
2.058500000000000000e+04
4.097365000000000000e+06
1.279330000000000000e+06
2.254597000000000000e+06
3.194904000000000000e+06
1.534409000000000000e+06
6.498500000000000000e+04
1.485005000000000000e+06
2.058969000000000000e+06
2.478471000000000000e+06
2.766430000000000000e+06
6.124490000000000000e+05
2.344200000000000000e+04
3.847494000000000000e+06
2.630377000000000000e+06
2.864252000000000000e+06
4.401269000000000000e+06
2.136125000000000000e+06
7.353100000000000000e+04
3.718108000000000000e+06
3.513788000000000000e+06
4.204179000000000000e+06
3.214257000000000000e+06
3.183695000000000000e+06
1.509750000000000000e+05
4.744894000000000000e+06
4.077496000000000000e+06
4.095962000000000000e+06
2.542908000000000000e+06
2.693373000000000000e+06
4.068000000000000000e+04
2.973970000000000000e+05
3.761941000000000000e+06
1.991632000000000000e+06
3.448710000000000000e+06
3.874356000000000000e+06
1.189590000000000000e+05
5.100387000000000000e+06
3.455698000000000000e+06
3.245571000000000000e+06
4.666066000000000000e+06
1.644696000000000000e+06
7.963200000000000000e+04
3.157797000000000000e+06
3.982376000000000000e+06
4.568078000000000000e+06
7.521963000000000000e+06
1.371326400000000000e+07
2.660760000000000000e+05
1.574440600000000000e+07
1.940178300000000000e+07
2.276429900000000000e+07
2.248215200000000000e+07
2.301206000000000000e+07
2.695510000000000000e+05
2.499426800000000000e+07
2.385469100000000000e+07
2.327718700000000000e+07
2.000248200000000000e+07
1.933649800000000000e+07
4.257740000000000000e+05
2.537752700000000000e+07
1.866797000000000000e+07
1.568473300000000000e+07
9.484880000000000000e+06
6.753010000000000000e+06
3.641100000000000000e+05
7.046732000000000000e+06
7.510649000000000000e+06
8.940207000000000000e+06
9.131785000000000000e+06
7.623405000000000000e+06
3.459990000000000000e+05
8.240611000000000000e+06
1.013903300000000000e+07
9.612827000000000000e+06
6.342873000000000000e+06
8.263119000000000000e+06
4.477110000000000000e+05
8.737641000000000000e+06
8.137322000000000000e+06
1.636521600000000000e+07
2.291485700000000000e+07
1.804610900000000000e+07
2.603690000000000000e+05
2.226573600000000000e+07
1.855734100000000000e+07
1.758094800000000000e+07
1.699331100000000000e+07
1.492429100000000000e+07
1.900210000000000000e+05
1.699877300000000000e+07
1.828921300000000000e+07
1.973200800000000000e+07
1.808422400000000000e+07
1.692557300000000000e+07
3.288560000000000000e+05
9.972085000000000000e+06
4.559379000000000000e+06
7.313387000000000000e+06
6.533047000000000000e+06
4.039411000000000000e+06
1.783150000000000000e+05
6.168821000000000000e+06
5.979210000000000000e+06
4.680955000000000000e+06
4.515091000000000000e+06
6.153529000000000000e+06
3.706900000000000000e+05
5.928528000000000000e+06
4.412322000000000000e+06
3.181113000000000000e+06
4.275427000000000000e+06
1.415749500000000000e+07
2.420020000000000000e+05
1.876333700000000000e+07
1.751285500000000000e+07
1.718608900000000000e+07
1.550114700000000000e+07
1.626315200000000000e+07
3.240990000000000000e+05
1.747810600000000000e+07
1.411586400000000000e+07
1.841194500000000000e+07
1.720019800000000000e+07
1.885881300000000000e+07
3.788990000000000000e+05
1.311602700000000000e+07
7.531667000000000000e+06
1.716566000000000000e+06
4.232192000000000000e+06
3.204684000000000000e+06
7.250100000000000000e+04
6.675984000000000000e+06
2.913852000000000000e+06
7.422880000000000000e+05
2.978889000000000000e+06
1.286815000000000000e+06
3.133100000000000000e+04
1.718989000000000000e+06
1.843281000000000000e+06
9.880911000000000000e+06
1.846851900000000000e+07
2.023953200000000000e+07
2.514450000000000000e+05
2.176969900000000000e+07
1.810302500000000000e+07
1.756486500000000000e+07
1.961537200000000000e+07
1.768752900000000000e+07
2.657360000000000000e+05
1.859442100000000000e+07
1.925326700000000000e+07
1.404246200000000000e+07
7.392258000000000000e+06
8.867650000000000000e+06
3.843660000000000000e+05
9.794272000000000000e+06
4.146296000000000000e+06
2.998282000000000000e+06
6.845637000000000000e+06
9.519914000000000000e+06
4.899580000000000000e+05
1.175178800000000000e+07
7.259769000000000000e+06
3.303752000000000000e+06
5.013165000000000000e+06
4.697062000000000000e+06
1.687050000000000000e+05
8.167365000000000000e+06
8.064367000000000000e+06
6.866783000000000000e+06
5.077021000000000000e+06
4.095811000000000000e+06
1.482410000000000000e+05
4.894094000000000000e+06
1.777301000000000000e+06
1.792777000000000000e+06
9.382260000000000000e+05
6.420940000000000000e+05
3.022700000000000000e+04
6.484212000000000000e+06
1.094320000000000000e+06
1.581639000000000000e+06
2.472317000000000000e+06
1.995930000000000000e+05
1.040400000000000000e+04
1.163722000000000000e+06
1.309338080000000000e+08
1.285162000000000000e+06
9.745820000000000000e+05
8.664820000000000000e+05
4.086500000000000000e+04
8.797240000000000000e+05
9.221310000000000000e+05
8.762410000000000000e+05
8.926790000000000000e+05
7.775800000000000000e+05
4.489100000000000000e+04
7.880800000000000000e+05
3.058864000000000000e+06
1.250256000000000000e+06
7.992000000000000000e+05
8.920240000000000000e+05
4.261800000000000000e+04
8.563910000000000000e+05
9.731480000000000000e+05
9.478820000000000000e+05
9.745640000000000000e+05
9.161630000000000000e+05
6.324300000000000000e+04
9.333860000000000000e+05
3.037760000000000000e+06
1.161019000000000000e+06
8.164150000000000000e+05
8.306890000000000000e+05
2.267000000000000000e+04
7.772550000000000000e+05
8.899420000000000000e+05
7.945640000000000000e+05
8.696700000000000000e+05
7.820180000000000000e+05
3.997100000000000000e+04
8.749500000000000000e+05
2.986061000000000000e+06
1.235078000000000000e+06
7.588720000000000000e+05
8.140160000000000000e+05
4.661300000000000000e+04
8.269220000000000000e+05
8.966420000000000000e+05
9.304770000000000000e+05
9.314120000000000000e+05
9.650990000000000000e+05
3.915600000000000000e+04
1.006253000000000000e+06
3.099932000000000000e+06
1.228186000000000000e+06
8.213400000000000000e+05
1.025652000000000000e+06
3.972400000000000000e+04
1.012418000000000000e+06
1.013061000000000000e+06
1.110184000000000000e+06
1.355825000000000000e+06
1.295508000000000000e+06
4.696600000000000000e+04
1.218051000000000000e+06
3.294692000000000000e+06
1.347968000000000000e+06
1.050823000000000000e+06
1.062381000000000000e+06
4.011700000000000000e+04
9.548530000000000000e+05
1.085394000000000000e+06
9.715560000000000000e+05
1.165718000000000000e+06
9.902420000000000000e+05
5.192700000000000000e+04
1.021626000000000000e+06
3.280255000000000000e+06
1.221782000000000000e+06
7.455840000000000000e+05
7.397790000000000000e+05
3.019900000000000000e+04
7.450380000000000000e+05
9.229540000000000000e+05
8.312840000000000000e+05
8.556050000000000000e+05
8.285250000000000000e+05
4.954100000000000000e+04
7.427750000000000000e+05
2.979319000000000000e+06
9.687460000000000000e+05
5.864670000000000000e+05
6.802730000000000000e+05
2.785900000000000000e+04
6.462390000000000000e+05
6.603380000000000000e+05
5.124088300000000000e+07
3.230238000000000000e+06
3.198843000000000000e+06
3.599510000000000000e+05
3.786805000000000000e+06
7.579799000000000000e+06
3.259282000000000000e+06
3.426515000000000000e+06
3.918862000000000000e+06
6.934090000000000000e+05
4.209899000000000000e+06
3.809196000000000000e+06
1.259452200000000000e+07
3.231521000000000000e+06
4.644385000000000000e+06
5.806510000000000000e+05
6.577514000000000000e+06
4.996462000000000000e+06
7.949805000000000000e+06
6.229189000000000000e+06
5.364150000000000000e+06
9.525140000000000000e+05
4.882181000000000000e+06
5.142466000000000000e+06
1.143327200000000000e+07
4.195247000000000000e+06
4.968875000000000000e+06
7.192340000000000000e+05
3.937250000000000000e+06
6.008008000000000000e+06
8.742999000000000000e+06
6.054411000000000000e+06
4.639308000000000000e+06
8.805060000000000000e+05
5.382627000000000000e+06
6.763248000000000000e+06
1.152790500000000000e+07
4.698766000000000000e+06
4.122606000000000000e+06
6.765450000000000000e+05
4.166727000000000000e+06
5.394413000000000000e+06
8.024612000000000000e+06
5.728927000000000000e+06
5.386497000000000000e+06
7.975490000000000000e+05
6.969933000000000000e+06
9.897760000000000000e+06
1.831488200000000000e+07
1.015490800000000000e+07
7.797075000000000000e+06
1.011982000000000000e+06
7.276043000000000000e+06
6.809474000000000000e+06
1.414035000000000000e+07
9.052552000000000000e+06
7.058647000000000000e+06
9.517900000000000000e+05
7.628008000000000000e+06
5.858586000000000000e+06
1.031357900000000000e+07
4.246580000000000000e+06
6.559325000000000000e+06
7.234230000000000000e+05
6.420943000000000000e+06
6.773888000000000000e+06
1.059278900000000000e+07
5.578011000000000000e+06
4.354529000000000000e+06
5.873510000000000000e+05
3.741700000000000000e+06
4.526366000000000000e+06
1.196421100000000000e+07
4.458101000000000000e+06
3.438203000000000000e+06
4.294860000000000000e+05
3.479868000000000000e+06
5.745599000000000000e+06
1.024278100000000000e+07
5.844013000000000000e+06
4.529741000000000000e+06
5.638220000000000000e+05
5.967074000000000000e+06
6.775536000000000000e+06
7.573518000000000000e+06
6.144058000000000000e+06
3.975491000000000000e+06
5.619110000000000000e+05
4.361243000000000000e+06
4.294691000000000000e+06
5.751700700000000000e+07
1.207081700000000000e+07
8.821060000000000000e+05
1.186920000000000000e+05
9.329770000000000000e+06
5.365425000000000000e+06
4.498090000000000000e+05
9.585080000000000000e+06
8.213850000000000000e+05
9.692200000000000000e+04
1.080479900000000000e+07
8.420140000000000000e+05
1.077503500000000000e+07
9.454370000000000000e+06
5.723268000000000000e+06
4.852510000000000000e+05
1.255737200000000000e+07
9.946280000000000000e+05
5.730909000000000000e+06
9.096887000000000000e+06
3.801701000000000000e+06
4.269380000000000000e+05
9.883478000000000000e+06
7.669990000000000000e+05
1.006908000000000000e+07
1.048181200000000000e+07
3.842650000000000000e+06
3.736970000000000000e+05
8.719309000000000000e+06
7.217160000000000000e+05
1.017666100000000000e+07
4.578848000000000000e+06
8.920256000000000000e+06
6.517480000000000000e+05
6.231288000000000000e+06
5.490200000000000000e+05
1.143837900000000000e+07
5.519544000000000000e+06
1.037564900000000000e+07
8.749570000000000000e+05
6.377777000000000000e+06
9.113613000000000000e+06
5.983776000000000000e+06
9.092230000000000000e+06
5.989872000000000000e+06
5.138930000000000000e+05
5.019753000000000000e+06
6.044829000000000000e+06
1.055270000000000000e+07
7.473073000000000000e+06
6.024540000000000000e+06
6.330410000000000000e+05
1.430740000000000000e+05
9.655783000000000000e+06
7.105871000000000000e+06
9.068557000000000000e+06
6.639736000000000000e+06
5.198300000000000000e+05
1.159570000000000000e+05
6.180091000000000000e+06
8.502736000000000000e+06
9.314343000000000000e+06
6.316230000000000000e+05
7.393400000000000000e+04
3.884970000000000000e+06
1.090265800000000000e+07
8.523670000000000000e+05
7.640282000000000000e+06
6.552700000000000000e+05
8.532100000000000000e+04
6.251072000000000000e+06
1.204736600000000000e+07
8.670666000000000000e+06
1.391615300000000000e+07
9.945500000000000000e+05
1.549590000000000000e+05
5.466941000000000000e+06
1.229140400000000000e+07
1.082671000000000000e+06
1.507899900000000000e+07
1.154016000000000000e+06
1.590060000000000000e+05
1.218058400000000000e+07
5.905054000000000000e+06
8.933527000000000000e+06
2.026424200000000000e+07
6.172203200000000000e+07
7.771470000000000000e+05
8.610400000000000000e+04
9.954804000000000000e+06
8.107340000000000000e+05
5.538925000000000000e+06
9.326422000000000000e+06
6.071730000000000000e+05
4.432307000000000000e+06
8.046855000000000000e+06
4.909220000000000000e+05
5.503733000000000000e+06
7.373773000000000000e+06
8.310960000000000000e+05
9.072063000000000000e+06
4.146555000000000000e+06
5.756073000000000000e+06
4.748823000000000000e+06
7.284326000000000000e+06
4.236640000000000000e+05
4.850921000000000000e+06
2.922460000000000000e+05
1.093146500000000000e+07
5.916400000000000000e+05
1.413154700000000000e+07
8.020690000000000000e+05
5.934600000000000000e+04
3.626002000000000000e+06
5.943933000000000000e+06
2.944260000000000000e+05
6.155159000000000000e+06
4.351720000000000000e+05
4.966959000000000000e+06
5.094430000000000000e+06
5.681998000000000000e+06
7.728583000000000000e+06
1.115239600000000000e+07
5.967990000000000000e+05
9.519941000000000000e+06
6.662350000000000000e+05
8.860486000000000000e+06
1.158667000000000000e+07
9.664231000000000000e+06
4.021640000000000000e+05
2.075000600000000000e+07
7.179150000000000000e+05
9.209445000000000000e+06
1.160624700000000000e+07
6.962230000000000000e+06
6.820400000000000000e+05
6.812428300000000000e+07
1.205198000000000000e+07
1.059578200000000000e+07
3.662550000000000000e+05
1.397947200000000000e+07
7.824810000000000000e+05
9.609540000000000000e+06
1.046618600000000000e+07
5.756900000000000000e+05
7.848055000000000000e+06
8.596145000000000000e+06
5.685870000000000000e+05
1.400246900000000000e+07
1.125359900000000000e+07
7.650430000000000000e+05
1.173506600000000000e+07
1.129377200000000000e+07
5.218300000000000000e+05
9.586550000000000000e+06
1.076559300000000000e+07
8.990118000000000000e+06
9.518322000000000000e+06
4.914710000000000000e+05
3.885340000000000000e+05
1.525572600000000000e+07
1.033645000000000000e+06
9.339831000000000000e+06
5.864470000000000000e+05
9.093316000000000000e+06
6.226740000000000000e+05
8.448233000000000000e+06
9.291877000000000000e+06
7.922335000000000000e+06
7.506530000000000000e+05
1.105971600000000000e+07
8.430200000000000000e+05
1.408034300000000000e+07
1.078110200000000000e+07
9.733479000000000000e+06
9.763455000000000000e+06
1.036820900000000000e+07
5.248370000000000000e+05
8.704001000000000000e+06
6.143330000000000000e+05
9.866304000000000000e+06
9.767772000000000000e+06
7.128430000000000000e+05
1.228720000000000000e+05
1.422658000000000000e+07
9.519520000000000000e+05
1.038357200000000000e+07
9.571059000000000000e+06
5.419340000000000000e+05
3.766280000000000000e+05
1.248971700000000000e+07
1.150838900000000000e+07
1.109282700000000000e+07
5.007410000000000000e+05
9.409378000000000000e+06
6.877600000000000000e+05
1.410147600000000000e+07
1.110577800000000000e+07
4.426250000000000000e+05
9.065286000000000000e+06
8.849397000000000000e+06
5.254850000000000000e+05
8.989932000000000000e+06
9.400239000000000000e+06
7.907830000000000000e+05
8.531876000000000000e+06
8.439409000000000000e+06
3.883670000000000000e+05
7.289878000000000000e+06
1.109961000000000000e+07
8.116722000000000000e+06
8.848999000000000000e+06
4.928480000000000000e+05
2.967420000000000000e+05
9.206120000000000000e+06
8.532891000000000000e+06
1.119491900000000000e+07
5.036200000000000000e+05
8.296891000000000000e+06
3.459260000000000000e+05
1.424939200000000000e+07
8.959495000000000000e+06
9.922356000000000000e+06
6.038520000000000000e+05
9.274060000000000000e+06
6.176570000000000000e+05
9.516663000000000000e+06
1.097313300000000000e+07
8.787862000000000000e+06
9.237025000000000000e+06
9.850509000000000000e+06
4.873320000000000000e+05
7.334623000000000000e+06
1.220343600000000000e+07
1.056869200000000000e+07
1.283264400000000000e+07
6.501670000000000000e+05
3.873400000000000000e+05
1.048713000000000000e+07
1.205776300000000000e+07
1.113940400000000000e+07
9.936470000000000000e+06
5.657770000000000000e+05
4.144460000000000000e+05
1.494290500000000000e+07
1.292412300000000000e+07
1.118444100000000000e+07
4.818920000000000000e+05
1.312541600000000000e+07
9.153210000000000000e+05
1.220736300000000000e+07
1.619102100000000000e+07
3.032099500000000000e+07
9.505227000000000000e+06
1.111246800000000000e+07
6.305610000000000000e+05
7.822042000000000000e+06
1.188078900000000000e+07
1.137758800000000000e+07
9.558734000000000000e+06
1.083930700000000000e+07
5.508270000000000000e+05
9.026046000000000000e+06
9.609079000000000000e+06
4.303660000000000000e+05
1.171218900000000000e+07
8.232740000000000000e+05
1.778710000000000000e+05
1.366880500000000000e+07
9.429340000000000000e+05
9.151141000000000000e+06
8.422086000000000000e+06
9.463311000000000000e+06
4.542110000000000000e+05
8.263432000000000000e+06
6.619410000000000000e+05
1.092730900000000000e+07
1.096564900000000000e+07
9.999914000000000000e+06
4.004660000000000000e+05
1.442698700000000000e+07
1.021640900000000000e+07
9.970722000000000000e+06
8.517220000000000000e+06
4.875690000000000000e+05
4.100230000000000000e+05
9.896164000000000000e+06
9.745768000000000000e+06
7.675310000000000000e+05
9.884716000000000000e+06
4.740440000000000000e+05
2.722120000000000000e+05
1.374197400000000000e+07
1.015616300000000000e+07
6.560650000000000000e+05
1.240055500000000000e+07
1.150921400000000000e+07
4.769730000000000000e+05
1.094620600000000000e+07
5.353240000000000000e+05
9.459652000000000000e+06
1.001965100000000000e+07
1.066296700000000000e+07
5.114380000000000000e+05
7.575647000000000000e+06
9.542408000000000000e+06
8.894842000000000000e+06
8.846830000000000000e+06
9.592845000000000000e+06
3.315520000000000000e+05
5.670320000000000000e+05
8.703976000000000000e+06
8.505223000000000000e+06
4.841450000000000000e+05
1.011316900000000000e+07
6.192540000000000000e+05
1.277300800000000000e+07
9.486143000000000000e+06
4.126010000000000000e+05
9.156959000000000000e+06
8.522983000000000000e+06
4.614340000000000000e+05
1.100371000000000000e+07
6.743560000000000000e+05
8.312098000000000000e+06
1.083406100000000000e+07
8.217977000000000000e+06
4.387070000000000000e+05
1.379229500000000000e+07
1.000968000000000000e+06
9.059532000000000000e+06
9.485977000000000000e+06
1.088926400000000000e+07
5.249110000000000000e+05
8.900490000000000000e+06
6.673579000000000000e+07
1.514160000000000000e+05
1.159970000000000000e+05
1.356820000000000000e+05
9.330000000000000000e+02
1.748140000000000000e+05
1.614390000000000000e+05
1.890310000000000000e+05
1.610670000000000000e+05
1.869100000000000000e+05
4.229000000000000000e+03
2.890700000000000000e+05
1.687044000000000000e+06
1.331606000000000000e+06
1.989401000000000000e+06
2.639481000000000000e+06
2.033910000000000000e+05
2.619210000000000000e+06
2.416173000000000000e+06
2.107069000000000000e+06
1.808137000000000000e+06
1.603414000000000000e+06
1.701920000000000000e+05
8.657440000000000000e+05
2.604974000000000000e+06
1.799644000000000000e+06
1.870657000000000000e+06
1.977376000000000000e+06
1.257480000000000000e+05
1.892595000000000000e+06
1.703545000000000000e+06
1.491401000000000000e+06
1.433872000000000000e+06
1.224168000000000000e+06
1.215700000000000000e+05
1.030724000000000000e+06
2.381382000000000000e+06
8.499050000000000000e+05
7.097030000000000000e+05
5.056810000000000000e+05
4.314600000000000000e+04
2.801310000000000000e+05
3.020070000000000000e+05
4.646700000000000000e+05
5.493610000000000000e+05
4.789910000000000000e+05
3.137900000000000000e+04
2.133800000000000000e+05
1.515617000000000000e+06
3.152000000000000000e+05
1.574170000000000000e+05
1.586390000000000000e+05
1.244900000000000000e+04
1.066740000000000000e+05
9.964400000000000000e+04
9.010900000000000000e+04
6.554700000000000000e+04
4.109200000000000000e+04
0.000000000000000000e+00
5.745800000000000000e+04
1.185991000000000000e+06
2.644240000000000000e+05
7.889000000000000000e+04
1.005310000000000000e+05
5.321000000000000000e+03
1.167730000000000000e+05
6.648200000000000000e+04
1.355000000000000000e+05
3.544220000000000000e+05
5.610380000000000000e+05
4.671500000000000000e+04
3.514760000000000000e+05
1.658532000000000000e+06
5.469590000000000000e+05
3.683850000000000000e+05
4.009000000000000000e+05
2.120000000000000000e+03
4.344130000000000000e+05
4.736900000000000000e+05
5.060980000000000000e+05
5.984380000000000000e+05
4.349510000000000000e+05
3.254700000000000000e+04
3.409940000000000000e+05
1.575580000000000000e+06
3.533470000000000000e+05
1.114320000000000000e+05
1.726330000000000000e+05
3.193000000000000000e+03
2.606390000000000000e+05
3.850420000000000000e+05
4.698360000000000000e+05
5.770880000000000000e+05
4.078170000000000000e+05
3.600000000000000000e+04
2.703700000000000000e+05
1.449843000000000000e+06
5.366640000000000000e+05
2.878920000000000000e+05
2.141400000000000000e+05
2.704000000000000000e+03
1.403620000000000000e+05
1.822360000000000000e+05
2.637800000000000000e+05
2.334230000000000000e+05
1.703440000000000000e+05
3.894000000000000000e+03
8.416700000000000000e+04
1.283950000000000000e+06
2.440750000000000000e+05
1.449720000000000000e+05
3.844140000000000000e+05
2.796300000000000000e+04
8.913220000000000000e+05
1.563017000000000000e+06
2.489143000000000000e+06
3.159447000000000000e+06
3.372092000000000000e+06
2.019210000000000000e+05
3.305639000000000000e+06
4.058858000000000000e+06
2.888955000000000000e+06
2.486915000000000000e+06
1.978585000000000000e+06
1.663560000000000000e+05
1.475697000000000000e+06
1.228688000000000000e+06
1.044873000000000000e+06
9.672680000000000000e+05
9.624690000000000000e+05
1.341280000000000000e+05
1.059497000000000000e+06
2.494691000000000000e+06
1.357079000000000000e+06
1.400915000000000000e+06
1.725299000000000000e+06
1.300810000000000000e+05
2.182600000000000000e+06
2.532902000000000000e+06
2.518017000000000000e+06
2.071124000000000000e+06
2.168169000000000000e+06
2.056490000000000000e+05
2.493280000000000000e+06
3.917421000000000000e+06
3.017322000000000000e+06
2.991558000000000000e+06
2.879080000000000000e+06
1.447890000000000000e+05
2.389100000000000000e+06
2.014327000000000000e+06
1.825638000000000000e+06
1.414948000000000000e+06
1.300113000000000000e+06
1.158660000000000000e+05
1.140325000000000000e+06
2.310392000000000000e+06
9.393520000000000000e+05
5.995280000000000000e+05
4.101190000000000000e+05
2.029000000000000000e+04
3.869710000000000000e+05
5.596870000000000000e+05
5.245250000000000000e+05
6.333820000000000000e+05
6.362830000000000000e+05
4.030800000000000000e+04
7.081990000000000000e+05
1.885732000000000000e+06
9.445760000000000000e+05
7.449560000000000000e+05
7.719650000000000000e+05
3.329500000000000000e+04
6.392240000000000000e+05
5.370690000000000000e+05
3.947710000000000000e+05
2.752630000000000000e+05
1.910900000000000000e+05
6.962000000000000000e+03
1.062010000000000000e+05
1.588809000000000000e+06
3.581910000000000000e+05
2.453190000000000000e+05
2.419130000000000000e+05
2.260500000000000000e+04
1.802970000000000000e+05
2.543210000000000000e+05
2.121680000000000000e+05
1.943470000000000000e+05
2.619700000000000000e+05
2.617000000000000000e+03
6.151800000000000000e+04
1.320042000000000000e+06
2.428140000000000000e+05
6.565000000000000000e+04
1.364290000000000000e+05
5.498000000000000000e+03
1.237330000000000000e+05
8.669800000000000000e+04
7.768800000000000000e+04
1.228770000000000000e+05
1.091240000000000000e+05
3.929000000000000000e+03
8.891100000000000000e+04
1.302049000000000000e+06
2.414330000000000000e+05
6.501200000000000000e+04
1.125450000000000000e+05
7.405000000000000000e+03
9.697700000000000000e+04
6.898400000000000000e+04
1.752270000000000000e+05
4.752470000000000000e+05
6.712800000000000000e+05
1.145800000000000000e+04
6.434700000000000000e+05
1.615228000000000000e+06
5.664170000000000000e+05
3.226890000000000000e+05
2.711530000000000000e+05
8.914000000000000000e+03
3.424170000000000000e+05
5.526370000000000000e+05
9.541420000000000000e+05
1.507991000000000000e+06
1.931978000000000000e+06
1.315960000000000000e+05
2.191780000000000000e+06
3.394966000000000000e+06
2.369505000000000000e+06
2.094084000000000000e+06
1.934127000000000000e+06
1.584360000000000000e+05
1.218953000000000000e+06
9.062380000000000000e+05
1.074967000000000000e+06
1.166302000000000000e+06
1.297471000000000000e+06
9.595100000000000000e+04
1.084071000000000000e+06
2.229988000000000000e+06
7.010630000000000000e+05
5.074590000000000000e+05
3.679920000000000000e+05
1.827400000000000000e+04
2.360800000000000000e+05
2.521790000000000000e+05
2.996420000000000000e+05
3.431370000000000000e+05
3.860430000000000000e+05
1.769000000000000000e+04
6.701700000000000000e+05
2.399549000000000000e+06
2.085454000000000000e+06
2.051461000000000000e+06
1.932032000000000000e+06
1.766300000000000000e+05
1.819320000000000000e+06
1.647147000000000000e+06
1.290542000000000000e+06
8.815850000000000000e+05
5.939160000000000000e+05
5.670300000000000000e+04
5.641550000000000000e+05
2.204487000000000000e+06
7.165840000000000000e+05
4.697560000000000000e+05
4.688010000000000000e+05
1.747200000000000000e+04
3.901000000000000000e+05
3.361940000000000000e+05
2.336080000000000000e+05
1.912550000000000000e+05
1.548270000000000000e+05
1.032900000000000000e+04
1.870390000000000000e+05
1.562589000000000000e+06
5.081820000000000000e+05
4.571990000000000000e+05
4.867110000000000000e+05
3.128000000000000000e+04
5.312920000000000000e+05
5.191600000000000000e+05
4.950740000000000000e+05
8.305130000000000000e+05
1.308066000000000000e+06
6.612100000000000000e+04
1.530393000000000000e+06
2.470660000000000000e+06
1.220327000000000000e+06
1.940720000000000000e+06
1.840002000000000000e+06
1.429760000000000000e+05
1.591079000000000000e+06
1.834764000000000000e+06
1.734542000000000000e+06
1.538907000000000000e+06
1.322144000000000000e+06
1.133100000000000000e+05
1.159826000000000000e+06
2.361828000000000000e+06
8.249460000000000000e+05
5.195640000000000000e+05
7.953410000000000000e+05
4.290200000000000000e+04
5.436570000000000000e+05
4.725500000000000000e+05
6.580660000000000000e+05
5.147870000000000000e+05
3.134310000000000000e+05
2.548600000000000000e+04
3.667830000000000000e+05
1.782076000000000000e+06
6.203520000000000000e+05
3.818130000000000000e+05
3.006150000000000000e+05
1.527300000000000000e+04
1.955100000000000000e+05
1.536710000000000000e+05
1.730840000000000000e+05
1.960920000000000000e+05
2.387860000000000000e+05
4.564000000000000000e+03
4.182670000000000000e+05
1.492431000000000000e+06
5.984630000000000000e+05
5.960380000000000000e+05
7.508500000000000000e+05
4.233100000000000000e+04
6.881810000000000000e+05
6.290850000000000000e+05
5.242190000000000000e+05
3.381730000000000000e+05
2.621960000000000000e+05
3.754600000000000000e+04
1.716050000000000000e+05
1.632874000000000000e+06
3.725730000000000000e+05
2.959070000000000000e+05
3.214280000000000000e+05
2.726000000000000000e+04
2.524400000000000000e+05
2.495210000000000000e+05
2.115180000000000000e+05
2.024090000000000000e+05
2.126910000000000000e+05
1.590400000000000000e+04
1.297480000000000000e+05
1.391422000000000000e+06
2.559650000000000000e+05
5.199500000000000000e+04
9.382700000000000000e+04
0.000000000000000000e+00
6.358600000000000000e+04
7.209100000000000000e+04
9.142300000000000000e+04
6.832600000000000000e+04
5.436500000000000000e+04
1.697000000000000000e+03
8.142000000000000000e+04
1.203004000000000000e+06
2.345420000000000000e+05
3.115600000000000000e+04
6.240000000000000000e+04
7.810000000000000000e+02
8.515900000000000000e+04
1.053190000000000000e+05
6.749000000000000000e+05
9.339080000000000000e+05
9.148080000000000000e+05
3.561400000000000000e+04
7.341740000000000000e+05
1.671153000000000000e+06
6.579370000000000000e+05
5.045680000000000000e+05
4.694080000000000000e+05
3.637100000000000000e+04
3.919410000000000000e+05
4.337380000000000000e+05
3.545970000000000000e+05
3.314070000000000000e+05
3.190240000000000000e+05
2.372800000000000000e+04
3.895700000000000000e+05
1.706485000000000000e+06
6.172720000000000000e+05
4.641810000000000000e+05
5.423320000000000000e+05
2.556700000000000000e+04
4.752060000000000000e+05
5.559020000000000000e+05
6.290350000000000000e+05
7.133770000000000000e+05
7.013570000000000000e+05
4.391200000000000000e+04
7.318780000000000000e+05
1.932444000000000000e+06
7.431310000000000000e+05
5.620720000000000000e+05
5.400640000000000000e+05
4.501900000000000000e+04
4.822790000000000000e+05
3.070490000000000000e+05
2.573220000000000000e+05
2.904970000000000000e+05
2.203680000000000000e+05
1.248900000000000000e+04
1.533220000000000000e+05
1.441317000000000000e+06
2.342970000000000000e+05
9.229000000000000000e+04
7.855400000000000000e+04
6.356000000000000000e+03
7.411300000000000000e+04
8.897900000000000000e+04
9.297500000000000000e+04
1.212380000000000000e+05
1.896430000000000000e+05
7.680000000000000000e+03
5.325680000000000000e+05
1.831998000000000000e+06
1.822519000000000000e+06
2.318410000000000000e+06
2.828738000000000000e+06
1.750140000000000000e+05
2.782201000000000000e+06
2.346516000000000000e+06
1.408313000000000000e+06
2.071398000000000000e+06
2.558939000000000000e+06
1.643050000000000000e+05
2.926605000000000000e+06
3.923225000000000000e+06
2.493106000000000000e+06
1.900788000000000000e+06
1.479109000000000000e+06
1.126770000000000000e+05
1.340711000000000000e+06
1.385284000000000000e+06
8.890630000000000000e+05
6.013230000000000000e+05
6.672910000000000000e+05
4.158200000000000000e+04
4.864280000000000000e+05
1.926509000000000000e+06
6.302750000000000000e+05
5.242050000000000000e+05
3.893000000000000000e+05
1.321900000000000000e+04
2.752390000000000000e+05
2.220300000000000000e+05
1.351440000000000000e+05
2.044400000000000000e+05
1.737940000000000000e+05
2.908000000000000000e+03
1.092090000000000000e+05
1.862184000000000000e+06
1.050958000000000000e+06
1.650678000000000000e+06
1.658991000000000000e+06
1.152770000000000000e+05
1.487885000000000000e+06
1.601020000000000000e+06
1.523691000000000000e+06
1.776819000000000000e+06
1.622701000000000000e+06
4.648200000000000000e+04
1.724015000000000000e+06
1.843058000000000000e+06
1.208885000000000000e+06
1.632209000000000000e+06
1.776099000000000000e+06
0.000000000000000000e+00
4.622720000000000000e+05
7.852800000000000000e+04
6.643200000000000000e+04
1.339600000000000000e+05
2.082720000000000000e+05
2.302400000000000000e+04
2.810270000000000000e+05
1.688899000000000000e+06
1.568960000000000000e+05
3.477100000000000000e+04
5.798000000000000000e+04
8.507000000000000000e+03
3.346800000000000000e+05
8.612230000000000000e+05
4.998980000000000000e+05
7.688650000000000000e+05
7.245270000000000000e+05
7.948100000000000000e+04
6.344580000000000000e+05
2.510276000000000000e+06
3.117080000000000000e+05
2.131400000000000000e+04
1.182470000000000000e+05
2.624900000000000000e+04
1.897730000000000000e+05
5.295800000000000000e+04
1.753500000000000000e+04
1.405000000000000000e+04
2.682000000000000000e+03
0.000000000000000000e+00
1.073100000000000000e+04
2.233844000000000000e+06
3.385150000000000000e+05
2.258700000000000000e+04
6.460000000000000000e+03
0.000000000000000000e+00
5.280000000000000000e+03
1.160100000000000000e+04
1.925700000000000000e+04
2.720400000000000000e+04
8.061000000000000000e+03
0.000000000000000000e+00
8.043000000000000000e+03
6.258900000000000000e+05
3.307520000000000000e+05
2.677600000000000000e+04
3.948000000000000000e+03
4.116000000000000000e+03
8.052000000000000000e+03
1.822200000000000000e+04
1.856400000000000000e+04
2.548200000000000000e+04
8.034000000000000000e+03
0.000000000000000000e+00
1.007400000000000000e+04
8.055550000000000000e+05
3.284290000000000000e+05
2.380500000000000000e+04
0.000000000000000000e+00
0.000000000000000000e+00
1.398300000000000000e+04
2.126800000000000000e+04
3.060000000000000000e+04
2.267400000000000000e+04
3.391200000000000000e+04
1.800000000000000000e+03
8.061000000000000000e+03
7.848830000000000000e+05
3.509610000000000000e+05
3.565700000000000000e+04
5.043000000000000000e+03
0.000000000000000000e+00
6.486000000000000000e+03
1.307700000000000000e+04
2.158500000000000000e+04
2.437200000000000000e+04
1.257900000000000000e+04
0.000000000000000000e+00
2.129400000000000000e+04
6.319030000000000000e+05
3.433060000000000000e+05
2.675500000000000000e+04
2.349000000000000000e+03
0.000000000000000000e+00
5.367000000000000000e+03
2.815300000000000000e+04
1.608900000000000000e+04
8.040000000000000000e+03
1.007100000000000000e+04
0.000000000000000000e+00
7.389000000000000000e+03
7.291390000000000000e+05
3.410400000000000000e+05
3.669000000000000000e+04
0.000000000000000000e+00
0.000000000000000000e+00
5.352000000000000000e+03
0.000000000000000000e+00
1.072800000000000000e+04
1.360200000000000000e+04
2.688000000000000000e+03
0.000000000000000000e+00
1.209600000000000000e+04
6.186370000000000000e+05
3.273970000000000000e+05
3.990400000000000000e+04
6.483000000000000000e+03
0.000000000000000000e+00
0.000000000000000000e+00
2.682000000000000000e+03
1.072500000000000000e+04
1.366800000000000000e+04
7.389000000000000000e+03
0.000000000000000000e+00
8.118000000000000000e+03
5.202840000000000000e+05
3.263070000000000000e+05
3.377700000000000000e+04
2.472000000000000000e+03
0.000000000000000000e+00
2.688000000000000000e+03
6.219000000000000000e+03
2.361000000000000000e+03
2.682000000000000000e+03
0.000000000000000000e+00
0.000000000000000000e+00
1.300500000000000000e+04
6.081440000000000000e+05
