5.795240000000000000e+05
1.980929000000000000e+06
1.597313000000000000e+06
1.427677000000000000e+06
1.566015000000000000e+06
1.361989000000000000e+06
4.993218000000000000e+06
9.088090000000000000e+05
8.835000000000000000e+04
1.502002200000000000e+07
1.465347100000000000e+07
2.948243900000000000e+07
2.290459400000000000e+07
4.090883000000000000e+06
6.822200000000000000e+04
5.479275000000000000e+06
5.114522000000000000e+06
5.098089000000000000e+06
5.260509000000000000e+06
2.366980000000000000e+05
9.254300000000000000e+04
2.561240000000000000e+05
1.355612000000000000e+06
6.195955000000000000e+06
2.029600000000000000e+06
2.453718000000000000e+06
2.251360000000000000e+05
2.946105000000000000e+06
3.611628000000000000e+06
4.011521000000000000e+06
4.329783000000000000e+06
4.887858000000000000e+06
3.458590000000000000e+05
5.540024000000000000e+06
6.496756000000000000e+06
9.172833000000000000e+06
8.080164000000000000e+06
9.192819000000000000e+06
3.353660000000000000e+05
1.026838700000000000e+07
1.155613100000000000e+07
1.343169800000000000e+07
1.548820900000000000e+07
1.778558900000000000e+07
4.635170000000000000e+05
2.038571000000000000e+07
2.326591100000000000e+07
2.684833200000000000e+07
2.857203700000000000e+07
3.195081700000000000e+07
6.328510000000000000e+05
3.639913300000000000e+07
3.990298900000000000e+07
4.508691600000000000e+07
4.721265300000000000e+07
5.124127000000000000e+07
1.175356000000000000e+06
5.657959200000000000e+07
5.865625700000000000e+07
5.815136700000000000e+07
5.943445000000000000e+07
6.436043200000000000e+07
5.493300000000000000e+05
6.599151600000000000e+07
7.018517900000000000e+07
1.263998100000000000e+07
2.686051000000000000e+06
2.674688000000000000e+06
9.840300000000000000e+04
2.363449000000000000e+06
2.319922000000000000e+06
2.470063000000000000e+06
1.985522000000000000e+06
1.805052000000000000e+06
9.495000000000000000e+04
1.637131000000000000e+06
3.905881000000000000e+06
1.730632000000000000e+06
1.118446000000000000e+06
9.543780000000000000e+05
5.977200000000000000e+04
6.358820000000000000e+05
4.566940000000000000e+05
1.106042000000000000e+06
5.392700000000000000e+05
7.495610000000000000e+05
3.881100000000000000e+04
9.393890000000000000e+05
3.179919000000000000e+06
1.172068000000000000e+06
8.358750000000000000e+05
8.414590000000000000e+05
4.199500000000000000e+04
1.012907000000000000e+06
1.241151000000000000e+06
1.639520000000000000e+06
1.108167000000000000e+06
9.230070000000000000e+05
5.431000000000000000e+04
8.640380000000000000e+05
2.992629000000000000e+06
8.780710000000000000e+05
5.345330000000000000e+05
6.812230000000000000e+05
5.752300000000000000e+04
5.834450000000000000e+05
6.488960000000000000e+05
1.118429000000000000e+06
8.438960000000000000e+05
8.199570000000000000e+05
2.941700000000000000e+04
8.090800000000000000e+05
2.847018000000000000e+06
8.311990000000000000e+05
5.404350000000000000e+05
5.759410000000000000e+05
2.628600000000000000e+04
6.447660000000000000e+05
8.404600000000000000e+05
1.367034000000000000e+06
9.848990000000000000e+05
8.537470000000000000e+05
6.922900000000000000e+04
7.429100000000000000e+05
3.041838000000000000e+06
9.395080000000000000e+05
6.670250000000000000e+05
6.786150000000000000e+05
5.001800000000000000e+04
5.656600000000000000e+05
4.890160000000000000e+05
8.952790000000000000e+05
3.098540000000000000e+05
4.125430000000000000e+05
1.648700000000000000e+04
2.450000000000000000e+05
2.606592000000000000e+06
5.565080000000000000e+05
1.805890000000000000e+05
2.521760000000000000e+05
2.364700000000000000e+04
2.320020000000000000e+05
2.637920000000000000e+05
7.078610000000000000e+05
2.360190000000000000e+05
3.338250000000000000e+05
1.631300000000000000e+04
6.224320000000000000e+05
2.246425000000000000e+06
