4.328947000000000000e+06
4.812416000000000000e+06
1.447250000000000000e+05
4.610490000000000000e+06
9.239159000000000000e+06
3.865721000000000000e+06
3.878784000000000000e+06
4.732459000000000000e+06
1.654130000000000000e+05
4.914386000000000000e+06
7.512625000000000000e+06
5.162849000000000000e+06
5.076102000000000000e+06
4.926048000000000000e+06
2.433770000000000000e+05
5.136001000000000000e+06
1.123933600000000000e+07
5.430367000000000000e+06
5.365455000000000000e+06
4.424981400000000000e+07
4.264430000000000000e+05
1.313933200000000000e+07
1.303485800000000000e+07
1.227283600000000000e+07
1.192309000000000000e+07
1.182998000000000000e+07
2.421030000000000000e+05
1.094672300000000000e+07
1.007841700000000000e+07
1.079806900000000000e+07
1.128700800000000000e+07
1.288133500000000000e+07
2.341050000000000000e+05
1.178370400000000000e+07
1.180761400000000000e+07
1.204424100000000000e+07
1.350908500000000000e+07
1.263606600000000000e+07
1.427370000000000000e+05
1.305908100000000000e+07
1.544692300000000000e+07
1.482760300000000000e+07
1.548715600000000000e+07
1.675353400000000000e+07
2.649940000000000000e+05
1.537867100000000000e+07
1.565592600000000000e+07
1.350210400000000000e+07
1.386296000000000000e+06
1.658512000000000000e+06
7.692600000000000000e+04
3.214294000000000000e+06
1.574091000000000000e+06
1.835445000000000000e+06
1.493938000000000000e+06
4.382771000000000000e+06
3.608010000000000000e+05
3.092242000000000000e+06
1.951170000000000000e+06
1.794324000000000000e+06
1.604607000000000000e+06
1.916994000000000000e+06
4.636700000000000000e+04
2.652163000000000000e+06
1.257513000000000000e+06
1.480623000000000000e+06
1.175317000000000000e+06
3.348464000000000000e+06
3.227530000000000000e+05
2.509223000000000000e+06
1.081273000000000000e+06
1.672264000000000000e+06
1.267768000000000000e+06
1.319593000000000000e+06
6.139900000000000000e+04
2.381681000000000000e+06
1.200533000000000000e+06
1.185480000000000000e+06
1.273119000000000000e+06
3.359044000000000000e+06
2.943110000000000000e+05
2.305950000000000000e+06
1.217230000000000000e+06
9.524210000000000000e+05
1.312661000000000000e+06
5.998510000000000000e+05
1.467200000000000000e+04
1.963974000000000000e+06
6.957090000000000000e+05
9.680670000000000000e+05
4.814780000000000000e+05
2.745764000000000000e+06
2.667720000000000000e+05
1.291248000000000000e+06
7.958930000000000000e+05
1.169795000000000000e+06
7.906200000000000000e+05
4.818274000000000000e+07
4.508430000000000000e+05
1.946918000000000000e+06
3.726513000000000000e+06
3.205019000000000000e+06
1.552611000000000000e+06
2.665356000000000000e+06
1.688720000000000000e+05
2.782430000000000000e+06
1.340061000000000000e+06
1.622859000000000000e+06
1.770071000000000000e+06
4.798381000000000000e+06
4.282260000000000000e+05
1.256828000000000000e+06
1.387068000000000000e+06
1.295221000000000000e+06
1.994509000000000000e+06
7.859940000000000000e+05
5.347400000000000000e+04
6.197880000000000000e+05
1.180098000000000000e+06
1.691944000000000000e+06
1.328972000000000000e+06
4.307876000000000000e+06
4.945340000000000000e+05
2.092662000000000000e+06
3.365773000000000000e+06
3.076656000000000000e+06
2.790565000000000000e+06
2.418020000000000000e+06
1.385370000000000000e+05
2.300147000000000000e+06
2.152979000000000000e+06
1.720321000000000000e+06
1.987009000000000000e+06
4.629706000000000000e+06
4.444620000000000000e+05
2.965520000000000000e+06
3.793718000000000000e+06
6.372070000000000000e+05
5.465180000000000000e+05
1.387844000000000000e+06
5.585600000000000000e+04
1.031749000000000000e+06
4.279920000000000000e+05
1.193200000000000000e+05
6.459830000000000000e+05
3.782923000000000000e+06
4.559300000000000000e+05
3.714890000000000000e+05
3.974730000000000000e+05
