3.167818000000000000e+06
8.212430000000000000e+05
3.603000000000000000e+04
3.845030000000000000e+05
7.847910000000000000e+05
4.056370000000000000e+05
5.960450000000000000e+05
8.519440000000000000e+05
3.691900000000000000e+04
1.125790000000000000e+06
1.140103000000000000e+06
1.503154000000000000e+06
3.974779000000000000e+06
8.953830000000000000e+05
2.563500000000000000e+04
4.495290000000000000e+05
2.188760000000000000e+06
3.638787000000000000e+06
3.962044000000000000e+06
3.630980000000000000e+06
1.697560000000000000e+05
4.482653000000000000e+06
4.610292000000000000e+06
2.824204000000000000e+06
4.246581000000000000e+06
8.687310000000000000e+05
7.341500000000000000e+04
5.224100000000000000e+05
1.567317000000000000e+06
1.176788000000000000e+06
2.708830000000000000e+05
6.338380000000000000e+05
4.010100000000000000e+04
6.867790000000000000e+05
1.054422000000000000e+06
2.414032000000000000e+06
4.563319000000000000e+06
2.932513000000000000e+06
1.507040000000000000e+05
2.995974000000000000e+06
3.374602000000000000e+06
4.545231000000000000e+06
8.296067000000000000e+06
9.744562000000000000e+06
8.836400000000000000e+04
6.557537000000000000e+06
1.207183700000000000e+07
1.476020000000000000e+07
1.390527400000000000e+07
8.810866000000000000e+06
6.616700000000000000e+04
4.265176000000000000e+06
5.359137000000000000e+06
5.567328000000000000e+06
5.373989000000000000e+06
6.780030000000000000e+06
2.242100000000000000e+05
8.556615000000000000e+06
1.037102600000000000e+07
1.087024000000000000e+07
1.252880900000000000e+07
9.346870000000000000e+06
6.962900000000000000e+04
7.856721000000000000e+06
6.680726000000000000e+06
5.348485000000000000e+06
3.847972000000000000e+06
3.468252000000000000e+06
1.126880000000000000e+05
3.019023000000000000e+06
2.942756000000000000e+06
2.812032000000000000e+06
6.136831000000000000e+06
3.748295000000000000e+06
1.542590000000000000e+05
3.213295000000000000e+06
4.403829000000000000e+06
4.779018000000000000e+06
5.138966000000000000e+06
5.515749000000000000e+06
1.440300000000000000e+05
4.859339000000000000e+06
4.215763000000000000e+06
5.194696000000000000e+06
7.088948000000000000e+06
5.563841000000000000e+06
1.351190000000000000e+05
5.221039000000000000e+06
4.622659000000000000e+06
4.541792000000000000e+06
3.941845000000000000e+06
3.835543000000000000e+06
1.828870000000000000e+05
2.686859000000000000e+06
2.477951000000000000e+06
2.758815000000000000e+06
5.170947000000000000e+06
2.105398000000000000e+06
1.240550000000000000e+05
2.165171000000000000e+06
2.150638000000000000e+06
2.000063000000000000e+06
2.369172000000000000e+06
2.042896000000000000e+06
8.047300000000000000e+04
1.743330000000000000e+06
2.420505000000000000e+06
3.190894000000000000e+06
4.701544000000000000e+06
2.726714000000000000e+06
1.200890000000000000e+05
2.525651000000000000e+06
2.901412000000000000e+06
2.596623000000000000e+06
3.207801000000000000e+06
3.060754000000000000e+06
1.341950000000000000e+05
2.561986000000000000e+06
2.135089000000000000e+06
2.327214000000000000e+06
4.621425000000000000e+06
1.890141000000000000e+06
9.120000000000000000e+04
4.925817300000000000e+07
7.836582000000000000e+06
1.742778000000000000e+06
9.372580000000000000e+05
1.030974000000000000e+06
5.625900000000000000e+04
9.060230000000000000e+05
8.842500000000000000e+05
1.698434000000000000e+06
7.408219000000000000e+06
2.327540000000000000e+06
2.426280000000000000e+05
4.518070000000000000e+06
6.323330000000000000e+05
5.234880000000000000e+05
6.193310000000000000e+05
7.533500000000000000e+05
1.779000000000000000e+04
9.300000000000000000e+05
1.204723000000000000e+06
1.868919000000000000e+06
8.272723000000000000e+06
3.572742000000000000e+06
2.780380000000000000e+05
5.810548000000000000e+06
3.159516000000000000e+06
