2.300111000000000000e+06
1.243143000000000000e+06
8.914500000000000000e+04
1.657317000000000000e+06
1.696722000000000000e+06
1.467750000000000000e+06
8.902215000000000000e+06
3.257007000000000000e+06
2.996990000000000000e+05
5.342814000000000000e+06
2.406351000000000000e+06
3.033885000000000000e+06
2.299751000000000000e+06
1.863267000000000000e+06
1.541170000000000000e+05
1.851324000000000000e+06
2.418698000000000000e+06
1.058630200000000000e+07
2.292662000000000000e+06
2.321137000000000000e+06
8.705100000000000000e+04
5.391874000000000000e+06
2.012986000000000000e+06
3.277110000000000000e+06
1.034192000000000000e+07
4.325765000000000000e+06
2.491340000000000000e+05
1.335265000000000000e+06
1.967905000000000000e+06
1.820126000000000000e+06
1.884986000000000000e+06
1.641615000000000000e+06
9.637400000000000000e+04
4.978105000000000000e+06
6.841669000000000000e+06
3.677809000000000000e+06
1.819468000000000000e+06
1.372599000000000000e+06
9.111800000000000000e+04
8.162410000000000000e+05
6.483078000000000000e+06
2.369794000000000000e+06
1.530344000000000000e+06
1.497975000000000000e+06
7.357100000000000000e+04
5.344336000000000000e+06
2.241159000000000000e+06
6.187227000000000000e+06
8.834950000000000000e+06
2.461515000000000000e+06
2.296190000000000000e+05
2.370560000000000000e+06
1.218321000000000000e+06
1.140808000000000000e+06
6.022120000000000000e+05
3.679880000000000000e+05
4.641000000000000000e+03
4.914294000000000000e+06
5.374372000000000000e+06
3.741050000000000000e+06
9.845080000000000000e+05
1.434432000000000000e+06
7.393300000000000000e+04
1.511785000000000000e+06
4.931202000000000000e+06
3.736339000000000000e+06
4.892261000000000000e+06
6.337301000000000000e+06
1.699310000000000000e+05
7.530275000000000000e+06
2.178340000000000000e+06
4.695032000000000000e+06
4.565581000000000000e+06
3.820788000000000000e+06
1.772380000000000000e+05
3.524000000000000000e+06
7.611576000000000000e+06
4.147646000000000000e+06
3.024466000000000000e+06
3.001454000000000000e+06
1.072990000000000000e+05
5.796386000000000000e+06
3.248145000000000000e+06
3.706763000000000000e+06
2.615636000000000000e+06
6.434264000000000000e+06
2.353540000000000000e+05
2.606832000000000000e+06
1.937880000000000000e+06
1.810284000000000000e+06
1.551601000000000000e+06
1.641266000000000000e+06
7.883000000000000000e+04
4.494457000000000000e+06
3.924220000000000000e+06
1.883817000000000000e+06
6.325000000000000000e+05
1.877636000000000000e+06
6.656500000000000000e+04
5.329705000000000000e+06
4.305321000000000000e+06
1.594811000000000000e+06
1.477913000000000000e+06
1.277758000000000000e+06
7.240500000000000000e+04
4.475520000000000000e+06
1.160744000000000000e+06
6.985628900000000000e+07
1.109708200000000000e+07
1.426714900000000000e+07
4.384670000000000000e+05
6.319261000000000000e+06
6.641509000000000000e+06
6.643043000000000000e+06
7.358448000000000000e+06
1.106281100000000000e+07
3.795030000000000000e+05
1.122949000000000000e+07
9.932470000000000000e+06
1.031872900000000000e+07
5.373148000000000000e+06
1.446364000000000000e+07
4.826080000000000000e+05
9.152512000000000000e+06
8.727074000000000000e+06
5.456969000000000000e+06
6.673698000000000000e+06
8.870437000000000000e+06
5.484170000000000000e+05
1.661310300000000000e+07
8.826779000000000000e+06
1.013532500000000000e+07
1.038766400000000000e+07
1.073434100000000000e+07
6.075250000000000000e+05
1.638240100000000000e+07
1.036816400000000000e+07
8.547637000000000000e+06
9.989687000000000000e+06
8.109496000000000000e+06
4.913880000000000000e+05
1.503333200000000000e+07
1.325963700000000000e+07
1.236523500000000000e+07
6.793520000000000000e+06
8.270005000000000000e+06
4.612740000000000000e+05
1.169241200000000000e+07
7.553964000000000000e+06
