5.145874000000000000e+06
3.062852000000000000e+06
1.258640000000000000e+05
1.910598000000000000e+06
2.925700000000000000e+06
4.797318000000000000e+06
4.770972000000000000e+06
2.067529000000000000e+06
1.501400000000000000e+05
2.509296000000000000e+06
2.791977000000000000e+06
5.182775000000000000e+06
5.161748000000000000e+06
2.600815000000000000e+06
1.931570000000000000e+05
2.303642000000000000e+06
1.730173000000000000e+06
1.822740000000000000e+06
3.292944000000000000e+06
2.010602000000000000e+06
1.315340000000000000e+05
2.858154000000000000e+06
3.317091000000000000e+06
4.787619000000000000e+06
4.133417000000000000e+06
2.056467000000000000e+06
1.144840000000000000e+05
2.037800000000000000e+06
2.299467000000000000e+06
2.307932000000000000e+06
3.617940000000000000e+06
2.153684000000000000e+06
1.104040000000000000e+05
2.169096000000000000e+06
2.728787000000000000e+06
4.804980000000000000e+06
4.503925400000000000e+07
1.673710000000000000e+06
8.453400000000000000e+04
3.193340000000000000e+06
5.673284000000000000e+06
4.998412000000000000e+06
3.142687000000000000e+06
1.350326000000000000e+06
1.106700000000000000e+05
2.768227000000000000e+06
5.882890000000000000e+06
6.180468000000000000e+06
6.369654000000000000e+06
2.039110000000000000e+06
8.774200000000000000e+04
1.286010000000000000e+06
2.994780000000000000e+05
8.916240000000000000e+05
8.473800000000000000e+05
2.931878000000000000e+06
7.348300000000000000e+04
5.452793000000000000e+06
3.359590000000000000e+06
3.326567000000000000e+06
6.288289000000000000e+06
8.556550000000000000e+06
2.561280000000000000e+05
8.392728000000000000e+06
5.195610000000000000e+06
2.912008000000000000e+06
3.439346000000000000e+06
3.786205000000000000e+06
1.764260000000000000e+05
2.553500000000000000e+06
1.627556000000000000e+06
1.641838000000000000e+06
3.877441000000000000e+06
6.740130000000000000e+05
5.157800000000000000e+04
8.035240000000000000e+05
1.043702000000000000e+06
1.043505000000000000e+06
1.943296000000000000e+06
1.229215000000000000e+06
3.734600000000000000e+04
7.264770000000000000e+05
1.581134000000000000e+06
2.027649000000000000e+06
3.581127000000000000e+06
9.069190000000000000e+05
3.954700000000000000e+04
2.450072000000000000e+06
6.617392000000000000e+06
3.180195000000000000e+06
1.059873000000000000e+06
1.307103000000000000e+06
5.062900000000000000e+04
4.636250000000000000e+05
1.890819000000000000e+06
3.128648000000000000e+06
4.026739000000000000e+06
1.595933000000000000e+06
8.514100000000000000e+04
2.047538000000000000e+06
2.591634000000000000e+06
2.344565000000000000e+06
1.892498000000000000e+06
1.850977000000000000e+06
7.699300000000000000e+04
1.778532000000000000e+06
1.757849000000000000e+06
2.340951000000000000e+06
4.611155000000000000e+06
1.929933000000000000e+06
1.149030000000000000e+05
1.041522000000000000e+06
5.793087500000000000e+07
4.544890000000000000e+05
5.012630000000000000e+05
6.462470000000000000e+05
3.414800000000000000e+04
5.208030000000000000e+05
5.565800000000000000e+05
6.101450000000000000e+05
2.150330000000000000e+05
5.151500000000000000e+05
3.747100000000000000e+04
1.782120000000000000e+05
3.520638000000000000e+06
1.931260000000000000e+06
5.240990000000000000e+05
3.304500000000000000e+05
7.755000000000000000e+03
9.926240000000000000e+05
5.338640000000000000e+05
1.274171000000000000e+06
9.950200000000000000e+04
2.042700000000000000e+04
0.000000000000000000e+00
3.628400000000000000e+04
3.976521000000000000e+06
8.139570000000000000e+05
3.114660000000000000e+05
5.143050000000000000e+05
2.317200000000000000e+04
2.128800000000000000e+04
1.216110000000000000e+05
8.829380000000000000e+05
4.443790000000000000e+05
1.955420000000000000e+05
1.716500000000000000e+04
3.347820000000000000e+05
3.480319000000000000e+06
