2.007440000000000000e+05
7.967500000000000000e+04
0.000000000000000000e+00
2.962190000000000000e+05
2.958940000000000000e+05
1.886830000000000000e+05
5.069860000000000000e+05
7.802000000000000000e+04
1.979000000000000000e+03
4.851200000000000000e+04
2.775608000000000000e+06
1.133979000000000000e+06
5.759200000000000000e+04
3.660320000000000000e+05
4.379400000000000000e+04
4.512900000000000000e+04
3.066090000000000000e+05
2.774980000000000000e+05
4.644060000000000000e+05
2.484410000000000000e+05
6.950000000000000000e+03
1.900940000000000000e+05
2.978240000000000000e+06
1.186344000000000000e+06
3.246500000000000000e+04
4.326560000000000000e+05
8.908000000000000000e+03
1.208250000000000000e+05
3.620500000000000000e+04
2.582980000000000000e+05
1.979320000000000000e+05
1.878690000000000000e+05
2.757000000000000000e+03
4.189500000000000000e+04
2.726549000000000000e+06
1.038110000000000000e+06
3.014890000000000000e+05
3.888290000000000000e+05
1.394700000000000000e+04
1.774450000000000000e+05
2.786700000000000000e+05
4.008070000000000000e+05
4.898200000000000000e+04
3.746500000000000000e+05
1.706100000000000000e+04
1.497730000000000000e+05
2.839878000000000000e+06
1.596836000000000000e+06
4.383200000000000000e+04
4.476462500000000000e+07
4.068680000000000000e+05
5.548009000000000000e+06
5.304950000000000000e+06
5.488875000000000000e+06
5.616232000000000000e+06
6.401970000000000000e+06
2.491650000000000000e+05
1.144259000000000000e+07
8.864362000000000000e+06
1.005431700000000000e+07
1.052585800000000000e+07
1.220454900000000000e+07
5.909590000000000000e+05
1.540674000000000000e+07
1.111911500000000000e+07
1.098366900000000000e+07
1.104286900000000000e+07
1.132916000000000000e+07
5.399000000000000000e+05
1.563257400000000000e+07
1.184578600000000000e+07
1.137587200000000000e+07
1.104467200000000000e+07
1.207317200000000000e+07
6.899730000000000000e+05
1.457113400000000000e+07
1.022087600000000000e+07
9.841529000000000000e+06
9.479108000000000000e+06
9.047206000000000000e+06
3.949140000000000000e+05
1.192664200000000000e+07
7.419359000000000000e+06
6.929866000000000000e+06
6.700391000000000000e+06
8.432362000000000000e+06
5.778100000000000000e+05
9.280269000000000000e+06
5.477569000000000000e+06
4.922841000000000000e+06
4.469052000000000000e+06
5.086305000000000000e+06
2.004280000000000000e+05
7.776782000000000000e+06
5.624514000000000000e+06
6.392031000000000000e+06
6.328698000000000000e+06
8.962206000000000000e+06
6.959180000000000000e+05
1.062015400000000000e+07
7.362017000000000000e+06
7.182857000000000000e+06
7.685708000000000000e+06
7.453019000000000000e+06
3.227420000000000000e+05
1.179490900000000000e+07
7.923904000000000000e+06
7.944650000000000000e+06
7.860836000000000000e+06
9.984709000000000000e+06
6.575700000000000000e+05
1.201358100000000000e+07
8.115639000000000000e+06
7.767631000000000000e+06
7.654618000000000000e+06
6.746219000000000000e+06
2.989890000000000000e+05
1.014916200000000000e+07
5.824564000000000000e+06
6.280626000000000000e+06
6.935952000000000000e+06
9.308658000000000000e+06
6.546150000000000000e+05
1.177816200000000000e+07
7.246332000000000000e+06
7.534933000000000000e+06
7.880198000000000000e+06
8.082093000000000000e+06
4.511690000000000000e+05
1.205953400000000000e+07
9.533437000000000000e+06
1.071433600000000000e+07
9.813287000000000000e+06
1.141318500000000000e+07
7.617290000000000000e+05
1.458176400000000000e+07
1.032354000000000000e+07
1.036519400000000000e+07
1.034622700000000000e+07
5.174745700000000000e+07
5.453670000000000000e+05
6.731083000000000000e+06
4.996270000000000000e+06
6.095216000000000000e+06
9.661869000000000000e+06
1.081294700000000000e+07
4.200650000000000000e+05
1.046210400000000000e+07
9.887453000000000000e+06
