8.712380000000000000e+05
9.288700000000000000e+05
5.584000000000000000e+04
1.145847000000000000e+06
1.665752000000000000e+06
1.657824000000000000e+06
1.643731000000000000e+06
4.082860000000000000e+06
5.650040000000000000e+05
1.352170000000000000e+06
2.084461000000000000e+06
2.759285000000000000e+06
2.269386000000000000e+06
2.195118000000000000e+06
4.858100000000000000e+04
2.650411000000000000e+06
3.306628000000000000e+06
2.379765000000000000e+06
3.030614000000000000e+06
4.724859000000000000e+06
6.208990000000000000e+05
1.235132000000000000e+06
1.281936000000000000e+06
4.613516600000000000e+07
4.532661000000000000e+06
1.016255700000000000e+07
5.240860000000000000e+05
1.455048300000000000e+07
1.795329700000000000e+07
1.779890900000000000e+07
1.834398700000000000e+07
2.157742400000000000e+07
6.546030000000000000e+05
2.006707500000000000e+07
1.842851600000000000e+07
1.791696300000000000e+07
1.542675600000000000e+07
1.466752200000000000e+07
3.700160000000000000e+05
1.382506700000000000e+07
1.467090900000000000e+07
1.481581400000000000e+07
1.427422800000000000e+07
1.359552800000000000e+07
5.474210000000000000e+05
1.276254400000000000e+07
1.239795900000000000e+07
1.377320700000000000e+07
1.239700000000000000e+07
1.248984800000000000e+07
2.948250000000000000e+05
1.250461500000000000e+07
1.228774600000000000e+07
1.192592700000000000e+07
1.209649500000000000e+07
1.218114600000000000e+07
3.845900000000000000e+05
1.190824100000000000e+07
1.203194700000000000e+07
1.300679700000000000e+07
1.119645700000000000e+07
5.181237000000000000e+06
3.641380000000000000e+05
2.801712000000000000e+06
2.480081000000000000e+06
7.307936200000000000e+07
1.100899000000000000e+06
1.250009000000000000e+06
4.150200000000000000e+04
1.340802000000000000e+06
1.319047000000000000e+06
1.284991000000000000e+06
1.109584000000000000e+06
1.741850000000000000e+06
4.948200000000000000e+04
1.369434000000000000e+06
1.743611000000000000e+06
4.013453000000000000e+06
8.826290000000000000e+05
1.428976000000000000e+06
3.994300000000000000e+04
1.271072000000000000e+06
1.738688000000000000e+06
1.972174000000000000e+06
6.844322500000000000e+07
5.561984000000000000e+06
2.102080000000000000e+05
6.851821000000000000e+06
7.426189000000000000e+06
3.001187000000000000e+06
5.614099000000000000e+06
6.517833000000000000e+06
3.221060000000000000e+05
4.722225000000000000e+06
3.958237000000000000e+06
7.323182000000000000e+06
1.050354100000000000e+07
1.044948600000000000e+07
5.399210000000000000e+05
1.073308300000000000e+07
1.103378100000000000e+07
9.932502000000000000e+06
8.929685000000000000e+06
8.125491000000000000e+06
4.558860000000000000e+05
8.001061000000000000e+06
9.284677000000000000e+06
9.973483000000000000e+06
1.326728000000000000e+07
1.363992500000000000e+07
3.866780000000000000e+05
1.454961800000000000e+07
1.554128600000000000e+07
1.619891100000000000e+07
1.594077200000000000e+07
1.712165900000000000e+07
5.995120000000000000e+05
1.783000000000000000e+07
1.530872800000000000e+07
1.157968600000000000e+07
1.135307800000000000e+07
5.362478000000000000e+06
2.336360000000000000e+05
4.993598000000000000e+06
5.072241000000000000e+06
5.707407000000000000e+06
4.563607000000000000e+06
4.715479000000000000e+06
2.873340000000000000e+05
4.611369300000000000e+07
8.577519000000000000e+06
2.115145100000000000e+07
2.159250100000000000e+07
2.189923900000000000e+07
7.030470000000000000e+05
2.194953600000000000e+07
2.159581400000000000e+07
2.052661700000000000e+07
2.068778400000000000e+07
6.051441000000000000e+06
4.501950000000000000e+05
6.512161000000000000e+06
2.007015000000000000e+06
1.653959000000000000e+06
1.841365000000000000e+06
7.691340000000000000e+05
4.048700000000000000e+04
2.482018000000000000e+06
4.149260000000000000e+06
