4.647851000000000000e+06
5.620764000000000000e+06
2.937630000000000000e+05
9.577980000000000000e+06
9.077121000000000000e+06
9.478290000000000000e+06
1.149294200000000000e+07
1.192207500000000000e+07
6.625620000000000000e+05
7.064535400000000000e+07
3.376840000000000000e+05
1.464000000000000000e+05
1.543770000000000000e+05
1.988820000000000000e+05
1.857200000000000000e+04
1.878250000000000000e+05
2.136160000000000000e+05
2.930510000000000000e+05
1.196500000000000000e+05
1.674760000000000000e+05
9.243000000000000000e+03
2.172239000000000000e+06
2.518710000000000000e+05
1.488370000000000000e+05
4.227150000000000000e+05
3.951050000000000000e+05
1.364600000000000000e+04
7.159690000000000000e+05
4.362200000000000000e+05
5.259440000000000000e+05
2.971140000000000000e+05
5.480280000000000000e+05
1.870800000000000000e+04
2.789972000000000000e+06
3.659090000000000000e+05
2.327450000000000000e+05
2.005820000000000000e+05
1.455080000000000000e+05
3.085000000000000000e+03
3.935880000000000000e+05
1.631280000000000000e+05
3.101130000000000000e+05
2.400730000000000000e+05
1.473400000000000000e+05
1.053200000000000000e+04
2.306475000000000000e+06
4.820220000000000000e+05
1.197680000000000000e+05
1.578190000000000000e+05
4.192030000000000000e+05
1.982300000000000000e+04
4.118630000000000000e+05
3.889150000000000000e+05
4.292400000000000000e+05
3.277890000000000000e+05
4.036960000000000000e+05
2.956300000000000000e+04
2.738390000000000000e+06
4.523920000000000000e+05
1.257770000000000000e+05
8.443100000000000000e+04
1.031390000000000000e+05
1.416000000000000000e+03
1.025400000000000000e+05
1.693120000000000000e+05
1.054140000000000000e+05
5.933779200000000000e+07
2.541320000000000000e+06
9.098600000000000000e+04
2.324462000000000000e+06
2.270270000000000000e+06
2.981639000000000000e+06
3.199400000000000000e+06
5.859565000000000000e+06
2.479160000000000000e+05
3.141041000000000000e+06
3.432807000000000000e+06
3.497591000000000000e+06
5.076766000000000000e+06
6.418251000000000000e+06
2.260050000000000000e+05
3.919542000000000000e+06
3.668960000000000000e+06
3.531848000000000000e+06
3.714046000000000000e+06
6.388391000000000000e+06
2.694610000000000000e+05
3.824209000000000000e+06
3.393877000000000000e+06
2.748063000000000000e+06
4.418492000000000000e+06
3.843132000000000000e+06
1.321690000000000000e+05
2.669631000000000000e+06
3.676040000000000000e+06
4.683256000000000000e+06
4.566922000000000000e+06
6.254853000000000000e+06
2.757450000000000000e+05
3.353633000000000000e+06
3.424671000000000000e+06
3.823500000000000000e+06
6.175964000000000000e+06
7.932136000000000000e+06
3.207720000000000000e+05
5.687411000000000000e+06
5.681726000000000000e+06
5.302424000000000000e+06
4.911960000000000000e+06
5.990340000000000000e+06
2.150440000000000000e+05
3.254161000000000000e+06
3.688485000000000000e+06
3.741727000000000000e+06
6.205478000000000000e+06
6.520188000000000000e+06
1.716990000000000000e+05
4.176779000000000000e+06
4.690554000000000000e+06
4.513071000000000000e+06
4.174254000000000000e+06
5.878958000000000000e+06
2.016780000000000000e+05
3.222657000000000000e+06
3.764875000000000000e+06
4.062186000000000000e+06
5.836792000000000000e+06
6.648703000000000000e+06
1.643910000000000000e+05
4.185930000000000000e+06
3.603797000000000000e+06
3.972371000000000000e+06
3.960073000000000000e+06
6.479786000000000000e+06
2.375250000000000000e+05
4.328466000000000000e+06
4.083124000000000000e+06
4.040676000000000000e+06
6.006437000000000000e+06
6.098533000000000000e+06
2.001140000000000000e+05
4.003156000000000000e+06
4.432815000000000000e+06
3.730035000000000000e+06
3.543570000000000000e+06
5.912004000000000000e+06
1.810130000000000000e+05
3.442918000000000000e+06
4.049777000000000000e+06
