8.018530000000000000e+05
2.016900000000000000e+05
9.410000000000000000e+03
2.022940000000000000e+05
2.583240000000000000e+05
1.743000000000000000e+05
3.743370000000000000e+05
2.160980000000000000e+05
2.124300000000000000e+04
2.573960000000000000e+05
2.760690000000000000e+05
1.792065000000000000e+06
8.116130000000000000e+05
3.051080000000000000e+05
1.574600000000000000e+04
2.870380000000000000e+05
3.136190000000000000e+05
3.471190000000000000e+05
6.364820000000000000e+05
3.900500000000000000e+05
2.875800000000000000e+04
3.944100000000000000e+05
4.891310000000000000e+05
1.891062000000000000e+06
9.513670000000000000e+05
3.772360000000000000e+05
1.323500000000000000e+04
3.469770000000000000e+05
3.209970000000000000e+05
3.645330000000000000e+05
5.594720000000000000e+05
3.248380000000000000e+05
2.985900000000000000e+04
3.185730000000000000e+05
3.201350000000000000e+05
1.506072000000000000e+06
7.603220000000000000e+05
3.816830000000000000e+05
2.834200000000000000e+04
3.931400000000000000e+05
4.275850000000000000e+05
4.462440000000000000e+05
6.436770000000000000e+05
3.709750000000000000e+05
5.514000000000000000e+04
3.102790000000000000e+05
3.149270000000000000e+05
1.795371000000000000e+06
7.457390000000000000e+05
2.686490000000000000e+05
1.529900000000000000e+04
2.163120000000000000e+05
2.962450000000000000e+05
3.135050000000000000e+05
5.147830000000000000e+05
3.135910000000000000e+05
3.726800000000000000e+04
3.178290000000000000e+05
3.841650000000000000e+05
1.730611000000000000e+06
9.344700000000000000e+05
3.065880000000000000e+05
1.784900000000000000e+04
2.527890000000000000e+05
2.869060000000000000e+05
2.733460000000000000e+05
5.760970000000000000e+05
3.710160000000000000e+05
1.790700000000000000e+04
3.484230000000000000e+05
4.324990000000000000e+05
2.968168000000000000e+06
8.804460000000000000e+05
3.851030000000000000e+05
1.810100000000000000e+04
3.795010000000000000e+05
3.964600000000000000e+05
3.030240000000000000e+05
5.522810000000000000e+05
2.817950000000000000e+05
8.171000000000000000e+03
2.520820000000000000e+05
2.516300000000000000e+05
1.553312000000000000e+06
7.286140000000000000e+05
2.292970000000000000e+05
1.261700000000000000e+04
2.594030000000000000e+05
3.409710000000000000e+05
3.242390000000000000e+05
5.644200000000000000e+05
3.738510000000000000e+05
3.378100000000000000e+04
3.722670000000000000e+05
4.948100000000000000e+05
1.757426000000000000e+06
1.200468000000000000e+06
6.672260000000000000e+05
7.616900000000000000e+04
7.653390000000000000e+05
8.354660000000000000e+05
8.540070000000000000e+05
1.681720000000000000e+06
9.321040000000000000e+05
7.316400000000000000e+04
8.027950000000000000e+05
8.183050000000000000e+05
2.876858000000000000e+06
1.752406000000000000e+06
8.538890000000000000e+05
6.630800000000000000e+04
7.719470000000000000e+05
8.647750000000000000e+05
6.921630000000000000e+05
9.348360000000000000e+05
3.982640000000000000e+05
2.082700000000000000e+04
4.212760000000000000e+05
4.457470000000000000e+05
3.374082000000000000e+06
9.654350000000000000e+05
2.681980000000000000e+05
2.083000000000000000e+04
1.344730000000000000e+05
2.220680000000000000e+05
2.629460000000000000e+05
5.596660000000000000e+05
2.998720000000000000e+05
1.632000000000000000e+04
2.667380000000000000e+05
2.638970000000000000e+05
1.886466000000000000e+06
8.368890000000000000e+05
1.954430000000000000e+05
1.812600000000000000e+04
1.775600000000000000e+05
2.324760000000000000e+05
1.713590000000000000e+05
2.905320000000000000e+05
2.134500000000000000e+05
1.713300000000000000e+04
2.058930000000000000e+05
2.625070000000000000e+05
3.197305000000000000e+06
6.131710000000000000e+05
1.071230000000000000e+05
2.346000000000000000e+03
9.089800000000000000e+04
4.470680000000000000e+05
