8.640334000000000000e+06
1.004847600000000000e+07
3.175390000000000000e+05
1.125613500000000000e+07
1.357516700000000000e+07
1.294757100000000000e+07
1.372223900000000000e+07
1.174869700000000000e+07
2.476960000000000000e+05
1.150848500000000000e+07
1.092822100000000000e+07
1.234075100000000000e+07
1.257306200000000000e+07
1.241980200000000000e+07
3.943680000000000000e+05
1.117401400000000000e+07
1.055447400000000000e+07
1.176074200000000000e+07
1.356658600000000000e+07
1.272740400000000000e+07
2.059770000000000000e+05
1.333519900000000000e+07
1.320799400000000000e+07
1.305664500000000000e+07
1.256031900000000000e+07
1.181465800000000000e+07
3.365690000000000000e+05
1.082835000000000000e+07
9.845267000000000000e+06
8.626756000000000000e+06
9.504568000000000000e+06
6.221751000000000000e+06
3.507530000000000000e+05
5.733416000000000000e+06
6.334346000000000000e+06
6.241309000000000000e+06
5.854669000000000000e+06
4.053687000000000000e+06
2.897410000000000000e+05
2.798933000000000000e+06
3.835212000000000000e+06
3.513013000000000000e+06
5.930010000000000000e+06
6.432705300000000000e+07
7.813490000000000000e+05
4.021179000000000000e+06
4.171916000000000000e+06
4.577857000000000000e+06
7.450969000000000000e+06
2.460310000000000000e+05
1.220200000000000000e+05
4.009039000000000000e+06
7.681875000000000000e+06
3.142250000000000000e+05
4.105999000000000000e+06
7.131847000000000000e+06
8.993990000000000000e+05
4.267667000000000000e+06
4.604740000000000000e+06
4.868191000000000000e+06
4.579397000000000000e+06
4.805712000000000000e+06
2.653050000000000000e+05
4.832458000000000000e+06
5.901924000000000000e+06
8.429823000000000000e+06
2.979570000000000000e+05
8.166749000000000000e+06
8.854870000000000000e+05
7.874855000000000000e+06
3.229460000000000000e+05
5.882082000000000000e+06
5.251494000000000000e+06
5.034507000000000000e+06
2.079350000000000000e+05
4.120355000000000000e+06
4.783708000000000000e+06
4.546576000000000000e+06
8.287305000000000000e+06
4.749596000000000000e+06
8.322820000000000000e+05
4.857494000000000000e+06
7.407961000000000000e+06
1.388792000000000000e+06
3.084018000000000000e+06
3.654286000000000000e+06
2.146120000000000000e+05
3.312155000000000000e+06
3.146329000000000000e+06
3.352810000000000000e+06
2.999741000000000000e+06
6.502029000000000000e+06
7.521880000000000000e+05
3.704342000000000000e+06
3.305264000000000000e+06
6.367089000000000000e+06
2.599820000000000000e+05
4.157340000000000000e+06
2.663090000000000000e+05
7.372043000000000000e+06
7.041836600000000000e+07
4.609590000000000000e+05
6.561352000000000000e+06
7.034571000000000000e+06
5.274330000000000000e+05
1.162963200000000000e+07
1.176661700000000000e+07
1.154835100000000000e+07
4.187714000000000000e+06
7.919486000000000000e+06
7.178300000000000000e+05
2.469900000000000000e+05
8.128761000000000000e+06
1.501252200000000000e+07
1.145151000000000000e+06
1.424379900000000000e+07
8.348650000000000000e+05
4.745277000000000000e+06
1.098410700000000000e+07
8.868077000000000000e+06
8.370088000000000000e+06
5.953718000000000000e+06
6.900910000000000000e+05
6.906416000000000000e+06
9.665654000000000000e+06
9.298515000000000000e+06
1.518086800000000000e+07
7.565520000000000000e+05
3.681260000000000000e+05
1.050529100000000000e+07
1.224985600000000000e+07
1.677588000000000000e+06
7.459898000000000000e+06
8.230932000000000000e+06
5.794140000000000000e+05
6.589305000000000000e+06
9.291724000000000000e+06
9.988094000000000000e+06
6.168432000000000000e+06
1.361264800000000000e+07
9.701360000000000000e+05
3.036560000000000000e+05
1.020168100000000000e+07
9.327630000000000000e+06
5.211120000000000000e+05
4.527694000000000000e+06
3.531000000000000000e+05
5.871752000000000000e+06
1.014983400000000000e+07
