7.080766000000000000e+06
8.384942000000000000e+06
7.526540000000000000e+05
1.110168500000000000e+07
5.552271700000000000e+07
2.339088000000000000e+06
2.178122000000000000e+06
2.841259000000000000e+06
1.293380000000000000e+05
1.754574000000000000e+06
2.000809000000000000e+06
2.295041000000000000e+06
2.466685000000000000e+06
3.508917000000000000e+06
2.003780000000000000e+05
1.968895000000000000e+06
4.701453000000000000e+06
3.217310000000000000e+06
2.941261000000000000e+06
3.383423000000000000e+06
2.062420000000000000e+05
2.743548000000000000e+06
2.043601000000000000e+06
3.202476000000000000e+06
2.631374000000000000e+06
3.927086000000000000e+06
2.286600000000000000e+05
2.258767000000000000e+06
4.932759000000000000e+06
2.559507000000000000e+06
2.285333000000000000e+06
3.250822000000000000e+06
1.725760000000000000e+05
2.990032000000000000e+06
2.772089000000000000e+06
2.701728000000000000e+06
2.192410000000000000e+06
2.951074000000000000e+06
1.749590000000000000e+05
1.811580000000000000e+06
4.969230000000000000e+06
2.335327000000000000e+06
1.707137000000000000e+06
3.167084000000000000e+06
1.479960000000000000e+05
2.294362000000000000e+06
2.510736000000000000e+06
3.015300000000000000e+06
2.941167000000000000e+06
3.824234000000000000e+06
2.105210000000000000e+05
2.297989000000000000e+06
4.913684000000000000e+06
2.413492000000000000e+06
2.116114000000000000e+06
4.395178000000000000e+06
1.911630000000000000e+05
2.633050000000000000e+06
2.408992000000000000e+06
2.961614000000000000e+06
2.570734000000000000e+06
3.607395000000000000e+06
1.854710000000000000e+05
2.604437000000000000e+06
5.674337000000000000e+06
2.822715000000000000e+06
2.372748000000000000e+06
3.415807000000000000e+06
1.688720000000000000e+05
2.530691000000000000e+06
2.278697000000000000e+06
3.822014000000000000e+06
5.450104400000000000e+07
7.239660000000000000e+05
3.955900000000000000e+04
2.142000000000000000e+03
0.000000000000000000e+00
0.000000000000000000e+00
0.000000000000000000e+00
0.000000000000000000e+00
0.000000000000000000e+00
4.608000000000000000e+03
0.000000000000000000e+00
1.273989000000000000e+06
1.251488000000000000e+06
1.974758900000000000e+07
9.028030000000000000e+05
9.230705000000000000e+06
8.125860000000000000e+05
5.116440000000000000e+05
7.452292000000000000e+06
6.612080000000000000e+05
2.652270000000000000e+05
5.070032000000000000e+06
5.921250000000000000e+05
3.439492000000000000e+06
5.324747000000000000e+06
1.660254000000000000e+06
1.174660000000000000e+05
5.061600000000000000e+04
2.825710000000000000e+05
2.649500000000000000e+04
2.305000000000000000e+04
1.146700000000000000e+04
0.000000000000000000e+00
8.280000000000000000e+03
2.201000000000000000e+03
1.056747000000000000e+06
3.063719000000000000e+06
7.025270000000000000e+05
3.363000000000000000e+04
1.358000000000000000e+04
2.908800000000000000e+04
1.618700000000000000e+04
8.126000000000000000e+03
1.033069000000000000e+06
8.670200000000000000e+04
1.134296000000000000e+06
1.028040000000000000e+05
8.312150000000000000e+05
8.236683000000000000e+06
6.922950000000000000e+05
2.801800000000000000e+04
5.342030000000000000e+05
2.618300000000000000e+04
9.950000000000000000e+03
6.120000000000000000e+03
0.000000000000000000e+00
0.000000000000000000e+00
0.000000000000000000e+00
2.238585400000000000e+07
9.744310000000000000e+05
6.513142000000000000e+06
7.125250000000000000e+05
3.790400000000000000e+04
2.456260000000000000e+06
2.449960000000000000e+05
1.181287000000000000e+06
2.281010000000000000e+05
6.620610000000000000e+05
5.414400000000000000e+04
3.289100000000000000e+04
1.655700000000000000e+04
1.024447000000000000e+06
3.508526000000000000e+06
6.624240000000000000e+05
4.295500000000000000e+04
7.320000000000000000e+02
2.238040000000000000e+05
