5.249640000000000000e+05
2.455800000000000000e+04
1.221000000000000000e+03
0.000000000000000000e+00
0.000000000000000000e+00
7.652030000000000000e+05
3.288336000000000000e+06
1.141830000000000000e+06
7.987400000000000000e+04
4.936000000000000000e+03
5.874469000000000000e+06
1.292593000000000000e+06
7.982600000000000000e+04
4.363000000000000000e+04
1.354000000000000000e+03
5.208200000000000000e+04
1.431560000000000000e+05
4.804900000000000000e+04
5.069432000000000000e+06
7.513760000000000000e+05
6.010100000000000000e+04
6.618000000000000000e+03
0.000000000000000000e+00
8.040370000000000000e+05
4.558000000000000000e+03
0.000000000000000000e+00
0.000000000000000000e+00
0.000000000000000000e+00
7.200000000000000000e+02
0.000000000000000000e+00
1.127534000000000000e+06
7.148800000000000000e+05
5.304000000000000000e+04
3.955480000000000000e+05
7.949525700000000000e+07
7.545020000000000000e+05
2.406100000000000000e+04
9.330000000000000000e+02
0.000000000000000000e+00
0.000000000000000000e+00
0.000000000000000000e+00
0.000000000000000000e+00
4.156912800000000000e+07
3.671590000000000000e+05
7.526840000000000000e+05
1.802760000000000000e+05
5.058017000000000000e+06
1.376492000000000000e+06
5.941800000000000000e+04
0.000000000000000000e+00
0.000000000000000000e+00
0.000000000000000000e+00
3.049543200000000000e+07
4.734340000000000000e+05
5.319290000000000000e+05
1.211780000000000000e+05
2.823700000000000000e+04
1.792000000000000000e+03
5.182809000000000000e+06
1.640889000000000000e+06
5.829600000000000000e+04
4.301493400000000000e+07
2.543190000000000000e+05
8.016690000000000000e+05
1.648890000000000000e+05
3.201600000000000000e+04
1.066000000000000000e+03
0.000000000000000000e+00
0.000000000000000000e+00
0.000000000000000000e+00
5.295029000000000000e+06
1.579239000000000000e+06
4.004086400000000000e+07
3.538300000000000000e+05
6.633630000000000000e+05
1.608570000000000000e+05
2.196600000000000000e+04
0.000000000000000000e+00
0.000000000000000000e+00
0.000000000000000000e+00
0.000000000000000000e+00
0.000000000000000000e+00
4.751575000000000000e+06
1.351363000000000000e+06
3.922400000000000000e+04
6.256640000000000000e+05
3.836600000000000000e+04
6.716300000000000000e+04
1.096430000000000000e+05
1.325200000000000000e+04
6.630000000000000000e+03
0.000000000000000000e+00
0.000000000000000000e+00
3.203693000000000000e+07
5.176427000000000000e+06
1.199963000000000000e+06
1.964080000000000000e+05
1.457000000000000000e+03
1.396000000000000000e+03
0.000000000000000000e+00
0.000000000000000000e+00
0.000000000000000000e+00
1.601597500000000000e+07
6.284910000000000000e+05
2.678100000000000000e+05
4.717100000000000000e+04
5.379813000000000000e+06
1.480011000000000000e+06
3.581300000000000000e+04
0.000000000000000000e+00
0.000000000000000000e+00
0.000000000000000000e+00
0.000000000000000000e+00
0.000000000000000000e+00
1.715000000000000000e+03
2.209353400000000000e+07
5.218590000000000000e+05
4.542510000000000000e+05
5.129007000000000000e+06
1.553984000000000000e+06
5.539900000000000000e+04
2.192000000000000000e+03
0.000000000000000000e+00
3.307179000000000000e+07
5.581870000000000000e+05
6.169220000000000000e+05
6.692896300000000000e+07
3.064415000000000000e+06
1.351890000000000000e+05
3.775126000000000000e+06
4.239498000000000000e+06
4.544552000000000000e+06
3.323575000000000000e+06
3.888482000000000000e+06
1.545950000000000000e+05
4.326155000000000000e+06
2.291162000000000000e+06
3.439623000000000000e+06
6.308898000000000000e+06
4.825596000000000000e+06
1.285990000000000000e+05
4.589418000000000000e+06
3.886865000000000000e+06
4.869477000000000000e+06
5.893968000000000000e+06
4.464407000000000000e+06
3.477290000000000000e+05
6.453804000000000000e+06
6.356496000000000000e+06
