1.023915000000000000e+06
6.214150000000000000e+05
2.608800000000000000e+04
5.421150000000000000e+05
3.867880000000000000e+05
2.864370000000000000e+05
2.079780000000000000e+05
2.114990000000000000e+05
7.849000000000000000e+03
3.479480000000000000e+05
2.317042000000000000e+06
1.195525000000000000e+06
6.911760000000000000e+05
7.129380000000000000e+05
3.640600000000000000e+04
6.450550000000000000e+05
6.056300000000000000e+05
5.895900000000000000e+05
4.306770000000000000e+05
4.218390000000000000e+05
2.397500000000000000e+04
4.387990000000000000e+05
2.773809000000000000e+06
1.079160000000000000e+06
7.300700000000000000e+05
9.708710000000000000e+05
1.288270000000000000e+05
1.165203000000000000e+06
1.531977000000000000e+06
7.221990000000000000e+05
7.009010000000000000e+05
2.560470000000000000e+05
3.799900000000000000e+04
2.419380000000000000e+05
2.284419000000000000e+06
1.297703000000000000e+06
8.007260000000000000e+05
7.435660000000000000e+05
6.140500000000000000e+04
5.414880000000000000e+05
3.565600000000000000e+05
1.610150000000000000e+05
1.651100000000000000e+05
1.320300000000000000e+05
5.057000000000000000e+03
9.878100000000000000e+04
2.195078000000000000e+06
8.880590000000000000e+05
2.499700000000000000e+05
3.073760000000000000e+05
1.246500000000000000e+04
5.264600000000000000e+05
6.167320000000000000e+05
4.227250000000000000e+05
2.581980000000000000e+05
3.501600000000000000e+05
3.347400000000000000e+04
6.709200000000000000e+04
2.295912000000000000e+06
6.464115900000000000e+07
2.329978000000000000e+06
1.954531000000000000e+06
5.576400000000000000e+04
2.040913000000000000e+06
2.056414000000000000e+06
2.601780000000000000e+06
1.813502000000000000e+06
1.832230000000000000e+06
6.656800000000000000e+04
1.787991000000000000e+06
2.106570000000000000e+06
4.977013000000000000e+06
2.144731000000000000e+06
1.903077000000000000e+06
6.434200000000000000e+04
1.994331000000000000e+06
1.860806000000000000e+06
2.798063000000000000e+06
1.731855000000000000e+06
1.683466000000000000e+06
7.583700000000000000e+04
1.722618000000000000e+06
1.760149000000000000e+06
4.135066000000000000e+06
2.026603000000000000e+06
1.594889000000000000e+06
7.128000000000000000e+04
1.676873000000000000e+06
1.916195000000000000e+06
2.434976000000000000e+06
1.741382000000000000e+06
1.631046000000000000e+06
6.911700000000000000e+04
1.601585000000000000e+06
6.332768300000000000e+07
5.013830000000000000e+05
4.489700000000000000e+04
1.272700000000000000e+04
3.432000000000000000e+03
1.527500000000000000e+04
3.454794000000000000e+06
3.598739000000000000e+06
3.997767000000000000e+06
3.921329000000000000e+06
5.772100000000000000e+04
3.651588000000000000e+06
6.916217000000000000e+06
3.550336000000000000e+06
3.214051000000000000e+06
3.421277000000000000e+06
1.186540000000000000e+05
3.674484000000000000e+06
6.404457000000000000e+06
5.167774000000000000e+06
5.593879000000000000e+06
5.950694000000000000e+06
2.439200000000000000e+05
5.922224000000000000e+06
1.115655000000000000e+07
6.280840000000000000e+06
5.256259000000000000e+06
4.683848000000000000e+06
2.145020000000000000e+05
4.261842000000000000e+06
7.710523000000000000e+06
4.992568000000000000e+06
4.803940000000000000e+06
4.604926000000000000e+06
1.821300000000000000e+05
4.412472000000000000e+06
8.837715000000000000e+06
4.182767000000000000e+06
3.431732000000000000e+06
3.571961000000000000e+06
1.277600000000000000e+05
3.299302000000000000e+06
4.421804000000000000e+06
2.984165000000000000e+06
3.125964000000000000e+06
3.520220000000000000e+06
2.165860000000000000e+05
3.078039000000000000e+06
7.567088000000000000e+06
3.182888000000000000e+06
2.577866000000000000e+06
2.923297000000000000e+06
8.248400000000000000e+04
2.929021000000000000e+06
4.496269000000000000e+06
