5.236238000000000000e+06
5.259776000000000000e+06
1.477470000000000000e+05
7.833678000000000000e+06
6.936099000000000000e+06
1.718920000000000000e+06
3.091079000000000000e+06
5.890499000000000000e+06
1.740250000000000000e+05
5.455167000000000000e+06
2.879593000000000000e+06
5.352437000000000000e+06
7.936546000000000000e+06
2.909621000000000000e+06
2.206500000000000000e+05
1.918610000000000000e+06
1.635479000000000000e+06
1.929014000000000000e+06
3.332237000000000000e+06
2.890750000000000000e+06
1.812760000000000000e+05
1.793280000000000000e+06
2.518525000000000000e+06
4.733017000000000000e+06
8.017394000000000000e+06
5.914254000000000000e+06
1.147070000000000000e+05
5.017004000000000000e+06
4.013216000000000000e+06
2.966828000000000000e+06
2.757863000000000000e+06
4.401098000000000000e+06
1.357420000000000000e+05
7.740978000000000000e+06
8.834878000000000000e+06
6.941930000000000000e+06
6.965054000000000000e+06
4.193236000000000000e+06
1.281520000000000000e+05
2.928623000000000000e+06
2.101422000000000000e+06
2.175465000000000000e+06
3.308064000000000000e+06
5.554113000000000000e+06
2.367350000000000000e+05
4.800355000000000000e+06
4.199429000000000000e+06
4.946124000000000000e+06
6.915305300000000000e+07
3.313489000000000000e+07
5.726400000000000000e+05
6.063610000000000000e+05
1.285360000000000000e+05
1.463300000000000000e+04
2.434000000000000000e+03
4.320000000000000000e+03
0.000000000000000000e+00
2.120800000000000000e+04
3.840000000000000000e+03
2.037883600000000000e+07
5.910958000000000000e+06
4.892820000000000000e+05
4.292900000000000000e+04
2.320000000000000000e+04
5.120100000000000000e+04
1.978606000000000000e+07
6.367270000000000000e+05
2.522630000000000000e+05
2.503500000000000000e+04
1.707700000000000000e+04
1.264000000000000000e+04
1.443693000000000000e+06
5.134532000000000000e+06
6.882180000000000000e+05
4.641000000000000000e+04
7.480000000000000000e+02
0.000000000000000000e+00
0.000000000000000000e+00
2.154491300000000000e+07
5.434930000000000000e+05
2.636740000000000000e+05
3.193600000000000000e+04
1.014700000000000000e+04
1.461721000000000000e+06
5.118819000000000000e+06
6.420070000000000000e+05
4.756200000000000000e+04
1.980000000000000000e+02
2.560000000000000000e+03
1.709984600000000000e+07
4.520860000000000000e+05
1.884090000000000000e+05
3.728000000000000000e+03
6.502000000000000000e+03
3.584000000000000000e+03
1.450699000000000000e+06
4.912331000000000000e+06
2.976542900000000000e+07
5.068270000000000000e+05
5.172250000000000000e+05
7.627630000000000000e+05
6.105929500000000000e+07
2.152778000000000000e+06
2.422796000000000000e+06
1.306060000000000000e+05
1.630821000000000000e+06
3.389707000000000000e+06
3.002367000000000000e+06
2.803820000000000000e+06
2.848535000000000000e+06
1.174760000000000000e+05
2.422604000000000000e+06
3.974627000000000000e+06
6.226811000000000000e+06
3.156201000000000000e+06
1.333731000000000000e+06
7.247000000000000000e+04
1.792337000000000000e+06
3.148257000000000000e+06
5.392329000000000000e+06
4.504120000000000000e+06
2.635185000000000000e+06
1.106200000000000000e+05
3.646963000000000000e+06
3.961120000000000000e+06
6.936331000000000000e+06
4.185346000000000000e+06
4.807794000000000000e+06
1.720870000000000000e+05
5.101920000000000000e+06
4.087411000000000000e+06
4.653645000000000000e+06
4.968792000000000000e+06
4.728578000000000000e+06
1.623590000000000000e+05
4.683859000000000000e+06
4.045478000000000000e+06
5.860519000000000000e+06
2.413174000000000000e+06
1.820993000000000000e+06
1.295030000000000000e+05
1.447855000000000000e+06
1.767532000000000000e+06
2.687104000000000000e+06
2.764974000000000000e+06
3.077358000000000000e+06
1.368940000000000000e+05
3.138462000000000000e+06
5.046684000000000000e+06
