4.759680000000000000e+05
6.749300000000000000e+04
1.569800000000000000e+04
4.514500000000000000e+04
5.971500000000000000e+04
4.557800000000000000e+04
5.806300000000000000e+04
1.855400000000000000e+04
0.000000000000000000e+00
2.952400000000000000e+06
8.349220000000000000e+05
1.023524000000000000e+06
1.404913000000000000e+06
8.192560000000000000e+05
5.370900000000000000e+04
8.689730000000000000e+05
1.088384000000000000e+06
1.062588000000000000e+06
2.139267000000000000e+06
1.195331000000000000e+06
5.908200000000000000e+04
3.289653000000000000e+06
1.618156000000000000e+06
1.777407000000000000e+06
2.569041000000000000e+06
1.508343000000000000e+06
5.940600000000000000e+04
1.585275000000000000e+06
1.657182000000000000e+06
1.662527000000000000e+06
2.890691000000000000e+06
1.811249000000000000e+06
1.250210000000000000e+05
3.803644000000000000e+06
2.266957000000000000e+06
2.401855000000000000e+06
3.624178000000000000e+06
2.274682000000000000e+06
1.822480000000000000e+05
2.273486000000000000e+06
2.457708000000000000e+06
2.523614000000000000e+06
4.074065000000000000e+06
2.497591000000000000e+06
1.849600000000000000e+05
4.597930000000000000e+06
2.670888000000000000e+06
2.778220000000000000e+06
2.256721000000000000e+06
3.572959000000000000e+06
2.033280000000000000e+05
1.787598000000000000e+06
7.330459300000000000e+07
5.548173000000000000e+06
5.830082000000000000e+06
3.364780000000000000e+06
2.219410000000000000e+05
2.849220000000000000e+06
2.888326000000000000e+06
4.860627000000000000e+06
3.648879000000000000e+06
4.370733000000000000e+06
2.131970000000000000e+05
3.606703000000000000e+06
6.524623000000000000e+06
5.082497000000000000e+06
2.658999000000000000e+06
2.837794000000000000e+06
1.825380000000000000e+05
3.923128000000000000e+06
3.647472000000000000e+06
5.910004000000000000e+06
3.797310000000000000e+06
3.375195000000000000e+06
1.674790000000000000e+05
2.615622000000000000e+06
6.623053000000000000e+06
1.153551100000000000e+07
8.343369000000000000e+06
5.303193000000000000e+06
2.991600000000000000e+05
5.959830000000000000e+06
6.194891000000000000e+06
1.482003800000000000e+07
1.059324800000000000e+07
9.852591000000000000e+06
4.303130000000000000e+05
9.474084000000000000e+06
1.194367000000000000e+07
6.922085000000000000e+07
5.508340000000000000e+06
5.155765000000000000e+06
3.910650000000000000e+05
5.473673000000000000e+06
5.286129000000000000e+06
5.508214000000000000e+06
5.248567000000000000e+06
5.370598000000000000e+06
3.767690000000000000e+05
4.382650000000000000e+06
4.194323000000000000e+06
6.214446000000000000e+06
3.904490000000000000e+06
4.597933000000000000e+06
4.030170000000000000e+05
3.887619000000000000e+06
4.136504000000000000e+06
3.627590000000000000e+06
2.105854000000000000e+06
5.034205000000000000e+06
1.308050000000000000e+05
6.320148000000000000e+06
4.071137000000000000e+06
6.645046000000000000e+06
2.702623000000000000e+06
1.612419000000000000e+06
5.585200000000000000e+04
1.568706000000000000e+06
6.161255400000000000e+07
9.787560000000000000e+05
4.676980000000000000e+05
8.015180000000000000e+05
5.286100000000000000e+04
4.892180000000000000e+05
5.804530000000000000e+05
5.166510000000000000e+05
5.620030000000000000e+05
1.052540000000000000e+06
5.691900000000000000e+04
6.169110000000000000e+05
3.225416000000000000e+06
1.265142000000000000e+06
6.248630000000000000e+05
6.728090000000000000e+05
3.105700000000000000e+04
1.108249000000000000e+06
7.349890000000000000e+05
7.796210000000000000e+05
7.067440000000000000e+05
8.685160000000000000e+05
3.299200000000000000e+04
1.229604000000000000e+06
2.943258000000000000e+06
1.261518000000000000e+06
6.611030000000000000e+05
6.586540000000000000e+05
2.408500000000000000e+04
1.057726000000000000e+06
8.150900000000000000e+04
