5.266279000000000000e+06
3.430173000000000000e+06
1.293220000000000000e+05
4.947853000000000000e+06
5.452598000000000000e+06
2.588241000000000000e+06
2.241393000000000000e+06
1.348981000000000000e+06
6.291700000000000000e+04
5.261440000000000000e+05
1.106807000000000000e+06
2.069145000000000000e+06
2.316277000000000000e+06
3.211124000000000000e+06
9.592300000000000000e+04
5.126487000000000000e+06
5.980634000000000000e+06
2.112674000000000000e+06
1.705681000000000000e+06
1.237713000000000000e+06
1.210100000000000000e+05
1.047083000000000000e+06
3.050521000000000000e+06
4.341759300000000000e+07
3.535095000000000000e+06
2.206914000000000000e+06
1.273980000000000000e+05
1.188199000000000000e+06
2.138716000000000000e+06
1.588071000000000000e+06
1.199262000000000000e+06
3.029959000000000000e+06
8.613300000000000000e+04
1.643129000000000000e+06
2.814939000000000000e+06
4.694260000000000000e+06
1.591998000000000000e+06
3.161851000000000000e+06
7.383100000000000000e+04
1.353168000000000000e+06
1.646230000000000000e+06
1.548457000000000000e+06
2.328104000000000000e+06
3.180034000000000000e+06
1.113390000000000000e+05
1.953375000000000000e+06
1.575943000000000000e+06
4.438043000000000000e+06
2.500008000000000000e+06
2.617028000000000000e+06
6.262200000000000000e+04
1.627165000000000000e+06
1.411959000000000000e+06
1.367832000000000000e+06
1.391957000000000000e+06
2.200776000000000000e+06
9.243700000000000000e+04
1.548841000000000000e+06
2.194586000000000000e+06
4.046184000000000000e+06
1.573865000000000000e+06
2.455724000000000000e+06
7.200200000000000000e+04
1.473389000000000000e+06
1.458666000000000000e+06
1.505836000000000000e+06
1.490167000000000000e+06
2.240882000000000000e+06
8.329400000000000000e+04
1.749626000000000000e+06
2.181716000000000000e+06
4.177489000000000000e+06
1.743090000000000000e+06
3.348856000000000000e+06
1.163340000000000000e+05
2.204254000000000000e+06
3.144704000000000000e+06
2.549560000000000000e+06
1.715740000000000000e+06
2.817815000000000000e+06
1.354490000000000000e+05
3.157163000000000000e+06
3.366089000000000000e+06
5.391161000000000000e+06
2.587724000000000000e+06
2.755760000000000000e+06
7.792000000000000000e+04
1.278109000000000000e+06
1.486999000000000000e+06
2.329002000000000000e+06
5.365433800000000000e+07
2.347684000000000000e+06
1.097540000000000000e+05
1.814625000000000000e+06
2.598520000000000000e+06
1.700785000000000000e+06
9.484250000000000000e+05
1.307232000000000000e+06
9.544700000000000000e+04
9.854650000000000000e+05
1.031606000000000000e+06
2.796770000000000000e+06
6.485630000000000000e+06
9.468369000000000000e+06
5.308610000000000000e+05
8.107702000000000000e+06
2.525793000000000000e+06
3.393730000000000000e+06
2.955236000000000000e+06
2.084169000000000000e+06
1.809920000000000000e+05
3.468400000000000000e+06
4.148493000000000000e+06
1.068446000000000000e+06
4.728797000000000000e+06
2.305503000000000000e+06
1.208500000000000000e+05
6.351680000000000000e+05
2.556057000000000000e+06
2.826665000000000000e+06
1.000989000000000000e+06
2.719995000000000000e+06
1.057670000000000000e+05
6.387171000000000000e+06
7.046281000000000000e+06
5.252606000000000000e+06
5.745135000000000000e+06
2.046277000000000000e+06
1.116360000000000000e+05
2.674732000000000000e+06
5.164472000000000000e+06
3.310401000000000000e+06
2.372507000000000000e+06
5.001170000000000000e+05
2.324900000000000000e+04
1.596251000000000000e+06
2.338544000000000000e+06
1.598651000000000000e+06
4.724301000000000000e+06
1.581370000000000000e+06
6.423700000000000000e+04
7.049400000000000000e+05
6.585300000000000000e+05
2.402628000000000000e+06
3.796805000000000000e+06
7.275436000000000000e+06
2.140930000000000000e+05
5.761922000000000000e+06
3.579344000000000000e+06
