5.397668000000000000e+06
3.054919000000000000e+06
1.317890000000000000e+05
2.983296000000000000e+06
2.093437000000000000e+06
1.754820000000000000e+06
2.702576000000000000e+06
1.584049000000000000e+06
8.547500000000000000e+04
9.033670000000000000e+05
1.371090000000000000e+05
1.407950000000000000e+06
4.121661000000000000e+06
1.546952000000000000e+06
6.337200000000000000e+04
3.712338000000000000e+06
6.152140000000000000e+06
5.596494000000000000e+06
5.168552000000000000e+06
3.764570000000000000e+06
2.293990000000000000e+05
2.535114000000000000e+06
1.554205000000000000e+06
2.268555000000000000e+06
6.467211300000000000e+07
4.243171000000000000e+06
2.164240000000000000e+05
3.057845000000000000e+06
2.859639000000000000e+06
3.220630000000000000e+06
2.350724000000000000e+06
4.535854000000000000e+06
1.472150000000000000e+05
2.119731000000000000e+06
3.377799000000000000e+06
3.446009000000000000e+06
6.895439000000000000e+06
4.257346000000000000e+06
2.025750000000000000e+05
1.373919000000000000e+06
1.550990000000000000e+06
1.431532000000000000e+06
2.725649000000000000e+06
2.836624000000000000e+06
1.753330000000000000e+05
1.982113000000000000e+06
1.725742000000000000e+06
2.813705000000000000e+06
6.496993000000000000e+06
4.102993000000000000e+06
1.869320000000000000e+05
1.008677000000000000e+06
1.475734000000000000e+06
9.809320000000000000e+05
1.438517000000000000e+06
1.866565000000000000e+06
1.514890000000000000e+05
1.094373000000000000e+06
2.054119000000000000e+06
2.086632000000000000e+06
5.383702000000000000e+06
2.278677000000000000e+06
1.028240000000000000e+05
1.240132000000000000e+06
1.191852000000000000e+06
1.107029000000000000e+06
1.334874000000000000e+06
1.772058000000000000e+06
1.139300000000000000e+05
1.213727000000000000e+06
1.541910000000000000e+06
2.133746000000000000e+06
5.400059000000000000e+06
5.189374000000000000e+06
1.419810000000000000e+05
1.548679000000000000e+06
1.673196000000000000e+06
2.165368000000000000e+06
3.438932000000000000e+06
5.471129000000000000e+06
1.452550000000000000e+05
4.049734000000000000e+06
3.989024000000000000e+06
4.445876000000000000e+06
6.750239000000000000e+06
7.035183000000000000e+06
1.772700000000000000e+05
3.537221000000000000e+06
3.644486000000000000e+06
3.197651000000000000e+06
3.708698000000000000e+06
5.216252000000000000e+06
3.090930000000000000e+05
3.982760000000000000e+06
3.056556000000000000e+06
4.984003000000000000e+06
7.635692000000000000e+06
7.906143000000000000e+06
2.265110000000000000e+05
4.055644000000000000e+06
5.059070000000000000e+06
4.517134000000000000e+06
4.625044000000000000e+06
7.637113000000000000e+06
2.666310000000000000e+05
4.932159000000000000e+06
6.089148000000000000e+06
5.920938000000000000e+06
9.350770000000000000e+06
7.517976000000000000e+06
3.195380000000000000e+05
5.552318000000000000e+06
5.781521000000000000e+06
5.435157000000000000e+06
5.534316000000000000e+06
6.024646000000000000e+06
2.495080000000000000e+05
5.710751000000000000e+06
5.441908000000000000e+06
5.389060000000000000e+06
8.787010000000000000e+06
5.568871000000000000e+06
1.709740000000000000e+05
3.791995000000000000e+06
5.208475400000000000e+07
6.326403000000000000e+06
6.452046000000000000e+06
7.001869000000000000e+06
2.923580000000000000e+05
6.389252000000000000e+06
1.171390100000000000e+07
6.652977000000000000e+06
6.499573000000000000e+06
6.603447000000000000e+06
2.922280000000000000e+05
6.543636000000000000e+06
1.231969500000000000e+07
7.918627000000000000e+06
8.090519000000000000e+06
8.020727000000000000e+06
2.567270000000000000e+05
7.825973000000000000e+06
1.230503300000000000e+07
8.181284000000000000e+06
9.040552000000000000e+06
8.374749000000000000e+06
3.134010000000000000e+05
7.446015000000000000e+06
1.408198100000000000e+07
