3.403108000000000000e+06
5.101418000000000000e+06
2.842090000000000000e+05
4.693851000000000000e+06
5.509414000000000000e+06
1.744502000000000000e+06
1.174020000000000000e+06
1.080288000000000000e+06
3.535000000000000000e+04
1.229046000000000000e+06
1.873112000000000000e+06
6.446316200000000000e+07
1.512164900000000000e+07
9.719087000000000000e+06
2.210250000000000000e+05
9.670569000000000000e+06
1.031027500000000000e+07
1.055413400000000000e+07
1.624194900000000000e+07
1.025099600000000000e+07
3.575180000000000000e+05
1.012212100000000000e+07
1.038242400000000000e+07
1.218946900000000000e+07
1.664681800000000000e+07
1.067656500000000000e+07
2.175620000000000000e+05
1.060336900000000000e+07
1.051719900000000000e+07
1.104358900000000000e+07
1.927776400000000000e+07
1.191924300000000000e+07
3.418710000000000000e+05
1.246408800000000000e+07
1.297229600000000000e+07
1.479437200000000000e+07
1.960604800000000000e+07
1.239123900000000000e+07
3.248630000000000000e+05
1.143236500000000000e+07
1.130745800000000000e+07
1.085412300000000000e+07
1.580474300000000000e+07
1.271085900000000000e+07
2.802540000000000000e+05
1.311673300000000000e+07
1.286903700000000000e+07
1.448749100000000000e+07
1.858415300000000000e+07
1.337674800000000000e+07
3.233080000000000000e+05
1.370250600000000000e+07
1.355592100000000000e+07
5.107627100000000000e+07
1.012017000000000000e+06
7.500520000000000000e+05
3.393100000000000000e+04
7.012110000000000000e+05
1.437657000000000000e+06
1.680159000000000000e+06
3.162633000000000000e+06
8.628150000000000000e+05
6.565600000000000000e+04
6.854720000000000000e+05
7.554880000000000000e+05
6.697204000000000000e+06
1.639333000000000000e+06
9.286200000000000000e+05
6.618900000000000000e+04
9.599010000000000000e+05
1.010554000000000000e+06
2.261037000000000000e+06
1.815640000000000000e+06
8.813840000000000000e+05
5.699000000000000000e+04
8.160230000000000000e+05
1.046432000000000000e+06
6.481075000000000000e+06
1.721496000000000000e+06
1.647185000000000000e+06
7.485700000000000000e+04
9.757420000000000000e+05
7.988710000000000000e+05
2.020629000000000000e+06
1.531344000000000000e+06
1.001806000000000000e+06
5.588400000000000000e+04
8.467560000000000000e+05
8.637850000000000000e+05
6.088592000000000000e+06
2.007811000000000000e+06
1.077512000000000000e+06
7.358000000000000000e+04
1.822922000000000000e+06
1.898910000000000000e+06
2.318526000000000000e+06
1.672893000000000000e+06
8.145610000000000000e+05
6.182400000000000000e+04
7.576580000000000000e+05
7.794080000000000000e+05
6.471723000000000000e+06
1.881412000000000000e+06
7.230360000000000000e+05
5.486600000000000000e+04
6.307640000000000000e+05
7.060240000000000000e+05
1.800850000000000000e+06
1.320621000000000000e+06
6.931610000000000000e+05
4.945200000000000000e+04
6.167800000000000000e+05
8.976540000000000000e+05
5.852949000000000000e+06
1.068370000000000000e+06
4.492170000000000000e+05
3.018500000000000000e+04
5.166070000000000000e+05
6.085820000000000000e+05
1.776336000000000000e+06
8.454950000000000000e+05
4.483370000000000000e+05
2.333400000000000000e+04
4.053030000000000000e+05
4.459180000000000000e+05
6.158943300000000000e+07
8.748384000000000000e+06
8.446478000000000000e+06
4.257000000000000000e+05
4.568888000000000000e+06
7.462900000000000000e+06
7.581173000000000000e+06
4.781047000000000000e+06
3.483532000000000000e+06
2.431770000000000000e+05
4.777126000000000000e+06
6.443651000000000000e+06
6.632062000000000000e+06
4.403099000000000000e+06
4.583426000000000000e+06
3.321650000000000000e+05
1.991660000000000000e+06
8.453546000000000000e+06
1.031972700000000000e+07
5.538363000000000000e+06
3.982450000000000000e+06
2.904780000000000000e+05
3.200245000000000000e+06
1.867455000000000000e+06
