4.248588000000000000e+06
3.940556000000000000e+06
2.655030000000000000e+05
2.781180000000000000e+06
3.372929000000000000e+06
2.991654000000000000e+06
3.016357000000000000e+06
9.004186000000000000e+06
5.087640000000000000e+05
1.191885800000000000e+07
1.118900600000000000e+07
1.183849500000000000e+07
7.406056000000000000e+06
3.745160000000000000e+06
2.648880000000000000e+05
8.548444000000000000e+06
9.167561000000000000e+06
6.343401000000000000e+06
4.813180000000000000e+06
7.189204000000000000e+06
3.342360000000000000e+05
6.748274000000000000e+06
8.190528000000000000e+06
9.688478000000000000e+06
3.299512000000000000e+06
3.496040000000000000e+06
1.890860000000000000e+05
5.846190000000000000e+06
1.558492000000000000e+06
2.836850000000000000e+06
5.259574000000000000e+06
4.994454000000000000e+06
1.864060000000000000e+05
7.057250000000000000e+06
9.469181000000000000e+06
6.855706000000000000e+06
4.621149000000000000e+06
7.716853000000000000e+06
3.556450000000000000e+05
9.498365000000000000e+06
4.692281000000000000e+06
6.175248000000000000e+06
8.085559000000000000e+06
9.494665000000000000e+06
5.422850000000000000e+05
1.110563700000000000e+07
9.966327000000000000e+06
7.384251000000000000e+06
6.940977000000000000e+06
1.246876700000000000e+07
5.926860000000000000e+05
1.070646300000000000e+07
7.242346000000000000e+06
3.485337000000000000e+06
1.906512000000000000e+06
2.890287000000000000e+06
1.350320000000000000e+05
3.809224000000000000e+06
2.868969000000000000e+06
6.550169000000000000e+06
5.841481000000000000e+06
4.834941000000000000e+06
3.471960000000000000e+05
9.582380000000000000e+05
2.727517000000000000e+06
2.971128000000000000e+06
2.080362000000000000e+06
1.999751000000000000e+06
1.009550000000000000e+05
2.386390000000000000e+06
1.800708000000000000e+06
5.431075000000000000e+06
2.602924000000000000e+06
6.781660000000000000e+05
1.093660000000000000e+05
9.943970000000000000e+05
7.680959400000000000e+07
1.488584000000000000e+07
1.663641300000000000e+07
1.836975700000000000e+07
1.013339000000000000e+06
1.026723700000000000e+07
9.750780000000000000e+06
9.614256000000000000e+06
8.472762000000000000e+06
1.181243500000000000e+07
7.731330000000000000e+05
9.152323000000000000e+06
1.116155900000000000e+07
8.581326000000000000e+06
9.478396000000000000e+06
1.649085100000000000e+07
7.580060000000000000e+05
9.010592000000000000e+06
9.499140000000000000e+06
9.915959000000000000e+06
9.814701000000000000e+06
1.726510200000000000e+07
4.895750000000000000e+05
1.061649200000000000e+07
1.063817200000000000e+07
8.263022000000000000e+06
7.921544000000000000e+06
1.051697000000000000e+07
4.610470000000000000e+05
7.963032000000000000e+06
7.513631000000000000e+06
8.269859000000000000e+06
9.203855000000000000e+06
1.426281300000000000e+07
8.491480000000000000e+05
1.101843300000000000e+07
1.360593200000000000e+07
1.187133500000000000e+07
1.129053700000000000e+07
1.918758400000000000e+07
1.046409000000000000e+06
1.055143300000000000e+07
1.578879800000000000e+07
1.546684000000000000e+07
1.546783400000000000e+07
2.049355200000000000e+07
6.016600000000000000e+05
1.310491600000000000e+07
1.422167700000000000e+07
1.289184100000000000e+07
1.244510800000000000e+07
1.535251000000000000e+07
4.997380000000000000e+05
9.734316000000000000e+06
8.880857000000000000e+06
4.395485300000000000e+07
1.055060500000000000e+07
2.820915000000000000e+06
1.475650000000000000e+05
3.044995000000000000e+06
1.102916000000000000e+06
1.044971000000000000e+06
3.022387000000000000e+06
2.675297000000000000e+06
1.052780000000000000e+05
2.778830000000000000e+06
4.086425000000000000e+06
1.031073000000000000e+07
9.875076000000000000e+06
7.066853000000000000e+06
2.154820000000000000e+05
5.300727000000000000e+06
5.900360000000000000e+06
