1.063824500000000000e+07
5.908969000000000000e+06
2.826980000000000000e+05
1.357419000000000000e+06
3.553473000000000000e+06
8.067471000000000000e+06
4.628776000000000000e+06
3.546550000000000000e+05
3.012500000000000000e+04
1.870657000000000000e+06
3.469535000000000000e+06
2.063054000000000000e+06
2.937769000000000000e+06
3.666701000000000000e+06
1.228050000000000000e+05
9.082590000000000000e+05
1.767899000000000000e+06
8.066387000000000000e+06
6.455253000000000000e+06
8.451070000000000000e+05
4.503200000000000000e+04
1.506540000000000000e+06
9.503670000000000000e+05
2.648631000000000000e+06
2.217474000000000000e+06
1.820998000000000000e+06
1.080980000000000000e+05
2.710507000000000000e+06
2.073326000000000000e+06
8.172078000000000000e+06
5.949043100000000000e+07
1.416541000000000000e+06
1.081000000000000000e+05
1.126478000000000000e+06
1.488673000000000000e+06
2.235965000000000000e+06
2.141729000000000000e+06
1.757825000000000000e+06
1.316830000000000000e+05
1.460566000000000000e+06
6.335544000000000000e+06
1.248545000000000000e+06
4.420583000000000000e+06
2.492921000000000000e+06
1.313430000000000000e+05
3.813195000000000000e+06
2.204822000000000000e+06
1.526875000000000000e+06
9.029320000000000000e+05
2.310729000000000000e+06
1.802860000000000000e+05
5.094750000000000000e+05
8.605250000000000000e+05
5.280920000000000000e+05
4.526102000000000000e+06
8.636750000000000000e+05
5.935200000000000000e+04
2.323760000000000000e+05
4.728820000000000000e+06
2.047087000000000000e+06
6.782860000000000000e+05
7.108180000000000000e+05
3.109900000000000000e+04
6.814490000000000000e+05
1.084424000000000000e+06
3.208940000000000000e+05
4.513354000000000000e+06
2.075784000000000000e+06
1.081610000000000000e+05
4.761440000000000000e+05
6.079400000000000000e+05
1.229859000000000000e+06
2.603620000000000000e+05
6.348038000000000000e+06
1.657880000000000000e+05
1.486183000000000000e+06
4.996450000000000000e+05
4.728250000000000000e+05
3.885068000000000000e+06
7.194880000000000000e+05
5.828600000000000000e+04
2.663310000000000000e+05
5.402770000000000000e+05
1.144878000000000000e+06
1.482164000000000000e+06
3.737290000000000000e+05
2.812400000000000000e+04
1.803660000000000000e+05
1.721797000000000000e+06
6.334530000000000000e+05
3.725784000000000000e+06
8.880900000000000000e+05
4.938300000000000000e+04
4.406910000000000000e+05
2.756191000000000000e+06
1.608484000000000000e+06
3.036170000000000000e+05
5.764391200000000000e+07
3.894770000000000000e+05
6.579420000000000000e+06
5.707996000000000000e+06
4.730253000000000000e+06
5.411290000000000000e+06
5.454787000000000000e+06
3.763740000000000000e+05
8.801635000000000000e+06
5.215979000000000000e+06
6.933380000000000000e+06
7.029702000000000000e+06
1.040086200000000000e+07
6.374690000000000000e+05
1.159749500000000000e+07
8.865297000000000000e+06
9.127766000000000000e+06
9.680389000000000000e+06
1.005822800000000000e+07
6.835050000000000000e+05
1.299767900000000000e+07
8.549648000000000000e+06
9.522213000000000000e+06
9.591419000000000000e+06
1.217686100000000000e+07
5.962430000000000000e+05
1.443827300000000000e+07
1.043867300000000000e+07
1.036732800000000000e+07
1.001858600000000000e+07
1.095340500000000000e+07
7.625600000000000000e+05
1.646088400000000000e+07
1.475418600000000000e+07
1.673188600000000000e+07
1.657894300000000000e+07
1.706227300000000000e+07
5.724670000000000000e+05
2.119699500000000000e+07
1.499826400000000000e+07
1.483583200000000000e+07
1.384122100000000000e+07
1.275658400000000000e+07
6.716990000000000000e+05
1.440143300000000000e+07
8.242351000000000000e+06
8.692337000000000000e+06
8.539931000000000000e+06
1.111727000000000000e+07
5.685050000000000000e+05
1.319500800000000000e+07
8.831972000000000000e+06
