2.991088000000000000e+06
2.138848800000000000e+07
1.706659900000000000e+07
1.482042000000000000e+07
1.453114000000000000e+07
1.379879800000000000e+07
1.197252900000000000e+07
1.295459000000000000e+07
3.312180000000000000e+05
1.275144800000000000e+07
1.206103000000000000e+07
1.765771000000000000e+07
2.326063900000000000e+07
2.409908100000000000e+07
3.097500000000000000e+04
2.397714400000000000e+07
2.018511000000000000e+07
1.778173700000000000e+07
1.705444300000000000e+07
1.760670700000000000e+07
4.813700000000000000e+04
2.148880700000000000e+07
2.065454900000000000e+07
1.966552200000000000e+07
1.796827700000000000e+07
1.619030600000000000e+07
2.468590000000000000e+05
1.124898000000000000e+07
8.732315000000000000e+06
9.358915000000000000e+06
1.243600300000000000e+07
1.405457100000000000e+07
7.705500000000000000e+04
1.049386400000000000e+07
1.057910300000000000e+07
1.121316500000000000e+07
9.399682000000000000e+06
8.596270000000000000e+06
8.456000000000000000e+04
5.371697000000000000e+06
6.652240000000000000e+06
6.944511000000000000e+06
7.441034000000000000e+06
7.032237000000000000e+06
9.832300000000000000e+04
4.105676000000000000e+06
2.596646000000000000e+06
4.429719000000000000e+06
7.398445000000000000e+06
1.014014300000000000e+07
2.589020000000000000e+05
7.674376000000000000e+06
7.158539000000000000e+06
7.587712000000000000e+06
9.231742000000000000e+06
1.150066400000000000e+07
9.189400000000000000e+04
1.066282000000000000e+07
6.598734000000000000e+06
4.369971000000000000e+06
5.835848000000000000e+06
1.012240500000000000e+07
2.192720000000000000e+05
7.059408000000000000e+06
4.446285000000000000e+06
5.202963000000000000e+06
4.673008200000000000e+07
5.609166000000000000e+06
1.118950000000000000e+05
4.027558000000000000e+06
5.099508000000000000e+06
4.614728000000000000e+06
4.764494000000000000e+06
4.899988000000000000e+06
1.510530000000000000e+05
5.169380000000000000e+06
4.821429000000000000e+06
2.544521000000000000e+06
5.182811000000000000e+06
2.180932000000000000e+06
1.064580000000000000e+05
2.336676000000000000e+06
3.143232000000000000e+06
1.883553000000000000e+06
2.681404000000000000e+06
4.387123000000000000e+06
7.941100000000000000e+04
2.250688000000000000e+06
3.316498000000000000e+06
5.064872000000000000e+06
5.918191000000000000e+06
3.505247000000000000e+06
1.160790000000000000e+05
4.315958000000000000e+06
7.205301000000000000e+06
1.059450900000000000e+07
9.114930000000000000e+06
9.753759000000000000e+06
3.140230000000000000e+05
9.088195000000000000e+06
8.123103000000000000e+06
1.011285800000000000e+07
1.099686400000000000e+07
8.988489000000000000e+06
1.278760000000000000e+05
8.293532000000000000e+06
8.632385000000000000e+06
9.424228000000000000e+06
1.251786700000000000e+07
1.408911700000000000e+07
1.667410000000000000e+05
1.599015100000000000e+07
1.519344800000000000e+07
1.610224100000000000e+07
1.681997200000000000e+07
1.436803700000000000e+07
5.709800000000000000e+04
1.376341700000000000e+07
1.276759400000000000e+07
1.482840400000000000e+07
1.827389600000000000e+07
2.085291800000000000e+07
6.946400000000000000e+04
4.715160500000000000e+07
1.006343900000000000e+07
9.371453000000000000e+06
8.181041000000000000e+06
6.888823000000000000e+06
2.697340000000000000e+05
8.721494000000000000e+06
9.808535000000000000e+06
8.441449000000000000e+06
9.752393000000000000e+06
9.810713000000000000e+06
4.745950000000000000e+05
1.010717000000000000e+07
8.375463000000000000e+06
4.845826000000000000e+06
1.851413000000000000e+06
5.497795500000000000e+07
7.438440000000000000e+05
8.914115000000000000e+06
7.665467000000000000e+06
8.036468000000000000e+06
6.084605000000000000e+06
5.326275000000000000e+06
3.343710000000000000e+05
6.457254000000000000e+06
2.848060000000000000e+06
