7.292690000000000000e+05
1.122640000000000000e+05
3.196000000000000000e+03
1.135480000000000000e+05
1.818301000000000000e+06
7.739730000000000000e+05
8.581400000000000000e+04
6.470500000000000000e+04
2.449000000000000000e+03
4.284800000000000000e+04
8.449900000000000000e+04
6.849960000000000000e+05
8.577700000000000000e+04
3.963000000000000000e+04
0.000000000000000000e+00
1.126430000000000000e+05
1.712688000000000000e+06
8.165020000000000000e+05
2.063700000000000000e+05
2.074500000000000000e+05
1.970700000000000000e+04
2.144440000000000000e+05
1.685070000000000000e+05
7.069260000000000000e+05
2.122910000000000000e+05
2.349000000000000000e+05
5.897000000000000000e+03
1.236140000000000000e+05
2.033979000000000000e+06
8.491070000000000000e+05
1.894550000000000000e+05
1.666700000000000000e+05
1.175800000000000000e+04
2.121410000000000000e+05
3.024500000000000000e+05
8.144020000000000000e+05
3.147300000000000000e+05
2.629680000000000000e+05
1.238700000000000000e+04
1.419770000000000000e+05
2.015966000000000000e+06
7.683650000000000000e+05
1.105210000000000000e+05
5.609200000000000000e+04
4.433000000000000000e+03
4.521400000000000000e+04
1.006660000000000000e+05
6.313010000000000000e+05
1.195650000000000000e+05
1.606280000000000000e+05
1.374500000000000000e+04
1.281730000000000000e+05
2.134285000000000000e+06
8.090490000000000000e+05
1.935040000000000000e+05
2.491630000000000000e+05
1.374600000000000000e+04
4.245250800000000000e+07
1.412728000000000000e+06
1.399095000000000000e+06
8.350490000000000000e+05
7.515440000000000000e+05
6.607100000000000000e+04
7.115330000000000000e+05
6.727270000000000000e+05
7.843240000000000000e+05
8.468740000000000000e+05
9.730500000000000000e+05
6.833400000000000000e+04
3.023188000000000000e+06
1.271384000000000000e+06
1.381138000000000000e+06
8.914700000000000000e+05
7.800950000000000000e+05
3.220000000000000000e+04
5.117540000000000000e+05
5.581970000000000000e+05
4.318700000000000000e+05
3.655720000000000000e+05
2.442970000000000000e+05
1.876100000000000000e+04
2.578995000000000000e+06
8.170540000000000000e+05
1.132986000000000000e+06
9.018800000000000000e+05
8.050720000000000000e+05
3.147800000000000000e+04
5.205660000000000000e+05
3.912060000000000000e+05
2.525330000000000000e+05
1.444200000000000000e+05
1.430550000000000000e+05
1.863400000000000000e+04
2.343168000000000000e+06
7.259700000000000000e+05
7.605650000000000000e+05
3.392460000000000000e+05
4.035010000000000000e+05
3.237500000000000000e+04
3.145400000000000000e+05
2.272320000000000000e+05
2.877130000000000000e+05
4.110810000000000000e+05
5.245430000000000000e+05
1.593900000000000000e+04
2.443655000000000000e+06
8.343130000000000000e+05
7.994010000000000000e+05
3.207300000000000000e+05
3.235470000000000000e+05
1.719700000000000000e+04
3.456320000000000000e+05
4.090890000000000000e+05
5.248290000000000000e+05
4.371770000000000000e+05
4.203710000000000000e+05
3.696300000000000000e+04
2.523929000000000000e+06
1.193832000000000000e+06
1.123151000000000000e+06
6.808730000000000000e+05
5.725430000000000000e+05
7.003900000000000000e+04
5.949440000000000000e+05
7.288490000000000000e+05
8.113490000000000000e+05
7.986600000000000000e+05
3.457440000000000000e+05
2.862100000000000000e+04
2.655289000000000000e+06
8.966300000000000000e+05
9.743570000000000000e+05
4.227390000000000000e+05
2.895660000000000000e+05
2.361800000000000000e+04
2.516560000000000000e+05
1.976230000000000000e+05
1.830390000000000000e+05
1.452100000000000000e+05
1.449560000000000000e+05
6.398000000000000000e+03
2.148079000000000000e+06
6.727600000000000000e+05
7.053330000000000000e+05
1.192190000000000000e+05
1.695600000000000000e+05
1.532000000000000000e+04
1.524390000000000000e+05
3.378430000000000000e+05
