3.751190000000000000e+05
3.168590000000000000e+05
1.233900000000000000e+04
2.110186000000000000e+06
7.072820000000000000e+05
5.432559400000000000e+07
3.514282000000000000e+06
3.337458000000000000e+06
1.945240000000000000e+05
3.450714000000000000e+06
3.048554000000000000e+06
3.866536000000000000e+06
3.391906000000000000e+06
3.390063000000000000e+06
1.627720000000000000e+05
3.223140000000000000e+06
3.270614000000000000e+06
6.684949000000000000e+06
3.562997000000000000e+06
3.364048000000000000e+06
1.514170000000000000e+05
3.612984000000000000e+06
2.923612000000000000e+06
4.185659000000000000e+06
3.265319000000000000e+06
3.304470000000000000e+06
1.717620000000000000e+05
3.210009000000000000e+06
3.326983000000000000e+06
6.611408000000000000e+06
3.670431000000000000e+06
3.645345000000000000e+06
1.695810000000000000e+05
3.617512000000000000e+06
3.274990000000000000e+06
4.258571000000000000e+06
3.277461000000000000e+06
3.652631000000000000e+06
1.950480000000000000e+05
3.533717000000000000e+06
3.230931000000000000e+06
6.738642000000000000e+06
3.641312000000000000e+06
3.766003000000000000e+06
2.396780000000000000e+05
3.498806000000000000e+06
3.251547000000000000e+06
4.294465000000000000e+06
3.316637000000000000e+06
3.399246000000000000e+06
1.926580000000000000e+05
3.316844000000000000e+06
3.086752000000000000e+06
6.604147000000000000e+06
3.486200000000000000e+06
3.360081000000000000e+06
1.631060000000000000e+05
3.545210000000000000e+06
3.029792000000000000e+06
4.159865000000000000e+06
3.184463000000000000e+06
3.519100000000000000e+06
1.581410000000000000e+05
3.035006000000000000e+06
3.380877000000000000e+06
6.572916000000000000e+06
3.549052000000000000e+06
3.591251000000000000e+06
1.901310000000000000e+05
3.569522000000000000e+06
5.402363400000000000e+07
9.762830000000000000e+05
2.424860000000000000e+05
1.543760000000000000e+05
5.645000000000000000e+03
2.141240000000000000e+05
2.399650000000000000e+05
1.095690000000000000e+05
1.283100000000000000e+05
1.539320000000000000e+05
1.217700000000000000e+04
1.598810000000000000e+05
1.747475000000000000e+06
8.079820000000000000e+05
1.155840000000000000e+05
1.647030000000000000e+05
1.410600000000000000e+04
2.507000000000000000e+05
2.224950000000000000e+05
9.355600000000000000e+04
3.304700000000000000e+05
5.619560000000000000e+05
3.853100000000000000e+04
5.954150000000000000e+05
1.995258000000000000e+06
1.228216000000000000e+06
5.378620000000000000e+05
3.563170000000000000e+05
1.877600000000000000e+04
2.534910000000000000e+05
3.099530000000000000e+05
2.940060000000000000e+05
5.413430000000000000e+05
4.304750000000000000e+05
3.588500000000000000e+04
3.527490000000000000e+05
2.162022000000000000e+06
9.707160000000000000e+05
2.520090000000000000e+05
2.274150000000000000e+05
2.225200000000000000e+04
2.393370000000000000e+05
2.197580000000000000e+05
1.801810000000000000e+05
1.447300000000000000e+05
7.514300000000000000e+04
2.125000000000000000e+03
1.711300000000000000e+05
1.870383000000000000e+06
1.031917000000000000e+06
4.830930000000000000e+05
5.769170000000000000e+05
3.011600000000000000e+04
5.846010000000000000e+05
4.380080000000000000e+05
8.947047800000000000e+07
2.038067000000000000e+06
1.580614000000000000e+06
7.174700000000000000e+04
1.319374000000000000e+06
2.056201000000000000e+06
2.533669000000000000e+06
1.944035000000000000e+06
2.824706000000000000e+06
1.373790000000000000e+05
1.642402000000000000e+06
1.740903000000000000e+06
5.706137000000000000e+06
2.083808000000000000e+06
1.671645000000000000e+06
1.011400000000000000e+05
1.652256000000000000e+06
1.606498000000000000e+06
2.698335000000000000e+06
1.401730000000000000e+06
1.824239000000000000e+06
1.483940000000000000e+05
2.054582000000000000e+06
1.552377000000000000e+06
