2.514575000000000000e+06
1.884800000000000000e+06
1.523190000000000000e+05
1.963191000000000000e+06
2.376092000000000000e+06
1.751046000000000000e+06
2.113849000000000000e+06
1.679141000000000000e+06
1.483540000000000000e+05
2.163166000000000000e+06
2.371369000000000000e+06
6.087148000000000000e+06
2.050390000000000000e+06
1.787970000000000000e+06
1.107150000000000000e+05
1.869658000000000000e+06
1.363615000000000000e+06
1.251676000000000000e+06
1.310526000000000000e+06
1.585691000000000000e+06
1.203660000000000000e+05
1.472736000000000000e+06
1.844458000000000000e+06
4.870226000000000000e+06
1.904976000000000000e+06
1.853680000000000000e+06
1.233340000000000000e+05
1.784186000000000000e+06
1.832568000000000000e+06
1.489420000000000000e+06
1.536859000000000000e+06
1.282967000000000000e+06
1.162360000000000000e+05
1.526989000000000000e+06
1.305202000000000000e+06
5.487819000000000000e+06
1.458067000000000000e+06
1.309146000000000000e+06
1.053320000000000000e+05
1.263404000000000000e+06
1.188096000000000000e+06
1.058383000000000000e+06
1.228657000000000000e+06
1.382416000000000000e+06
9.802200000000000000e+04
1.206196000000000000e+06
1.242545000000000000e+06
4.857435000000000000e+06
1.877599000000000000e+06
1.219677000000000000e+06
8.834200000000000000e+04
1.462829000000000000e+06
1.300427000000000000e+06
2.021246000000000000e+06
1.522520000000000000e+06
1.501783000000000000e+06
1.804410000000000000e+05
1.221717000000000000e+06
1.542622000000000000e+06
5.205351000000000000e+06
1.384678000000000000e+06
9.577000000000000000e+05
6.967400000000000000e+04
1.128660000000000000e+06
1.416644000000000000e+06
1.162068000000000000e+06
1.508603000000000000e+06
1.897205000000000000e+06
1.787670000000000000e+05
1.821946000000000000e+06
1.806481000000000000e+06
5.275450000000000000e+06
5.170525100000000000e+07
7.095200000000000000e+05
4.115300000000000000e+04
5.511910000000000000e+05
7.633810000000000000e+05
7.755190000000000000e+05
7.939090000000000000e+05
6.466280000000000000e+05
1.984900000000000000e+04
6.931460000000000000e+05
5.618920000000000000e+05
3.543860000000000000e+05
2.050014000000000000e+06
5.567820000000000000e+05
3.679000000000000000e+03
3.270670000000000000e+05
4.150020000000000000e+05
4.739500000000000000e+05
3.743910000000000000e+05
3.773360000000000000e+05
1.051000000000000000e+03
3.477300000000000000e+05
4.078210000000000000e+05
4.458780000000000000e+05
2.050685000000000000e+06
6.117170000000000000e+05
5.100000000000000000e+03
3.254990000000000000e+05
3.919110000000000000e+05
4.360140000000000000e+05
4.670920000000000000e+05
4.266280000000000000e+05
1.403200000000000000e+04
6.038590000000000000e+05
4.841700000000000000e+05
5.551910000000000000e+05
1.934420000000000000e+06
7.503550000000000000e+05
2.722000000000000000e+03
2.659040000000000000e+05
5.355110000000000000e+05
5.344670000000000000e+05
4.208770000000000000e+05
6.531270000000000000e+05
2.588000000000000000e+03
5.072370000000000000e+05
6.924060000000000000e+05
6.553110000000000000e+05
2.276970000000000000e+06
9.795750000000000000e+05
3.406700000000000000e+04
5.710990000000000000e+05
5.859670000000000000e+05
5.379200000000000000e+05
5.250830000000000000e+05
6.327260000000000000e+05
1.470300000000000000e+04
6.428650000000000000e+05
5.513930000000000000e+05
6.762690000000000000e+05
2.050319000000000000e+06
8.702190000000000000e+05
7.852000000000000000e+03
3.610160000000000000e+05
5.265840000000000000e+05
5.241230000000000000e+05
8.722940000000000000e+05
6.405070000000000000e+05
1.843100000000000000e+04
7.515890000000000000e+05
4.254660000000000000e+05
5.742410000000000000e+05
2.430795000000000000e+06
9.214890000000000000e+05
1.049700000000000000e+04
4.644810000000000000e+05
5.582540000000000000e+05
