6.025890000000000000e+05
6.334400000000000000e+05
6.491000000000000000e+03
5.194200000000000000e+05
7.336030000000000000e+05
5.393050000000000000e+05
2.426565000000000000e+06
1.174619000000000000e+06
1.573400000000000000e+04
7.875760000000000000e+05
7.007360000000000000e+05
4.570370000000000000e+05
5.222130000000000000e+05
3.693000000000000000e+05
1.903800000000000000e+04
6.499990000000000000e+05
5.114740000000000000e+05
5.972690000000000000e+05
2.259136000000000000e+06
1.046842000000000000e+06
7.193000000000000000e+03
5.215820000000000000e+05
5.894280000000000000e+05
6.102280000000000000e+05
6.192300000000000000e+05
6.145230000000000000e+05
1.188100000000000000e+04
5.356460000000000000e+05
5.970940000000000000e+05
3.895830000000000000e+05
2.138587000000000000e+06
9.567600000000000000e+05
9.755000000000000000e+03
3.670450000000000000e+05
4.378130000000000000e+05
6.364550000000000000e+05
4.239470000000000000e+05
5.887920000000000000e+05
1.242400000000000000e+04
5.441260000000000000e+05
7.658750000000000000e+05
7.674530000000000000e+05
2.328308000000000000e+06
1.254499000000000000e+06
4.831400000000000000e+04
7.358830000000000000e+05
8.193030000000000000e+05
8.716350000000000000e+05
9.098400000000000000e+05
8.729860000000000000e+05
5.269500000000000000e+04
9.505030000000000000e+05
9.906920000000000000e+05
1.021824000000000000e+06
2.313436000000000000e+06
1.514079000000000000e+06
4.060700000000000000e+04
9.498720000000000000e+05
8.452020000000000000e+05
9.658070000000000000e+05
9.364620000000000000e+05
1.057880000000000000e+06
2.949900000000000000e+04
8.471910000000000000e+05
1.020110000000000000e+06
6.258788700000000000e+07
1.309747000000000000e+06
7.310590000000000000e+05
6.248000000000000000e+04
6.310910000000000000e+05
5.389900000000000000e+05
1.006960000000000000e+06
5.033550000000000000e+05
3.852050000000000000e+05
4.774800000000000000e+04
5.767030000000000000e+05
5.229840000000000000e+05
2.486238000000000000e+06
1.210054000000000000e+06
6.218160000000000000e+05
5.896600000000000000e+04
4.191540000000000000e+05
5.789430000000000000e+05
1.111383000000000000e+06
4.632150000000000000e+05
2.871240000000000000e+05
2.231900000000000000e+04
3.053930000000000000e+05
1.229830000000000000e+05
2.202089000000000000e+06
1.087709000000000000e+06
3.867560000000000000e+05
2.302900000000000000e+04
4.738040000000000000e+05
5.666740000000000000e+05
9.610640000000000000e+05
4.810660000000000000e+05
5.619290000000000000e+05
2.250100000000000000e+04
4.092850000000000000e+05
3.461500000000000000e+05
2.347868000000000000e+06
1.141159000000000000e+06
5.310320000000000000e+05
3.846600000000000000e+04
5.233740000000000000e+05
5.026820000000000000e+05
1.031061000000000000e+06
3.884390000000000000e+05
3.120430000000000000e+05
1.919700000000000000e+04
1.921540000000000000e+05
1.097370000000000000e+05
2.387511000000000000e+06
1.053791000000000000e+06
4.548200000000000000e+05
3.713500000000000000e+04
5.101010000000000000e+05
5.543800000000000000e+05
1.107452000000000000e+06
6.235200000000000000e+05
4.049510000000000000e+05
7.156100000000000000e+04
2.603530000000000000e+05
5.800630000000000000e+05
2.277716000000000000e+06
1.125191000000000000e+06
5.724760000000000000e+05
6.315500000000000000e+04
6.910390000000000000e+05
5.169400000000000000e+05
8.863350000000000000e+05
4.080930000000000000e+05
5.045890000000000000e+05
3.664600000000000000e+04
3.622020000000000000e+05
2.883330000000000000e+05
2.008545000000000000e+06
1.081433000000000000e+06
5.968850000000000000e+05
3.973700000000000000e+04
6.204080000000000000e+05
5.464740000000000000e+05
1.072965000000000000e+06
4.343410000000000000e+05
3.785670000000000000e+05
3.331300000000000000e+04
1.985380000000000000e+05
3.864000000000000000e+05
