1.357080000000000000e+06
6.522260000000000000e+05
5.531100000000000000e+04
4.657930000000000000e+05
3.331730000000000000e+05
4.109510000000000000e+05
3.549600000000000000e+05
3.448130000000000000e+05
3.066300000000000000e+04
2.888530000000000000e+05
2.492778000000000000e+06
1.277593000000000000e+06
2.201900000000000000e+05
1.901160000000000000e+05
2.116200000000000000e+04
2.333210000000000000e+05
3.999060000000000000e+05
6.998490000000000000e+05
9.543590000000000000e+05
1.183657000000000000e+06
7.676800000000000000e+04
1.271003000000000000e+06
3.550213000000000000e+06
2.273892000000000000e+06
1.368140000000000000e+06
9.770120000000000000e+05
9.619500000000000000e+04
6.602010000000000000e+05
7.223230000000000000e+05
7.433820000000000000e+05
7.460770000000000000e+05
6.826370000000000000e+05
7.032000000000000000e+04
5.943510000000000000e+05
2.692287000000000000e+06
1.516853000000000000e+06
8.488700000000000000e+05
1.145814000000000000e+06
1.274120000000000000e+05
1.512136000000000000e+06
1.554661000000000000e+06
1.528651000000000000e+06
1.173098000000000000e+06
9.129540000000000000e+05
9.241900000000000000e+04
5.210270000000000000e+05
2.561034000000000000e+06
1.245634000000000000e+06
3.694900000000000000e+05
3.941380000000000000e+05
1.651500000000000000e+04
2.657280000000000000e+05
3.246580000000000000e+05
3.103390000000000000e+05
2.232310000000000000e+05
1.886290000000000000e+05
2.127800000000000000e+04
2.622110000000000000e+05
2.383505000000000000e+06
1.628541000000000000e+06
1.139788000000000000e+06
1.233016000000000000e+06
6.962400000000000000e+04
1.578195000000000000e+06
1.746098000000000000e+06
1.806729000000000000e+06
1.527715000000000000e+06
1.229322000000000000e+06
1.253240000000000000e+05
9.600000000000000000e+05
3.160907000000000000e+06
2.126587000000000000e+06
1.584782000000000000e+06
1.726905000000000000e+06
1.535180000000000000e+05
1.708098000000000000e+06
1.836591000000000000e+06
1.680224000000000000e+06
1.641748000000000000e+06
1.606968000000000000e+06
8.070600000000000000e+04
1.702908000000000000e+06
3.557149000000000000e+06
2.237705000000000000e+06
9.740720000000000000e+05
8.189740000000000000e+05
4.737200000000000000e+04
6.114600000000000000e+05
7.989670000000000000e+05
8.919300000000000000e+05
9.737680000000000000e+05
1.223124000000000000e+06
8.073600000000000000e+04
1.533812000000000000e+06
7.387471300000000000e+07
1.715850000000000000e+06
1.613654000000000000e+06
1.746909000000000000e+06
7.957900000000000000e+04
1.551393000000000000e+06
2.027559000000000000e+06
2.533191000000000000e+06
2.471237000000000000e+06
2.482250000000000000e+06
8.075100000000000000e+04
2.715605000000000000e+06
3.562427000000000000e+06
1.682499000000000000e+06
1.610103000000000000e+06
1.506553000000000000e+06
8.013300000000000000e+04
1.493286000000000000e+06
1.804632000000000000e+06
1.873765000000000000e+06
1.412746000000000000e+06
1.020063000000000000e+06
4.289700000000000000e+04
1.416794000000000000e+06
2.948857000000000000e+06
6.206370000000000000e+05
3.849590000000000000e+05
3.977440000000000000e+05
2.789200000000000000e+04
4.178280000000000000e+05
4.089270000000000000e+05
3.892990000000000000e+05
4.232800000000000000e+05
4.204490000000000000e+05
2.946200000000000000e+04
6.630690000000000000e+05
1.719495000000000000e+06
7.149840000000000000e+05
4.766320000000000000e+05
4.775790000000000000e+05
2.694200000000000000e+04
4.598730000000000000e+05
5.073300000000000000e+05
5.221480000000000000e+05
5.690810000000000000e+05
7.624893900000000000e+07
5.086890000000000000e+05
8.098800000000000000e+04
2.236610000000000000e+05
4.947430000000000000e+05
8.419390000000000000e+05
6.682750000000000000e+05
3.932500000000000000e+04
5.302610000000000000e+05
6.091590000000000000e+05
