9.241330000000000000e+05
4.220915000000000000e+06
5.664730000000000000e+05
5.768760000000000000e+05
3.637630000000000000e+05
6.738030000000000000e+05
6.991180000000000000e+05
7.312140000000000000e+05
9.865100000000000000e+04
8.958520000000000000e+05
7.001500000000000000e+05
1.597010000000000000e+06
9.081910000000000000e+05
4.061226000000000000e+06
5.214570000000000000e+05
2.158860000000000000e+05
2.430570000000000000e+05
1.322310000000000000e+05
3.925300000000000000e+05
3.297630000000000000e+05
1.685500000000000000e+04
5.492740000000000000e+05
7.357950000000000000e+05
1.104234000000000000e+06
3.954790000000000000e+05
3.411925000000000000e+06
3.920840000000000000e+05
1.036070000000000000e+05
3.302080000000000000e+05
3.692890000000000000e+05
1.688510000000000000e+05
1.433850000000000000e+05
1.065500000000000000e+04
1.447120000000000000e+05
3.510390000000000000e+05
1.238700000000000000e+06
3.087780000000000000e+05
3.040523000000000000e+06
3.481590000000000000e+05
1.787910000000000000e+05
6.327000000000000000e+05
2.463200000000000000e+05
3.725920000000000000e+05
4.338200000000000000e+05
4.411200000000000000e+04
3.490820000000000000e+05
3.610700000000000000e+05
8.673120000000000000e+05
3.870180000000000000e+05
3.109550000000000000e+06
2.732150000000000000e+05
9.320200000000000000e+04
1.157100000000000000e+05
4.996313000000000000e+07
1.050088000000000000e+06
7.979730000000000000e+05
4.721400000000000000e+04
8.137130000000000000e+05
9.017830000000000000e+05
1.590049000000000000e+06
1.223336000000000000e+06
7.415110000000000000e+05
6.103100000000000000e+04
1.278467000000000000e+06
1.215417000000000000e+06
2.876667000000000000e+06
9.285410000000000000e+05
5.671870000000000000e+05
4.802400000000000000e+04
6.609320000000000000e+05
3.260790000000000000e+05
1.100330000000000000e+06
6.719980000000000000e+05
3.291460000000000000e+05
2.039700000000000000e+04
2.193460000000000000e+05
2.400460000000000000e+05
2.271852000000000000e+06
7.851270000000000000e+05
3.738830000000000000e+05
1.387700000000000000e+04
3.243570000000000000e+05
3.612870000000000000e+05
9.949180000000000000e+05
8.522830000000000000e+05
7.570560000000000000e+05
3.405500000000000000e+04
6.226800000000000000e+05
4.644040000000000000e+05
2.144539000000000000e+06
8.530180000000000000e+05
6.721420000000000000e+05
3.628900000000000000e+04
8.120120000000000000e+05
9.470320000000000000e+05
1.210871000000000000e+06
9.840310000000000000e+05
8.034100000000000000e+05
4.297600000000000000e+04
7.423910000000000000e+05
7.717090000000000000e+05
2.361596000000000000e+06
8.884140000000000000e+05
5.212530000000000000e+05
2.970600000000000000e+04
4.199610000000000000e+05
5.530490000000000000e+05
1.355784000000000000e+06
1.450053000000000000e+06
1.297372000000000000e+06
1.001800000000000000e+05
9.184250000000000000e+05
8.354010000000000000e+05
2.516746000000000000e+06
5.357209900000000000e+07
1.764664000000000000e+06
7.748300000000000000e+04
1.331423000000000000e+06
8.846790000000000000e+05
1.215206000000000000e+06
4.239180000000000000e+05
9.409040000000000000e+05
3.750300000000000000e+04
2.186946000000000000e+06
8.507510000000000000e+05
1.138827000000000000e+06
4.877974000000000000e+06
7.879580000000000000e+05
4.432800000000000000e+04
5.765580000000000000e+05
1.537770000000000000e+06
1.801337000000000000e+06
5.543930000000000000e+05
9.461920000000000000e+05
4.917700000000000000e+04
1.832968000000000000e+06
2.765740000000000000e+05
1.890650000000000000e+05
3.450012000000000000e+06
1.152113000000000000e+06
6.588000000000000000e+04
9.242580000000000000e+05
6.563140000000000000e+05
1.198504000000000000e+06
8.054290000000000000e+05
6.743680000000000000e+05
2.073000000000000000e+04
9.316480000000000000e+05
9.126680000000000000e+05
