3.534300000000000000e+06
1.628066000000000000e+06
5.529600000000000000e+04
7.728160000000000000e+05
6.105010000000000000e+05
1.190771000000000000e+06
1.612728000000000000e+06
1.606234000000000000e+06
7.237500000000000000e+04
8.817990000000000000e+05
1.162504000000000000e+06
2.102351000000000000e+06
4.793431000000000000e+06
1.609826000000000000e+06
9.581900000000000000e+04
1.720915000000000000e+06
9.070690000000000000e+05
4.623640000000000000e+05
8.873560000000000000e+05
1.590415000000000000e+06
9.506100000000000000e+04
1.146418000000000000e+06
1.208112000000000000e+06
1.493581000000000000e+06
4.121591000000000000e+06
2.853994000000000000e+06
1.961610000000000000e+05
2.177424000000000000e+06
1.339426000000000000e+06
1.893224000000000000e+06
1.480045000000000000e+06
1.588062000000000000e+06
1.299170000000000000e+05
1.193192000000000000e+06
1.196335000000000000e+06
2.343062000000000000e+06
4.605950000000000000e+06
1.229726000000000000e+06
7.315300000000000000e+04
5.779304500000000000e+07
1.420187200000000000e+07
1.485896100000000000e+07
1.423120000000000000e+07
1.396828800000000000e+07
5.372520000000000000e+05
1.385223000000000000e+07
1.456829700000000000e+07
1.480261200000000000e+07
1.396764700000000000e+07
1.322178100000000000e+07
5.467900000000000000e+05
1.329796800000000000e+07
1.218519000000000000e+07
1.331073100000000000e+07
1.351328500000000000e+07
1.261612600000000000e+07
5.503700000000000000e+05
1.221206400000000000e+07
1.322156800000000000e+07
1.394016000000000000e+07
1.345099300000000000e+07
1.212847700000000000e+07
5.722620000000000000e+05
1.257381900000000000e+07
1.182965100000000000e+07
1.252835300000000000e+07
1.339434400000000000e+07
1.534302600000000000e+07
6.895580000000000000e+05
1.667163800000000000e+07
1.788093400000000000e+07
1.844242400000000000e+07
1.864620600000000000e+07
1.891283400000000000e+07
6.117750000000000000e+05
1.833040600000000000e+07
1.536588300000000000e+07
1.174408200000000000e+07
7.728093000000000000e+06
3.822543000000000000e+06
3.450410000000000000e+05
5.670754000000000000e+06
5.378052000000000000e+06
4.466389000000000000e+06
3.276819000000000000e+06
2.420868000000000000e+06
1.647630000000000000e+05
5.944179000000000000e+06
4.928278000000000000e+06
4.972529000000000000e+06
5.555328000000000000e+06
5.922189000000000000e+06
3.568370000000000000e+05
5.913875000000000000e+06
6.167434000000000000e+06
6.916478000000000000e+06
6.454724000000000000e+06
6.945675000000000000e+06
2.979740000000000000e+05
8.863134000000000000e+06
7.202700000000000000e+06
4.596720000000000000e+06
4.029690000000000000e+06
5.468016000000000000e+06
3.095950000000000000e+05
5.278519000000000000e+06
7.199694000000000000e+06
8.249097000000000000e+06
7.488100000000000000e+06
6.653261000000000000e+06
3.207000000000000000e+05
8.820947000000000000e+06
8.223912000000000000e+06
6.527959000000000000e+06
2.626882000000000000e+06
3.731150000000000000e+06
1.766420000000000000e+05
4.954829000000000000e+06
2.336473000000000000e+06
2.207739000000000000e+06
1.922360000000000000e+06
1.568676000000000000e+06
9.157700000000000000e+04
4.515417000000000000e+06
2.814402000000000000e+06
2.409401000000000000e+06
2.441999000000000000e+06
1.791468000000000000e+06
9.839600000000000000e+04
6.459920000000000000e+05
7.991420000000000000e+05
1.877904000000000000e+06
1.605207000000000000e+06
1.617308000000000000e+06
6.903300000000000000e+04
4.290093000000000000e+06
3.231748000000000000e+06
3.007201000000000000e+06
3.917092000000000000e+06
4.373206000000000000e+06
2.120880000000000000e+05
4.174455000000000000e+06
5.319447100000000000e+07
9.441550000000000000e+05
1.075020000000000000e+05
2.494200000000000000e+05
3.534000000000000000e+03
3.625820000000000000e+05
4.873430000000000000e+05
