6.914260000000000000e+06
6.778784000000000000e+06
3.913420000000000000e+05
9.074875000000000000e+06
9.987088000000000000e+06
8.773903000000000000e+06
9.811237000000000000e+06
1.011151600000000000e+07
6.636710000000000000e+05
1.143774500000000000e+07
1.194596800000000000e+07
1.024079800000000000e+07
8.501956000000000000e+06
7.481984000000000000e+06
3.018670000000000000e+05
6.514186000000000000e+06
8.334881000000000000e+06
4.115301000000000000e+06
3.054795000000000000e+06
2.106034000000000000e+06
7.884900000000000000e+04
2.591613000000000000e+06
2.763891000000000000e+06
2.959754000000000000e+06
2.843656000000000000e+06
3.629564000000000000e+06
1.805070000000000000e+05
5.547525000000000000e+06
9.676268000000000000e+06
8.868809000000000000e+06
8.462893000000000000e+06
8.649555000000000000e+06
5.153950000000000000e+05
8.094505000000000000e+06
7.278666000000000000e+06
7.497445000000000000e+06
6.167897000000000000e+06
4.376547000000000000e+06
2.842580000000000000e+05
3.488871000000000000e+06
7.066991000000000000e+06
3.612585000000000000e+06
4.020253000000000000e+06
5.203965000000000000e+06
3.915690000000000000e+05
8.223255000000000000e+06
8.978410000000000000e+06
7.873798000000000000e+06
8.407341000000000000e+06
4.793065300000000000e+07
2.861560000000000000e+05
2.787028000000000000e+06
2.678146000000000000e+06
2.255855000000000000e+06
2.896804000000000000e+06
1.955507000000000000e+06
1.097580000000000000e+05
2.265051000000000000e+06
4.791100000000000000e+06
5.176406000000000000e+06
3.537361000000000000e+06
4.975686000000000000e+06
4.135870000000000000e+05
2.966829000000000000e+06
2.382662000000000000e+06
1.913810000000000000e+06
6.660830000000000000e+05
9.183060000000000000e+05
5.258400000000000000e+04
2.281414000000000000e+06
1.693057000000000000e+06
2.165228000000000000e+06
2.607933000000000000e+06
6.012984000000000000e+06
3.650720000000000000e+05
4.308966000000000000e+06
4.192692000000000000e+06
4.343582000000000000e+06
3.225254000000000000e+06
2.093369000000000000e+06
1.152290000000000000e+05
1.933827000000000000e+06
2.044928000000000000e+06
3.350315000000000000e+06
4.798813000000000000e+06
7.412308000000000000e+06
3.647620000000000000e+05
4.939325000000000000e+06
3.202396000000000000e+06
2.067152000000000000e+06
2.901333000000000000e+06
2.891591000000000000e+06
1.564840000000000000e+05
2.983470000000000000e+06
2.364432000000000000e+06
1.626581000000000000e+06
1.246533000000000000e+06
4.106533000000000000e+06
3.264940000000000000e+05
1.303532000000000000e+06
3.193514000000000000e+06
3.800059000000000000e+06
2.713414000000000000e+06
8.280491600000000000e+07
5.207100000000000000e+05
1.053412000000000000e+06
2.289830000000000000e+06
2.080774000000000000e+06
1.424511000000000000e+06
1.904185000000000000e+06
1.213620000000000000e+05
1.578704000000000000e+06
1.886044000000000000e+06
1.896727000000000000e+06
1.814740000000000000e+06
6.146878000000000000e+06
7.165840000000000000e+05
1.701195000000000000e+06
2.389457000000000000e+06
2.464982000000000000e+06
1.824482000000000000e+06
1.537094000000000000e+06
1.064510000000000000e+05
1.260440000000000000e+06
1.139645000000000000e+06
6.285320000000000000e+05
6.465470000000000000e+05
5.693350000000000000e+06
6.613660000000000000e+05
3.872090000000000000e+05
2.931020000000000000e+05
1.591645000000000000e+06
5.891010000000000000e+05
5.385450000000000000e+05
3.611700000000000000e+04
1.041462000000000000e+06
3.568520000000000000e+05
4.619500000000000000e+05
1.873980000000000000e+05
4.231843000000000000e+06
7.133270000000000000e+05
3.694050000000000000e+05
3.300650000000000000e+05
1.542044000000000000e+06
1.521564000000000000e+06
1.033818000000000000e+06
6.846800000000000000e+04
1.073317000000000000e+06
1.509047000000000000e+06
