4.455497000000000000e+06
1.696059000000000000e+06
5.852500000000000000e+04
2.154327000000000000e+06
2.177692000000000000e+06
1.954858000000000000e+06
1.840827000000000000e+06
2.136440000000000000e+06
8.743700000000000000e+04
1.648913000000000000e+06
2.178341000000000000e+06
2.924190000000000000e+06
4.179747000000000000e+06
1.952941000000000000e+06
1.011160000000000000e+05
2.771243000000000000e+06
4.461705000000000000e+06
4.845079000000000000e+06
4.650257000000000000e+06
4.823016000000000000e+06
1.404780000000000000e+05
4.487651000000000000e+06
4.748198300000000000e+07
5.374178000000000000e+06
1.337928000000000000e+06
2.760257000000000000e+06
1.255040000000000000e+05
3.196565000000000000e+06
2.952119000000000000e+06
5.918140000000000000e+06
8.488437000000000000e+06
4.767982000000000000e+06
2.771040000000000000e+05
4.083950000000000000e+06
7.294846000000000000e+06
5.229178000000000000e+06
5.116643000000000000e+06
7.465732000000000000e+06
3.549240000000000000e+05
1.017039700000000000e+07
1.119355300000000000e+07
1.018632200000000000e+07
6.657532000000000000e+06
6.373965000000000000e+06
2.673380000000000000e+05
1.015461700000000000e+07
9.300322000000000000e+06
6.835750000000000000e+06
8.424788000000000000e+06
1.334534100000000000e+07
4.275610000000000000e+05
1.123773700000000000e+07
1.218702100000000000e+07
9.084452000000000000e+06
1.073734500000000000e+07
1.190342900000000000e+07
4.330860000000000000e+05
1.037354100000000000e+07
1.055728300000000000e+07
8.592641000000000000e+06
8.783007000000000000e+06
9.047254000000000000e+06
4.105750000000000000e+05
8.276938000000000000e+06
7.241473000000000000e+06
8.392493000000000000e+06
7.565270000000000000e+06
8.354747000000000000e+06
3.724660000000000000e+05
8.988071000000000000e+06
8.630996000000000000e+06
6.511132000000000000e+06
7.071045000000000000e+06
6.159110000000000000e+06
1.802270000000000000e+05
7.251799000000000000e+06
5.450163000000000000e+06
5.736918000000000000e+06
7.580006000000000000e+06
6.468124000000000000e+06
2.498350000000000000e+05
6.887432000000000000e+06
9.863537000000000000e+06
5.522580000000000000e+06
4.787695000000000000e+06
4.687695000000000000e+06
1.548770000000000000e+05
4.017444000000000000e+06
4.404055000000000000e+06
5.132960000000000000e+06
3.624856000000000000e+06
3.703760000000000000e+06
1.435070000000000000e+05
5.825561000000000000e+06
6.276781000000000000e+06
4.287078000000000000e+06
3.559455000000000000e+06
3.511988000000000000e+06
2.300560000000000000e+05
2.980997000000000000e+06
6.170105000000000000e+07
5.684368000000000000e+06
7.197744000000000000e+06
8.281799000000000000e+06
3.788920000000000000e+05
8.837225000000000000e+06
9.123572000000000000e+06
8.996831000000000000e+06
8.696267000000000000e+06
9.046872000000000000e+06
2.422730000000000000e+05
9.576706000000000000e+06
1.137043300000000000e+07
1.088698800000000000e+07
1.137493800000000000e+07
1.149445800000000000e+07
2.375630000000000000e+05
1.125656800000000000e+07
1.164169800000000000e+07
1.259956200000000000e+07
1.278174000000000000e+07
1.313414000000000000e+07
5.878500000000000000e+05
1.304615700000000000e+07
1.268678300000000000e+07
1.042688400000000000e+07
9.851946000000000000e+06
9.583232000000000000e+06
3.080440000000000000e+05
9.181998000000000000e+06
8.633558000000000000e+06
7.966759000000000000e+06
7.576576000000000000e+06
7.696675000000000000e+06
2.121040000000000000e+05
7.302835000000000000e+06
7.821217000000000000e+06
5.870450000000000000e+06
5.820964000000000000e+06
5.164698000000000000e+06
8.115600000000000000e+04
4.377977000000000000e+06
3.933005000000000000e+06
3.655536000000000000e+06
3.234726000000000000e+06
2.353941000000000000e+06
9.750500000000000000e+04
2.009627000000000000e+06
3.908172000000000000e+06
