1.627865000000000000e+06
1.458625000000000000e+06
1.161480000000000000e+05
1.651796000000000000e+06
2.041922000000000000e+06
2.145408000000000000e+06
2.530607000000000000e+06
2.510928000000000000e+06
1.802110000000000000e+05
2.109446000000000000e+06
4.704533000000000000e+06
2.537445000000000000e+06
2.057127000000000000e+06
1.662238000000000000e+06
1.048240000000000000e+05
1.284913000000000000e+06
1.532981000000000000e+06
1.930481000000000000e+06
1.826784000000000000e+06
1.751270000000000000e+06
1.397760000000000000e+05
1.743667000000000000e+06
3.865581000000000000e+06
1.964878000000000000e+06
2.053940000000000000e+06
2.307044000000000000e+06
1.142240000000000000e+05
1.776670000000000000e+06
1.592296000000000000e+06
2.355866000000000000e+06
4.096967000000000000e+06
5.388334000000000000e+06
2.313990000000000000e+05
6.140281000000000000e+06
7.915256000000000000e+06
7.009004000000000000e+06
7.176610000000000000e+06
7.507242000000000000e+06
3.604490000000000000e+05
7.943358000000000000e+06
9.101111000000000000e+06
9.522977000000000000e+06
9.793909000000000000e+06
1.003513000000000000e+07
3.935590000000000000e+05
1.017283100000000000e+07
1.210813200000000000e+07
1.110231300000000000e+07
1.122725400000000000e+07
1.094071400000000000e+07
4.452430000000000000e+05
9.170479000000000000e+06
8.248039000000000000e+06
9.831606000000000000e+06
1.197163900000000000e+07
1.353404200000000000e+07
5.107140000000000000e+05
1.477738500000000000e+07
1.735439600000000000e+07
1.819361800000000000e+07
1.941419600000000000e+07
1.988867000000000000e+07
1.053774000000000000e+06
1.927212100000000000e+07
1.820546000000000000e+07
1.555026000000000000e+07
1.322991200000000000e+07
1.090866400000000000e+07
8.453410000000000000e+05
9.201754000000000000e+06
1.097906500000000000e+07
1.013897000000000000e+07
1.051456800000000000e+07
6.749524600000000000e+07
4.153040000000000000e+05
3.495012000000000000e+06
3.383475000000000000e+06
4.314055000000000000e+06
5.374333000000000000e+06
3.216568000000000000e+06
7.512700000000000000e+04
3.567673000000000000e+06
2.322889000000000000e+06
2.210266000000000000e+06
1.246505000000000000e+06
4.922661000000000000e+06
4.549170000000000000e+05
2.702898000000000000e+06
3.227673000000000000e+06
4.276919000000000000e+06
3.135418000000000000e+06
2.759750000000000000e+06
1.378790000000000000e+05
1.633848000000000000e+06
1.318889000000000000e+06
2.958292000000000000e+06
1.622791000000000000e+06
4.938635000000000000e+06
4.893500000000000000e+05
2.160252000000000000e+06
1.455480000000000000e+06
2.218786000000000000e+06
1.796152000000000000e+06
1.405943000000000000e+06
7.069400000000000000e+04
1.054158000000000000e+06
1.161578000000000000e+06
2.242871000000000000e+06
1.744015000000000000e+06
4.525760000000000000e+06
4.264080000000000000e+05
1.168216000000000000e+06
1.342646000000000000e+06
8.019620000000000000e+05
8.798340000000000000e+05
3.919740000000000000e+05
6.117000000000000000e+03
1.051799000000000000e+06
4.856920000000000000e+05
1.171006000000000000e+06
4.305340000000000000e+05
3.639976000000000000e+06
4.769590000000000000e+05
1.077603000000000000e+06
2.507312000000000000e+06
2.183215000000000000e+06
2.607710000000000000e+05
4.635750000000000000e+05
1.972900000000000000e+04
9.239810000000000000e+05
6.537620000000000000e+05
4.789841500000000000e+07
2.465147000000000000e+06
2.205321000000000000e+06
1.499140000000000000e+05
2.106439000000000000e+06
2.288376000000000000e+06
2.411016000000000000e+06
2.440164000000000000e+06
2.228983000000000000e+06
1.695220000000000000e+05
2.070510000000000000e+06
2.042163000000000000e+06
4.553981000000000000e+06
2.333350000000000000e+06
2.070649000000000000e+06
1.448910000000000000e+05
2.089940000000000000e+06
2.562112000000000000e+06
