2.879522000000000000e+06
2.693676000000000000e+06
2.827190000000000000e+05
2.943724000000000000e+06
2.357756000000000000e+06
5.009359000000000000e+06
2.606794000000000000e+06
2.311681000000000000e+06
2.576070000000000000e+05
2.562976000000000000e+06
2.136857000000000000e+06
2.752662000000000000e+06
2.224081000000000000e+06
1.980039000000000000e+06
1.906490000000000000e+05
1.671604000000000000e+06
2.155942000000000000e+06
4.605323000000000000e+06
2.335009000000000000e+06
2.115823000000000000e+06
1.169750000000000000e+05
2.041374000000000000e+06
2.382347000000000000e+06
3.046333000000000000e+06
2.210163000000000000e+06
2.605906000000000000e+06
2.310760000000000000e+05
2.536930000000000000e+06
2.267954000000000000e+06
4.360470000000000000e+06
2.539784000000000000e+06
2.247875000000000000e+06
1.516540000000000000e+05
2.175855000000000000e+06
1.971797000000000000e+06
2.341357000000000000e+06
1.720776000000000000e+06
1.571761000000000000e+06
1.623610000000000000e+05
1.719166000000000000e+06
1.876669000000000000e+06
4.397085000000000000e+06
2.443983000000000000e+06
2.213109000000000000e+06
1.713490000000000000e+05
2.158255000000000000e+06
2.296123000000000000e+06
3.005522000000000000e+06
2.335374000000000000e+06
2.188570000000000000e+06
2.815390000000000000e+05
2.336835000000000000e+06
2.426911000000000000e+06
4.891839000000000000e+06
2.699213000000000000e+06
2.542414000000000000e+06
2.530140000000000000e+05
2.657654000000000000e+06
2.557877000000000000e+06
3.049027000000000000e+06
2.263312000000000000e+06
2.090427000000000000e+06
1.347290000000000000e+05
1.839337000000000000e+06
1.600473000000000000e+06
4.305819000000000000e+06
1.623155000000000000e+06
1.409930000000000000e+06
1.321210000000000000e+05
1.382414000000000000e+06
1.653044000000000000e+06
2.323528000000000000e+06
1.960344000000000000e+06
1.860117000000000000e+06
9.322100000000000000e+04
1.952937000000000000e+06
2.206578000000000000e+06
4.888978000000000000e+06
2.519737000000000000e+06
2.146995000000000000e+06
1.763820000000000000e+05
2.181435000000000000e+06
1.991555000000000000e+06
2.653705000000000000e+06
2.312153000000000000e+06
2.212840000000000000e+06
2.346590000000000000e+05
2.354932000000000000e+06
2.494231000000000000e+06
5.219612000000000000e+06
2.785098000000000000e+06
2.284192000000000000e+06
1.595790000000000000e+05
1.921184000000000000e+06
1.725733000000000000e+06
2.202965000000000000e+06
1.484487000000000000e+06
1.360268000000000000e+06
1.366820000000000000e+05
1.253646000000000000e+06
1.021525000000000000e+06
3.601079000000000000e+06
1.473684000000000000e+06
1.104100000000000000e+06
1.109890000000000000e+05
1.003987000000000000e+06
4.801094200000000000e+07
4.514819000000000000e+06
1.580033000000000000e+06
1.470730000000000000e+06
1.484110000000000000e+05
1.892586000000000000e+06
3.308801000000000000e+06
2.309732000000000000e+06
4.144584000000000000e+06
3.438143000000000000e+06
2.098220000000000000e+05
4.559107000000000000e+06
6.592585000000000000e+06
5.297934000000000000e+06
4.555529000000000000e+06
4.292648000000000000e+06
1.890950000000000000e+05
3.819979000000000000e+06
3.343580000000000000e+06
6.513240000000000000e+05
8.141580000000000000e+05
2.622983000000000000e+06
1.287240000000000000e+05
2.130577000000000000e+06
5.048232000000000000e+06
3.806619000000000000e+06
4.429525000000000000e+06
4.920329000000000000e+06
3.948910000000000000e+05
3.375981000000000000e+06
1.999822000000000000e+06
3.150809000000000000e+06
4.275776000000000000e+06
4.833211000000000000e+06
2.801330000000000000e+05
4.833898000000000000e+06
5.920404000000000000e+06
4.049564000000000000e+06
3.523660000000000000e+06
1.914307000000000000e+06
1.610630000000000000e+05
2.922133000000000000e+06
4.356960000000000000e+06
