2.868899000000000000e+06
7.002150000000000000e+05
1.943600000000000000e+04
6.910150000000000000e+05
6.035090000000000000e+05
4.288980000000000000e+05
1.714650000000000000e+05
1.807310000000000000e+05
1.578800000000000000e+04
2.181670000000000000e+05
2.442950000000000000e+05
8.466600000000000000e+05
2.351031000000000000e+06
7.600110000000000000e+05
2.228900000000000000e+04
7.100900000000000000e+04
2.288900000000000000e+05
4.922830000000000000e+05
1.747210000000000000e+05
8.915600000000000000e+04
1.393000000000000000e+03
6.264300000000000000e+04
1.950280000000000000e+05
6.516450000000000000e+05
2.205711000000000000e+06
8.013850000000000000e+05
3.424800000000000000e+04
4.190890000000000000e+05
6.757830000000000000e+05
1.483420000000000000e+05
1.415370000000000000e+05
3.082040000000000000e+05
9.332000000000000000e+03
1.888720000000000000e+05
4.516414400000000000e+07
2.041610000000000000e+05
1.698500000000000000e+04
1.580900000000000000e+04
3.181000000000000000e+03
4.369300000000000000e+04
8.062600000000000000e+04
8.566400000000000000e+04
1.731080000000000000e+05
2.829690000000000000e+05
1.585400000000000000e+04
2.612660000000000000e+05
2.272322000000000000e+06
2.647160000000000000e+05
1.215990000000000000e+05
2.556560000000000000e+05
2.915100000000000000e+04
3.602920000000000000e+05
4.299930000000000000e+05
5.289770000000000000e+05
5.670720000000000000e+05
4.478470000000000000e+05
7.115200000000000000e+04
5.267500000000000000e+05
3.490129000000000000e+06
3.586270000000000000e+05
1.856400000000000000e+05
2.320340000000000000e+05
2.540400000000000000e+04
2.875600000000000000e+05
3.995670000000000000e+05
3.171060000000000000e+05
3.701060000000000000e+05
3.570870000000000000e+05
5.593800000000000000e+04
3.040480000000000000e+05
3.364150000000000000e+06
3.213580000000000000e+05
3.628600000000000000e+04
1.142500000000000000e+04
0.000000000000000000e+00
2.801800000000000000e+04
3.954000000000000000e+04
1.964900000000000000e+04
5.364000000000000000e+03
1.090500000000000000e+04
6.320000000000000000e+02
1.501500000000000000e+04
1.531160000000000000e+06
3.282610000000000000e+05
5.385900000000000000e+04
7.844400000000000000e+04
2.206000000000000000e+03
7.989500000000000000e+04
1.082110000000000000e+05
9.653700000000000000e+04
5.035500000000000000e+04
5.673500000000000000e+04
3.906000000000000000e+03
4.273600000000000000e+04
2.167821000000000000e+06
3.824250000000000000e+05
4.910240000000000000e+05
5.305300000000000000e+04
1.642000000000000000e+03
5.978700000000000000e+04
1.880330000000000000e+05
2.472450000000000000e+05
5.412160000000000000e+05
5.046560000000000000e+05
1.648000000000000000e+04
6.297800000000000000e+05
2.012103000000000000e+06
3.497130000000000000e+05
5.176030000000000000e+05
3.498900000000000000e+04
5.320000000000000000e+02
3.072430000000000000e+05
1.289180000000000000e+05
1.304100000000000000e+04
5.361790000000000000e+05
2.937820000000000000e+05
1.358000000000000000e+04
3.625400000000000000e+04
1.742279000000000000e+06
1.190139000000000000e+06
1.550445000000000000e+06
8.555610000000000000e+05
3.178900000000000000e+04
4.824335000000000000e+07
6.124510000000000000e+05
2.893890000000000000e+05
7.468960000000000000e+05
6.086400000000000000e+05
2.609900000000000000e+04
6.998220000000000000e+05
1.581048000000000000e+06
6.607950000000000000e+05
6.838800000000000000e+05
1.010730000000000000e+06
2.941700000000000000e+04
3.630744000000000000e+06
1.814649000000000000e+06
1.283530000000000000e+06
1.552482000000000000e+06
1.874489000000000000e+06
1.244190000000000000e+05
8.411190000000000000e+05
1.452590000000000000e+06
7.201590000000000000e+05
4.609220000000000000e+05
5.882900000000000000e+05
2.199300000000000000e+04
3.847380000000000000e+06
9.149710000000000000e+05
