3.241118000000000000e+06
3.279556000000000000e+06
1.676520000000000000e+05
3.009025000000000000e+06
3.188838000000000000e+06
3.373397000000000000e+06
5.389361000000000000e+06
2.174113000000000000e+06
4.692900000000000000e+04
3.700832000000000000e+06
3.345162000000000000e+06
3.893891000000000000e+06
3.328996000000000000e+06
4.228960000000000000e+06
1.079210000000000000e+05
3.087263000000000000e+06
3.372597000000000000e+06
2.925072000000000000e+06
4.623018000000000000e+06
2.419341000000000000e+06
2.960000000000000000e+03
3.290288000000000000e+06
2.427760000000000000e+06
6.890550000000000000e+05
0.000000000000000000e+00
0.000000000000000000e+00
0.000000000000000000e+00
0.000000000000000000e+00
0.000000000000000000e+00
0.000000000000000000e+00
7.461920000000000000e+05
0.000000000000000000e+00
0.000000000000000000e+00
0.000000000000000000e+00
0.000000000000000000e+00
0.000000000000000000e+00
0.000000000000000000e+00
0.000000000000000000e+00
0.000000000000000000e+00
0.000000000000000000e+00
7.676520000000000000e+06
8.224600000000000000e+04
9.418860000000000000e+05
2.233100000000000000e+04
6.015000000000000000e+03
3.643700000000000000e+04
9.777800000000000000e+04
1.316630000000000000e+05
2.888060000000000000e+05
9.923700000000000000e+04
1.831000000000000000e+03
1.499710000000000000e+05
1.340020000000000000e+05
1.207000000000000000e+05
8.978130000000000000e+05
3.369100000000000000e+04
1.450000000000000000e+02
2.054400000000000000e+04
1.055630000000000000e+05
2.025350000000000000e+05
1.790390000000000000e+05
1.733420000000000000e+05
1.315700000000000000e+04
1.632460000000000000e+05
1.330200000000000000e+05
1.128870000000000000e+05
9.259750000000000000e+05
1.426200000000000000e+04
1.690000000000000000e+02
1.676500000000000000e+04
8.439300000000000000e+04
2.466550000000000000e+05
1.583290000000000000e+05
1.549280000000000000e+05
9.233000000000000000e+03
1.470420000000000000e+05
1.072350000000000000e+05
1.347360000000000000e+05
9.280490000000000000e+05
1.168500000000000000e+04
2.270000000000000000e+02
2.984100000000000000e+04
1.856860000000000000e+05
1.104240000000000000e+05
1.956450000000000000e+05
1.180360000000000000e+05
1.048100000000000000e+04
1.150460000000000000e+05
1.309460000000000000e+05
1.273810000000000000e+05
9.180960000000000000e+05
6.222000000000000000e+03
1.100000000000000000e+02
4.832500000000000000e+04
1.188590000000000000e+05
2.176940000000000000e+05
1.351910000000000000e+05
1.656810000000000000e+05
2.581000000000000000e+03
9.421200000000000000e+04
2.088330000000000000e+05
1.323610000000000000e+05
9.369670000000000000e+05
1.006600000000000000e+04
2.682000000000000000e+03
3.654200000000000000e+04
1.535980000000000000e+05
3.294630000000000000e+05
3.263690000000000000e+05
3.832800000000000000e+05
1.151100000000000000e+04
4.212860000000000000e+05
5.289470000000000000e+05
5.743690000000000000e+05
1.412617000000000000e+06
1.650580000000000000e+05
4.934000000000000000e+03
5.589780000000000000e+05
7.074260000000000000e+05
4.903410000000000000e+05
7.562420000000000000e+05
6.884550000000000000e+05
2.099110000000000000e+05
6.566290000000000000e+05
6.276830000000000000e+05
6.581170000000000000e+05
1.192858000000000000e+06
1.550890000000000000e+05
1.159700000000000000e+04
2.194290000000000000e+05
5.496770000000000000e+05
1.452930000000000000e+05
9.314000000000000000e+04
1.762000000000000000e+04
0.000000000000000000e+00
0.000000000000000000e+00
0.000000000000000000e+00
0.000000000000000000e+00
1.945000000000000000e+03
0.000000000000000000e+00
0.000000000000000000e+00
3.332117000000000000e+06
4.606900000000000000e+04
6.839000000000000000e+04
1.186570000000000000e+05
1.082440000000000000e+05
5.941000000000000000e+03
8.585600000000000000e+04
9.772300000000000000e+04
