5.248490000000000000e+05
2.300600000000000000e+04
4.350000000000000000e+02
4.886500000000000000e+04
1.459290000000000000e+05
5.105200000000000000e+04
1.292550000000000000e+05
6.332000000000000000e+04
3.088000000000000000e+03
9.787200000000000000e+04
1.088830000000000000e+05
1.573940000000000000e+05
4.770600000000000000e+05
2.625900000000000000e+04
2.172000000000000000e+03
7.561500000000000000e+04
1.441470000000000000e+05
6.270800000000000000e+04
9.158500000000000000e+04
8.464800000000000000e+04
2.538000000000000000e+03
8.800400000000000000e+04
1.272590000000000000e+05
1.700460000000000000e+05
4.910270000000000000e+05
2.527100000000000000e+04
7.430000000000000000e+02
7.624200000000000000e+04
9.457300000000000000e+04
9.292000000000000000e+04
1.083500000000000000e+05
7.095000000000000000e+04
3.333000000000000000e+03
8.866100000000000000e+04
1.155280000000000000e+05
1.565600000000000000e+05
4.850600000000000000e+05
1.710000000000000000e+04
4.900000000000000000e+02
7.195800000000000000e+04
9.222300000000000000e+04
1.295570000000000000e+05
5.736900000000000000e+04
1.180670000000000000e+05
1.300000000000000000e+03
6.365000000000000000e+04
1.026600000000000000e+05
1.939800000000000000e+05
4.942680000000000000e+05
1.736300000000000000e+04
2.537000000000000000e+03
8.011800000000000000e+04
1.708450000000000000e+05
1.981210000000000000e+05
1.863750000000000000e+05
2.329820000000000000e+05
9.648000000000000000e+03
1.957010000000000000e+05
3.621860000000000000e+05
2.903410000000000000e+05
6.987420000000000000e+05
9.944500000000000000e+04
1.002100000000000000e+04
2.536910000000000000e+05
2.839810000000000000e+05
2.703710000000000000e+05
3.189270000000000000e+05
3.220830000000000000e+05
1.584690000000000000e+05
2.653770000000000000e+05
3.201610000000000000e+05
3.189570000000000000e+05
2.726600000000000000e+05
1.956100000000000000e+04
1.040000000000000000e+03
7.426800000000000000e+04
5.008200000000000000e+04
6.277000000000000000e+03
0.000000000000000000e+00
0.000000000000000000e+00
0.000000000000000000e+00
0.000000000000000000e+00
0.000000000000000000e+00
0.000000000000000000e+00
0.000000000000000000e+00
0.000000000000000000e+00
0.000000000000000000e+00
0.000000000000000000e+00
0.000000000000000000e+00
0.000000000000000000e+00
0.000000000000000000e+00
0.000000000000000000e+00
0.000000000000000000e+00
7.442030000000000000e+05
3.537100000000000000e+04
3.995700000000000000e+04
2.569660000000000000e+05
2.968000000000000000e+03
8.360000000000000000e+02
1.917000000000000000e+03
1.773300000000000000e+04
2.021300000000000000e+04
4.433300000000000000e+04
5.477800000000000000e+04
4.803000000000000000e+03
3.963400000000000000e+04
4.777100000000000000e+04
8.961100000000000000e+04
2.752810000000000000e+05
6.892000000000000000e+03
1.270000000000000000e+02
3.451000000000000000e+03
1.617300000000000000e+04
2.441400000000000000e+04
3.656900000000000000e+04
5.161100000000000000e+04
2.696000000000000000e+03
4.723900000000000000e+04
4.146100000000000000e+04
8.103100000000000000e+04
2.655250000000000000e+05
3.773000000000000000e+03
0.000000000000000000e+00
0.000000000000000000e+00
1.387700000000000000e+04
2.921100000000000000e+04
3.116500000000000000e+04
7.106600000000000000e+04
2.381000000000000000e+03
5.845300000000000000e+04
5.369100000000000000e+04
5.931600000000000000e+04
2.588490000000000000e+05
2.975000000000000000e+03
1.420000000000000000e+02
0.000000000000000000e+00
3.294800000000000000e+04
2.331900000000000000e+04
3.799700000000000000e+04
4.296300000000000000e+04
8.410000000000000000e+02
5.670900000000000000e+04
5.345700000000000000e+04
7.197100000000000000e+04
2.695010000000000000e+05
6.297000000000000000e+03
2.970000000000000000e+02
9.144000000000000000e+03
2.665400000000000000e+04
