1.889002000000000000e+06
5.166819000000000000e+06
7.136360000000000000e+05
9.386270000000000000e+05
1.114831000000000000e+06
1.803695000000000000e+06
1.059666000000000000e+06
2.398492000000000000e+06
1.349100000000000000e+05
1.437218000000000000e+06
2.431302000000000000e+06
2.775290000000000000e+06
2.071822000000000000e+06
6.161830000000000000e+06
7.048750000000000000e+05
1.920415000000000000e+06
2.140647000000000000e+06
2.189857000000000000e+06
2.540466000000000000e+06
1.864119000000000000e+06
9.009000000000000000e+04
1.568936000000000000e+06
1.658172000000000000e+06
2.882692000000000000e+06
1.553686000000000000e+06
5.719172000000000000e+06
6.948010000000000000e+05
1.924519000000000000e+06
1.629888000000000000e+06
2.948355000000000000e+06
2.030923000000000000e+06
2.174011000000000000e+06
1.374210000000000000e+05
2.023815000000000000e+06
1.718538000000000000e+06
2.983647000000000000e+06
1.927050000000000000e+06
5.613132000000000000e+06
6.019520000000000000e+05
1.920580000000000000e+06
1.504473000000000000e+06
2.068814000000000000e+06
2.280556000000000000e+06
8.769573900000000000e+07
3.088110000000000000e+05
1.662826000000000000e+06
2.021567000000000000e+06
2.964701000000000000e+06
4.848826000000000000e+06
5.856598000000000000e+06
1.680290000000000000e+05
5.208482000000000000e+06
3.263713000000000000e+06
2.077507000000000000e+06
2.952014000000000000e+06
5.334935000000000000e+06
2.468990000000000000e+05
2.957898000000000000e+06
2.450706000000000000e+06
1.108452000000000000e+06
1.151798000000000000e+06
1.131253000000000000e+06
7.265400000000000000e+04
1.393762000000000000e+06
3.038555000000000000e+06
3.584211000000000000e+06
2.588423000000000000e+06
4.540233300000000000e+07
5.592910000000000000e+05
6.217603000000000000e+06
6.904278000000000000e+06
7.071451000000000000e+06
8.612834000000000000e+06
1.028124500000000000e+07
4.650280000000000000e+05
8.581111000000000000e+06
7.714660000000000000e+06
8.734001000000000000e+06
9.759706000000000000e+06
1.114510000000000000e+07
6.023680000000000000e+05
6.862880000000000000e+06
7.215207000000000000e+06
6.539929000000000000e+06
4.682122000000000000e+06
3.101513000000000000e+06
1.818590000000000000e+05
2.880444000000000000e+06
7.575712000000000000e+06
6.282920000000000000e+06
4.949093000000000000e+06
9.917441000000000000e+06
5.436390000000000000e+05
8.276940000000000000e+06
8.746951000000000000e+06
8.845565000000000000e+06
7.308687000000000000e+06
6.235241000000000000e+06
3.094650000000000000e+05
5.473662000000000000e+06
4.646080000000000000e+06
5.880761000000000000e+06
6.357020000000000000e+06
7.636935000000000000e+06
5.288510000000000000e+05
4.557708000000000000e+06
5.531828000000000000e+06
4.683333000000000000e+06
5.484601000000000000e+06
5.107334000000000000e+06
3.007890000000000000e+05
1.655261000000000000e+06
2.844632000000000000e+06
6.187608000000000000e+06
6.848644000000000000e+06
8.399047000000000000e+06
5.512850000000000000e+05
6.366553000000000000e+06
8.146028000000000000e+06
6.798236000000000000e+06
4.393036000000000000e+06
3.342446000000000000e+06
1.505500000000000000e+05
5.434615000000000000e+06
4.291831000000000000e+06
3.661088000000000000e+06
1.620329000000000000e+06
7.544193000000000000e+06
5.307880000000000000e+05
5.637363000000000000e+06
3.970654000000000000e+06
4.277180000000000000e+06
6.660366000000000000e+06
7.333423000000000000e+06
4.236680000000000000e+05
7.991233000000000000e+06
8.638833000000000000e+06
9.369877000000000000e+06
1.002614500000000000e+07
5.068955600000000000e+07
3.027530000000000000e+05
3.441071000000000000e+06
4.092587000000000000e+06
5.060907000000000000e+06
5.381033000000000000e+06
4.153218000000000000e+06
2.293940000000000000e+05
2.507583000000000000e+06
2.329099000000000000e+06
