1.449613000000000000e+06
5.490024000000000000e+06
4.101880000000000000e+05
2.167067000000000000e+06
4.074690000000000000e+06
3.002086000000000000e+06
4.080421000000000000e+06
5.587284000000000000e+06
2.229910000000000000e+05
5.156755000000000000e+06
3.749404000000000000e+06
2.021384000000000000e+06
1.301429000000000000e+06
4.507954000000000000e+06
3.819660000000000000e+05
2.125803000000000000e+06
3.501606000000000000e+06
2.354811000000000000e+06
4.447624000000000000e+06
4.332032000000000000e+06
1.483640000000000000e+05
3.422999000000000000e+06
4.957355000000000000e+06
5.532704000000000000e+06
5.203447000000000000e+06
5.925827000000000000e+06
4.067810000000000000e+05
3.227383000000000000e+06
6.383801200000000000e+07
1.620260300000000000e+07
1.958487900000000000e+07
2.006422900000000000e+07
2.714470000000000000e+05
2.196624700000000000e+07
1.974940900000000000e+07
1.046463100000000000e+07
1.053422000000000000e+07
1.736776900000000000e+07
4.727310000000000000e+05
1.884204200000000000e+07
1.830870900000000000e+07
1.471333900000000000e+07
1.383679100000000000e+07
1.147735700000000000e+07
3.444060000000000000e+05
8.721106000000000000e+06
1.453155200000000000e+07
1.761602700000000000e+07
1.173879200000000000e+07
1.670255300000000000e+07
2.630330000000000000e+05
2.311546800000000000e+07
2.447077800000000000e+07
2.110697400000000000e+07
1.785188200000000000e+07
9.562140000000000000e+06
4.007020000000000000e+05
9.873493000000000000e+06
7.159127000000000000e+06
7.485646000000000000e+06
7.131993000000000000e+06
7.077667000000000000e+06
4.362650000000000000e+05
8.363750000000000000e+06
5.438896100000000000e+07
7.093552000000000000e+06
6.145412000000000000e+06
6.001751000000000000e+06
1.943850000000000000e+05
5.059122000000000000e+06
3.492705000000000000e+06
4.213997000000000000e+06
5.474780000000000000e+06
4.636144000000000000e+06
3.329180000000000000e+05
5.132523000000000000e+06
8.219636000000000000e+06
7.137122000000000000e+06
4.725949700000000000e+07
8.158350000000000000e+05
3.420200000000000000e+04
5.497310000000000000e+05
7.120140000000000000e+05
1.293671000000000000e+06
6.399270000000000000e+05
7.142850000000000000e+05
2.849100000000000000e+04
9.026730000000000000e+05
1.109484000000000000e+06
2.067090000000000000e+06
3.247679000000000000e+06
1.119100000000000000e+06
3.371800000000000000e+04
1.062910000000000000e+06
1.395178000000000000e+06
2.359273000000000000e+06
1.470499000000000000e+06
1.887824000000000000e+06
5.547800000000000000e+04
2.512639000000000000e+06
3.004625000000000000e+06
6.076527000000000000e+06
5.427739000000000000e+06
3.811649000000000000e+06
7.838600000000000000e+04
3.887222000000000000e+06
3.748539000000000000e+06
6.432942000000000000e+06
3.132318000000000000e+06
3.535647000000000000e+06
9.246700000000000000e+04
3.139236000000000000e+06
3.441956000000000000e+06
7.071369000000000000e+06
6.236611000000000000e+06
5.166467000000000000e+06
5.774300000000000000e+04
5.290710000000000000e+06
5.536264000000000000e+06
1.066303000000000000e+07
6.011921000000000000e+06
6.047369000000000000e+06
8.059400000000000000e+04
5.906488000000000000e+06
5.837764000000000000e+06
9.963197000000000000e+06
6.682641000000000000e+06
5.557891000000000000e+06
2.971000000000000000e+04
5.629786000000000000e+06
5.810865000000000000e+06
1.076881800000000000e+07
6.167891000000000000e+06
6.368852000000000000e+06
8.105500000000000000e+04
6.037341000000000000e+06
6.330648000000000000e+06
6.431090000000000000e+06
1.126999900000000000e+07
4.982679000000000000e+06
3.265100000000000000e+04
4.506871000000000000e+06
4.065606000000000000e+06
3.485935000000000000e+06
4.600702000000000000e+06
5.275273800000000000e+07
3.733090000000000000e+05
4.412455000000000000e+06
2.786225000000000000e+06
