2.780984000000000000e+06
2.464729000000000000e+06
1.626910000000000000e+05
2.163344000000000000e+06
1.913778000000000000e+06
2.882570000000000000e+06
2.729607000000000000e+06
5.316618000000000000e+06
6.357490000000000000e+05
2.998241000000000000e+06
2.780728000000000000e+06
2.924004000000000000e+06
2.629298000000000000e+06
3.107703000000000000e+06
1.827420000000000000e+05
2.292760000000000000e+06
4.574647000000000000e+06
3.333355000000000000e+06
1.981000000000000000e+06
5.477971000000000000e+06
6.391030000000000000e+05
2.508299000000000000e+06
4.643382000000000000e+06
5.804215000000000000e+06
6.011912000000000000e+06
8.702053000000000000e+06
4.039950000000000000e+05
9.455801000000000000e+06
5.060658000000000000e+06
4.376328000000000000e+06
6.051261000000000000e+06
8.315074000000000000e+06
6.750550000000000000e+05
7.235399000000000000e+06
3.494259000000000000e+06
3.059261000000000000e+06
2.826847000000000000e+06
1.551407000000000000e+06
8.195100000000000000e+04
1.043167000000000000e+06
1.948006000000000000e+06
3.545329000000000000e+06
1.114245000000000000e+06
5.064988000000000000e+06
6.397730000000000000e+05
2.238524000000000000e+06
1.461066000000000000e+06
3.139315000000000000e+06
3.290772000000000000e+06
4.226208000000000000e+06
2.867660000000000000e+05
3.749839000000000000e+06
3.906006000000000000e+06
3.632655000000000000e+06
3.373162000000000000e+06
5.173947000000000000e+06
6.709390000000000000e+05
2.023537000000000000e+06
3.004827000000000000e+06
2.737067000000000000e+06
2.685441000000000000e+06
2.412170000000000000e+06
1.302780000000000000e+05
1.937451000000000000e+06
1.999133000000000000e+06
2.847055000000000000e+06
3.265810000000000000e+06
6.978658000000000000e+06
6.122230000000000000e+05
5.595868000000000000e+06
5.737464000000000000e+06
6.322785000000000000e+06
5.421294000000000000e+06
4.977934000000000000e+06
3.724360000000000000e+05
4.803620000000000000e+06
3.325985000000000000e+06
3.403923000000000000e+06
3.304980000000000000e+06
5.345147000000000000e+06
6.842670000000000000e+05
3.305194000000000000e+06
4.122507000000000000e+06
3.552380000000000000e+06
3.237902000000000000e+06
3.953963000000000000e+06
2.607430000000000000e+05
3.931932000000000000e+06
3.629501000000000000e+06
3.479988000000000000e+06
3.678291000000000000e+06
6.478911000000000000e+06
7.114340000000000000e+05
4.664335000000000000e+06
4.842194000000000000e+06
7.083752000000000000e+06
1.237157400000000000e+07
2.021037200000000000e+07
3.369590000000000000e+05
2.523480500000000000e+07
2.434310500000000000e+07
1.556784700000000000e+07
8.262590000000000000e+06
1.254581300000000000e+07
3.382540000000000000e+05
9.692915000000000000e+06
8.046239000000000000e+06
7.396950000000000000e+06
1.220033300000000000e+07
1.462340700000000000e+07
2.820420000000000000e+05
1.431121200000000000e+07
1.460579200000000000e+07
1.708065500000000000e+07
1.791751100000000000e+07
1.892563400000000000e+07
2.785690000000000000e+05
1.355380600000000000e+07
9.285700000000000000e+06
8.969774000000000000e+06
8.767735000000000000e+06
5.352151000000000000e+07
9.220500000000000000e+04
1.272500200000000000e+07
1.241607900000000000e+07
1.182015100000000000e+07
1.124017000000000000e+07
1.268509300000000000e+07
1.685360000000000000e+05
1.296735800000000000e+07
1.273843300000000000e+07
1.167996500000000000e+07
9.953749000000000000e+06
1.023651400000000000e+07
1.212810000000000000e+05
6.833562000000000000e+06
5.486267000000000000e+06
4.530464000000000000e+06
3.606055000000000000e+06
4.551435000000000000e+06
1.035180000000000000e+05
6.111559000000000000e+06
8.690352000000000000e+06
1.098945800000000000e+07
1.114896300000000000e+07
1.156189600000000000e+07
1.117990000000000000e+05
8.329631000000000000e+06
7.295333000000000000e+06
