3.155557500000000000e+07
2.975938900000000000e+07
8.781670000000000000e+05
2.794649800000000000e+07
3.105420400000000000e+07
2.677359500000000000e+07
3.007969200000000000e+07
2.686993900000000000e+07
1.212242000000000000e+06
3.000878900000000000e+07
2.799599600000000000e+07
3.121188800000000000e+07
2.681273600000000000e+07
2.845958300000000000e+07
1.014088000000000000e+06
2.660061500000000000e+07
2.649599300000000000e+07
2.626059700000000000e+07
2.602688600000000000e+07
2.608450900000000000e+07
6.991320000000000000e+05
2.587052300000000000e+07
2.767403900000000000e+07
2.717342600000000000e+07
2.256879400000000000e+07
2.091198500000000000e+07
8.243580000000000000e+05
2.640481000000000000e+07
2.631991200000000000e+07
2.993954900000000000e+07
2.870411900000000000e+07
1.197492320000000000e+08
4.230280000000000000e+05
2.484969400000000000e+07
1.305540600000000000e+07
1.777894000000000000e+07
2.619980400000000000e+07
2.085862200000000000e+07
2.995230000000000000e+05
2.227240700000000000e+07
2.379067000000000000e+07
2.361331000000000000e+07
2.266361600000000000e+07
2.327172700000000000e+07
3.138000000000000000e+05
2.252070900000000000e+07
2.289644100000000000e+07
2.115731700000000000e+07
1.966367000000000000e+07
1.688672000000000000e+07
5.091110000000000000e+05
1.147142600000000000e+07
7.792649000000000000e+06
6.975962000000000000e+06
7.177231000000000000e+06
9.641324000000000000e+06
4.729900000000000000e+05
8.973067000000000000e+06
9.568956000000000000e+06
9.865655000000000000e+06
1.125568200000000000e+07
1.300388600000000000e+07
2.651970000000000000e+05
1.105458000000000000e+07
1.076859100000000000e+07
1.255255200000000000e+07
1.158910200000000000e+07
1.408819100000000000e+07
3.680530000000000000e+05
1.162973700000000000e+07
1.256534700000000000e+07
1.179091300000000000e+07
1.288804700000000000e+07
1.692141600000000000e+07
5.872400000000000000e+05
1.869373600000000000e+07
1.944544600000000000e+07
1.794740700000000000e+07
1.559308700000000000e+07
1.435208800000000000e+07
3.005400000000000000e+05
1.145102300000000000e+07
1.221931000000000000e+07
1.370477400000000000e+07
1.371381100000000000e+07
1.374391700000000000e+07
6.783260000000000000e+05
1.311433100000000000e+07
1.265300800000000000e+07
1.366077100000000000e+07
1.485324900000000000e+07
1.605999000000000000e+07
3.787710000000000000e+05
1.678755700000000000e+07
1.667446900000000000e+07
1.768754400000000000e+07
1.774418100000000000e+07
1.668116900000000000e+07
5.564850000000000000e+05
1.509224300000000000e+07
1.458144900000000000e+07
1.273979600000000000e+07
1.146378200000000000e+07
1.326116800000000000e+07
3.150890000000000000e+05
1.132899800000000000e+07
1.235276500000000000e+07
5.844389000000000000e+07
1.246715000000000000e+06
1.579446000000000000e+06
5.060900000000000000e+04
1.740467000000000000e+06
1.668814000000000000e+06
1.684924000000000000e+06
1.616448000000000000e+06
1.601496000000000000e+06
6.904000000000000000e+04
1.450981000000000000e+06
1.209187000000000000e+06
3.039282000000000000e+06
9.230530000000000000e+05
8.195250000000000000e+05
4.211500000000000000e+04
8.072920000000000000e+05
9.889980000000000000e+05
8.607660000000000000e+05
8.965460000000000000e+05
7.050420000000000000e+05
2.170400000000000000e+04
6.175420000000000000e+05
7.110240000000000000e+05
2.422659000000000000e+06
7.179400000000000000e+05
5.277380000000000000e+05
1.519200000000000000e+04
6.159930000000000000e+05
6.913390000000000000e+05
5.050230000000000000e+05
5.939060000000000000e+05
6.626720000000000000e+05
1.805900000000000000e+04
5.282880000000000000e+05
4.217590000000000000e+05
7.002341400000000000e+07
1.545292600000000000e+07
1.372030000000000000e+07
3.494840000000000000e+05
1.783362900000000000e+07
1.665041900000000000e+07
