1.132429400000000000e+07
1.151600900000000000e+07
2.958860000000000000e+05
1.163671600000000000e+07
1.212144200000000000e+07
1.102647900000000000e+07
1.134975500000000000e+07
7.898313000000000000e+06
1.622240000000000000e+05
7.307915000000000000e+06
7.546730000000000000e+06
9.741447000000000000e+06
1.212432900000000000e+07
1.144242300000000000e+07
1.639360000000000000e+05
9.449146000000000000e+06
9.448121000000000000e+06
8.657913000000000000e+06
9.599175000000000000e+06
7.306735000000000000e+06
1.366230000000000000e+05
6.963955000000000000e+06
7.182166000000000000e+06
7.658334000000000000e+06
7.148518000000000000e+06
6.758806000000000000e+06
1.260760000000000000e+05
5.270776000000000000e+06
5.499134000000000000e+06
5.526982000000000000e+06
7.978204000000000000e+06
6.629503000000000000e+06
1.274870000000000000e+05
5.611124000000000000e+06
5.686078000000000000e+06
5.641290000000000000e+06
5.006677000000000000e+06
5.169798000000000000e+06
2.844620000000000000e+05
3.520569900000000000e+07
9.739989000000000000e+06
1.069872100000000000e+07
1.064773300000000000e+07
1.054500600000000000e+07
2.021550000000000000e+05
1.163510200000000000e+07
1.373249700000000000e+07
1.389647800000000000e+07
1.285648200000000000e+07
1.247311500000000000e+07
5.417850000000000000e+05
1.416848200000000000e+07
1.328460800000000000e+07
1.274722200000000000e+07
1.133890700000000000e+07
1.074043700000000000e+07
3.124890000000000000e+05
1.040028200000000000e+07
8.908188000000000000e+06
7.837223000000000000e+06
6.805086000000000000e+06
5.435092000000000000e+06
1.951500000000000000e+05
8.726296000000000000e+06
8.019424000000000000e+06
7.879250000000000000e+06
8.137390000000000000e+06
9.391426000000000000e+06
2.760500000000000000e+05
8.804324000000000000e+06
8.133973000000000000e+06
7.987161000000000000e+06
7.223014000000000000e+06
8.822432000000000000e+06
3.289510000000000000e+05
1.209507400000000000e+07
1.138421100000000000e+07
1.143858500000000000e+07
5.306678300000000000e+07
2.451170700000000000e+07
1.066650000000000000e+05
2.448649500000000000e+07
2.496266700000000000e+07
2.144847700000000000e+07
1.823473300000000000e+07
1.783680400000000000e+07
2.010300000000000000e+05
1.535130500000000000e+07
1.903906600000000000e+07
2.491239000000000000e+07
2.777558300000000000e+07
2.799399200000000000e+07
2.096820000000000000e+05
2.966312000000000000e+07
3.194084600000000000e+07
3.516030000000000000e+07
2.349372600000000000e+07
2.338649300000000000e+07
2.315010000000000000e+05
2.872893200000000000e+07
6.638000300000000000e+07
2.013427400000000000e+07
2.266601400000000000e+07
2.551108000000000000e+07
1.735994000000000000e+06
2.811621200000000000e+07
3.002768200000000000e+07
3.071860800000000000e+07
3.139794300000000000e+07
3.087154200000000000e+07
1.319578000000000000e+06
3.010333300000000000e+07
3.147624200000000000e+07
3.047195100000000000e+07
3.322139300000000000e+07
3.368765700000000000e+07
1.614589000000000000e+06
3.352391000000000000e+07
3.368672800000000000e+07
3.234067000000000000e+07
3.022587000000000000e+07
3.059703600000000000e+07
1.303230000000000000e+06
3.148529100000000000e+07
3.313602900000000000e+07
3.293783600000000000e+07
3.240126600000000000e+07
8.025182800000000000e+07
4.420930000000000000e+05
3.796777000000000000e+06
5.584355000000000000e+06
4.609541000000000000e+06
5.280601000000000000e+06
5.561899000000000000e+06
5.561940000000000000e+05
4.345678000000000000e+06
5.693712000000000000e+06
5.749970000000000000e+06
6.674240000000000000e+06
9.165126000000000000e+06
5.594000000000000000e+05
5.505590000000000000e+06
5.546207000000000000e+06
4.709887000000000000e+06
4.936427000000000000e+06
4.689709000000000000e+06
3.708010000000000000e+05
2.540951000000000000e+06
3.659564000000000000e+06
