7.284069000000000000e+06
1.021145400000000000e+07
7.780110000000000000e+05
9.927250000000000000e+06
8.932920000000000000e+06
1.048810300000000000e+07
8.982055000000000000e+06
6.856552000000000000e+06
4.774220000000000000e+05
3.672954000000000000e+06
4.596993000000000000e+06
5.031359000000000000e+06
3.251979000000000000e+06
1.307313400000000000e+07
9.509000000000000000e+05
1.807094600000000000e+07
2.212113100000000000e+07
2.633448400000000000e+07
3.275807900000000000e+07
4.069011300000000000e+07
2.675220000000000000e+05
4.951970600000000000e+07
5.096913600000000000e+07
5.061902300000000000e+07
4.358943800000000000e+07
6.097840400000000000e+07
3.499700000000000000e+04
1.575767000000000000e+06
1.636309000000000000e+06
3.333583000000000000e+06
3.886171000000000000e+06
3.037757000000000000e+06
1.647260000000000000e+05
1.651052000000000000e+06
2.139166000000000000e+06
2.512550000000000000e+06
1.720356000000000000e+06
4.267899000000000000e+06
3.642680000000000000e+05
2.086056000000000000e+06
2.581578000000000000e+06
3.985504000000000000e+06
2.826923000000000000e+06
1.959958000000000000e+06
1.084390000000000000e+05
1.162229000000000000e+06
1.831635000000000000e+06
3.203743000000000000e+06
1.823542000000000000e+06
4.939488000000000000e+06
3.901710000000000000e+05
3.219429000000000000e+06
2.664380000000000000e+06
2.504931000000000000e+06
2.733686000000000000e+06
1.778287000000000000e+06
1.079590000000000000e+05
2.228919000000000000e+06
3.066705000000000000e+06
3.080407000000000000e+06
2.757807000000000000e+06
4.760760000000000000e+06
3.773820000000000000e+05
2.014315000000000000e+06
2.683011000000000000e+06
3.158441000000000000e+06
4.274697000000000000e+06
4.785083000000000000e+06
1.614310000000000000e+05
4.074507000000000000e+06
2.651233000000000000e+06
3.411472000000000000e+06
3.486163000000000000e+06
6.554175000000000000e+06
3.314780000000000000e+05
3.285344000000000000e+06
1.790193000000000000e+06
2.228031000000000000e+06
4.845788000000000000e+06
5.342718000000000000e+06
1.506650000000000000e+05
3.276548000000000000e+06
1.150687000000000000e+06
1.201720000000000000e+06
2.176122000000000000e+06
5.010620000000000000e+06
3.042300000000000000e+05
3.266730000000000000e+06
3.604299000000000000e+06
3.605372000000000000e+06
3.507500000000000000e+06
3.743824000000000000e+06
1.632500000000000000e+05
3.840659000000000000e+06
3.668104000000000000e+06
3.904066000000000000e+06
2.496073000000000000e+06
4.627625000000000000e+06
3.542580000000000000e+05
7.804130000000000000e+05
9.560160000000000000e+05
1.682195000000000000e+06
2.085560000000000000e+06
2.337254000000000000e+06
1.054580000000000000e+05
2.156081000000000000e+06
2.791579000000000000e+06
3.976591000000000000e+06
2.790683000000000000e+06
4.831187000000000000e+06
3.544810000000000000e+05
1.321919000000000000e+06
2.911524000000000000e+06
4.775783300000000000e+07
6.917211000000000000e+06
8.617776000000000000e+06
3.795310000000000000e+05
1.123600200000000000e+07
1.263295400000000000e+07
9.389557000000000000e+06
4.282620000000000000e+06
4.547076000000000000e+06
3.258210000000000000e+05
8.629296000000000000e+06
1.160735200000000000e+07
1.546932700000000000e+07
1.620239600000000000e+07
1.815999400000000000e+07
4.908650000000000000e+05
1.906830000000000000e+07
1.995471300000000000e+07
2.036629100000000000e+07
1.988853200000000000e+07
1.967218700000000000e+07
3.842240000000000000e+05
1.789458000000000000e+07
1.520850000000000000e+07
1.353748600000000000e+07
1.318542900000000000e+07
1.643630000000000000e+07
3.801120000000000000e+05
1.826009500000000000e+07
1.960072300000000000e+07
2.180641000000000000e+07
2.345401000000000000e+07
2.480546600000000000e+07
6.295660000000000000e+05
2.153626800000000000e+07
1.778937500000000000e+07
