4.532891000000000000e+06
6.651101000000000000e+06
4.993980000000000000e+05
3.824014000000000000e+06
4.631768000000000000e+06
2.783325000000000000e+06
2.224151000000000000e+06
3.346059000000000000e+06
1.550020000000000000e+05
1.829182000000000000e+06
2.217237000000000000e+06
2.418395000000000000e+06
3.632459000000000000e+06
5.658899000000000000e+06
5.040090000000000000e+05
1.514643000000000000e+06
2.553403000000000000e+06
1.520956000000000000e+06
3.176198000000000000e+06
3.196852000000000000e+06
2.176840000000000000e+05
2.878974000000000000e+06
3.839603000000000000e+06
3.698219000000000000e+06
4.807489000000000000e+06
7.724739000000000000e+06
5.415440000000000000e+05
7.985188100000000000e+07
2.478916400000000000e+07
2.534517300000000000e+07
2.708141500000000000e+07
2.751757500000000000e+07
6.465560000000000000e+05
2.603290900000000000e+07
2.664564200000000000e+07
2.821599300000000000e+07
2.755535100000000000e+07
2.598679800000000000e+07
7.206070000000000000e+05
2.602298900000000000e+07
2.452090500000000000e+07
2.479263900000000000e+07
2.457460100000000000e+07
2.413672800000000000e+07
5.352600000000000000e+05
2.288439700000000000e+07
2.383582600000000000e+07
2.417131700000000000e+07
2.485781400000000000e+07
2.262413200000000000e+07
4.598640000000000000e+05
2.271404500000000000e+07
2.084471200000000000e+07
2.155247800000000000e+07
2.385385600000000000e+07
2.239322700000000000e+07
4.259520000000000000e+05
2.142097300000000000e+07
2.051590600000000000e+07
1.950497100000000000e+07
1.851887900000000000e+07
1.831904200000000000e+07
3.503810000000000000e+05
1.911936100000000000e+07
1.328592500000000000e+07
5.991589400000000000e+07
9.454453000000000000e+06
8.970035000000000000e+06
7.179750000000000000e+05
7.376870000000000000e+06
7.798639000000000000e+06
9.898732000000000000e+06
7.051519000000000000e+06
7.252450000000000000e+06
6.763950000000000000e+05
7.250367000000000000e+06
6.508216000000000000e+06
9.525850000000000000e+06
8.442591000000000000e+06
9.086095000000000000e+06
6.695180000000000000e+05
9.695093000000000000e+06
9.539690000000000000e+06
8.955064000000000000e+06
7.121188000000000000e+06
7.508051100000000000e+07
7.022420000000000000e+05
1.061526600000000000e+07
1.733905800000000000e+07
1.783798400000000000e+07
1.308962000000000000e+07
6.760981000000000000e+06
1.925760000000000000e+05
7.352849000000000000e+06
1.267797500000000000e+07
2.071888300000000000e+07
2.589065300000000000e+07
2.774833500000000000e+07
5.315630000000000000e+05
2.569625600000000000e+07
1.974295300000000000e+07
2.960838000000000000e+06
3.398720000000000000e+06
4.407666000000000000e+06
3.298980000000000000e+05
6.331549000000000000e+06
1.126677200000000000e+07
1.710314400000000000e+07
1.895679000000000000e+07
1.858864600000000000e+07
5.899310000000000000e+05
1.505528500000000000e+07
9.220988000000000000e+06
4.754122000000000000e+06
4.360905000000000000e+06
7.080422000000000000e+06
1.571260000000000000e+05
9.310508000000000000e+06
1.241784000000000000e+07
1.702971700000000000e+07
2.272002600000000000e+07
3.277417800000000000e+07
4.944940000000000000e+05
3.366603400000000000e+07
3.451128400000000000e+07
3.658820600000000000e+07
6.495294500000000000e+07
2.441419400000000000e+07
2.319920000000000000e+05
2.725725900000000000e+07
2.564860200000000000e+07
7.215495000000000000e+06
2.386575000000000000e+06
2.873854000000000000e+06
2.485160000000000000e+05
1.698576000000000000e+06
2.251056000000000000e+06
2.838736000000000000e+06
5.427413000000000000e+06
2.342007000000000000e+06
1.118820000000000000e+05
1.604813000000000000e+06
2.322385000000000000e+06
2.716813000000000000e+06
1.390362000000000000e+06
2.992164000000000000e+06
1.369790000000000000e+05
2.155803000000000000e+06
1.961624000000000000e+06
