9.818203000000000000e+06
3.791500000000000000e+06
2.037260000000000000e+05
1.857388000000000000e+06
5.347009000000000000e+06
1.566746000000000000e+06
4.095878000000000000e+06
4.399413000000000000e+06
2.358900000000000000e+05
5.204062000000000000e+06
4.522610000000000000e+06
2.171746000000000000e+06
4.760339100000000000e+07
4.128246000000000000e+06
2.733630000000000000e+05
5.241302000000000000e+06
3.591834000000000000e+06
4.139465000000000000e+06
5.434860000000000000e+06
7.701257000000000000e+06
2.675640000000000000e+05
8.087109000000000000e+06
7.905865000000000000e+06
8.099543000000000000e+06
9.349856000000000000e+06
8.361771000000000000e+06
2.830590000000000000e+05
9.688048000000000000e+06
9.940666000000000000e+06
1.014677900000000000e+07
1.085799300000000000e+07
1.080446900000000000e+07
4.081570000000000000e+05
1.021888700000000000e+07
9.124727000000000000e+06
7.659208000000000000e+06
1.089227600000000000e+07
8.495986000000000000e+06
3.710350000000000000e+05
9.164082000000000000e+06
8.866310000000000000e+06
9.601218000000000000e+06
1.007141300000000000e+07
1.033906700000000000e+07
3.607560000000000000e+05
9.900458000000000000e+06
1.004236500000000000e+07
8.785537000000000000e+06
9.952029000000000000e+06
6.854913000000000000e+06
2.723880000000000000e+05
7.691477400000000000e+07
2.271856000000000000e+06
3.322203000000000000e+06
3.761097000000000000e+06
5.488840000000000000e+06
7.602400000000000000e+04
7.501041000000000000e+06
9.246606000000000000e+06
1.095329900000000000e+07
1.183198800000000000e+07
1.099384200000000000e+07
2.573360000000000000e+05
1.204459200000000000e+07
1.078392000000000000e+07
1.110556400000000000e+07
1.062748400000000000e+07
9.149248000000000000e+06
2.732660000000000000e+05
8.120917000000000000e+06
8.456344000000000000e+06
8.275636000000000000e+06
7.392806000000000000e+06
8.165136000000000000e+06
2.501000000000000000e+05
1.076646900000000000e+07
8.586377000000000000e+06
8.508248000000000000e+06
1.008425400000000000e+07
1.117403700000000000e+07
3.481480000000000000e+05
1.134630500000000000e+07
9.213636000000000000e+06
1.027464900000000000e+07
1.299449300000000000e+07
1.562484800000000000e+07
5.154350000000000000e+05
1.767768000000000000e+07
1.604977300000000000e+07
1.505847900000000000e+07
1.253347700000000000e+07
1.056795200000000000e+07
4.949450000000000000e+05
7.363987000000000000e+06
8.424367000000000000e+06
1.035780700000000000e+07
6.509535000000000000e+06
1.174599100000000000e+07
5.752740000000000000e+05
1.870208700000000000e+07
1.995069800000000000e+07
2.132060700000000000e+07
2.140749900000000000e+07
2.122645700000000000e+07
7.702770000000000000e+05
2.040588800000000000e+07
1.823307800000000000e+07
1.515382800000000000e+07
1.721806600000000000e+07
1.877471400000000000e+07
8.774270000000000000e+05
6.328073000000000000e+07
1.243585600000000000e+07
8.841363000000000000e+06
1.048626400000000000e+07
1.108836800000000000e+07
2.522120000000000000e+05
1.307089300000000000e+07
1.486142200000000000e+07
1.517964100000000000e+07
1.547225900000000000e+07
1.295796800000000000e+07
3.084060000000000000e+05
1.214158900000000000e+07
1.057804300000000000e+07
1.163759300000000000e+07
1.147894100000000000e+07
1.189156600000000000e+07
2.451810000000000000e+05
1.138091700000000000e+07
1.100940100000000000e+07
9.505016000000000000e+06
8.082846000000000000e+06
8.414026000000000000e+06
1.943960000000000000e+05
1.049341200000000000e+07
3.571680800000000000e+07
1.642675700000000000e+07
1.794575300000000000e+07
1.764708800000000000e+07
5.581600000000000000e+04
1.903277900000000000e+07
1.641452700000000000e+07
1.792403800000000000e+07
1.600480000000000000e+07
1.248699100000000000e+07
4.663100000000000000e+04
8.784415000000000000e+06
9.620121000000000000e+06
