6.797202000000000000e+06
9.919894000000000000e+06
2.807900000000000000e+04
1.112739600000000000e+07
1.378069600000000000e+07
1.486616300000000000e+07
1.345512900000000000e+07
1.182624000000000000e+07
3.992900000000000000e+04
1.027005700000000000e+07
1.006647700000000000e+07
7.344828000000000000e+06
5.732380000000000000e+06
5.208157000000000000e+06
4.846300000000000000e+04
4.599617000000000000e+06
3.445692000000000000e+06
2.193960000000000000e+06
2.622968000000000000e+06
3.377671000000000000e+06
9.185000000000000000e+04
3.163309000000000000e+06
5.854763000000000000e+06
5.330784000000000000e+06
5.179766500000000000e+07
1.175743100000000000e+07
2.868000000000000000e+05
1.253578900000000000e+07
1.449869800000000000e+07
1.573741000000000000e+07
1.533373100000000000e+07
1.561798300000000000e+07
3.075800000000000000e+05
1.577342900000000000e+07
1.514693900000000000e+07
1.474855800000000000e+07
1.543512900000000000e+07
1.232786000000000000e+07
1.884960000000000000e+05
9.879862000000000000e+06
9.873037000000000000e+06
1.021760100000000000e+07
8.180393000000000000e+06
1.136145200000000000e+07
2.708990000000000000e+05
1.387449000000000000e+07
1.527055600000000000e+07
1.611377500000000000e+07
1.537089300000000000e+07
1.124804300000000000e+07
2.235420000000000000e+05
1.060105000000000000e+07
1.157510500000000000e+07
1.051837600000000000e+07
9.217937000000000000e+06
8.889847000000000000e+06
3.777620000000000000e+05
9.160544000000000000e+06
9.844033000000000000e+06
8.424830000000000000e+06
3.998973900000000000e+07
2.335457700000000000e+07
1.087510000000000000e+05
3.055488000000000000e+07
3.086015400000000000e+07
1.664965000000000000e+07
1.412008800000000000e+07
1.518435700000000000e+07
2.094880000000000000e+05
1.739169800000000000e+07
1.900615800000000000e+07
2.024126400000000000e+07
2.469754500000000000e+07
1.500998200000000000e+07
1.549090000000000000e+05
9.145578000000000000e+06
1.189698600000000000e+07
1.434719200000000000e+07
1.582338200000000000e+07
1.241758000000000000e+07
1.599890000000000000e+05
8.949257000000000000e+06
2.028581200000000000e+07
2.446766500000000000e+07
1.347090300000000000e+07
1.151334000000000000e+07
1.291210000000000000e+05
1.532743600000000000e+07
1.661808400000000000e+07
1.695214400000000000e+07
1.585284200000000000e+07
1.611435100000000000e+07
1.740730000000000000e+05
1.352181600000000000e+07
1.151204100000000000e+07
1.062834000000000000e+07
1.102661600000000000e+07
1.321282000000000000e+07
8.698800000000000000e+04
1.662494100000000000e+07
1.796908300000000000e+07
1.729885200000000000e+07
1.419344400000000000e+07
8.570973000000000000e+06
1.625750000000000000e+05
7.828494000000000000e+06
9.295003000000000000e+06
1.259315700000000000e+07
1.404426900000000000e+07
1.347103700000000000e+07
1.576220000000000000e+05
1.467085500000000000e+07
1.575722100000000000e+07
1.736261000000000000e+07
6.012909900000000000e+07
1.868489800000000000e+07
3.101370000000000000e+05
1.491085300000000000e+07
5.814986000000000000e+06
9.310488000000000000e+06
1.549330600000000000e+07
1.806850200000000000e+07
4.747780000000000000e+05
1.586148100000000000e+07
1.536289400000000000e+07
1.689950700000000000e+07
2.059446500000000000e+07
1.929225000000000000e+07
3.564380000000000000e+05
1.396515900000000000e+07
9.314924000000000000e+06
9.491276000000000000e+06
9.902494000000000000e+06
1.213668500000000000e+07
4.198290000000000000e+05
1.368573200000000000e+07
1.561878200000000000e+07
2.196981000000000000e+07
2.705167100000000000e+07
2.968726600000000000e+07
5.850090000000000000e+05
2.700397800000000000e+07
2.162969400000000000e+07
1.553819100000000000e+07
1.663990700000000000e+07
2.042447300000000000e+07
9.360870000000000000e+05
2.044776900000000000e+07
1.708314900000000000e+07
