2.492775100000000000e+07
2.751901200000000000e+07
4.901350000000000000e+05
2.557251500000000000e+07
2.399114900000000000e+07
2.431749800000000000e+07
2.496813000000000000e+07
2.184269600000000000e+07
5.679680000000000000e+05
1.904655400000000000e+07
1.690289000000000000e+07
1.489439000000000000e+07
1.458287300000000000e+07
1.274116100000000000e+07
2.536160000000000000e+05
1.339440400000000000e+07
1.473972300000000000e+07
1.478853600000000000e+07
1.417757300000000000e+07
1.236542000000000000e+07
8.057000000000000000e+04
9.607687000000000000e+06
6.710534000000000000e+06
4.032125000000000000e+06
4.841010000000000000e+06
2.104078000000000000e+06
1.148530000000000000e+05
2.904389000000000000e+06
3.566882000000000000e+06
5.140612000000000000e+06
6.879354000000000000e+06
8.465195000000000000e+06
1.056860000000000000e+05
9.785309000000000000e+06
1.075845900000000000e+07
1.038202300000000000e+07
1.138088800000000000e+07
1.043836000000000000e+07
1.169720000000000000e+05
1.094061600000000000e+07
1.103592300000000000e+07
9.552565000000000000e+06
9.110957000000000000e+06
9.096324000000000000e+06
1.551040000000000000e+05
8.906388000000000000e+06
8.289039000000000000e+06
9.408767000000000000e+06
1.152774000000000000e+07
9.793935000000000000e+06
2.043550000000000000e+05
9.787544000000000000e+06
1.116724700000000000e+07
1.193020900000000000e+07
1.208468600000000000e+07
9.642477000000000000e+06
3.177270000000000000e+05
1.040383600000000000e+07
1.368355900000000000e+07
1.650644100000000000e+07
1.828854100000000000e+07
1.677804900000000000e+07
2.845450000000000000e+05
1.557197400000000000e+07
1.316653400000000000e+07
1.107330800000000000e+07
7.998437000000000000e+06
8.609177000000000000e+06
5.667670000000000000e+05
1.006519400000000000e+07
6.411984000000000000e+06
1.216852500000000000e+07
1.886019000000000000e+07
2.049551700000000000e+07
4.962250000000000000e+05
2.161458400000000000e+07
2.156702800000000000e+07
2.158377500000000000e+07
2.078957500000000000e+07
8.021223100000000000e+07
2.260080000000000000e+05
1.638333000000000000e+06
9.186340000000000000e+05
2.082425000000000000e+06
3.541779000000000000e+06
2.728955000000000000e+06
6.346700000000000000e+04
1.658420000000000000e+06
2.281026000000000000e+06
4.301238000000000000e+06
4.016303000000000000e+06
5.336193000000000000e+06
3.793400000000000000e+05
3.049312000000000000e+06
3.314228000000000000e+06
2.709781000000000000e+06
2.613533000000000000e+06
3.594238000000000000e+06
9.013400000000000000e+04
3.006802000000000000e+06
2.376120000000000000e+06
1.521557000000000000e+06
1.421654000000000000e+06
4.689104000000000000e+06
4.185400000000000000e+05
3.718007000000000000e+06
3.656050000000000000e+06
3.700897000000000000e+06
4.170110000000000000e+06
4.022522000000000000e+06
1.604550000000000000e+05
4.053872000000000000e+06
4.062562000000000000e+06
5.197519000000000000e+06
8.061643000000000000e+06
9.447660000000000000e+06
3.333770000000000000e+05
7.908607000000000000e+06
8.206087000000000000e+06
8.509802000000000000e+06
8.052115000000000000e+06
7.142878000000000000e+06
1.130910000000000000e+05
6.470041000000000000e+06
6.377352000000000000e+06
5.625007000000000000e+06
4.472324000000000000e+06
5.722295000000000000e+06
5.224980000000000000e+05
3.642696000000000000e+06
5.299444000000000000e+06
4.879790000000000000e+06
3.646259000000000000e+06
3.043842000000000000e+06
1.203690000000000000e+05
5.964208000000000000e+06
6.576606000000000000e+06
6.720415000000000000e+06
6.526752000000000000e+06
7.842370000000000000e+06
5.061810000000000000e+05
6.414347000000000000e+06
6.092530000000000000e+06
5.046089000000000000e+06
3.959074000000000000e+06
3.397989000000000000e+06
1.528270000000000000e+05
3.754642000000000000e+06
3.443807000000000000e+06
