4.704950000000000000e+06
6.129014000000000000e+06
4.718540000000000000e+05
4.283374000000000000e+06
3.979422000000000000e+06
3.980767000000000000e+06
5.145726000000000000e+06
6.221390000000000000e+06
1.057380000000000000e+05
6.242499000000000000e+06
6.523209000000000000e+06
7.202447000000000000e+06
7.332863000000000000e+06
8.118320000000000000e+06
3.458210000000000000e+05
5.990896000000000000e+06
6.363245000000000000e+06
5.094688000000000000e+06
4.153354000000000000e+06
4.195559000000000000e+06
9.715800000000000000e+04
3.692806000000000000e+06
3.548336000000000000e+06
4.631504000000000000e+06
4.634737000000000000e+06
7.526062000000000000e+06
3.354240000000000000e+05
6.560156000000000000e+06
7.028926000000000000e+06
6.753961000000000000e+06
6.226073000000000000e+06
4.930827000000000000e+06
1.126760000000000000e+05
3.943350000000000000e+06
4.633570000000000000e+06
4.587576000000000000e+06
3.715796000000000000e+06
5.182556000000000000e+06
1.979300000000000000e+05
3.657362000000000000e+06
4.380240000000000000e+06
4.462993000000000000e+06
4.487589000000000000e+06
4.825890000000000000e+06
5.003500000000000000e+04
5.605586000000000000e+06
5.261551000000000000e+06
4.923981000000000000e+06
4.937917000000000000e+06
4.428254000000000000e+06
2.908430000000000000e+05
3.465218000000000000e+06
2.557175000000000000e+06
2.577455000000000000e+06
1.288850000000000000e+06
1.281402000000000000e+06
7.086000000000000000e+03
1.671481000000000000e+06
1.174009000000000000e+06
4.959980000000000000e+05
3.760580000000000000e+05
1.362350000000000000e+06
8.764000000000000000e+03
4.637390000000000000e+05
3.194880000000000000e+05
1.686680000000000000e+05
4.374200000000000000e+05
3.098500000000000000e+05
8.565000000000000000e+03
3.844940000000000000e+05
3.006190000000000000e+05
2.223280000000000000e+05
4.336730000000000000e+05
3.911270000000000000e+05
7.230000000000000000e+03
4.545860000000000000e+05
2.878230000000000000e+05
2.017590000000000000e+05
3.654330000000000000e+05
2.412260000000000000e+05
9.430000000000000000e+02
3.186670000000000000e+05
2.316710000000000000e+05
1.899520000000000000e+05
3.823660000000000000e+05
2.845810000000000000e+05
7.736000000000000000e+03
3.670670000000000000e+05
2.202250000000000000e+05
1.675500000000000000e+05
2.956050000000000000e+05
2.229840000000000000e+05
2.973000000000000000e+03
3.498330000000000000e+05
2.220810000000000000e+05
1.709380000000000000e+05
3.774360000000000000e+05
2.642830000000000000e+05
6.403000000000000000e+03
3.088910000000000000e+05
3.576000000000000000e+03
0.000000000000000000e+00
0.000000000000000000e+00
0.000000000000000000e+00
0.000000000000000000e+00
0.000000000000000000e+00
0.000000000000000000e+00
1.312900000000000000e+04
0.000000000000000000e+00
7.614000000000000000e+04
5.946000000000000000e+03
0.000000000000000000e+00
0.000000000000000000e+00
0.000000000000000000e+00
0.000000000000000000e+00
0.000000000000000000e+00
0.000000000000000000e+00
2.988000000000000000e+03
0.000000000000000000e+00
1.990100000000000000e+04
3.930000000000000000e+03
1.045480000000000000e+05
9.948000000000000000e+03
4.920000000000000000e+02
0.000000000000000000e+00
5.203000000000000000e+03
3.152000000000000000e+03
5.622000000000000000e+03
1.910000000000000000e+02
2.377100000000000000e+04
2.917100000000000000e+04
3.148700000000000000e+04
2.947700000000000000e+04
1.591360000000000000e+05
1.158500000000000000e+04
9.348000000000000000e+03
0.000000000000000000e+00
9.540000000000000000e+03
9.627000000000000000e+03
2.734100000000000000e+04
5.381000000000000000e+03
1.670400000000000000e+04
2.760200000000000000e+04
4.407000000000000000e+04
3.706200000000000000e+04
1.961940000000000000e+05
7.882000000000000000e+03
2.643000000000000000e+03
4.106000000000000000e+03
