4.821600000000000000e+04
6.812200000000000000e+04
3.508200000000000000e+04
4.429600000000000000e+04
5.181100000000000000e+04
7.073900000000000000e+04
5.986900000000000000e+04
1.666160000000000000e+05
7.849000000000000000e+03
5.281000000000000000e+03
7.090200000000000000e+04
1.750100000000000000e+04
0.000000000000000000e+00
0.000000000000000000e+00
0.000000000000000000e+00
0.000000000000000000e+00
8.238136000000000000e+06
4.490040000000000000e+06
3.971075000000000000e+06
4.505140000000000000e+06
1.498360000000000000e+05
4.652524000000000000e+06
4.763965000000000000e+06
5.280232000000000000e+06
5.099195000000000000e+06
5.163974000000000000e+06
3.052220000000000000e+05
4.327917000000000000e+06
6.903210000000000000e+06
2.299865000000000000e+06
2.636923000000000000e+06
2.789738000000000000e+06
2.860970000000000000e+05
2.077602000000000000e+06
2.227723000000000000e+06
1.657997000000000000e+06
1.712928000000000000e+06
1.518565000000000000e+06
1.965430000000000000e+05
1.177017000000000000e+06
6.059487000000000000e+06
6.180580000000000000e+05
8.073700000000000000e+04
3.553050000000000000e+05
2.933300000000000000e+04
2.575310000000000000e+05
4.620100000000000000e+05
6.506710000000000000e+05
1.961870000000000000e+05
5.280850000000000000e+05
2.748000000000000000e+04
1.034890000000000000e+05
3.560414000000000000e+06
5.308710000000000000e+05
1.663000000000000000e+05
1.404010000000000000e+05
1.091800000000000000e+04
4.451470000000000000e+05
3.299410000000000000e+05
1.913260000000000000e+05
3.242090000000000000e+05
2.551400000000000000e+05
7.913000000000000000e+03
3.337790000000000000e+05
3.006711000000000000e+06
5.497920000000000000e+05
3.809900000000000000e+04
2.459400000000000000e+04
0.000000000000000000e+00
2.899900000000000000e+04
2.690680000000000000e+05
4.748540000000000000e+05
2.891700000000000000e+05
4.259000000000000000e+05
1.793000000000000000e+04
2.053390000000000000e+05
2.947725000000000000e+06
5.234360000000000000e+05
2.588940000000000000e+05
1.447470000000000000e+05
1.288000000000000000e+03
1.681550000000000000e+05
1.960050000000000000e+05
1.631020000000000000e+05
3.127970000000000000e+05
4.586040000000000000e+05
2.168600000000000000e+04
4.227008000000000000e+06
5.649896000000000000e+06
2.627641000000000000e+06
1.892716000000000000e+06
1.468057000000000000e+06
8.327200000000000000e+04
1.228933000000000000e+06
7.251150000000000000e+05
9.505880000000000000e+05
9.303520000000000000e+05
5.073910000000000000e+05
5.363300000000000000e+04
8.834040000000000000e+05
3.930181000000000000e+06
9.256810000000000000e+05
1.789830000000000000e+05
5.731290000000000000e+05
4.038300000000000000e+04
1.549430000000000000e+05
6.223850000000000000e+05
5.397980000000000000e+05
2.374060000000000000e+05
6.078900000000000000e+05
3.444400000000000000e+04
1.747180000000000000e+05
2.662069000000000000e+06
5.917230000000000000e+05
5.041220000000000000e+05
2.219490000000000000e+05
5.589000000000000000e+03
6.667280000000000000e+05
3.415180000000000000e+05
8.196940000000000000e+05
6.876870000000000000e+05
3.309540000000000000e+05
1.989900000000000000e+04
7.828750000000000000e+05
3.237614000000000000e+06
9.360930000000000000e+05
2.738980000000000000e+05
7.928140000000000000e+05
3.239400000000000000e+04
2.763130000000000000e+05
8.565880000000000000e+05
6.375660000000000000e+05
3.246590000000000000e+05
8.590700000000000000e+05
1.313000000000000000e+04
3.276770000000000000e+05
3.362273000000000000e+06
7.932840000000000000e+05
1.156834000000000000e+06
4.805660000000000000e+05
3.533400000000000000e+04
1.330124000000000000e+06
6.641420000000000000e+05
1.430539000000000000e+06
1.382433000000000000e+06
5.955250000000000000e+05
2.224300000000000000e+04
1.575182000000000000e+06
4.449883000000000000e+06
