7.038280000000000000e+05
1.367769000000000000e+06
7.016600000000000000e+04
6.072190000000000000e+05
2.262139000000000000e+06
3.351671000000000000e+06
7.306043000000000000e+06
1.098118700000000000e+07
3.496610000000000000e+05
1.062586800000000000e+07
1.291745000000000000e+07
1.253639400000000000e+07
2.903339500000000000e+07
5.474641000000000000e+06
5.402110000000000000e+05
5.927980000000000000e+06
6.351740000000000000e+06
6.168459000000000000e+06
5.116513000000000000e+06
4.475835000000000000e+06
4.242960000000000000e+05
3.009986000000000000e+06
7.538573000000000000e+06
3.709143000000000000e+06
4.407978000000000000e+06
2.949297000000000000e+06
2.056830000000000000e+05
4.772013000000000000e+06
3.086529000000000000e+06
3.306101000000000000e+06
4.593578000000000000e+06
2.568128000000000000e+06
2.053860000000000000e+05
3.555078000000000000e+06
5.527102000000000000e+06
3.327918000000000000e+06
1.640321000000000000e+06
1.781005000000000000e+06
1.507990000000000000e+05
2.589260000000000000e+06
1.506812000000000000e+06
2.944734000000000000e+06
1.727387000000000000e+06
3.042544000000000000e+06
2.220330000000000000e+05
1.780072000000000000e+06
5.276230000000000000e+06
3.116523000000000000e+06
1.618822000000000000e+06
2.705361000000000000e+06
1.640930000000000000e+05
1.684725000000000000e+06
3.184416000000000000e+06
1.842222000000000000e+06
2.362652000000000000e+06
3.634256000000000000e+06
2.482590000000000000e+05
2.115746000000000000e+06
6.346358000000000000e+06
3.048566000000000000e+06
3.268533000000000000e+06
2.079006000000000000e+06
1.314770000000000000e+05
1.797216000000000000e+06
2.514462000000000000e+06
1.684142000000000000e+06
2.820487000000000000e+06
1.952968000000000000e+06
1.279680000000000000e+05
3.234563000000000000e+06
5.319456000000000000e+06
2.816850000000000000e+06
3.192905000000000000e+06
2.159290000000000000e+06
1.303050000000000000e+05
3.667468000000000000e+06
3.459495000000000000e+06
8.206062000000000000e+06
1.165225400000000000e+07
4.673822900000000000e+07
4.629950000000000000e+05
1.296917000000000000e+07
1.259326800000000000e+07
1.564812700000000000e+07
1.495089200000000000e+07
1.174594400000000000e+07
2.367990000000000000e+05
6.299559000000000000e+06
4.627222000000000000e+06
2.418672000000000000e+06
4.851078000000000000e+06
5.687798000000000000e+06
6.888140000000000000e+05
3.948021000000000000e+06
4.469903000000000000e+06
3.012688000000000000e+06
4.399922000000000000e+06
2.311364000000000000e+06
1.515320000000000000e+05
3.959055000000000000e+06
2.058761000000000000e+06
3.909533000000000000e+06
2.044077000000000000e+06
6.176242000000000000e+06
6.221440000000000000e+05
1.647865000000000000e+06
3.436333000000000000e+06
2.597251000000000000e+06
3.541568000000000000e+06
1.815291000000000000e+06
1.345820000000000000e+05
3.168821000000000000e+06
1.713580000000000000e+06
3.185328000000000000e+06
2.902058000000000000e+06
4.904885000000000000e+06
6.601300000000000000e+05
2.311457000000000000e+06
1.713621000000000000e+06
3.331038000000000000e+06
1.505796000000000000e+06
2.827686000000000000e+06
1.153440000000000000e+05
1.377900000000000000e+06
2.807032000000000000e+06
1.362623000000000000e+06
2.691650000000000000e+06
4.650972000000000000e+06
5.689820000000000000e+05
1.943053000000000000e+06
1.408547000000000000e+06
3.184196000000000000e+06
2.372732000000000000e+06
1.405007000000000000e+06
9.644700000000000000e+04
2.242197000000000000e+06
1.218250000000000000e+06
2.091409000000000000e+06
1.113571000000000000e+06
4.651912000000000000e+06
5.370040000000000000e+05
8.019050000000000000e+05
1.658463000000000000e+06
1.896704000000000000e+06
2.166090000000000000e+06
1.072114000000000000e+06
4.948100000000000000e+04
2.162145000000000000e+06
1.316045000000000000e+06
