1.366829000000000000e+06
4.896912000000000000e+06
5.358980000000000000e+05
1.623218000000000000e+06
1.562103000000000000e+06
2.517081000000000000e+06
1.297971000000000000e+06
2.480705000000000000e+06
1.240490000000000000e+05
1.220659000000000000e+06
2.367740000000000000e+06
2.112185000000000000e+06
2.182205000000000000e+06
4.450159000000000000e+06
5.086310000000000000e+05
1.157023000000000000e+06
1.041055000000000000e+06
1.616145000000000000e+06
1.053355000000000000e+06
1.174964000000000000e+06
5.081300000000000000e+04
7.415980000000000000e+05
7.355410000000000000e+05
1.358639000000000000e+06
8.460430000000000000e+05
3.756233000000000000e+06
4.727710000000000000e+05
6.765610000000000000e+05
2.113810000000000000e+05
6.565660000000000000e+05
2.658300000000000000e+05
6.826570000000000000e+05
1.412200000000000000e+04
2.967800000000000000e+05
6.998960000000000000e+05
1.201211000000000000e+06
8.194010000000000000e+05
3.306509000000000000e+06
4.316420000000000000e+05
6.004880000000000000e+05
4.118680000000000000e+05
7.342330000000000000e+05
6.586640000000000000e+05
3.708060000000000000e+05
1.985100000000000000e+04
6.057510000000000000e+05
3.675110000000000000e+05
1.547748000000000000e+06
6.750750000000000000e+05
3.641873000000000000e+06
4.708730000000000000e+05
4.841140000000000000e+05
1.009663000000000000e+06
1.053036000000000000e+06
9.353360000000000000e+05
1.275763000000000000e+06
4.843700000000000000e+04
9.798830000000000000e+05
1.488058000000000000e+06
1.746280000000000000e+06
1.868995000000000000e+06
4.289552000000000000e+06
4.720540000000000000e+05
9.011250000000000000e+05
1.590561000000000000e+06
9.332230000000000000e+05
2.002158000000000000e+06
1.045047000000000000e+06
4.568500000000000000e+04
2.345205000000000000e+06
9.860790000000000000e+05
2.904495000000000000e+06
1.567676000000000000e+06
4.694560000000000000e+06
4.960790000000000000e+05
7.907950000000000000e+05
2.223057000000000000e+06
1.130916000000000000e+06
2.572738000000000000e+06
8.718280000000000000e+05
3.801000000000000000e+04
1.991250000000000000e+06
1.185245000000000000e+06
2.146497000000000000e+06
1.487468000000000000e+06
3.966092000000000000e+06
3.947260000000000000e+05
4.562380000000000000e+05
6.903920000000000000e+05
6.851710000000000000e+05
3.321400000000000000e+05
6.884980000000000000e+05
2.046000000000000000e+04
6.020080000000000000e+05
8.221580000000000000e+05
1.245159000000000000e+06
8.627220000000000000e+05
3.814860000000000000e+06
3.517730000000000000e+05
3.144470000000000000e+05
3.084060000000000000e+05
6.567370000000000000e+05
5.909090000000000000e+05
7.097860000000000000e+05
2.233200000000000000e+04
7.347930000000000000e+05
5.242990000000000000e+05
1.740483000000000000e+06
7.828120000000000000e+05
4.024090000000000000e+06
3.514060000000000000e+05
2.242470000000000000e+05
7.432710000000000000e+05
4.750010000000000000e+05
1.047626000000000000e+06
3.734000000000000000e+05
1.405900000000000000e+04
1.180462000000000000e+06
8.895380000000000000e+05
1.755046000000000000e+06
6.161940000000000000e+05
3.956225000000000000e+06
3.080790000000000000e+05
4.447940000000000000e+05
8.523580000000000000e+05
1.118038000000000000e+06
5.173110000000000000e+05
1.602082000000000000e+06
4.117000000000000000e+04
7.653220000000000000e+05
1.775765000000000000e+06
1.308409000000000000e+06
1.649313000000000000e+06
3.936601000000000000e+06
3.418040000000000000e+05
7.895120000000000000e+05
5.839090000000000000e+05
1.559356000000000000e+06
9.046850000000000000e+05
1.676292000000000000e+06
5.465900000000000000e+04
6.062960000000000000e+05
1.802331000000000000e+06
1.978555000000000000e+06
1.085211000000000000e+06
4.177699000000000000e+06
3.142660000000000000e+05
2.510450000000000000e+05
1.232399000000000000e+06
