1.933330000000000000e+06
2.338432000000000000e+06
2.671171000000000000e+06
3.195254000000000000e+06
3.050366000000000000e+06
2.332864000000000000e+06
1.764576000000000000e+06
1.623350000000000000e+06
2.202619000000000000e+06
2.403568000000000000e+06
1.985416000000000000e+06
3.970519000000000000e+06
1.796538000000000000e+06
1.680747000000000000e+06
1.330432000000000000e+06
2.206093000000000000e+06
1.505856000000000000e+06
1.486591000000000000e+06
1.549065000000000000e+06
1.339502000000000000e+06
1.364098000000000000e+06
1.949718000000000000e+06
2.010141000000000000e+06
4.744781000000000000e+06
2.791315000000000000e+06
2.301498000000000000e+06
1.837420000000000000e+06
1.795839000000000000e+06
2.203181000000000000e+06
2.354320000000000000e+06
1.539661000000000000e+06
2.146427000000000000e+06
2.048328000000000000e+06
1.604864000000000000e+06
1.541029000000000000e+06
5.161653000000000000e+06
1.690593000000000000e+06
8.973860000000000000e+05
1.347663000000000000e+06
1.149675000000000000e+06
5.357810000000000000e+05
6.106660000000000000e+05
5.694850000000000000e+05
5.540180000000000000e+05
1.595817000000000000e+06
7.452250000000000000e+05
4.762380000000000000e+05
3.943683000000000000e+06
1.346921000000000000e+06
8.515900000000000000e+05
1.361311000000000000e+06
8.499620000000000000e+05
9.471180000000000000e+05
6.443940000000000000e+05
4.124420000000000000e+05
5.992500000000000000e+05
1.138044000000000000e+06
6.794500000000000000e+05
3.312510000000000000e+05
3.784786000000000000e+06
5.952130000000000000e+05
4.820600000000000000e+05
4.970990000000000000e+05
1.950730000000000000e+05
4.330740000000000000e+05
9.165680000000000000e+05
1.107481000000000000e+06
2.006723000000000000e+06
3.126979000000000000e+06
2.825254000000000000e+06
3.068999000000000000e+06
7.341749000000000000e+06
5.339506000000000000e+06
4.680890000000000000e+06
4.386556000000000000e+06
3.931950000000000000e+06
1.976777000000000000e+06
1.882697000000000000e+06
1.988352000000000000e+06
1.709656000000000000e+06
1.836470000000000000e+06
2.230192000000000000e+06
2.620854000000000000e+06
5.956162000000000000e+06
2.831380000000000000e+06
2.787384000000000000e+06
2.948609000000000000e+06
3.474824000000000000e+06
3.278879000000000000e+06
3.920245000000000000e+06
3.256744000000000000e+06
2.362132000000000000e+06
1.626615000000000000e+06
1.860116000000000000e+06
1.046528000000000000e+06
4.600817000000000000e+06
1.152714000000000000e+06
1.570866000000000000e+06
6.419570000000000000e+05
6.490670000000000000e+05
6.393880000000000000e+05
6.819670000000000000e+05
4.897730000000000000e+05
5.982900000000000000e+05
7.300050000000000000e+05
3.332180000000000000e+05
5.008020000000000000e+05
4.310068000000000000e+06
1.663599000000000000e+06
1.854399000000000000e+06
2.069443000000000000e+06
2.622761000000000000e+06
2.116591000000000000e+06
2.491124000000000000e+06
2.272497000000000000e+06
2.095106000000000000e+06
1.427675000000000000e+06
1.272424000000000000e+06
1.157976000000000000e+06
4.406896000000000000e+06
1.582311000000000000e+06
1.093442000000000000e+06
1.809958000000000000e+06
2.427220000000000000e+06
1.807125000000000000e+06
2.215311000000000000e+06
2.074157000000000000e+06
2.064537000000000000e+06
2.211825000000000000e+06
2.414043000000000000e+06
1.989673000000000000e+06
5.052992000000000000e+06
1.881273000000000000e+06
1.123881000000000000e+06
1.078266000000000000e+06
1.009250000000000000e+06
9.949220000000000000e+05
1.149138000000000000e+06
1.167370000000000000e+06
1.547141000000000000e+06
2.152765000000000000e+06
1.529396000000000000e+06
2.180449000000000000e+06
5.895180000000000000e+06
2.465650000000000000e+06
2.646892000000000000e+06
2.589367000000000000e+06
1.771277000000000000e+06
3.532474000000000000e+06
