1.842789000000000000e+06
1.229079000000000000e+06
1.634495000000000000e+06
2.135319000000000000e+06
2.248192000000000000e+06
1.321118000000000000e+06
2.891010000000000000e+06
2.954826000000000000e+06
2.135245000000000000e+06
2.191406000000000000e+06
2.768383000000000000e+06
4.524544000000000000e+06
2.356011000000000000e+06
2.612880000000000000e+06
1.146076000000000000e+06
8.768250000000000000e+05
8.759140000000000000e+05
7.087290000000000000e+05
6.496410000000000000e+05
5.202550000000000000e+05
3.576600000000000000e+05
2.633390000000000000e+05
2.327640000000000000e+05
3.984170000000000000e+06
9.849030000000000000e+05
3.896350000000000000e+05
4.155520000000000000e+05
4.224830000000000000e+05
2.418170000000000000e+05
4.661850000000000000e+05
6.217440000000000000e+05
4.511250000000000000e+05
4.111650000000000000e+05
4.351240000000000000e+05
3.447320000000000000e+05
3.309784000000000000e+06
8.302540000000000000e+05
8.982930000000000000e+05
5.541420000000000000e+05
7.526230000000000000e+05
9.028000000000000000e+05
1.497329000000000000e+06
2.902151000000000000e+06
3.375290000000000000e+06
3.100256000000000000e+06
3.185469000000000000e+06
4.666898000000000000e+06
7.798606000000000000e+06
5.822805000000000000e+06
5.278196000000000000e+06
3.771581000000000000e+06
3.325661000000000000e+06
3.071996000000000000e+06
2.478288000000000000e+06
2.140181000000000000e+06
1.814161000000000000e+06
1.822384000000000000e+06
1.526427000000000000e+06
1.632350000000000000e+06
4.883018000000000000e+06
1.790736000000000000e+06
1.674466000000000000e+06
2.101788000000000000e+06
2.026885000000000000e+06
2.289639000000000000e+06
2.452919000000000000e+06
2.670884000000000000e+06
2.752802000000000000e+06
2.735354000000000000e+06
2.532229000000000000e+06
2.270694000000000000e+06
5.089477000000000000e+06
2.297638000000000000e+06
2.521503000000000000e+06
3.731411000000000000e+06
3.439651000000000000e+06
3.338054000000000000e+06
2.927222000000000000e+06
2.661251000000000000e+06
2.299106000000000000e+06
2.497398000000000000e+06
2.492797000000000000e+06
2.523723000000000000e+06
5.320593000000000000e+06
2.983412000000000000e+06
2.629352000000000000e+06
2.747982000000000000e+06
2.470854000000000000e+06
2.409975000000000000e+06
2.039145000000000000e+06
2.409130000000000000e+06
2.260002000000000000e+06
2.051456000000000000e+06
2.082469000000000000e+06
2.123461000000000000e+06
5.422007000000000000e+06
2.298495000000000000e+06
2.176399000000000000e+06
2.173209000000000000e+06
2.475751000000000000e+06
2.706491000000000000e+06
2.633079000000000000e+06
2.339769000000000000e+06
2.210516000000000000e+06
1.838786000000000000e+06
1.618281000000000000e+06
1.689519000000000000e+06
4.993670000000000000e+06
1.497852000000000000e+06
1.113424000000000000e+06
1.397241000000000000e+06
2.084767000000000000e+06
2.731819000000000000e+06
3.253785000000000000e+06
3.407729000000000000e+06
3.572549000000000000e+06
3.750592000000000000e+06
4.224684000000000000e+06
4.140975000000000000e+06
7.164213000000000000e+06
4.605372000000000000e+06
4.612631000000000000e+06
4.883446000000000000e+06
4.884393000000000000e+06
4.871226000000000000e+06
4.883848000000000000e+06
4.378695000000000000e+06
4.407423000000000000e+06
4.295505000000000000e+06
3.751543000000000000e+06
3.370997000000000000e+06
6.697602000000000000e+06
3.145290000000000000e+06
2.244107000000000000e+06
2.249633000000000000e+06
2.208061000000000000e+06
1.759882000000000000e+06
1.750687000000000000e+06
1.510356000000000000e+06
1.445473000000000000e+06
1.332512000000000000e+06
1.796289000000000000e+06
1.239788000000000000e+06
5.129039000000000000e+06
2.091856000000000000e+06
1.185886000000000000e+06
1.418941000000000000e+06
7.611320000000000000e+05
1.813317000000000000e+06
