1.058783000000000000e+06
1.261775000000000000e+06
1.813827000000000000e+06
2.024996000000000000e+06
1.890223000000000000e+06
1.539682000000000000e+06
1.155204000000000000e+06
1.232835000000000000e+06
1.491331000000000000e+06
2.171540000000000000e+06
2.473229000000000000e+06
6.092183000000000000e+06
3.953490000000000000e+06
5.850819000000000000e+06
8.056976000000000000e+06
7.035413000000000000e+06
5.613948000000000000e+06
3.158090000000000000e+06
3.738890000000000000e+06
3.079857000000000000e+06
2.154350000000000000e+06
2.256735000000000000e+06
2.832548000000000000e+06
5.438871000000000000e+06
2.657433000000000000e+06
3.254903000000000000e+06
6.480749500000000000e+07
5.401590000000000000e+05
5.510830000000000000e+05
2.868830000000000000e+05
7.222940000000000000e+05
7.994100000000000000e+05
7.311980000000000000e+05
5.428100000000000000e+05
5.722460000000000000e+05
1.459478000000000000e+06
1.119005000000000000e+06
1.159325000000000000e+06
3.955827000000000000e+06
1.109690000000000000e+06
3.865980000000000000e+05
2.458540000000000000e+05
3.385170000000000000e+05
4.504870000000000000e+05
4.748450000000000000e+05
4.748450000000000000e+05
6.299530000000000000e+05
1.180978000000000000e+06
2.643790000000000000e+05
4.864140000000000000e+05
3.436039000000000000e+06
1.311694000000000000e+06
5.152400000000000000e+05
5.266790000000000000e+05
5.192630000000000000e+05
1.054132000000000000e+06
1.684078000000000000e+06
7.859060000000000000e+05
1.977060000000000000e+06
1.699418000000000000e+06
1.646562000000000000e+06
1.646969000000000000e+06
4.429634000000000000e+06
1.845073000000000000e+06
1.575860000000000000e+06
1.558224000000000000e+06
1.714339000000000000e+06
1.194710000000000000e+06
1.480476000000000000e+06
1.560865000000000000e+06
1.456743000000000000e+06
1.987136000000000000e+06
1.220079000000000000e+06
1.673406000000000000e+06
4.802767000000000000e+06
1.654010000000000000e+06
7.989430000000000000e+05
4.380680000000000000e+05
2.205380000000000000e+05
4.973490000000000000e+05
6.552350000000000000e+05
5.698160000000000000e+05
5.300880000000000000e+05
1.160673000000000000e+06
2.388300000000000000e+05
1.563210000000000000e+05
3.149227000000000000e+06
1.309808000000000000e+06
2.174580000000000000e+05
3.544570000000000000e+05
3.005490000000000000e+05
3.164270000000000000e+05
2.627490000000000000e+05
1.880590000000000000e+05
2.135830000000000000e+05
1.057822000000000000e+06
4.049460000000000000e+05
4.868690000000000000e+05
3.271502000000000000e+06
7.586920000000000000e+05
5.135260000000000000e+05
5.722550000000000000e+05
5.996350000000000000e+05
3.935250000000000000e+05
4.738230000000000000e+05
2.547070000000000000e+05
1.985460000000000000e+05
6.416465800000000000e+07
2.207690000000000000e+06
1.095258000000000000e+06
1.055200000000000000e+06
1.325885000000000000e+06
1.786245000000000000e+06
1.757281000000000000e+06
1.762110000000000000e+06
2.336129000000000000e+06
2.746297000000000000e+06
3.042701000000000000e+06
2.627173000000000000e+06
4.729289000000000000e+06
2.133873000000000000e+06
2.189580000000000000e+06
3.115214000000000000e+06
4.360311000000000000e+06
4.764264000000000000e+06
4.499710000000000000e+06
4.554918000000000000e+06
4.909371000000000000e+06
3.920852000000000000e+06
3.302372000000000000e+06
2.359230000000000000e+06
4.008683000000000000e+06
6.736630000000000000e+05
1.971226000000000000e+06
2.707579000000000000e+06
2.623757000000000000e+06
2.164564000000000000e+06
9.724830000000000000e+05
4.009158000000000000e+06
7.694064000000000000e+06
9.356814000000000000e+06
7.746911000000000000e+06
6.497457000000000000e+06
6.859387000000000000e+06
1.491686000000000000e+06
1.658585000000000000e+06
5.430049000000000000e+07
6.407750000000000000e+05
3.706160000000000000e+05
