1.164488000000000000e+06
7.047580000000000000e+05
3.164520000000000000e+05
4.456770000000000000e+05
7.068810000000000000e+05
4.480810000000000000e+05
5.233700000000000000e+05
6.753330000000000000e+05
3.597790000000000000e+06
1.575934000000000000e+06
1.367615000000000000e+06
1.901020000000000000e+06
1.238669000000000000e+06
1.585499000000000000e+06
1.352188000000000000e+06
1.265241000000000000e+06
1.801651000000000000e+06
1.220850000000000000e+06
1.437369000000000000e+06
1.601836000000000000e+06
4.088575000000000000e+06
2.298903000000000000e+06
1.307120000000000000e+05
1.860277000000000000e+06
1.221355000000000000e+06
1.190599000000000000e+06
9.096450000000000000e+05
1.277926000000000000e+06
1.408872000000000000e+06
1.528055000000000000e+06
1.768370000000000000e+06
1.685561000000000000e+06
4.535518000000000000e+06
1.892918000000000000e+06
1.754794000000000000e+06
2.779512000000000000e+06
1.815700000000000000e+06
1.883883000000000000e+06
1.697014000000000000e+06
1.493599000000000000e+06
8.551680000000000000e+05
6.219630000000000000e+05
1.228760000000000000e+06
5.500640000000000000e+05
3.920862000000000000e+06
1.502964000000000000e+06
8.735880000000000000e+05
2.037600000000000000e+06
2.374293000000000000e+06
2.419518000000000000e+06
2.244904000000000000e+06
2.274364000000000000e+06
2.522977000000000000e+06
2.226504000000000000e+06
2.216475000000000000e+06
1.790103000000000000e+06
4.559530000000000000e+06
1.562040000000000000e+06
7.304840000000000000e+05
1.312899000000000000e+06
4.104320000000000000e+05
5.291560000000000000e+05
5.640500000000000000e+05
4.808330000000000000e+05
8.530780000000000000e+05
4.066990000000000000e+05
2.249080000000000000e+05
2.953700000000000000e+05
3.330567000000000000e+06
7.233690000000000000e+05
1.619030000000000000e+05
8.680410000000000000e+05
1.916240000000000000e+05
3.299380000000000000e+05
3.440640000000000000e+05
2.277370000000000000e+05
3.363830000000000000e+05
1.849330000000000000e+05
1.239990000000000000e+05
7.236700000000000000e+04
2.550853000000000000e+06
7.167930000000000000e+05
2.420570000000000000e+05
1.266122000000000000e+06
9.682170000000000000e+05
1.366391000000000000e+06
1.244991000000000000e+06
1.727226000000000000e+06
8.331540000000000000e+05
4.126310000000000000e+05
4.158800000000000000e+05
2.472560000000000000e+05
3.309555000000000000e+06
9.079150000000000000e+05
8.098870000000000000e+05
1.884712000000000000e+06
1.051561000000000000e+06
1.618483000000000000e+06
1.339785000000000000e+06
1.587534000000000000e+06
1.152387000000000000e+06
1.382663000000000000e+06
1.384684000000000000e+06
1.263938000000000000e+06
4.000029000000000000e+06
1.345263000000000000e+06
5.433790000000000000e+05
1.250180000000000000e+06
5.416640000000000000e+05
5.513090000000000000e+05
5.448540000000000000e+05
5.410010000000000000e+05
6.418290000000000000e+05
6.017490000000000000e+05
6.139300000000000000e+05
6.111860000000000000e+05
3.636774000000000000e+06
8.679070000000000000e+05
4.883410000000000000e+05
1.079311000000000000e+06
4.447380000000000000e+05
1.057797000000000000e+06
5.370750000000000000e+05
2.255650000000000000e+05
6.310871600000000000e+07
2.069190000000000000e+06
1.331035000000000000e+06
7.933970000000000000e+05
1.604747000000000000e+06
1.926433000000000000e+06
1.803544000000000000e+06
2.870780000000000000e+06
2.703795000000000000e+06
2.546965000000000000e+06
2.741404000000000000e+06
2.922045000000000000e+06
6.333822000000000000e+06
4.270939000000000000e+06
4.781530000000000000e+06
5.521152000000000000e+06
5.176868000000000000e+06
3.628639000000000000e+06
2.504588000000000000e+06
2.411158000000000000e+06
1.099643000000000000e+06
9.744980000000000000e+05
1.458859000000000000e+06
1.667742000000000000e+06
3.820997000000000000e+06
