7.309430000000000000e+05
1.446140000000000000e+05
1.304060000000000000e+05
3.003952000000000000e+06
5.736320000000000000e+05
2.645420000000000000e+05
3.202890000000000000e+05
1.914020000000000000e+05
9.446600000000000000e+04
5.767100000000000000e+04
7.795800000000000000e+04
8.884590000000000000e+05
3.546050000000000000e+05
5.666110000000000000e+05
9.780020000000000000e+05
3.524171000000000000e+06
2.399849000000000000e+06
2.496566000000000000e+06
2.717769000000000000e+06
2.481883000000000000e+06
2.244365000000000000e+06
2.067225000000000000e+06
2.150023000000000000e+06
2.401192000000000000e+06
1.704964000000000000e+06
1.729147000000000000e+06
1.218745000000000000e+06
3.987373000000000000e+06
1.021486000000000000e+06
7.238480000000000000e+05
4.949410000000000000e+05
4.791480000000000000e+05
5.312380000000000000e+05
7.596740000000000000e+05
7.432330000000000000e+05
1.625728000000000000e+06
1.207548000000000000e+06
1.184298000000000000e+06
1.348088000000000000e+06
3.633821000000000000e+06
1.450349000000000000e+06
1.057509000000000000e+06
7.386400000000000000e+05
6.713600000000000000e+05
3.746870000000000000e+05
5.238760000000000000e+05
7.527870000000000000e+05
1.332164000000000000e+06
5.556760000000000000e+05
4.661850000000000000e+05
4.263410000000000000e+05
3.126245000000000000e+06
8.290660000000000000e+05
3.110600000000000000e+04
3.710240000000000000e+05
2.976900000000000000e+05
2.094210000000000000e+05
2.133230000000000000e+05
2.853230000000000000e+05
9.901110000000000000e+05
3.419030000000000000e+05
3.332300000000000000e+05
3.264890000000000000e+05
2.590359000000000000e+06
8.553930000000000000e+05
3.513780000000000000e+05
3.767930000000000000e+05
3.717450000000000000e+05
3.628350000000000000e+05
4.700070000000000000e+05
1.987490000000000000e+05
9.569580000000000000e+05
5.992020000000000000e+05
5.319890000000000000e+05
4.612750000000000000e+05
2.817597000000000000e+06
8.941620000000000000e+05
3.682610000000000000e+05
3.822680000000000000e+05
5.395620000000000000e+05
2.664020000000000000e+05
3.411590000000000000e+05
1.000558000000000000e+06
1.393631000000000000e+06
9.097020000000000000e+05
1.085249000000000000e+06
1.134357000000000000e+06
3.807264000000000000e+06
1.720124000000000000e+06
1.289256000000000000e+06
9.513530000000000000e+05
8.305820000000000000e+05
7.663080000000000000e+05
4.993880000000000000e+05
3.241650000000000000e+05
9.719760000000000000e+05
2.730710000000000000e+05
4.175200000000000000e+05
4.696900000000000000e+05
3.038902000000000000e+06
1.255353000000000000e+06
8.838990000000000000e+05
1.083860000000000000e+06
1.126230000000000000e+06
1.153968000000000000e+06
1.027214000000000000e+06
1.001746000000000000e+06
1.690873000000000000e+06
9.989250000000000000e+05
9.821140000000000000e+05
9.133390000000000000e+05
3.328976000000000000e+06
1.259636000000000000e+06
6.731000000000000000e+05
5.385370000000000000e+05
5.013580000000000000e+05
4.506340000000000000e+05
5.655750000000000000e+05
4.796190000000000000e+05
1.013099000000000000e+06
3.857600000000000000e+05
4.175320000000000000e+05
3.272090000000000000e+05
2.975975000000000000e+06
8.682370000000000000e+05
2.481480000000000000e+05
3.608330000000000000e+05
2.997250000000000000e+05
2.846460000000000000e+05
3.492550000000000000e+05
3.139250000000000000e+05
9.207520000000000000e+05
5.183120000000000000e+05
7.023330000000000000e+05
5.839510000000000000e+05
3.464310000000000000e+06
1.204376000000000000e+06
7.190710000000000000e+05
1.120076000000000000e+06
7.762950000000000000e+05
7.887550000000000000e+05
8.232900000000000000e+05
1.128488000000000000e+06
1.471084000000000000e+06
9.088570000000000000e+05
1.033406000000000000e+06
1.325011000000000000e+06
4.596627000000000000e+06
2.224284000000000000e+06
