2.085319000000000000e+06
1.374563000000000000e+06
1.705850000000000000e+06
8.545200000000000000e+05
1.153653000000000000e+06
7.316290000000000000e+05
1.293208000000000000e+06
8.052170000000000000e+05
1.062390000000000000e+06
8.237590000000000000e+05
6.601020000000000000e+05
3.917440000000000000e+06
1.533648000000000000e+06
5.039690000000000000e+05
6.301980000000000000e+05
7.950590000000000000e+05
3.961640000000000000e+05
6.369930000000000000e+05
6.691140000000000000e+05
5.326880000000000000e+05
3.700120000000000000e+05
5.004760000000000000e+05
4.375070000000000000e+05
3.989804000000000000e+06
9.596580000000000000e+05
1.768070000000000000e+05
2.084370000000000000e+05
2.960750000000000000e+05
3.190220000000000000e+05
3.485600000000000000e+05
3.661760000000000000e+05
4.332650000000000000e+05
5.221450000000000000e+05
3.350590000000000000e+05
4.748780000000000000e+05
3.524543000000000000e+06
1.130800000000000000e+06
4.007790000000000000e+05
6.692290000000000000e+05
1.066842000000000000e+06
1.182822000000000000e+06
1.362956000000000000e+06
1.719155000000000000e+06
1.917402000000000000e+06
2.162541000000000000e+06
1.891663000000000000e+06
1.902352000000000000e+06
5.107406000000000000e+06
2.723391000000000000e+06
2.251105000000000000e+06
2.425212000000000000e+06
2.295150000000000000e+06
1.963908000000000000e+06
1.573408000000000000e+06
1.363797000000000000e+06
9.808530000000000000e+05
7.755460000000000000e+05
6.207960000000000000e+05
7.097490000000000000e+05
3.682101000000000000e+06
1.212378000000000000e+06
5.684940000000000000e+05
5.228650000000000000e+05
7.396030000000000000e+05
1.174539000000000000e+06
1.575350000000000000e+06
1.818258000000000000e+06
1.528017000000000000e+06
9.392740000000000000e+05
1.280663000000000000e+06
1.303964000000000000e+06
4.331605000000000000e+06
1.167917000000000000e+06
4.063630000000000000e+05
2.831010000000000000e+05
2.345650000000000000e+05
2.750270000000000000e+05
7.029860000000000000e+05
9.264570000000000000e+05
4.456430000000000000e+05
6.615200000000000000e+05
9.683750000000000000e+05
1.007820000000000000e+06
4.026173000000000000e+06
1.131582000000000000e+06
4.726230000000000000e+05
1.122117000000000000e+06
5.240060000000000000e+05
8.048700000000000000e+05
9.685850000000000000e+05
9.245070000000000000e+05
7.838800000000000000e+05
6.394360000000000000e+05
4.173300000000000000e+05
8.937690000000000000e+05
4.293097000000000000e+06
1.436387000000000000e+06
6.018720000000000000e+05
7.699590000000000000e+05
7.313610000000000000e+05
8.385640000000000000e+05
7.318260000000000000e+05
1.118516000000000000e+06
4.547080000000000000e+05
9.844590000000000000e+05
2.887650000000000000e+05
2.156060000000000000e+05
4.094102000000000000e+06
8.268620000000000000e+05
3.642510000000000000e+05
6.481230000000000000e+05
7.562400000000000000e+05
1.144995000000000000e+06
1.199890000000000000e+06
1.206693000000000000e+06
1.030994000000000000e+06
1.012227000000000000e+06
6.201530000000000000e+05
4.095660000000000000e+05
3.860667000000000000e+06
1.295884000000000000e+06
8.052500000000000000e+05
6.031750000000000000e+05
6.649290000000000000e+05
5.390070000000000000e+05
5.477610000000000000e+05
4.666500000000000000e+05
5.517120000000000000e+05
6.067140000000000000e+05
7.274380000000000000e+05
7.214450000000000000e+05
3.577315000000000000e+06
1.157523000000000000e+06
7.043450000000000000e+05
1.024291000000000000e+06
1.015158000000000000e+06
1.216133000000000000e+06
1.514318000000000000e+06
1.394316000000000000e+06
1.532033000000000000e+06
1.595496000000000000e+06
1.528143000000000000e+06
1.840492000000000000e+06
4.459752000000000000e+06
1.802045000000000000e+06
1.222977000000000000e+06
1.163195000000000000e+06
8.731860000000000000e+05
7.464420000000000000e+05
