1.005527000000000000e+06
5.692190000000000000e+05
4.516180000000000000e+05
3.779610000000000000e+05
3.858130000000000000e+05
3.715955000000000000e+06
1.166280000000000000e+06
5.436250000000000000e+05
3.405860000000000000e+05
5.370940000000000000e+05
9.299570000000000000e+05
1.456669000000000000e+06
7.196880000000000000e+05
7.393220000000000000e+05
8.074060000000000000e+05
8.172700000000000000e+05
7.514270000000000000e+05
3.912440000000000000e+06
1.122962000000000000e+06
4.395390000000000000e+05
4.178940000000000000e+05
5.519910000000000000e+05
5.423370000000000000e+05
1.230259000000000000e+06
7.998530000000000000e+05
9.556550000000000000e+05
1.042271000000000000e+06
9.922240000000000000e+05
8.361600000000000000e+05
3.323958000000000000e+06
1.697485000000000000e+06
9.195720000000000000e+05
9.213280000000000000e+05
9.221730000000000000e+05
8.676690000000000000e+05
1.364056000000000000e+06
6.101090000000000000e+05
9.302820000000000000e+05
1.044012000000000000e+06
1.317322000000000000e+06
1.050708000000000000e+06
3.895031000000000000e+06
1.235325000000000000e+06
4.468320000000000000e+05
4.478060000000000000e+05
5.374960000000000000e+05
4.636240000000000000e+05
1.357168000000000000e+06
4.588680000000000000e+05
4.530250000000000000e+05
3.416260000000000000e+05
6.256420000000000000e+05
3.345980000000000000e+05
3.757578000000000000e+06
7.938710000000000000e+05
1.868430000000000000e+05
3.289710000000000000e+05
5.914920000000000000e+05
6.761170000000000000e+05
1.409278000000000000e+06
3.657060000000000000e+05
7.528920000000000000e+05
3.570720000000000000e+05
5.020950000000000000e+05
6.051460000000000000e+05
3.816192000000000000e+06
1.420823000000000000e+06
1.161142000000000000e+06
1.323876000000000000e+06
1.128975000000000000e+06
1.202667000000000000e+06
2.167959000000000000e+06
9.822610000000000000e+05
1.033247000000000000e+06
1.768165000000000000e+06
2.009579000000000000e+06
1.705231000000000000e+06
4.541865000000000000e+06
1.540750000000000000e+06
1.098655000000000000e+06
5.796160000000000000e+05
4.664320000000000000e+05
7.125570000000000000e+05
1.504596000000000000e+06
7.809810000000000000e+05
6.777770000000000000e+05
5.653180000000000000e+05
4.179290000000000000e+05
4.720610000000000000e+05
3.691930000000000000e+06
9.356490000000000000e+05
4.573440000000000000e+05
4.196990000000000000e+05
6.537250000000000000e+05
6.584100000000000000e+05
1.238912000000000000e+06
7.460930000000000000e+05
4.536130000000000000e+05
6.411150000000000000e+05
2.039132000000000000e+06
1.175953000000000000e+06
4.486803000000000000e+06
2.356799000000000000e+06
2.301690000000000000e+06
3.105583000000000000e+06
3.145466000000000000e+06
2.853124000000000000e+06
2.712766000000000000e+06
1.811424000000000000e+06
1.435791000000000000e+06
1.205417000000000000e+06
8.163940000000000000e+05
1.137399000000000000e+06
4.561348000000000000e+06
1.478886000000000000e+06
1.432692000000000000e+06
1.420222000000000000e+06
1.351234000000000000e+06
1.224632000000000000e+06
1.902625000000000000e+06
7.317770000000000000e+05
7.294620000000000000e+05
1.033254000000000000e+06
1.025970000000000000e+06
1.051836000000000000e+06
4.226003000000000000e+06
1.595791000000000000e+06
1.147961000000000000e+06
8.817890000000000000e+05
8.467160000000000000e+05
8.466370000000000000e+05
1.547959000000000000e+06
1.529240000000000000e+06
1.707577000000000000e+06
1.670206000000000000e+06
1.337815000000000000e+06
1.225274000000000000e+06
4.272637000000000000e+06
1.614426000000000000e+06
1.040411000000000000e+06
9.959550000000000000e+05
9.135580000000000000e+05
8.079200000000000000e+05
1.454002000000000000e+06
7.732280000000000000e+05
8.784400000000000000e+05
7.040070000000000000e+05
8.279710000000000000e+05
7.720470000000000000e+05
