1.189543000000000000e+06
1.015488000000000000e+06
1.419628000000000000e+06
9.275045700000000000e+07
2.985030000000000000e+06
2.842498000000000000e+06
2.095642000000000000e+06
1.879989000000000000e+06
3.988380000000000000e+06
4.173582000000000000e+06
2.881957000000000000e+06
4.169602000000000000e+06
1.754056000000000000e+06
1.588926000000000000e+06
3.038790000000000000e+06
4.163491000000000000e+06
2.664028000000000000e+06
1.409424000000000000e+06
2.450666000000000000e+06
2.421549000000000000e+06
1.914916000000000000e+06
1.887259000000000000e+06
1.997722000000000000e+06
6.014926000000000000e+06
6.135226000000000000e+06
2.012632000000000000e+06
1.705998000000000000e+06
4.556322000000000000e+06
4.868622000000000000e+06
4.537397000000000000e+06
5.542161000000000000e+06
7.463233000000000000e+06
3.801448000000000000e+06
5.024743000000000000e+06
3.251125000000000000e+06
4.255046000000000000e+06
4.224837000000000000e+06
8.413689000000000000e+06
3.873440000000000000e+06
6.034806000000000000e+06
4.715280000000000000e+06
4.335974000000000000e+06
3.358182000000000000e+06
1.792386000000000000e+06
9.071000000000000000e+05
9.546300000000000000e+05
2.127630000000000000e+05
1.312377000000000000e+06
4.906830000000000000e+05
1.205188000000000000e+06
8.830940000000000000e+05
2.907556000000000000e+06
5.392490000000000000e+05
1.876020000000000000e+05
7.345200000000000000e+04
5.560680000000000000e+05
1.200768000000000000e+06
3.524630000000000000e+05
1.874240000000000000e+05
7.239120000000000000e+05
4.772910000000000000e+05
4.858960000000000000e+05
2.509180000000000000e+05
1.798663000000000000e+06
5.356210000000000000e+05
1.055916400000000000e+08
1.459533000000000000e+06
1.075529000000000000e+06
8.187000000000000000e+05
5.925800000000000000e+05
8.442180000000000000e+05
1.855371000000000000e+06
1.718860000000000000e+06
1.541513000000000000e+06
7.839520000000000000e+05
6.107340000000000000e+05
9.854150000000000000e+05
3.939219000000000000e+06
1.898069000000000000e+06
1.677467000000000000e+06
1.412167000000000000e+06
1.473271000000000000e+06
2.168387000000000000e+06
2.483980000000000000e+06
1.662468000000000000e+06
1.759665000000000000e+06
2.085865000000000000e+06
1.749378000000000000e+06
1.247208000000000000e+06
4.270253000000000000e+06
1.975475000000000000e+06
7.771530000000000000e+05
9.742190000000000000e+05
1.267195000000000000e+06
9.775210000000000000e+05
1.395514000000000000e+06
1.300788000000000000e+06
1.192336000000000000e+06
7.220280000000000000e+05
1.172043000000000000e+06
9.986630000000000000e+05
2.896266000000000000e+06
1.789666000000000000e+06
1.111640000000000000e+06
8.759450000000000000e+05
1.268695000000000000e+06
9.940030000000000000e+05
1.077902000000000000e+06
1.037260000000000000e+06
1.231875000000000000e+06
1.112303000000000000e+06
1.206171000000000000e+06
1.281005000000000000e+06
3.204187000000000000e+06
1.807887000000000000e+06
1.214096000000000000e+06
6.405870000000000000e+05
7.129660000000000000e+05
8.320180000000000000e+05
1.235154000000000000e+06
5.865730000000000000e+05
5.066610000000000000e+05
5.096570000000000000e+05
4.335040000000000000e+05
4.527810000000000000e+05
3.201093000000000000e+06
1.300760000000000000e+06
1.808063000000000000e+06
2.207838000000000000e+06
2.112647000000000000e+06
2.089720000000000000e+06
2.609918000000000000e+06
2.224528000000000000e+06
1.982096000000000000e+06
1.822982000000000000e+06
1.264277000000000000e+06
1.193080000000000000e+06
3.656561000000000000e+06
1.002561000000000000e+06
5.283960000000000000e+05
4.506020000000000000e+05
4.434810000000000000e+05
3.422240000000000000e+05
9.819160000000000000e+05
2.806660000000000000e+05
3.831040000000000000e+05
3.152830000000000000e+05
3.750900000000000000e+05
5.747940000000000000e+05
