1.013383000000000000e+06
5.508000000000000000e+05
6.978290000000000000e+05
4.967890000000000000e+05
4.262100000000000000e+05
6.740130000000000000e+05
5.579800000000000000e+05
3.742150000000000000e+05
4.343570000000000000e+05
4.350330000000000000e+05
5.233470000000000000e+05
3.770710000000000000e+06
7.649290000000000000e+05
7.322350000000000000e+05
5.246460000000000000e+05
6.558380000000000000e+05
7.549080000000000000e+05
1.172193000000000000e+06
1.330908000000000000e+06
1.202725000000000000e+06
1.151497000000000000e+06
9.420310000000000000e+05
1.125918000000000000e+06
4.157869000000000000e+06
9.880920000000000000e+05
9.288070000000000000e+05
7.552350000000000000e+05
7.701710000000000000e+05
8.112350000000000000e+05
9.084670000000000000e+05
5.705480000000000000e+05
7.284170000000000000e+05
1.118578000000000000e+06
6.408800000000000000e+05
5.773220000000000000e+05
3.907666000000000000e+06
9.674810000000000000e+05
5.820660000000000000e+05
4.457970000000000000e+05
6.327850000000000000e+05
8.365840000000000000e+05
1.319885000000000000e+06
1.413525000000000000e+06
1.215149000000000000e+06
9.657240000000000000e+05
9.205120000000000000e+05
1.494992000000000000e+06
4.196780000000000000e+06
1.783739000000000000e+06
1.479568000000000000e+06
1.756966000000000000e+06
1.702634000000000000e+06
1.714008000000000000e+06
1.545675000000000000e+06
1.394845000000000000e+06
1.269417000000000000e+06
1.457065000000000000e+06
1.137333000000000000e+06
1.102456000000000000e+06
3.838655000000000000e+06
8.288460000000000000e+05
6.782050000000000000e+05
5.482330000000000000e+05
3.986950000000000000e+05
3.612060000000000000e+05
4.451210000000000000e+05
8.777790000000000000e+05
5.379851700000000000e+07
2.635198000000000000e+06
2.539751000000000000e+06
2.906827000000000000e+06
4.086495000000000000e+06
2.827549000000000000e+06
1.595616000000000000e+06
5.575188000000000000e+06
7.855108000000000000e+06
7.577771000000000000e+06
5.975484000000000000e+06
3.366186000000000000e+06
4.653934000000000000e+06
1.009458000000000000e+06
1.058952000000000000e+06
1.872830000000000000e+06
2.510763000000000000e+06
9.534070000000000000e+05
1.281357000000000000e+06
2.491543000000000000e+06
3.099030000000000000e+06
3.618424000000000000e+06
3.354428000000000000e+06
2.414623000000000000e+06
4.152258000000000000e+06
1.341392000000000000e+06
2.050206000000000000e+06
2.955165000000000000e+06
3.616698000000000000e+06
2.239941000000000000e+06
2.236512000000000000e+06
3.501918000000000000e+06
5.434579000000000000e+06
7.353648000000000000e+06
6.918489000000000000e+06
4.750192000000000000e+06
5.119155000000000000e+06
1.851976000000000000e+06
3.742524000000000000e+06
5.616311000000000000e+06
6.140025000000000000e+06
5.534467000000000000e+06
5.732662000000000000e+06
5.644373000000000000e+06
5.293394800000000000e+07
8.890370000000000000e+05
3.146830000000000000e+05
4.310150000000000000e+05
5.408740000000000000e+05
4.118360000000000000e+05
6.126120000000000000e+05
2.686110000000000000e+05
1.040859000000000000e+06
3.501440000000000000e+05
2.802600000000000000e+05
6.177660000000000000e+05
2.950876000000000000e+06
8.983490000000000000e+05
4.068650000000000000e+05
2.774050000000000000e+05
4.454230000000000000e+05
5.372710000000000000e+05
4.521310000000000000e+05
2.973380000000000000e+05
9.909660000000000000e+05
3.635740000000000000e+05
3.537530000000000000e+05
2.307980000000000000e+05
3.046891000000000000e+06
7.549500000000000000e+05
1.696990000000000000e+05
3.050730000000000000e+05
2.654970000000000000e+05
1.285070000000000000e+05
2.745530000000000000e+05
2.842080000000000000e+05
1.104828000000000000e+06
6.046880000000000000e+05
8.673100000000000000e+05
1.122729000000000000e+06
4.209436000000000000e+06
2.399537000000000000e+06
