9.854170000000000000e+05
8.160810000000000000e+05
1.066634000000000000e+06
3.879316000000000000e+06
1.844172000000000000e+06
1.586822000000000000e+06
2.129202000000000000e+06
2.097276000000000000e+06
1.915203000000000000e+06
1.297581000000000000e+06
7.957980000000000000e+05
1.325820000000000000e+06
6.603180000000000000e+05
7.951510000000000000e+05
9.291280000000000000e+05
3.809910000000000000e+06
1.458879000000000000e+06
6.570080000000000000e+05
1.921356000000000000e+06
1.767684000000000000e+06
1.085635000000000000e+06
9.466280000000000000e+05
1.130730000000000000e+06
2.114335000000000000e+06
1.828263000000000000e+06
2.349898000000000000e+06
2.186916000000000000e+06
3.891018000000000000e+06
2.353263000000000000e+06
1.623255000000000000e+06
1.294839000000000000e+06
1.308838000000000000e+06
1.289548000000000000e+06
1.552357000000000000e+06
1.609662000000000000e+06
2.374681000000000000e+06
2.159125000000000000e+06
2.160741000000000000e+06
2.216119000000000000e+06
4.608959000000000000e+06
1.958082000000000000e+06
1.630111000000000000e+06
1.798726000000000000e+06
2.295956000000000000e+06
2.602156000000000000e+06
2.817576000000000000e+06
3.043207000000000000e+06
3.675450000000000000e+06
3.239413000000000000e+06
3.155515000000000000e+06
3.062992000000000000e+06
5.559760000000000000e+06
3.080791000000000000e+06
2.387196000000000000e+06
2.531953000000000000e+06
2.162598000000000000e+06
2.420946000000000000e+06
2.063793000000000000e+06
1.695342000000000000e+06
2.290363000000000000e+06
1.842274000000000000e+06
2.363014000000000000e+06
1.996832000000000000e+06
5.619929000000000000e+06
2.696547000000000000e+06
2.334671000000000000e+06
2.632752000000000000e+06
2.696540000000000000e+06
2.710702000000000000e+06
2.904414000000000000e+06
2.214927000000000000e+06
2.487416000000000000e+06
1.756773000000000000e+06
1.769606000000000000e+06
1.446476000000000000e+06
4.299300000000000000e+06
1.493367000000000000e+06
1.122385000000000000e+06
1.129170000000000000e+06
1.036950000000000000e+06
1.465813000000000000e+06
1.816173000000000000e+06
1.725209000000000000e+06
2.403602000000000000e+06
1.622299000000000000e+06
1.487397000000000000e+06
1.285881000000000000e+06
4.074171000000000000e+06
2.331266000000000000e+06
1.947155000000000000e+06
1.370230000000000000e+06
1.381088000000000000e+06
1.351273000000000000e+06
1.146719000000000000e+06
7.615980000000000000e+05
1.378589000000000000e+06
7.809510000000000000e+05
7.917840000000000000e+05
1.004297000000000000e+06
3.965276000000000000e+06
1.854226000000000000e+06
7.757780000000000000e+05
8.462890000000000000e+05
8.512220000000000000e+05
8.740260000000000000e+05
7.960690000000000000e+05
7.005760000000000000e+05
1.524525000000000000e+06
1.013683000000000000e+06
1.219285000000000000e+06
1.316823000000000000e+06
4.199453000000000000e+06
2.105746000000000000e+06
2.010361000000000000e+06
2.311417000000000000e+06
2.544894000000000000e+06
3.029136000000000000e+06
3.473747000000000000e+06
3.739675000000000000e+06
4.491256000000000000e+06
4.419950000000000000e+06
4.778125000000000000e+06
4.765346000000000000e+06
7.306510000000000000e+06
5.325825000000000000e+06
4.592984000000000000e+06
4.349441000000000000e+06
4.352279000000000000e+06
4.135367000000000000e+06
4.083576000000000000e+06
4.337630000000000000e+06
4.567652000000000000e+06
4.043075000000000000e+06
3.575886000000000000e+06
3.040887000000000000e+06
5.915777000000000000e+06
2.364227000000000000e+06
1.783821000000000000e+06
1.755951000000000000e+06
1.014640000000000000e+05
1.904650000000000000e+06
2.577670000000000000e+06
2.987923000000000000e+06
3.968231000000000000e+06
3.092018000000000000e+06
2.659177000000000000e+06
2.608274000000000000e+06
5.542105000000000000e+06
2.001140000000000000e+06
