3.799306000000000000e+06
3.175621000000000000e+06
3.135511000000000000e+06
3.873821000000000000e+06
2.561601000000000000e+06
5.135328000000000000e+06
2.045617000000000000e+06
1.863594000000000000e+06
2.285252000000000000e+06
2.251693000000000000e+06
2.434278000000000000e+06
2.818893000000000000e+06
1.749158000000000000e+06
1.300079000000000000e+06
1.257232000000000000e+06
1.419858000000000000e+06
1.579220000000000000e+06
5.126575000000000000e+06
2.228866000000000000e+06
1.780169000000000000e+06
1.751505000000000000e+06
1.871972000000000000e+06
2.263912000000000000e+06
2.617073000000000000e+06
1.545397000000000000e+06
1.710367000000000000e+06
1.575266000000000000e+06
1.285478000000000000e+06
1.212277000000000000e+06
5.279276000000000000e+06
2.452666000000000000e+06
2.702764000000000000e+06
3.877751000000000000e+06
2.888071000000000000e+06
2.411673000000000000e+06
3.709969000000000000e+06
2.808314000000000000e+06
2.035495000000000000e+06
2.630854000000000000e+06
2.846289000000000000e+06
3.421239000000000000e+06
6.330619000000000000e+06
2.951693000000000000e+06
3.665242000000000000e+06
3.051672000000000000e+06
2.246558000000000000e+06
2.372220000000000000e+06
2.624064000000000000e+06
1.916891000000000000e+06
2.217245000000000000e+06
3.136119000000000000e+06
3.538024000000000000e+06
2.819033000000000000e+06
5.795759000000000000e+06
4.041503000000000000e+06
3.863494000000000000e+06
3.479022000000000000e+06
4.479136000000000000e+06
5.456477000000000000e+06
4.891688000000000000e+06
2.684734000000000000e+06
3.607428000000000000e+06
3.103689000000000000e+06
2.793273000000000000e+06
2.048157000000000000e+06
6.159288000000000000e+06
3.826050000000000000e+06
1.942569000000000000e+06
1.802847000000000000e+06
1.981406000000000000e+06
1.525262000000000000e+06
1.839339000000000000e+06
9.847960000000000000e+05
1.098436000000000000e+06
6.682470000000000000e+05
8.258700000000000000e+05
1.177182000000000000e+06
4.402746000000000000e+06
1.621541000000000000e+06
1.148973000000000000e+06
1.842995000000000000e+06
2.229596000000000000e+06
2.744678000000000000e+06
3.415583000000000000e+06
2.520330000000000000e+06
2.282189000000000000e+06
2.069024000000000000e+06
1.774475000000000000e+06
1.376783000000000000e+06
4.824041000000000000e+06
1.616156000000000000e+06
1.403629000000000000e+06
1.654041000000000000e+06
1.568840000000000000e+06
1.577342000000000000e+06
2.488757000000000000e+06
2.124687000000000000e+06
2.776165000000000000e+06
3.793623000000000000e+06
3.616006000000000000e+06
2.214469000000000000e+06
5.539497000000000000e+06
3.926067000000000000e+06
2.935793000000000000e+06
2.675086000000000000e+06
2.549053000000000000e+06
2.414128000000000000e+06
2.912410000000000000e+06
1.610005000000000000e+06
1.126354000000000000e+06
1.171033000000000000e+06
1.892179000000000000e+06
2.713683000000000000e+06
5.782666000000000000e+06
1.412699000000000000e+06
1.350212000000000000e+06
1.191133000000000000e+06
9.638620000000000000e+05
7.046900000000000000e+05
1.730272000000000000e+06
4.644410000000000000e+05
3.667180000000000000e+05
1.707080000000000000e+05
2.486130000000000000e+05
3.705640000000000000e+05
3.918389000000000000e+06
1.251782000000000000e+06
1.325681000000000000e+06
2.309412000000000000e+06
3.077857000000000000e+06
3.422975000000000000e+06
3.616901000000000000e+06
2.352842000000000000e+06
1.863551000000000000e+06
1.715167000000000000e+06
1.146774000000000000e+06
8.612900000000000000e+05
4.080298000000000000e+06
1.459212000000000000e+06
1.160815000000000000e+06
1.243548000000000000e+06
1.532313000000000000e+06
2.279571000000000000e+06
3.326213000000000000e+06
2.196657000000000000e+06
1.723137000000000000e+06
1.996211000000000000e+06
1.724172000000000000e+06
1.631847000000000000e+06
