7.517390000000000000e+05
1.543162000000000000e+06
1.910239000000000000e+06
1.942529000000000000e+06
1.950450000000000000e+06
1.990879000000000000e+06
2.042238000000000000e+06
2.094117000000000000e+06
1.987506000000000000e+06
5.101022000000000000e+06
2.437982000000000000e+06
3.143923000000000000e+06
2.396042000000000000e+06
2.522810000000000000e+06
1.888001000000000000e+06
1.907767000000000000e+06
1.598887000000000000e+06
2.308946000000000000e+06
2.030388000000000000e+06
1.992135000000000000e+06
1.911347000000000000e+06
5.555904000000000000e+06
2.718782000000000000e+06
3.485109000000000000e+06
2.928702000000000000e+06
2.962984000000000000e+06
2.909098000000000000e+06
2.572648000000000000e+06
2.257208000000000000e+06
2.175169000000000000e+06
2.236153000000000000e+06
2.067986000000000000e+06
2.196727000000000000e+06
5.097935000000000000e+06
2.022807000000000000e+06
2.400041000000000000e+06
1.649257000000000000e+06
1.284961000000000000e+06
1.165014000000000000e+06
1.121800000000000000e+06
1.050841000000000000e+06
1.080146000000000000e+06
8.965680000000000000e+05
8.624060000000000000e+05
6.323530000000000000e+05
3.993900000000000000e+06
8.783080000000000000e+05
1.168375000000000000e+06
4.626680000000000000e+05
4.915520000000000000e+05
4.441670000000000000e+05
4.981270000000000000e+05
4.234020000000000000e+05
4.827580000000000000e+05
5.213260000000000000e+05
6.640070000000000000e+05
5.191910000000000000e+05
3.394233000000000000e+06
1.202126000000000000e+06
1.571062000000000000e+06
1.403116000000000000e+06
2.056086000000000000e+06
2.834761000000000000e+06
2.956199000000000000e+06
3.480127000000000000e+06
3.320842000000000000e+06
3.406519000000000000e+06
3.263399000000000000e+06
2.836214000000000000e+06
5.547059000000000000e+06
2.929234000000000000e+06
3.001284000000000000e+06
2.139304000000000000e+06
2.144321000000000000e+06
1.933148000000000000e+06
2.083585000000000000e+06
1.820253000000000000e+06
1.488814000000000000e+06
1.608906000000000000e+06
1.555024000000000000e+06
1.060735000000000000e+06
4.626192000000000000e+06
1.292076000000000000e+06
1.561091000000000000e+06
7.727550000000000000e+07
4.491800000000000000e+05
4.406509000000000000e+06
1.277869000000000000e+06
1.014485000000000000e+06
4.762900000000000000e+04
3.691980000000000000e+06
3.064118000000000000e+06
1.160015000000000000e+06
4.480500000000000000e+04
1.759768000000000000e+06
2.799293000000000000e+06
2.878513000000000000e+06
2.721201000000000000e+06
3.546226000000000000e+06
2.532063000000000000e+06
1.343420000000000000e+05
3.938582000000000000e+06
3.441588000000000000e+06
4.218438000000000000e+06
1.945410000000000000e+05
3.434514000000000000e+06
3.528192000000000000e+06
3.477154000000000000e+06
2.913887000000000000e+06
6.275295000000000000e+06
7.865850000000000000e+06
2.392230000000000000e+05
5.298571000000000000e+06
3.860697000000000000e+06
4.678753000000000000e+06
1.622740000000000000e+05
5.003694000000000000e+06
4.212520000000000000e+06
3.013131000000000000e+06
7.814430000000000000e+05
4.811982000000000000e+06
2.957831000000000000e+06
1.143970000000000000e+05
1.760577000000000000e+06
3.200887000000000000e+06
1.770429000000000000e+06
1.096220000000000000e+05
1.938992000000000000e+06
4.115261000000000000e+06
2.730779000000000000e+06
1.550290000000000000e+05
7.296174000000000000e+06
8.145071000000000000e+06
3.307514000000000000e+06
1.131620000000000000e+05
2.648596000000000000e+06
3.873812000000000000e+06
1.476540000000000000e+05
2.428498000000000000e+06
3.147305000000000000e+06
3.492841000000000000e+06
1.416440000000000000e+05
1.835278000000000000e+06
1.484149000000000000e+06
4.257234000000000000e+06
4.563520000000000000e+05
1.060881000000000000e+06
7.190360000000000000e+05
3.509200000000000000e+04
