1.183844000000000000e+06
4.061700000000000000e+05
3.479700000000000000e+04
1.417646000000000000e+06
1.549158000000000000e+06
7.523721500000000000e+07
6.820830000000000000e+05
2.588490000000000000e+05
2.225130000000000000e+05
4.377370000000000000e+05
4.706820000000000000e+05
1.224790000000000000e+06
9.085610000000000000e+05
1.032017000000000000e+06
8.454950000000000000e+05
6.362860000000000000e+05
1.157667000000000000e+06
3.952828000000000000e+06
3.278723000000000000e+06
3.848043000000000000e+06
4.297906000000000000e+06
3.739872000000000000e+06
2.976954000000000000e+06
3.093575000000000000e+06
2.802034000000000000e+06
2.392251000000000000e+06
2.289331000000000000e+06
1.899842000000000000e+06
1.764585000000000000e+06
4.839392000000000000e+06
1.646400000000000000e+06
9.254180000000000000e+05
7.175770000000000000e+05
7.426570000000000000e+05
9.940580000000000000e+05
1.656341000000000000e+06
9.434790000000000000e+05
8.129570000000000000e+05
5.946520000000000000e+05
5.069150000000000000e+05
4.815250000000000000e+05
3.913347000000000000e+06
1.083368000000000000e+06
9.482370000000000000e+05
1.227726000000000000e+06
1.307331000000000000e+06
1.154964000000000000e+06
1.597789000000000000e+06
5.531110000000000000e+05
3.103120000000000000e+05
6.060750000000000000e+05
9.562310000000000000e+05
9.653440000000000000e+05
3.933135000000000000e+06
1.100335000000000000e+06
3.906170000000000000e+05
5.313930000000000000e+05
6.324870000000000000e+05
2.762230000000000000e+05
1.212793000000000000e+06
5.502410000000000000e+05
8.879200000000000000e+05
1.291485000000000000e+06
1.387005000000000000e+06
1.256933000000000000e+06
3.902868000000000000e+06
1.450063000000000000e+06
1.009015000000000000e+06
1.260911000000000000e+06
1.304193000000000000e+06
7.162040000000000000e+05
1.213639000000000000e+06
5.039370000000000000e+05
6.401980000000000000e+05
7.512710000000000000e+05
6.340460000000000000e+05
4.941670000000000000e+05
3.839039000000000000e+06
1.410861000000000000e+06
9.265010000000000000e+05
6.456530000000000000e+05
4.660040000000000000e+05
2.154850000000000000e+05
1.171795000000000000e+06
2.651780000000000000e+05
2.942760000000000000e+05
3.934750000000000000e+05
3.596720000000000000e+05
2.151940000000000000e+05
3.223080000000000000e+06
7.846550000000000000e+05
2.135880000000000000e+05
2.336880000000000000e+05
4.279220000000000000e+05
4.453080000000000000e+05
1.173633000000000000e+06
5.322210000000000000e+05
6.327720000000000000e+05
4.943770000000000000e+05
2.422790000000000000e+05
2.149610000000000000e+05
3.569647000000000000e+06
9.001080000000000000e+05
1.984120000000000000e+05
2.029370000000000000e+05
2.810260000000000000e+05
2.336420000000000000e+05
1.167114000000000000e+06
2.739400000000000000e+05
6.695990000000000000e+05
5.485160000000000000e+05
3.624550000000000000e+05
3.171770000000000000e+05
3.447943000000000000e+06
8.167990000000000000e+05
1.869800000000000000e+05
3.013360000000000000e+05
2.103970000000000000e+05
2.111720000000000000e+05
1.107629000000000000e+06
3.449350000000000000e+05
5.838540000000000000e+05
8.576700000000000000e+05
1.444734000000000000e+06
1.935286000000000000e+06
5.112686000000000000e+06
2.871269000000000000e+06
2.489211000000000000e+06
2.380219000000000000e+06
2.074826000000000000e+06
2.480454000000000000e+06
2.536402000000000000e+06
1.901047000000000000e+06
2.226615000000000000e+06
2.708337000000000000e+06
2.843122000000000000e+06
2.692437000000000000e+06
5.394328000000000000e+06
2.607542000000000000e+06
2.167558000000000000e+06
2.110025000000000000e+06
2.005990000000000000e+06
1.651150000000000000e+06
2.427212000000000000e+06
1.684175000000000000e+06
1.685505000000000000e+06
1.483651000000000000e+06
1.146489000000000000e+06
1.264985000000000000e+06
