1.984367000000000000e+06
1.261196000000000000e+06
1.746079000000000000e+06
2.305059000000000000e+06
2.035446000000000000e+06
2.270951000000000000e+06
1.685456000000000000e+06
2.430902000000000000e+06
2.474459000000000000e+06
2.900445000000000000e+06
3.135310000000000000e+06
6.353677000000000000e+06
3.447638000000000000e+06
3.059829000000000000e+06
2.927559000000000000e+06
2.674240000000000000e+06
2.118821000000000000e+06
2.709325000000000000e+06
2.317315000000000000e+06
2.395528000000000000e+06
2.570354000000000000e+06
2.856200000000000000e+06
3.115871000000000000e+06
6.278302000000000000e+06
3.230745000000000000e+06
3.141386000000000000e+06
2.603257000000000000e+06
2.485211000000000000e+06
2.389844000000000000e+06
1.968983000000000000e+06
2.648637000000000000e+06
1.832713000000000000e+06
2.370132000000000000e+06
1.315668000000000000e+06
1.966586000000000000e+06
5.297118000000000000e+06
1.902901000000000000e+06
8.738580000000000000e+05
1.663196000000000000e+06
7.396680000000000000e+05
7.848240000000000000e+05
1.494657000000000000e+06
6.804690000000000000e+05
1.237466000000000000e+06
1.217365000000000000e+06
1.293278000000000000e+06
1.275619000000000000e+06
5.068588000000000000e+06
1.723425000000000000e+06
9.001390000000000000e+05
2.556600000000000000e+06
2.171031000000000000e+06
2.346926000000000000e+06
2.264831000000000000e+06
1.767676000000000000e+06
1.544296000000000000e+06
1.459363000000000000e+06
1.073725000000000000e+06
1.396373000000000000e+06
4.896039000000000000e+06
1.505677000000000000e+06
9.225520000000000000e+05
1.005443000000000000e+06
8.781510000000000000e+05
7.548430000000000000e+05
9.435650000000000000e+05
9.460580000000000000e+05
1.020403000000000000e+06
1.055898000000000000e+06
9.966230000000000000e+05
7.041520000000000000e+05
4.126862000000000000e+06
1.355158000000000000e+06
5.578030000000000000e+05
5.322050000000000000e+05
7.328140000000000000e+05
4.813230000000000000e+05
4.664690000000000000e+05
3.840720000000000000e+05
3.263220000000000000e+05
5.661190000000000000e+05
1.007017000000000000e+06
1.338435000000000000e+06
4.585248000000000000e+06
2.302636000000000000e+06
1.858855000000000000e+06
1.361578000000000000e+06
8.258160000000000000e+05
8.203990000000000000e+05
1.031551000000000000e+06
1.278894000000000000e+06
1.227620000000000000e+06
1.230782000000000000e+06
1.462822000000000000e+06
1.073093000000000000e+06
3.782138000000000000e+06
9.108910000000000000e+05
4.697370000000000000e+05
5.244490000000000000e+05
4.841510000000000000e+05
4.242070000000000000e+05
4.926860000000000000e+05
3.917540000000000000e+05
3.504530000000000000e+05
5.492260000000000000e+05
6.687710000000000000e+05
5.396090000000000000e+05
3.709674000000000000e+06
7.717280000000000000e+05
6.970760000000000000e+05
9.482940000000000000e+05
1.404915000000000000e+06
1.763546000000000000e+06
2.125514000000000000e+06
2.023509000000000000e+06
2.139707000000000000e+06
1.893225000000000000e+06
1.112145000000000000e+06
1.988195000000000000e+06
5.426694000000000000e+06
2.632815000000000000e+06
2.179719000000000000e+06
1.735241000000000000e+06
8.410270000000000000e+05
8.620600000000000000e+05
7.400320000000000000e+05
6.994480000000000000e+05
8.656980000000000000e+05
8.235780000000000000e+05
4.026730000000000000e+05
8.135880000000000000e+05
3.749321000000000000e+06
1.032391000000000000e+06
3.783640000000000000e+05
3.895110000000000000e+05
4.370300000000000000e+05
4.083150000000000000e+05
3.030460000000000000e+05
3.139990000000000000e+05
3.781440000000000000e+05
4.455370000000000000e+05
3.843330000000000000e+05
4.472280000000000000e+05
3.410432000000000000e+06
1.509044000000000000e+06
1.403888000000000000e+06
1.089098000000000000e+06
1.012447000000000000e+06
2.126108000000000000e+06
