2.753695000000000000e+06
2.099706000000000000e+06
1.419483000000000000e+06
1.065868000000000000e+06
7.278540000000000000e+05
3.470246000000000000e+06
1.055635000000000000e+06
5.960240000000000000e+05
5.617680000000000000e+05
7.284450000000000000e+05
5.871220000000000000e+05
1.421048000000000000e+06
1.046880000000000000e+06
1.190966000000000000e+06
1.041737000000000000e+06
1.237433000000000000e+06
2.016620000000000000e+06
4.951281000000000000e+06
2.868628000000000000e+06
2.410891000000000000e+06
2.751186000000000000e+06
2.822317000000000000e+06
3.346594000000000000e+06
3.655035000000000000e+06
3.108236000000000000e+06
2.848345000000000000e+06
2.378937000000000000e+06
2.503444000000000000e+06
2.248066000000000000e+06
4.913723000000000000e+06
2.823205000000000000e+06
2.681707000000000000e+06
3.062138000000000000e+06
3.147206000000000000e+06
2.583703000000000000e+06
2.843881000000000000e+06
1.861233000000000000e+06
1.920604000000000000e+06
1.041095000000000000e+06
9.757900000000000000e+05
8.995470000000000000e+05
4.421376000000000000e+06
1.442372000000000000e+06
1.452236000000000000e+06
1.322619000000000000e+06
1.832644000000000000e+06
1.805330000000000000e+06
2.361501000000000000e+06
1.803523000000000000e+06
1.647390000000000000e+06
1.968489000000000000e+06
1.741672000000000000e+06
1.420059000000000000e+06
4.559819000000000000e+06
1.972803000000000000e+06
1.430437000000000000e+06
1.081165000000000000e+06
9.964360000000000000e+05
9.723320000000000000e+05
1.505540000000000000e+06
7.956440000000000000e+05
6.372230000000000000e+05
1.043860000000000000e+06
1.182500000000000000e+06
1.142335000000000000e+06
4.505631000000000000e+06
1.837254000000000000e+06
1.407527000000000000e+06
1.782236000000000000e+06
1.862980000000000000e+06
1.812260000000000000e+06
2.475696000000000000e+06
1.518523000000000000e+06
1.702190000000000000e+06
1.793053000000000000e+06
1.810332000000000000e+06
1.586848000000000000e+06
4.714151000000000000e+06
2.063216000000000000e+06
2.277944000000000000e+06
2.094766000000000000e+06
2.185696000000000000e+06
1.954359000000000000e+06
2.529827000000000000e+06
2.101748000000000000e+06
2.151479000000000000e+06
2.009220000000000000e+06
1.882149000000000000e+06
1.495748000000000000e+06
3.949984000000000000e+06
1.607152000000000000e+06
1.256040000000000000e+06
1.579829000000000000e+06
1.185579000000000000e+06
1.308968000000000000e+06
1.947324000000000000e+06
1.356892000000000000e+06
7.570780000000000000e+05
7.182180000000000000e+05
7.946950000000000000e+05
6.090730000000000000e+05
3.902361000000000000e+06
1.514156000000000000e+06
1.165717000000000000e+06
1.118528000000000000e+06
1.407150000000000000e+06
2.471315000000000000e+06
3.322822000000000000e+06
3.008103000000000000e+06
2.746257000000000000e+06
2.327863000000000000e+06
1.662037000000000000e+06
1.584480000000000000e+06
4.490851000000000000e+06
2.492945000000000000e+06
1.905344000000000000e+06
1.288315000000000000e+06
8.800480000000000000e+05
7.841990000000000000e+05
1.663456000000000000e+06
8.105140000000000000e+05
4.917660000000000000e+05
4.700920000000000000e+05
4.867520000000000000e+05
4.345510000000000000e+05
2.875662000000000000e+06
1.021943000000000000e+06
6.756210000000000000e+05
1.089690000000000000e+06
6.731180000000000000e+05
7.192960000000000000e+05
1.599993000000000000e+06
1.657175000000000000e+06
1.822783000000000000e+06
2.290992000000000000e+06
1.488130000000000000e+06
2.352371000000000000e+06
4.795970000000000000e+06
1.979147000000000000e+06
2.058601000000000000e+06
1.807853000000000000e+06
1.111557000000000000e+06
8.414850000000000000e+05
1.536152000000000000e+06
1.050473000000000000e+06
1.500544000000000000e+06
1.721210000000000000e+06
1.235532000000000000e+06
1.959469000000000000e+06
