2.933109000000000000e+06
1.981564000000000000e+06
1.737001000000000000e+06
1.428184000000000000e+06
1.048617000000000000e+06
9.128630000000000000e+05
5.999340000000000000e+05
3.190550000000000000e+05
4.478740000000000000e+05
4.288890000000000000e+05
4.583950000000000000e+05
3.438391000000000000e+06
1.039523000000000000e+06
6.567880000000000000e+05
7.129700000000000000e+05
7.831190000000000000e+05
6.890810000000000000e+05
5.314220000000000000e+05
8.023910000000000000e+05
9.116730000000000000e+05
8.606790000000000000e+05
8.268010000000000000e+05
1.261565000000000000e+06
4.176229000000000000e+06
1.916218000000000000e+06
1.957352000000000000e+06
1.649806000000000000e+06
1.675343000000000000e+06
1.162761000000000000e+06
1.806883000000000000e+06
2.198139000000000000e+06
1.375668000000000000e+06
1.452228000000000000e+06
2.012268000000000000e+06
1.619075000000000000e+06
4.139569000000000000e+06
9.728900000000000000e+05
6.881110000000000000e+05
7.615450000000000000e+05
6.526170000000000000e+05
3.911960000000000000e+05
3.232670000000000000e+05
3.081290000000000000e+05
3.514050000000000000e+05
4.785560000000000000e+05
3.083150000000000000e+05
2.271840000000000000e+05
3.297496000000000000e+06
7.874150000000000000e+05
3.194490000000000000e+05
5.271560000000000000e+05
6.466890000000000000e+05
5.919410000000000000e+05
7.333080000000000000e+05
8.607300000000000000e+05
9.910660000000000000e+05
7.883370000000000000e+05
8.035790000000000000e+05
6.886180000000000000e+05
3.426176000000000000e+06
1.175644000000000000e+06
8.216170000000000000e+05
8.799590000000000000e+05
7.278930000000000000e+05
5.290600000000000000e+05
7.988290000000000000e+05
7.439160000000000000e+05
6.991920000000000000e+05
9.949900000000000000e+05
1.508661000000000000e+06
1.814904000000000000e+06
3.931988000000000000e+06
2.179497000000000000e+06
1.933337000000000000e+06
1.856569000000000000e+06
1.675526000000000000e+06
1.827357000000000000e+06
1.533342000000000000e+06
1.131583000000000000e+06
1.492871000000000000e+06
1.102718000000000000e+06
7.294170000000000000e+05
5.412870000000000000e+05
3.659031000000000000e+06
9.460610000000000000e+05
3.868230000000000000e+05
5.382370000000000000e+05
8.247790000000000000e+05
9.252710000000000000e+05
5.778090000000000000e+05
5.126600000000000000e+05
5.045470000000000000e+05
5.889970000000000000e+05
6.004680000000000000e+05
6.823310000000000000e+05
4.143439000000000000e+06
2.156181000000000000e+06
1.266677000000000000e+06
1.336602000000000000e+06
1.077786000000000000e+06
9.219370000000000000e+05
7.798710000000000000e+05
5.518330000000000000e+05
9.441250000000000000e+05
1.610992000000000000e+06
1.659866000000000000e+06
1.516574000000000000e+06
4.000487000000000000e+06
9.625020000000000000e+05
4.264660000000000000e+05
5.213730000000000000e+05
4.304290000000000000e+05
2.633810000000000000e+05
2.789890000000000000e+05
2.835470000000000000e+05
3.839260000000000000e+05
3.106920000000000000e+05
4.448250000000000000e+05
2.064770000000000000e+05
3.180566000000000000e+06
6.321910000000000000e+05
1.454730000000000000e+05
2.553160000000000000e+05
2.902140000000000000e+05
4.669610000000000000e+05
6.951750000000000000e+05
6.887220000000000000e+05
7.250340000000000000e+05
6.881250000000000000e+05
7.573770000000000000e+05
7.113680000000000000e+05
3.466796000000000000e+06
8.868620000000000000e+05
4.070880000000000000e+05
2.208990000000000000e+05
2.866810000000000000e+05
2.972670000000000000e+05
4.091860000000000000e+05
5.831590000000000000e+05
5.380280000000000000e+05
4.520230000000000000e+05
5.316130000000000000e+05
6.979000000000000000e+05
3.724930000000000000e+06
1.021480000000000000e+06
6.446720000000000000e+05
4.431750000000000000e+05
4.182200000000000000e+05
5.068490000000000000e+05
