2.433473000000000000e+06
1.699260000000000000e+06
1.503043000000000000e+06
1.155764000000000000e+06
1.517816000000000000e+06
4.480461000000000000e+06
1.774291000000000000e+06
1.893341000000000000e+06
2.380163000000000000e+06
2.335419000000000000e+06
2.240922000000000000e+06
3.079321000000000000e+06
3.098898000000000000e+06
3.510572000000000000e+06
3.580321000000000000e+06
3.815214000000000000e+06
3.789987000000000000e+06
6.290387000000000000e+06
3.647458000000000000e+06
3.199479000000000000e+06
3.053234000000000000e+06
2.789395000000000000e+06
2.266775000000000000e+06
2.739294000000000000e+06
2.003302000000000000e+06
1.761364000000000000e+06
1.803242000000000000e+06
1.612642000000000000e+06
1.408695000000000000e+06
4.820312000000000000e+06
1.800598000000000000e+06
1.472281000000000000e+06
1.358375000000000000e+06
1.363885000000000000e+06
1.435702000000000000e+06
2.129487000000000000e+06
1.166344000000000000e+06
1.147320000000000000e+06
1.245009000000000000e+06
1.038482000000000000e+06
8.630500000000000000e+05
3.693779000000000000e+06
1.764775000000000000e+06
1.493039000000000000e+06
1.516825000000000000e+06
1.689650000000000000e+06
1.472899000000000000e+06
2.059943000000000000e+06
1.718011000000000000e+06
1.741276000000000000e+06
1.652895000000000000e+06
1.406484000000000000e+06
1.035179000000000000e+06
3.884653000000000000e+06
1.303404000000000000e+06
8.334580000000000000e+05
8.082180000000000000e+05
1.176659000000000000e+06
1.070711000000000000e+06
1.725633000000000000e+06
1.198805000000000000e+06
1.228174000000000000e+06
1.025438000000000000e+06
1.103943000000000000e+06
9.073360000000000000e+05
3.567242000000000000e+06
1.094469000000000000e+06
5.388430000000000000e+05
7.135220000000000000e+05
8.358150000000000000e+05
9.662740000000000000e+05
1.846486000000000000e+06
1.477834000000000000e+06
9.242730000000000000e+05
4.776940000000000000e+05
6.092160000000000000e+05
5.748220000000000000e+05
3.371741000000000000e+06
1.315853000000000000e+06
8.937710000000000000e+05
6.197110000000000000e+05
6.190100000000000000e+05
8.053930000000000000e+05
1.122814000000000000e+06
5.558580000000000000e+05
6.066880000000000000e+05
5.692520000000000000e+05
4.479410000000000000e+05
5.919430000000000000e+05
4.220407000000000000e+06
1.467551000000000000e+06
1.153548000000000000e+06
1.035900000000000000e+06
9.682100000000000000e+05
7.876190000000000000e+05
1.308945000000000000e+06
6.285540000000000000e+05
7.161130000000000000e+05
7.609390000000000000e+05
5.849620000000000000e+05
7.294430000000000000e+05
3.263233000000000000e+06
8.589840000000000000e+05
2.411540000000000000e+05
6.504250000000000000e+05
5.783360000000000000e+05
4.915810000000000000e+05
1.232913000000000000e+06
8.759330000000000000e+05
8.439440000000000000e+05
8.565930000000000000e+05
8.084510000000000000e+05
9.759560000000000000e+05
3.733126000000000000e+06
1.983011000000000000e+06
1.372214000000000000e+06
1.773224000000000000e+06
2.170174000000000000e+06
2.291126000000000000e+06
6.468422100000000000e+07
1.062288700000000000e+07
1.306646700000000000e+07
1.132957900000000000e+07
1.032397000000000000e+07
7.504336000000000000e+06
5.546020000000000000e+06
2.699889000000000000e+06
2.560362000000000000e+06
3.214064000000000000e+06
4.036125000000000000e+06
4.092034000000000000e+06
6.504140000000000000e+06
2.316575000000000000e+06
8.232780000000000000e+05
8.956360000000000000e+05
1.493847000000000000e+06
1.746501000000000000e+06
1.421798000000000000e+06
7.057420000000000000e+05
1.163297000000000000e+06
1.180100000000000000e+06
1.031233000000000000e+06
7.789050000000000000e+05
4.022544000000000000e+06
7.959960000000000000e+05
7.139940000000000000e+05
1.207146000000000000e+06
1.123663000000000000e+06
8.197760000000000000e+05
