1.209769000000000000e+06
3.305440000000000000e+05
3.491660000000000000e+05
3.986470000000000000e+05
5.876010000000000000e+05
3.619363000000000000e+06
1.271856000000000000e+06
1.031193000000000000e+06
1.162637000000000000e+06
3.514717000000000000e+06
3.567174000000000000e+06
5.393898000000000000e+06
5.250075000000000000e+06
5.367266000000000000e+06
5.811957000000000000e+06
5.763752000000000000e+06
6.254122000000000000e+06
8.786495000000000000e+06
6.597090000000000000e+06
6.564262000000000000e+06
6.610243000000000000e+06
6.472380000000000000e+06
6.517163000000000000e+06
6.274575000000000000e+06
5.264417000000000000e+06
4.611382000000000000e+06
4.099208000000000000e+06
3.727571000000000000e+06
3.351750000000000000e+06
6.343873000000000000e+06
3.289768000000000000e+06
3.148489000000000000e+06
2.414362000000000000e+06
1.849909000000000000e+06
1.211560000000000000e+06
2.142286000000000000e+06
2.366296000000000000e+06
3.130827000000000000e+06
3.818850000000000000e+06
3.934327000000000000e+06
2.968586000000000000e+06
6.123733000000000000e+06
4.327829000000000000e+06
4.755952000000000000e+06
5.393316000000000000e+06
5.317043000000000000e+06
3.948311000000000000e+06
2.644236000000000000e+06
1.797506000000000000e+06
3.092316000000000000e+06
4.026543000000000000e+06
4.662328000000000000e+06
4.749993000000000000e+06
7.028169000000000000e+06
4.064909000000000000e+06
2.936467000000000000e+06
2.287093000000000000e+06
1.387099000000000000e+06
3.276680000000000000e+05
1.954694000000000000e+06
1.299047000000000000e+06
9.774700000000000000e+05
3.841220000000000000e+05
2.271460000000000000e+05
2.838120000000000000e+05
2.818871000000000000e+06
5.909000000000000000e+05
1.773530000000000000e+05
5.016220000000000000e+05
4.778800000000000000e+05
6.249540000000000000e+05
1.395338000000000000e+06
5.071310000000000000e+05
1.900860000000000000e+05
3.181500000000000000e+05
5.930540000000000000e+05
1.590588000000000000e+06
5.038826000000000000e+06
4.224113000000000000e+06
4.714998000000000000e+06
5.208917000000000000e+06
4.512425000000000000e+06
7.591921200000000000e+07
1.089617000000000000e+06
6.071670000000000000e+05
1.232421000000000000e+06
2.452854000000000000e+06
3.805314000000000000e+06
4.000387000000000000e+06
3.967104000000000000e+06
4.063880000000000000e+06
4.739505000000000000e+06
4.240145000000000000e+06
4.140560000000000000e+06
7.319970000000000000e+06
5.975747000000000000e+06
5.545434000000000000e+06
5.161253000000000000e+06
5.057062000000000000e+06
5.596726000000000000e+06
5.466734000000000000e+06
4.986562000000000000e+06
4.028033000000000000e+06
3.598362000000000000e+06
3.526528000000000000e+06
2.737536000000000000e+06
5.343446000000000000e+06
3.060403000000000000e+06
2.460242000000000000e+06
2.402578000000000000e+06
3.072054000000000000e+06
3.037544000000000000e+06
3.086583000000000000e+06
2.958617000000000000e+06
2.663677000000000000e+06
2.263488000000000000e+06
2.245573000000000000e+06
2.047645000000000000e+06
4.857953000000000000e+06
2.728135000000000000e+06
1.983084000000000000e+06
2.011769000000000000e+06
1.593995000000000000e+06
1.244391000000000000e+06
9.701030000000000000e+05
5.607630000000000000e+05
6.360020000000000000e+05
1.052099000000000000e+06
1.509328000000000000e+06
1.710805000000000000e+06
4.633940000000000000e+06
2.700021000000000000e+06
1.811270000000000000e+06
1.741982000000000000e+06
1.634807000000000000e+06
1.686124000000000000e+06
1.672430000000000000e+06
1.760453000000000000e+06
1.604015000000000000e+06
1.705504000000000000e+06
1.692678000000000000e+06
1.634294000000000000e+06
3.822937000000000000e+06
2.259721000000000000e+06
1.824426000000000000e+06
2.136821000000000000e+06
2.046912000000000000e+06
2.500546000000000000e+06
2.593457000000000000e+06
