3.299894000000000000e+06
4.980200000000000000e+06
1.838446000000000000e+06
1.520134000000000000e+06
4.499595000000000000e+06
1.604604000000000000e+06
1.249085000000000000e+06
9.001200000000000000e+05
6.274780000000000000e+05
7.298800000000000000e+05
3.593240000000000000e+05
1.295504000000000000e+06
8.848840000000000000e+05
1.060874000000000000e+06
7.235780000000000000e+05
5.845410000000000000e+05
3.693338000000000000e+06
6.300290000000000000e+05
5.938300000000000000e+05
4.853370000000000000e+05
6.457090000000000000e+05
6.172710000000000000e+05
4.751830000000000000e+05
1.239287000000000000e+06
3.012530000000000000e+05
3.009600000000000000e+05
5.259200000000000000e+05
2.190170000000000000e+05
3.476393000000000000e+06
7.575310000000000000e+05
3.868290000000000000e+05
3.305680000000000000e+05
1.228710000000000000e+05
4.304850000000000000e+05
3.457280000000000000e+05
1.092547000000000000e+06
3.930770000000000000e+05
4.294640000000000000e+05
2.553770000000000000e+05
1.683200000000000000e+05
3.172037000000000000e+06
6.471863400000000000e+07
3.706763000000000000e+06
2.187131000000000000e+06
3.258178000000000000e+06
3.263939000000000000e+06
2.906936000000000000e+06
4.089666000000000000e+06
2.753513000000000000e+06
2.878341000000000000e+06
2.500607000000000000e+06
2.488656000000000000e+06
3.157668000000000000e+06
5.260298000000000000e+06
1.153254000000000000e+06
1.420580000000000000e+06
2.269016000000000000e+06
2.104111000000000000e+06
1.660737000000000000e+06
2.582408000000000000e+06
1.547631000000000000e+06
1.149742000000000000e+06
1.601943000000000000e+06
2.221825000000000000e+06
2.446152000000000000e+06
3.709971000000000000e+06
1.158337000000000000e+06
1.098722000000000000e+06
2.450375000000000000e+06
2.247338000000000000e+06
1.853715000000000000e+06
2.418993000000000000e+06
1.471283000000000000e+06
9.191470000000000000e+05
1.200567000000000000e+06
1.754144000000000000e+06
2.395896000000000000e+06
3.838595000000000000e+06
1.258817000000000000e+06
1.726027000000000000e+06
3.207347000000000000e+06
2.069512000000000000e+06
1.756380000000000000e+06
2.272219000000000000e+06
1.290207000000000000e+06
1.367513000000000000e+06
1.523029000000000000e+06
2.413123000000000000e+06
2.486218000000000000e+06
4.401376000000000000e+06
1.496126000000000000e+06
1.694464000000000000e+06
2.574663000000000000e+06
1.885044000000000000e+06
2.073479000000000000e+06
2.625064000000000000e+06
3.816260000000000000e+06
5.411254000000000000e+06
4.967656000000000000e+06
5.150673000000000000e+06
4.078608000000000000e+06
7.591236000000000000e+06
6.748185000000000000e+06
8.424532000000000000e+06
7.698103000000000000e+06
5.931651000000000000e+06
4.482784000000000000e+06
3.824634000000000000e+06
1.503365000000000000e+06
2.003687000000000000e+06
2.048284000000000000e+06
1.369066000000000000e+06
1.183662000000000000e+06
4.457931000000000000e+06
1.245276000000000000e+06
2.606684000000000000e+06
3.284695000000000000e+06
2.011934000000000000e+06
1.762715000000000000e+06
2.359249000000000000e+06
2.171854000000000000e+06
2.758551000000000000e+06
2.016518000000000000e+06
2.386497000000000000e+06
5.899973000000000000e+06
1.250027000000000000e+07
1.088029200000000000e+07
9.830154000000000000e+06
6.930465000000000000e+06
3.011182000000000000e+06
1.885588000000000000e+06
2.782115000000000000e+06
1.335088000000000000e+06
1.423719000000000000e+06
2.092458000000000000e+06
3.253961000000000000e+06
3.391791000000000000e+06
6.920048000000000000e+06
4.163739000000000000e+06
4.922135000000000000e+06
4.778810000000000000e+06
3.592385000000000000e+06
1.729937000000000000e+06
2.321538000000000000e+06
1.996497000000000000e+06
1.582105000000000000e+06
1.667036000000000000e+06
1.763518000000000000e+06
1.583304000000000000e+06
