6.777583000000000000e+06
4.223535000000000000e+06
7.839910000000000000e+06
6.575574000000000000e+06
5.769633000000000000e+06
1.052062100000000000e+07
5.198620000000000000e+06
8.816352000000000000e+06
1.103902700000000000e+07
8.570497000000000000e+06
8.775712000000000000e+06
1.065380800000000000e+07
8.754884000000000000e+06
6.030505000000000000e+06
1.053562300000000000e+07
7.434185000000000000e+06
5.548205000000000000e+06
7.198891000000000000e+06
7.180113000000000000e+06
1.075327300000000000e+07
6.839373000000000000e+06
9.297223000000000000e+06
3.910763000000000000e+06
8.784501000000000000e+06
8.722983000000000000e+06
5.504528000000000000e+06
5.376104000000000000e+06
4.611461000000000000e+06
7.381439000000000000e+06
6.310297000000000000e+06
5.678291000000000000e+06
2.243132000000000000e+06
2.380884000000000000e+06
6.069908000000000000e+06
5.037427000000000000e+06
8.863369000000000000e+06
7.898731000000000000e+06
5.705242000000000000e+06
8.363163000000000000e+06
5.181027000000000000e+06
9.765440000000000000e+06
7.025252000000000000e+06
5.085556000000000000e+06
3.415514000000000000e+06
2.707049000000000000e+06
3.021633000000000000e+06
4.782917000000000000e+06
9.770918000000000000e+06
7.922474000000000000e+06
6.069736000000000000e+06
9.152979000000000000e+06
1.181395400000000000e+07
7.648638000000000000e+06
5.530615000000000000e+06
5.881440000000000000e+06
5.564716000000000000e+06
2.589833000000000000e+06
5.890648000000000000e+06
4.326664000000000000e+06
9.018827000000000000e+06
7.780214000000000000e+06
7.100578000000000000e+06
1.161224700000000000e+07
5.202063000000000000e+06
1.255926700000000000e+07
8.770556000000000000e+06
8.061831000000000000e+06
6.977220000000000000e+06
5.225260000000000000e+06
7.078566000000000000e+06
1.038309300000000000e+07
1.076355100000000000e+07
1.116544600000000000e+07
4.999499000000000000e+06
9.132104000000000000e+06
5.430707000000000000e+06
1.920840000000000000e+06
3.720161000000000000e+06
2.951856000000000000e+06
3.261575000000000000e+06
2.032550000000000000e+06
2.842821000000000000e+06
5.239033000000000000e+06
9.134676000000000000e+06
6.340824000000000000e+06
6.469803000000000000e+06
5.379204000000000000e+06
5.202141000000000000e+06
1.057198600000000000e+07
9.215748000000000000e+06
8.494500000000000000e+06
6.990434000000000000e+06
4.935058000000000000e+06
9.613787000000000000e+06
9.573468000000000000e+06
1.439624500000000000e+07
7.684533000000000000e+06
6.212900000000000000e+06
3.889872000000000000e+06
9.659860000000000000e+06
5.787587000000000000e+06
7.540529000000000000e+06
9.071937000000000000e+06
4.518614000000000000e+06
4.478436000000000000e+06
3.033263000000000000e+06
6.232422000000000000e+06
7.536711000000000000e+06
6.319722000000000000e+06
4.920329000000000000e+06
5.010275000000000000e+06
7.438332000000000000e+06
6.337156000000000000e+06
1.498142900000000000e+07
2.024900700000000000e+07
1.381674300000000000e+07
4.403125000000000000e+06
1.122570900000000000e+07
1.302912000000000000e+07
1.086440900000000000e+07
8.153399000000000000e+06
1.528157400000000000e+07
9.216291000000000000e+06
8.268622000000000000e+06
4.834628000000000000e+06
7.908699000000000000e+06
6.633909000000000000e+06
7.030856000000000000e+06
1.924485000000000000e+06
5.295966000000000000e+06
5.045839000000000000e+06
7.337325400000000000e+07
2.959257000000000000e+06
2.166749000000000000e+06
3.107515000000000000e+06
4.716719000000000000e+06
5.516569000000000000e+06
6.968116000000000000e+06
8.744823000000000000e+06
9.575687000000000000e+06
1.079134600000000000e+07
1.265065100000000000e+07
1.361650900000000000e+07
1.647146900000000000e+07
1.569752400000000000e+07
1.615287600000000000e+07
1.643397500000000000e+07
1.699061900000000000e+07
1.734198800000000000e+07
