1.075374000000000000e+07
9.015984000000000000e+06
9.590609000000000000e+06
9.389413000000000000e+06
8.856196000000000000e+06
8.816702000000000000e+06
8.189592000000000000e+06
8.073631000000000000e+06
7.706192000000000000e+06
7.625313000000000000e+06
7.252911000000000000e+06
7.631263000000000000e+06
9.744275000000000000e+06
7.220027000000000000e+06
6.912920000000000000e+06
6.391683000000000000e+06
6.186997000000000000e+06
5.707666000000000000e+06
5.391168000000000000e+06
4.910782000000000000e+06
4.354156000000000000e+06
3.931305000000000000e+06
3.278018000000000000e+06
3.574418000000000000e+06
6.817945000000000000e+06
2.041565000000000000e+06
2.506882000000000000e+06
1.909555000000000000e+06
2.284243000000000000e+06
1.723881000000000000e+06
2.256566000000000000e+06
1.919150000000000000e+06
1.978054000000000000e+06
9.353530000000000000e+05
6.274240000000000000e+05
1.918833000000000000e+06
5.767699000000000000e+06
1.447558000000000000e+06
1.069449000000000000e+06
1.381709000000000000e+06
2.074446000000000000e+06
2.525063000000000000e+06
2.146380000000000000e+06
3.039595000000000000e+06
2.560114000000000000e+06
2.227468000000000000e+06
2.826645000000000000e+06
2.914963000000000000e+06
6.090977000000000000e+06
1.494780000000000000e+06
1.017641000000000000e+06
1.438770000000000000e+06
1.358548000000000000e+06
9.839840000000000000e+05
1.468724000000000000e+06
1.472776000000000000e+06
1.079639000000000000e+06
2.064277000000000000e+06
1.479895000000000000e+06
2.426015000000000000e+06
5.239317000000000000e+06
2.436333000000000000e+06
1.959244000000000000e+06
2.147844000000000000e+06
2.066984000000000000e+06
8.402986700000000000e+07
3.118078000000000000e+06
5.043374000000000000e+06
7.299178000000000000e+06
6.929601000000000000e+06
5.413972000000000000e+06
8.689300000000000000e+06
6.423457000000000000e+06
6.196278000000000000e+06
6.518903000000000000e+06
6.679149000000000000e+06
6.951145000000000000e+06
1.164970600000000000e+07
1.275366500000000000e+07
1.102963400000000000e+07
8.843263000000000000e+06
1.221086100000000000e+07
8.233430000000000000e+06
7.989718000000000000e+06
9.736333000000000000e+06
7.986064000000000000e+06
7.693817000000000000e+06
1.018718600000000000e+07
8.994586000000000000e+06
1.394192000000000000e+07
1.224657900000000000e+07
1.257403500000000000e+07
1.146772200000000000e+07
1.151050100000000000e+07
1.206981600000000000e+07
1.375430900000000000e+07
1.094842100000000000e+07
1.165686800000000000e+07
1.284957300000000000e+07
1.760282100000000000e+07
1.424305900000000000e+07
1.768041600000000000e+07
1.398241800000000000e+07
1.407366500000000000e+07
1.584216000000000000e+07
1.311871500000000000e+07
1.465315600000000000e+07
1.419488200000000000e+07
1.174373600000000000e+07
1.154738900000000000e+07
1.176363000000000000e+07
1.059901200000000000e+07
1.163583300000000000e+07
1.255335400000000000e+07
1.224820900000000000e+07
7.812541000000000000e+06
1.121374400000000000e+07
4.041522000000000000e+06
4.776219000000000000e+06
4.485379000000000000e+06
3.848323000000000000e+06
1.489527000000000000e+06
1.803710000000000000e+06
1.517551000000000000e+06
4.231116000000000000e+06
8.002136000000000000e+06
5.326860000000000000e+06
4.939390000000000000e+06
4.352612000000000000e+06
5.718339000000000000e+06
5.934347000000000000e+06
4.760825000000000000e+06
7.214812000000000000e+06
2.893981000000000000e+06
4.334652000000000000e+06
4.008783000000000000e+06
2.996072000000000000e+06
8.303412000000000000e+06
2.332033000000000000e+06
1.832260000000000000e+06
2.747459000000000000e+06
1.357636000000000000e+06
3.180628000000000000e+06
5.083111000000000000e+06
6.514046000000000000e+06
6.794590000000000000e+06
4.182044000000000000e+06
3.329049000000000000e+06
5.285847000000000000e+06
