5.249355000000000000e+06
5.403695000000000000e+06
6.322222000000000000e+06
6.034574000000000000e+06
6.057351000000000000e+06
2.688309000000000000e+06
2.520327000000000000e+06
7.352743000000000000e+06
5.590315000000000000e+06
1.043285400000000000e+07
1.210630400000000000e+07
1.278874800000000000e+07
1.117636700000000000e+07
1.447074900000000000e+07
1.097833200000000000e+07
1.454412800000000000e+07
1.845272100000000000e+07
1.614045700000000000e+07
1.065484200000000000e+07
1.540151000000000000e+07
1.542815300000000000e+07
1.403692600000000000e+07
1.349731400000000000e+07
1.796314900000000000e+07
1.087733300000000000e+07
9.810181000000000000e+06
9.496932000000000000e+06
1.117704800000000000e+07
1.023641800000000000e+07
1.086729000000000000e+07
8.314954000000000000e+06
9.776413000000000000e+06
9.777485000000000000e+06
1.031119100000000000e+07
1.113950300000000000e+07
1.467542100000000000e+07
1.148902600000000000e+07
1.023236400000000000e+07
7.440399000000000000e+06
7.419357000000000000e+06
7.768398000000000000e+06
7.978725000000000000e+06
7.655018000000000000e+06
7.931511000000000000e+06
9.629920000000000000e+06
8.905535000000000000e+06
8.041858000000000000e+06
1.081893700000000000e+07
7.244063000000000000e+06
8.160952000000000000e+06
7.025696000000000000e+06
8.014554000000000000e+06
7.922287000000000000e+06
6.978832000000000000e+06
8.271284000000000000e+06
8.463557000000000000e+06
9.116002000000000000e+06
1.139963300000000000e+07
8.740142000000000000e+06
1.155220100000000000e+07
9.624854000000000000e+06
8.242071000000000000e+06
7.213996000000000000e+06
7.527904000000000000e+06
8.229848000000000000e+06
6.984277000000000000e+06
5.310892000000000000e+06
7.910840000000000000e+06
5.669382000000000000e+06
5.555179000000000000e+06
3.906463000000000000e+06
8.096116000000000000e+06
4.888084000000000000e+06
6.390724000000000000e+06
3.993653000000000000e+06
5.486752000000000000e+06
6.104658000000000000e+06
7.176093000000000000e+06
7.983782000000000000e+06
4.782215000000000000e+06
7.215346000000000000e+06
6.542430000000000000e+06
4.633755000000000000e+06
9.231259000000000000e+06
6.002720000000000000e+06
4.517763000000000000e+06
5.288478000000000000e+06
4.816653000000000000e+06
4.381772000000000000e+06
6.010043000000000000e+06
5.567482000000000000e+06
5.484600000000000000e+06
6.133546000000000000e+06
5.284104000000000000e+06
6.371941000000000000e+06
9.328975000000000000e+06
7.114861000000000000e+06
7.006772000000000000e+06
6.649241000000000000e+06
6.464912000000000000e+06
6.872376000000000000e+06
8.302095000000000000e+06
9.598245000000000000e+06
8.327469000000000000e+06
1.093587700000000000e+07
9.764953000000000000e+06
9.042262000000000000e+06
1.420645600000000000e+07
1.283477500000000000e+07
1.230680300000000000e+07
1.493317400000000000e+07
1.453569900000000000e+07
1.234241400000000000e+07
1.002910300000000000e+07
1.132989700000000000e+07
9.938663000000000000e+06
1.117888000000000000e+07
1.057294400000000000e+07
1.049781100000000000e+07
1.502013500000000000e+07
1.301686100000000000e+07
1.359643700000000000e+07
9.829802000000000000e+06
1.368227000000000000e+07
9.452388000000000000e+06
8.272510000000000000e+06
7.352171000000000000e+06
8.179166000000000000e+06
8.503875000000000000e+06
7.976355000000000000e+06
7.885059000000000000e+06
1.051839800000000000e+07
6.246190000000000000e+06
3.651064000000000000e+06
6.024536000000000000e+06
6.402645000000000000e+06
4.514959000000000000e+06
4.567011000000000000e+06
7.596297000000000000e+06
7.362493000000000000e+06
5.406291000000000000e+06
5.239848000000000000e+06
7.933957000000000000e+06
1.081647700000000000e+07
5.925218000000000000e+06
5.986658000000000000e+06
8.962399000000000000e+06
7.615712000000000000e+06
5.303986000000000000e+06
