6.301202000000000000e+06
5.771333000000000000e+06
7.234475000000000000e+06
5.121005000000000000e+06
5.143510000000000000e+06
9.773761000000000000e+06
8.178990000000000000e+06
4.394855000000000000e+06
6.336336000000000000e+06
5.225730000000000000e+06
4.129606000000000000e+06
6.082788000000000000e+06
8.161197000000000000e+06
5.482935000000000000e+06
4.981191000000000000e+06
6.719302000000000000e+06
4.626860000000000000e+06
1.018054500000000000e+07
6.094526000000000000e+06
5.123560000000000000e+06
7.832764000000000000e+06
6.144788000000000000e+06
4.427648000000000000e+06
7.871061000000000000e+06
5.112347000000000000e+06
7.768977000000000000e+06
6.783970000000000000e+06
3.816828000000000000e+06
3.803279000000000000e+06
9.203627000000000000e+06
4.769686000000000000e+06
6.537216000000000000e+06
5.416341000000000000e+06
5.639105000000000000e+06
4.026188000000000000e+06
6.321871000000000000e+06
4.382334000000000000e+06
5.098532000000000000e+06
3.534566000000000000e+06
4.602317000000000000e+06
4.532311000000000000e+06
8.712014000000000000e+06
3.278548000000000000e+06
5.797385000000000000e+06
3.271863000000000000e+06
2.517241000000000000e+06
2.907246000000000000e+06
3.026886000000000000e+06
3.561371000000000000e+06
2.039320000000000000e+06
3.298516000000000000e+06
1.857961000000000000e+06
1.830929000000000000e+06
6.703741000000000000e+06
4.458300000000000000e+06
4.731594000000000000e+07
4.569862800000000000e+07
4.272444300000000000e+07
4.126634300000000000e+07
3.987108700000000000e+07
3.699381200000000000e+07
3.553809800000000000e+07
3.706285700000000000e+07
3.874901900000000000e+07
4.073758500000000000e+07
1.208424100000000000e+07
7.465190000000000000e+06
6.062896000000000000e+06
1.064151900000000000e+07
5.234893000000000000e+06
1.062223000000000000e+07
7.273252000000000000e+06
6.417943000000000000e+06
8.379656000000000000e+06
4.075416000000000000e+06
3.570544000000000000e+06
8.654198000000000000e+06
1.064272900000000000e+07
1.000067100000000000e+07
7.319403000000000000e+06
1.205448300000000000e+07
8.292412000000000000e+06
5.805762000000000000e+06
1.046046600000000000e+07
1.212613900000000000e+07
6.828379000000000000e+06
7.387648000000000000e+06
6.398039000000000000e+06
6.636727000000000000e+06
9.658573000000000000e+06
6.095598000000000000e+06
6.784291000000000000e+06
7.173653000000000000e+06
6.781873000000000000e+06
6.102750000000000000e+06
6.711156000000000000e+06
8.268379000000000000e+06
1.246763000000000000e+07
1.157299800000000000e+07
6.285113000000000000e+06
1.313730000000000000e+07
8.911792000000000000e+06
1.532973000000000000e+07
1.138803600000000000e+07
9.134392000000000000e+06
7.594667000000000000e+06
5.133394000000000000e+06
7.599505000000000000e+06
7.964107000000000000e+06
6.102169000000000000e+06
8.007904000000000000e+06
8.380633000000000000e+06
8.671808000000000000e+06
9.947658000000000000e+06
7.070035000000000000e+06
8.973045000000000000e+06
6.731077000000000000e+06
9.176268000000000000e+06
5.204570000000000000e+06
1.011142000000000000e+07
6.218646000000000000e+06
5.977541000000000000e+06
2.651732000000000000e+06
5.594310000000000000e+06
5.140639000000000000e+06
7.817019000000000000e+06
3.654050000000000000e+06
6.224508000000000000e+06
6.731237000000000000e+06
4.200075000000000000e+06
5.104842000000000000e+06
5.514844000000000000e+06
3.816243000000000000e+06
6.750704000000000000e+06
5.115771000000000000e+06
6.527401000000000000e+06
5.351278000000000000e+06
1.395321000000000000e+07
8.460835000000000000e+06
6.791867000000000000e+06
4.813083000000000000e+06
7.779802000000000000e+06
8.980111000000000000e+06
8.263163000000000000e+06
7.916725000000000000e+06
8.183466000000000000e+06
1.102734600000000000e+07
4.884376000000000000e+06
6.518906000000000000e+06
