1.175959400000000000e+07
1.168383500000000000e+07
1.131024200000000000e+07
1.108915200000000000e+07
1.122474400000000000e+07
1.113923000000000000e+07
1.091977700000000000e+07
1.102324900000000000e+07
1.105431100000000000e+07
1.247180300000000000e+07
1.212430500000000000e+07
1.174648700000000000e+07
1.112525800000000000e+07
1.128770200000000000e+07
1.116549000000000000e+07
1.080914400000000000e+07
1.143417200000000000e+07
1.071424600000000000e+07
1.108803200000000000e+07
1.059195700000000000e+07
1.127756300000000000e+07
1.213790500000000000e+07
1.244744000000000000e+07
1.128683900000000000e+07
1.134541900000000000e+07
1.124760200000000000e+07
1.075148400000000000e+07
1.077912800000000000e+07
1.098333300000000000e+07
1.040548800000000000e+07
1.052492500000000000e+07
1.076472300000000000e+07
1.100599340000000000e+08
7.353613000000000000e+06
5.863714000000000000e+06
5.426701000000000000e+06
8.335583000000000000e+06
6.645890000000000000e+06
9.255362000000000000e+06
6.242107000000000000e+06
8.630016000000000000e+06
5.713963000000000000e+06
5.066147000000000000e+06
8.590887000000000000e+06
9.362623000000000000e+06
5.784810000000000000e+06
3.864237000000000000e+06
4.215167000000000000e+06
3.910466000000000000e+06
5.206517000000000000e+06
2.679117000000000000e+06
3.306284000000000000e+06
3.130793000000000000e+06
3.765227000000000000e+06
5.880037000000000000e+06
6.330741000000000000e+06
8.779660000000000000e+06
8.156308000000000000e+06
5.799566000000000000e+06
8.166015000000000000e+06
6.423852000000000000e+06
1.060491200000000000e+07
5.507801000000000000e+06
1.112395900000000000e+07
7.737654000000000000e+06
9.330092000000000000e+06
4.249965000000000000e+06
1.065896700000000000e+07
1.164509000000000000e+07
4.545336000000000000e+06
4.264491000000000000e+06
8.415470000000000000e+06
7.726960000000000000e+06
7.842006000000000000e+06
8.123083000000000000e+06
6.185951000000000000e+06
8.533758000000000000e+06
8.996353000000000000e+06
5.761294000000000000e+06
5.822174000000000000e+06
9.647645000000000000e+06
4.334722000000000000e+06
4.649417000000000000e+06
6.011389000000000000e+06
7.131229000000000000e+06
9.028496000000000000e+06
4.720194000000000000e+06
4.002833000000000000e+06
3.818905000000000000e+06
4.816008000000000000e+06
3.232280000000000000e+06
6.944240000000000000e+06
1.061426300000000000e+07
5.606395000000000000e+06
3.920722000000000000e+06
5.815099000000000000e+06
5.720881000000000000e+06
4.178561000000000000e+06
7.611372000000000000e+06
9.158819000000000000e+06
4.880774000000000000e+06
4.903325000000000000e+06
4.867099000000000000e+06
4.035534000000000000e+06
8.080942000000000000e+06
2.906775000000000000e+06
4.768736000000000000e+06
5.042293000000000000e+06
7.684298000000000000e+06
8.187240000000000000e+06
5.979570000000000000e+06
7.632353000000000000e+06
9.247352000000000000e+06
7.104274000000000000e+06
9.177319000000000000e+06
6.291957000000000000e+06
1.021507700000000000e+07
4.675234000000000000e+06
5.304008000000000000e+06
1.045297300000000000e+07
4.956281000000000000e+06
4.770141000000000000e+06
6.827863000000000000e+06
7.801639000000000000e+06
8.513927000000000000e+06
4.959539000000000000e+06
3.502163000000000000e+06
2.624613000000000000e+06
8.862465000000000000e+06
9.778642000000000000e+06
9.370286000000000000e+06
4.928977000000000000e+06
5.235666000000000000e+06
6.141257000000000000e+06
5.621686000000000000e+06
4.638473000000000000e+06
4.639152000000000000e+06
2.512099000000000000e+06
2.695472000000000000e+06
4.770267000000000000e+06
9.139608000000000000e+06
2.906177000000000000e+06
7.013600000000000000e+06
9.241175000000000000e+06
6.216279000000000000e+06
5.961855000000000000e+06
5.675703000000000000e+06
3.688766000000000000e+06
3.371325000000000000e+06
