5.580450000000000000e+06
6.259074000000000000e+06
1.131773400000000000e+07
8.107015000000000000e+06
7.939974000000000000e+06
5.195971000000000000e+06
5.574107000000000000e+06
6.845043000000000000e+06
4.124855000000000000e+06
5.972294000000000000e+06
4.690890000000000000e+06
5.745712000000000000e+06
3.681162000000000000e+06
3.291676000000000000e+06
8.000247000000000000e+06
5.057756000000000000e+06
4.264898000000000000e+06
5.694211000000000000e+06
4.488947000000000000e+06
4.912930000000000000e+06
6.987780000000000000e+06
6.149486000000000000e+06
6.736435000000000000e+06
7.640200000000000000e+06
6.347326000000000000e+06
7.112173000000000000e+06
1.237516100000000000e+07
1.075816500000000000e+07
1.381143200000000000e+07
7.263319000000000000e+06
1.355206500000000000e+07
1.248943300000000000e+07
1.751932600000000000e+07
1.420798700000000000e+07
1.331702500000000000e+07
1.309220000000000000e+07
1.607496800000000000e+07
1.585687700000000000e+07
1.490903600000000000e+07
1.580226100000000000e+07
1.322179400000000000e+07
1.493481700000000000e+07
1.403595600000000000e+07
1.515297000000000000e+07
1.214186200000000000e+07
1.318418100000000000e+07
7.742433000000000000e+06
1.027338100000000000e+07
7.172877000000000000e+06
7.045601000000000000e+06
1.132178100000000000e+07
8.989205000000000000e+06
7.305018000000000000e+06
3.621840000000000000e+06
6.874806000000000000e+06
7.373325000000000000e+06
5.514164000000000000e+06
7.361489000000000000e+06
4.910592000000000000e+06
6.904517000000000000e+06
5.658813000000000000e+06
3.649420000000000000e+06
9.901175000000000000e+06
5.368378000000000000e+06
6.381339000000000000e+06
7.167783000000000000e+06
5.257400000000000000e+06
1.018529600000000000e+07
7.816975000000000000e+06
1.056537200000000000e+07
4.386854000000000000e+06
8.406888000000000000e+06
9.077672000000000000e+06
8.283795000000000000e+06
1.201303400000000000e+07
8.495254000000000000e+06
1.248870700000000000e+07
1.034061900000000000e+07
4.864791000000000000e+06
5.001963000000000000e+06
6.386733000000000000e+06
7.839391000000000000e+06
8.772100000000000000e+06
8.320310000000000000e+06
6.141529000000000000e+06
8.298164000000000000e+06
1.277046100000000000e+07
5.794431000000000000e+06
9.293590000000000000e+06
1.002690500000000000e+07
7.044662000000000000e+06
7.423287000000000000e+06
7.768679000000000000e+06
5.926884000000000000e+06
4.931614000000000000e+06
6.173459000000000000e+06
4.258572000000000000e+06
6.196981000000000000e+06
1.202443800000000000e+07
8.472477000000000000e+06
6.386457000000000000e+06
3.990136000000000000e+06
4.947010000000000000e+06
4.678119000000000000e+06
3.506759000000000000e+06
5.089081000000000000e+06
3.326018000000000000e+06
3.984320000000000000e+06
2.365411000000000000e+06
2.286480000000000000e+06
7.675807000000000000e+06
5.163506000000000000e+06
3.869686000000000000e+06
6.880312000000000000e+06
5.841506000000000000e+06
6.711238000000000000e+06
7.144045000000000000e+06
6.238194000000000000e+06
3.576364000000000000e+06
7.684534000000000000e+06
7.809420000000000000e+06
8.637797000000000000e+06
1.268101200000000000e+07
6.947146000000000000e+06
6.669373000000000000e+06
1.174925000000000000e+07
7.439414000000000000e+06
8.610791000000000000e+06
7.027148000000000000e+06
4.681063000000000000e+06
1.306863600000000000e+07
5.994342000000000000e+06
7.806304000000000000e+06
3.024052000000000000e+06
1.139559300000000000e+07
4.541085000000000000e+06
5.882414000000000000e+06
3.272556000000000000e+06
3.895838000000000000e+06
2.021768000000000000e+06
6.687826000000000000e+06
6.545901000000000000e+06
7.939265000000000000e+06
8.473852000000000000e+06
4.818891000000000000e+06
1.110293200000000000e+07
1.178436300000000000e+07
6.405866000000000000e+06
6.566857000000000000e+06
