1.763433400000000000e+07
1.754341100000000000e+07
1.769091600000000000e+07
1.785273800000000000e+07
1.835544900000000000e+07
1.971433900000000000e+07
1.771934400000000000e+07
1.845027900000000000e+07
1.839960500000000000e+07
1.794252800000000000e+07
1.744663000000000000e+07
1.777592300000000000e+07
1.842789100000000000e+07
1.792381700000000000e+07
1.834729700000000000e+07
1.886210500000000000e+07
1.873926900000000000e+07
1.963627500000000000e+07
1.837123700000000000e+07
1.912936800000000000e+07
1.891663700000000000e+07
1.853348900000000000e+07
1.838558800000000000e+07
1.814851500000000000e+07
1.742032000000000000e+07
1.761852000000000000e+07
1.767525100000000000e+07
1.731496400000000000e+07
1.717947400000000000e+07
1.889558200000000000e+07
1.722870700000000000e+07
1.717743400000000000e+07
1.699918400000000000e+07
1.684999300000000000e+07
1.668475100000000000e+07
1.675695100000000000e+07
1.615447600000000000e+07
1.632396000000000000e+07
1.599350600000000000e+07
1.569017300000000000e+07
1.538373700000000000e+07
1.750405300000000000e+07
1.562108600000000000e+07
1.475831700000000000e+07
1.433377500000000000e+07
1.409987600000000000e+07
1.345131400000000000e+07
1.328049800000000000e+07
1.260282000000000000e+07
1.185298200000000000e+07
1.112807800000000000e+07
1.073365000000000000e+07
1.005489500000000000e+07
1.234987300000000000e+07
9.274754000000000000e+06
8.537655000000000000e+06
7.781215000000000000e+06
6.772294000000000000e+06
6.050708000000000000e+06
6.344665000000000000e+06
4.924899000000000000e+06
3.963138000000000000e+06
4.137933000000000000e+06
4.347292000000000000e+06
3.662756000000000000e+06
8.188139000000000000e+06
4.896231000000000000e+06
4.342130000000000000e+06
4.539977000000000000e+06
3.999246000000000000e+06
4.090606000000000000e+06
4.454226000000000000e+06
3.852977000000000000e+06
2.289062000000000000e+06
2.333614000000000000e+06
3.058455000000000000e+06
2.112845000000000000e+06
7.418234000000000000e+06
2.997548000000000000e+06
2.168119000000000000e+06
2.076729000000000000e+06
2.594573000000000000e+06
2.299523000000000000e+06
3.025085000000000000e+06
1.379960000000000000e+06
1.748509000000000000e+06
6.343450000000000000e+05
1.070217000000000000e+06
1.361241000000000000e+06
6.460299000000000000e+06
1.677745000000000000e+06
1.260526000000000000e+06
1.462378000000000000e+06
1.448476000000000000e+06
9.590400000000000000e+05
2.151952000000000000e+06
7.509010000000000000e+05
1.111443000000000000e+06
1.204088000000000000e+06
2.389932000000000000e+06
1.789140000000000000e+06
6.017801000000000000e+06
2.934202000000000000e+06
1.995179000000000000e+06
1.252014000000000000e+06
1.102096000000000000e+06
1.306554000000000000e+06
2.083886000000000000e+06
6.841490000000000000e+05
6.757920000000000000e+05
3.960610000000000000e+05
1.334340000000000000e+05
7.508390600000000000e+07
6.880979000000000000e+06
3.569281000000000000e+06
1.679806000000000000e+06
2.461294000000000000e+06
5.651890000000000000e+06
3.873344000000000000e+06
7.034278000000000000e+06
4.149355000000000000e+06
4.016007000000000000e+06
4.757829000000000000e+06
9.863060000000000000e+05
6.567675000000000000e+06
2.269200000000000000e+06
2.643256000000000000e+06
3.502326000000000000e+06
2.143164000000000000e+06
5.361966000000000000e+06
2.491558000000000000e+06
4.081229000000000000e+06
1.817595000000000000e+06
5.592365000000000000e+06
2.474918000000000000e+06
3.690674000000000000e+06
8.080136000000000000e+06
3.383051000000000000e+06
3.226494000000000000e+06
2.836001000000000000e+06
2.311255000000000000e+06
4.427429000000000000e+06
7.057222000000000000e+06
9.389891000000000000e+06
1.158988900000000000e+07
8.349798000000000000e+06
5.076136000000000000e+06
3.703804000000000000e+06
9.973636000000000000e+06
