1.164756500000000000e+07
6.586936000000000000e+06
6.593482000000000000e+06
8.922665000000000000e+06
4.568086000000000000e+06
8.528002000000000000e+06
6.403113000000000000e+06
6.561280000000000000e+06
8.151945000000000000e+06
6.118505000000000000e+06
1.050937100000000000e+07
6.496860000000000000e+06
9.282558000000000000e+06
1.039711200000000000e+07
7.223135000000000000e+06
1.003076800000000000e+07
1.153521800000000000e+07
1.012348300000000000e+07
8.204835000000000000e+06
6.507406000000000000e+06
4.287278000000000000e+06
6.727222000000000000e+06
9.291485000000000000e+06
8.606381000000000000e+06
5.380807000000000000e+06
7.036917000000000000e+06
8.272696000000000000e+06
9.271779000000000000e+06
8.936530000000000000e+06
1.026891000000000000e+07
9.273152000000000000e+06
2.055539000000000000e+06
7.024757000000000000e+06
8.369899000000000000e+06
1.161989200000000000e+07
9.624052000000000000e+06
5.001421000000000000e+06
5.308019000000000000e+06
3.335650000000000000e+06
7.765144000000000000e+06
5.580745000000000000e+06
5.137588000000000000e+06
6.321781000000000000e+06
5.366564000000000000e+06
6.994675000000000000e+06
5.553375000000000000e+06
1.192977300000000000e+07
6.427974000000000000e+06
5.049741000000000000e+06
8.329566000000000000e+06
3.192572000000000000e+06
3.881657000000000000e+06
3.392699000000000000e+06
2.433624000000000000e+06
6.906201000000000000e+06
8.028161000000000000e+06
3.533710000000000000e+06
5.286483000000000000e+06
8.462733000000000000e+06
5.987378000000000000e+06
7.425249000000000000e+06
4.060817000000000000e+06
9.613022000000000000e+06
1.010418400000000000e+07
7.730554000000000000e+06
6.472666000000000000e+06
6.702434000000000000e+06
1.176668700000000000e+07
7.894494000000000000e+06
3.302401000000000000e+06
1.050048900000000000e+07
9.718031000000000000e+06
7.169082000000000000e+06
5.875747000000000000e+06
4.341825000000000000e+06
5.312039000000000000e+06
2.784836000000000000e+06
5.825763000000000000e+06
3.187638000000000000e+06
5.941752000000000000e+06
6.493574000000000000e+06
5.690505000000000000e+06
9.390791000000000000e+06
6.243658000000000000e+06
2.146356000000000000e+06
6.460529000000000000e+06
3.900280000000000000e+06
3.061787000000000000e+06
4.487461000000000000e+06
3.318570000000000000e+06
4.277316000000000000e+06
2.667307000000000000e+06
3.497709000000000000e+06
1.076827500000000000e+07
9.524860000000000000e+06
8.764910000000000000e+06
4.345045000000000000e+06
4.599981000000000000e+06
8.923721000000000000e+06
3.607685000000000000e+06
3.820234000000000000e+06
3.628277000000000000e+06
1.833738000000000000e+06
5.165451000000000000e+06
7.371122000000000000e+06
7.393353000000000000e+06
9.781081000000000000e+06
1.048734600000000000e+07
1.012567400000000000e+07
1.501786800000000000e+07
1.208715700000000000e+07
9.527016000000000000e+06
5.382969000000000000e+06
9.595186000000000000e+06
9.990783900000000000e+07
7.881544000000000000e+06
7.152818000000000000e+06
6.949313000000000000e+06
6.619384000000000000e+06
7.013699000000000000e+06
6.622748000000000000e+06
6.612731000000000000e+06
6.446508000000000000e+06
6.266083000000000000e+06
6.363102000000000000e+06
6.365731000000000000e+06
9.268104000000000000e+06
7.254430000000000000e+06
6.630848000000000000e+06
6.435850000000000000e+06
6.564489000000000000e+06
6.871628000000000000e+06
6.685069000000000000e+06
6.432809000000000000e+06
6.406919000000000000e+06
5.148240000000000000e+05
3.486160000000000000e+05
3.266750000000000000e+05
6.546658000000000000e+06
8.980870000000000000e+05
4.653480000000000000e+05
3.717890000000000000e+05
3.302510000000000000e+05
1.631031000000000000e+06
6.215300000000000000e+04
4.064000000000000000e+03
0.000000000000000000e+00
0.000000000000000000e+00
0.000000000000000000e+00
