6.956685000000000000e+06
4.191106000000000000e+06
7.971383000000000000e+06
6.671973000000000000e+06
5.854763000000000000e+06
1.064699800000000000e+07
5.241655000000000000e+06
8.908277000000000000e+06
1.114054600000000000e+07
8.663275000000000000e+06
8.855373000000000000e+06
1.066740700000000000e+07
8.817853000000000000e+06
6.072733000000000000e+06
1.059427800000000000e+07
7.475826000000000000e+06
5.574171000000000000e+06
7.225991000000000000e+06
7.198668000000000000e+06
1.079708300000000000e+07
6.864399000000000000e+06
9.334016000000000000e+06
3.920247000000000000e+06
8.722335000000000000e+06
8.751568000000000000e+06
5.522810000000000000e+06
5.387332000000000000e+06
4.629913000000000000e+06
7.400753000000000000e+06
6.328216000000000000e+06
5.701909000000000000e+06
2.250028000000000000e+06
2.382703000000000000e+06
6.091575000000000000e+06
5.049326000000000000e+06
8.848021000000000000e+06
7.919238000000000000e+06
5.717536000000000000e+06
8.388303000000000000e+06
5.187587000000000000e+06
9.792705000000000000e+06
7.041757000000000000e+06
5.088109000000000000e+06
3.419733000000000000e+06
2.705756000000000000e+06
3.018087000000000000e+06
4.785828000000000000e+06
9.758788000000000000e+06
7.941787000000000000e+06
6.076675000000000000e+06
9.187650000000000000e+06
1.185301800000000000e+07
7.671908000000000000e+06
5.541927000000000000e+06
5.896593000000000000e+06
5.572981000000000000e+06
2.593093000000000000e+06
5.902196000000000000e+06
4.338748000000000000e+06
9.005564000000000000e+06
7.805727000000000000e+06
7.125340000000000000e+06
1.165399400000000000e+07
5.219503000000000000e+06
1.259868000000000000e+07
8.791861000000000000e+06
8.086560000000000000e+06
6.998965000000000000e+06
5.238579000000000000e+06
7.097980000000000000e+06
1.042141900000000000e+07
1.076363600000000000e+07
1.119861400000000000e+07
4.998349000000000000e+06
9.157901000000000000e+06
5.439156000000000000e+06
1.920959000000000000e+06
3.723031000000000000e+06
2.946674000000000000e+06
3.266122000000000000e+06
2.031864000000000000e+06
2.838681000000000000e+06
5.252668000000000000e+06
9.120466000000000000e+06
6.351904000000000000e+06
6.493682000000000000e+06
5.393572000000000000e+06
5.209009000000000000e+06
1.060026600000000000e+07
9.244838000000000000e+06
8.511203000000000000e+06
7.009460000000000000e+06
4.950746000000000000e+06
9.653386000000000000e+06
9.601442000000000000e+06
1.440625800000000000e+07
7.706196000000000000e+06
6.233206000000000000e+06
3.902183000000000000e+06
9.695753000000000000e+06
5.807489000000000000e+06
7.571851000000000000e+06
9.112955000000000000e+06
4.529807000000000000e+06
4.498354000000000000e+06
3.044865000000000000e+06
6.262508000000000000e+06
7.514345000000000000e+06
6.333827000000000000e+06
4.933911000000000000e+06
5.026986000000000000e+06
7.457707000000000000e+06
6.351445000000000000e+06
1.503250500000000000e+07
2.030808100000000000e+07
1.386513500000000000e+07
4.407854000000000000e+06
1.126117600000000000e+07
1.308118400000000000e+07
1.085139000000000000e+07
8.172226000000000000e+06
1.531783000000000000e+07
9.237596000000000000e+06
8.294948000000000000e+06
4.844868000000000000e+06
7.936915000000000000e+06
6.656559000000000000e+06
7.055525000000000000e+06
1.928109000000000000e+06
5.309326000000000000e+06
5.064260000000000000e+06
7.357777300000000000e+07
2.953453000000000000e+06
2.155716000000000000e+06
3.093971000000000000e+06
4.710139000000000000e+06
5.515449000000000000e+06
6.969205000000000000e+06
8.750873000000000000e+06
9.586211000000000000e+06
1.081116400000000000e+07
1.267143000000000000e+07
1.364308700000000000e+07
1.645041400000000000e+07
1.572342100000000000e+07
1.618288700000000000e+07
1.646354400000000000e+07
1.702152000000000000e+07
1.737364900000000000e+07
1.741877000000000000e+07
1.760373400000000000e+07
1.751128100000000000e+07
1.766966300000000000e+07
1.784892100000000000e+07
1.836783800000000000e+07
1.978725300000000000e+07
1.760498400000000000e+07
1.838848600000000000e+07
1.834881200000000000e+07
1.789121700000000000e+07
1.739570000000000000e+07
1.756114400000000000e+07
1.834128600000000000e+07
1.788006300000000000e+07
1.832224900000000000e+07
1.885746000000000000e+07
1.874340900000000000e+07
1.970586400000000000e+07
1.826681900000000000e+07
1.908987700000000000e+07
1.887932900000000000e+07
1.849898000000000000e+07
1.835407700000000000e+07
1.789152300000000000e+07
1.734629200000000000e+07
1.757628900000000000e+07
1.765185600000000000e+07
1.730470200000000000e+07
1.716611200000000000e+07
1.898616800000000000e+07
1.711326900000000000e+07
1.711896000000000000e+07
1.695442600000000000e+07
1.681970700000000000e+07
1.664943900000000000e+07
1.638486300000000000e+07
1.604738000000000000e+07
1.625149300000000000e+07
1.594237800000000000e+07
1.565026000000000000e+07
1.535733300000000000e+07
1.759816700000000000e+07
1.551276300000000000e+07
1.467025500000000000e+07
1.425962800000000000e+07
1.403681600000000000e+07
1.339978600000000000e+07
1.286373700000000000e+07
1.244858400000000000e+07
1.175263800000000000e+07
1.104960100000000000e+07
1.067095300000000000e+07
9.998971000000000000e+06
1.248221500000000000e+07
9.117914000000000000e+06
8.406911000000000000e+06
7.687091000000000000e+06
6.682889000000000000e+06
5.966974000000000000e+06
5.473840000000000000e+06
4.745009000000000000e+06
3.848742000000000000e+06
4.048745000000000000e+06
4.264199000000000000e+06
3.612560000000000000e+06
8.368988000000000000e+06
4.791708000000000000e+06
4.244155000000000000e+06
4.442580000000000000e+06
3.934294000000000000e+06
4.025065000000000000e+06
3.611713000000000000e+06
3.689909000000000000e+06
2.200978000000000000e+06
2.257382000000000000e+06
2.990633000000000000e+06
2.072535000000000000e+06
7.663063000000000000e+06
2.873182000000000000e+06
2.118267000000000000e+06
2.026654000000000000e+06
2.549303000000000000e+06
2.247974000000000000e+06
1.839994000000000000e+06
1.294335000000000000e+06
1.697907000000000000e+06
6.131590000000000000e+05
1.043645000000000000e+06
1.337570000000000000e+06
6.666680000000000000e+06
1.564219000000000000e+06
1.227807000000000000e+06
1.437571000000000000e+06
1.409974000000000000e+06
9.279170000000000000e+05
9.006690000000000000e+05
7.109920000000000000e+05
1.070389000000000000e+06
1.173476000000000000e+06
2.352677000000000000e+06
1.755059000000000000e+06
6.213031000000000000e+06
2.821372000000000000e+06
1.922898000000000000e+06
1.204885000000000000e+06
1.053898000000000000e+06
1.258513000000000000e+06
8.495100000000000000e+05
6.193410000000000000e+05
6.453460000000000000e+05
3.813950000000000000e+05
1.273450000000000000e+05
7.513352700000000000e+07
6.855091000000000000e+06
3.553024000000000000e+06
1.672613000000000000e+06
2.448072000000000000e+06
5.653901000000000000e+06
3.870287000000000000e+06
6.550003000000000000e+06
4.013268000000000000e+06
3.922309000000000000e+06
4.672045000000000000e+06
9.497670000000000000e+05
6.731659000000000000e+06
2.118861000000000000e+06
2.580090000000000000e+06
3.448085000000000000e+06
2.091888000000000000e+06
5.304386000000000000e+06
2.444160000000000000e+06
3.230828000000000000e+06
1.739554000000000000e+06
5.531754000000000000e+06
2.424716000000000000e+06
3.648687000000000000e+06
8.174340000000000000e+06
3.249785000000000000e+06
3.131044000000000000e+06
2.746855000000000000e+06
2.250926000000000000e+06
4.362201000000000000e+06
7.010566000000000000e+06
8.936876000000000000e+06
1.149026100000000000e+07
8.257305000000000000e+06
5.023752000000000000e+06
3.660074000000000000e+06
1.009586500000000000e+07
5.553605000000000000e+06
4.961322000000000000e+06
5.783213000000000000e+06
6.127285000000000000e+06
7.354031000000000000e+06
7.947311000000000000e+06
9.340663000000000000e+06
9.958904000000000000e+06
1.023599800000000000e+07
5.083997000000000000e+06
6.775467000000000000e+06
8.918224000000000000e+06
5.601427000000000000e+06
2.192996000000000000e+06
4.789274000000000000e+06
3.484040000000000000e+06
4.284730000000000000e+06
5.178634000000000000e+06
3.461371000000000000e+06
4.212933000000000000e+06
6.096501000000000000e+06
5.851974000000000000e+06
6.322936000000000000e+06
8.397197000000000000e+06
1.026889000000000000e+07
7.325641000000000000e+06
7.074908000000000000e+06
5.241578000000000000e+06
9.434161000000000000e+06
9.288887000000000000e+06
5.979779000000000000e+06
6.866918000000000000e+06
6.359715000000000000e+06
6.031105000000000000e+06
9.406616000000000000e+06
1.040918000000000000e+07
9.527046000000000000e+06
9.208451000000000000e+06
4.961059000000000000e+06
6.334467000000000000e+06
6.447102000000000000e+06
6.420821000000000000e+06
7.305626000000000000e+06
4.060005000000000000e+06
8.510192000000000000e+06
3.985756000000000000e+06
2.705325000000000000e+06
9.003336000000000000e+06
4.348798000000000000e+06
3.935136000000000000e+06
5.684200000000000000e+06
5.844039000000000000e+06
4.378388000000000000e+06
5.923821000000000000e+06
3.017568000000000000e+06
7.433968000000000000e+06
5.060442000000000000e+06
5.249620000000000000e+06
2.549959000000000000e+06
7.699930000000000000e+06
5.583936000000000000e+06
5.298005000000000000e+06
3.745928000000000000e+06
2.203270000000000000e+06
3.315562000000000000e+06
2.719091000000000000e+06
2.883523000000000000e+06
3.824962000000000000e+06
3.775343000000000000e+06
7.499075000000000000e+06
4.821875000000000000e+06
8.484086000000000000e+06
4.067566000000000000e+06
3.596910000000000000e+06
3.297619000000000000e+06
4.538758000000000000e+06
6.409904000000000000e+06
1.900348000000000000e+06
2.083342000000000000e+06
7.939096300000000000e+07
2.003968000000000000e+06
1.005491000000000000e+06
1.893300000000000000e+06
8.884480000000000000e+05
1.909936000000000000e+06
1.907538000000000000e+06
1.706247000000000000e+06
1.998438000000000000e+06
1.812076000000000000e+06
1.914593000000000000e+06
1.880600000000000000e+06
7.224154000000000000e+06
2.359978000000000000e+06
2.065732000000000000e+06
2.634422000000000000e+06
3.390952000000000000e+06
4.353176000000000000e+06
5.563195000000000000e+06
6.780067000000000000e+06
8.211374000000000000e+06
8.912881000000000000e+06
9.969008000000000000e+06
1.027067900000000000e+07
1.259306000000000000e+07
1.068914000000000000e+07
1.077158100000000000e+07
1.083686400000000000e+07
1.095621000000000000e+07
1.124241000000000000e+07
1.143439400000000000e+07
1.184977300000000000e+07
1.266126800000000000e+07
1.341835000000000000e+07
1.361796400000000000e+07
1.373777900000000000e+07
1.586563800000000000e+07
1.437374100000000000e+07
1.506991600000000000e+07
1.483969900000000000e+07
1.414646700000000000e+07
1.315979400000000000e+07
1.332200700000000000e+07
1.297442200000000000e+07
1.281182500000000000e+07
1.321662000000000000e+07
1.290058200000000000e+07
1.297973500000000000e+07
1.468510900000000000e+07
1.228663900000000000e+07
1.311717700000000000e+07
1.312267100000000000e+07
1.307611900000000000e+07
1.314554200000000000e+07
1.257813400000000000e+07
1.182010400000000000e+07
1.143682900000000000e+07
1.176683400000000000e+07
1.128191000000000000e+07
1.088374900000000000e+07
1.282965800000000000e+07
1.143927600000000000e+07
1.106158700000000000e+07
1.082165300000000000e+07
1.057122600000000000e+07
1.039567800000000000e+07
1.037885500000000000e+07
1.105219000000000000e+07
1.041148800000000000e+07
9.492665000000000000e+06
9.165924000000000000e+06
8.794776000000000000e+06
1.096592100000000000e+07
8.840067000000000000e+06
9.489605000000000000e+06
9.320749000000000000e+06
8.790645000000000000e+06
8.774832000000000000e+06
8.139340000000000000e+06
8.032814000000000000e+06
7.669048000000000000e+06
7.598313000000000000e+06
7.239141000000000000e+06
7.300358000000000000e+06
9.915519000000000000e+06
7.018531000000000000e+06
6.724793000000000000e+06
6.224777000000000000e+06
6.049274000000000000e+06
5.583368000000000000e+06
5.293090000000000000e+06
4.807536000000000000e+06
4.265168000000000000e+06
3.868098000000000000e+06
3.206992000000000000e+06
2.856325000000000000e+06
7.038577000000000000e+06
1.934087000000000000e+06
2.481084000000000000e+06
1.857371000000000000e+06
2.264230000000000000e+06
1.704523000000000000e+06
2.238305000000000000e+06
1.912300000000000000e+06
1.965182000000000000e+06
9.292230000000000000e+05
6.288530000000000000e+05
7.202230000000000000e+05
6.021940000000000000e+06
1.366100000000000000e+06
1.058769000000000000e+06
1.380640000000000000e+06
2.071857000000000000e+06
2.527602000000000000e+06
2.138010000000000000e+06
3.034136000000000000e+06
2.566770000000000000e+06
2.225623000000000000e+06
2.831485000000000000e+06
2.115716000000000000e+06
6.364350000000000000e+06
1.410162000000000000e+06
1.009848000000000000e+06
1.429921000000000000e+06
1.356232000000000000e+06
9.823100000000000000e+05
1.453799000000000000e+06
1.472517000000000000e+06
1.088176000000000000e+06
2.076093000000000000e+06
1.493254000000000000e+06
1.481609000000000000e+06
5.441804000000000000e+06
2.415678000000000000e+06
1.962773000000000000e+06
2.155714000000000000e+06
2.091795000000000000e+06
8.420818400000000000e+07
3.082411000000000000e+06
5.026694000000000000e+06
7.298270000000000000e+06
6.931984000000000000e+06
5.406067000000000000e+06
8.291731000000000000e+06
6.304877000000000000e+06
6.119609000000000000e+06
6.465756000000000000e+06
6.643547000000000000e+06
6.927004000000000000e+06
1.174906900000000000e+07
1.261637800000000000e+07
1.092778300000000000e+07
8.755727000000000000e+06
1.216758400000000000e+07
8.191751000000000000e+06
7.049672000000000000e+06
9.641368000000000000e+06
7.927662000000000000e+06
7.661009000000000000e+06
1.015819700000000000e+07
8.972862000000000000e+06
1.405943800000000000e+07
1.213160700000000000e+07
1.250474400000000000e+07
1.142593500000000000e+07
1.146452100000000000e+07
1.204574500000000000e+07
1.319825200000000000e+07
1.089891400000000000e+07
1.161004600000000000e+07
1.283123000000000000e+07
1.759493000000000000e+07
1.423199400000000000e+07
1.779114000000000000e+07
1.387277500000000000e+07
1.401001400000000000e+07
1.579577500000000000e+07
1.306517600000000000e+07
1.461645900000000000e+07
1.371109400000000000e+07
1.167251300000000000e+07
1.147692300000000000e+07
1.171483400000000000e+07
1.058010300000000000e+07
1.161778100000000000e+07
1.268830400000000000e+07
1.203955600000000000e+07
7.699259000000000000e+06
1.110514400000000000e+07
3.985908000000000000e+06
4.718503000000000000e+06
3.313608000000000000e+06
3.755287000000000000e+06
1.457030000000000000e+06
1.764549000000000000e+06
1.480981000000000000e+06
4.179602000000000000e+06
8.133239000000000000e+06
5.187163000000000000e+06
4.830800000000000000e+06
4.228022000000000000e+06
5.585942000000000000e+06
5.867462000000000000e+06
3.845471000000000000e+06
7.074944000000000000e+06
2.824880000000000000e+06
4.269528000000000000e+06
3.946322000000000000e+06
2.959528000000000000e+06
8.429008000000000000e+06
2.162961000000000000e+06
1.769295000000000000e+06
2.696284000000000000e+06
1.323808000000000000e+06
3.117792000000000000e+06
4.373844000000000000e+06
6.406573000000000000e+06
6.713986000000000000e+06
4.133751000000000000e+06
3.295504000000000000e+06
5.237924000000000000e+06
8.057054000000000000e+06
4.998216000000000000e+06
5.373259000000000000e+06
6.294272000000000000e+06
6.013909000000000000e+06
6.043349000000000000e+06
2.682802000000000000e+06
2.519043000000000000e+06
7.346755000000000000e+06
5.590903000000000000e+06
1.043248000000000000e+07
1.210154300000000000e+07
1.276114900000000000e+07
1.120764600000000000e+07
1.451155800000000000e+07
1.100494500000000000e+07
1.459342200000000000e+07
1.851788900000000000e+07
1.618122300000000000e+07
1.068648600000000000e+07
1.544264400000000000e+07
1.546677500000000000e+07
1.407464700000000000e+07
1.353376000000000000e+07
1.799302300000000000e+07
1.090379200000000000e+07
9.843527000000000000e+06
9.517060000000000000e+06
1.121247200000000000e+07
1.026703400000000000e+07
1.090738400000000000e+07
8.334955000000000000e+06
9.808565000000000000e+06
9.797058000000000000e+06
1.034807300000000000e+07
1.119140900000000000e+07
1.468178000000000000e+07
1.151251200000000000e+07
1.025583900000000000e+07
7.463869000000000000e+06
7.445251000000000000e+06
7.797648000000000000e+06
8.006874000000000000e+06
7.684592000000000000e+06
7.965822000000000000e+06
9.669851000000000000e+06
8.938102000000000000e+06
8.080409000000000000e+06
1.080175600000000000e+07
7.269461000000000000e+06
8.189351000000000000e+06
7.050889000000000000e+06
8.039465000000000000e+06
7.948688000000000000e+06
7.002751000000000000e+06
8.295261000000000000e+06
8.495644000000000000e+06
9.137452000000000000e+06
1.142457100000000000e+07
8.752215000000000000e+06
1.152072000000000000e+07
9.643139000000000000e+06
8.249171000000000000e+06
7.213495000000000000e+06
7.540943000000000000e+06
8.243406000000000000e+06
6.985412000000000000e+06
5.304141000000000000e+06
7.927846000000000000e+06
5.676054000000000000e+06
5.560089000000000000e+06
3.902875000000000000e+06
8.053761000000000000e+06
4.894365000000000000e+06
6.397490000000000000e+06
3.992894000000000000e+06
5.487604000000000000e+06
6.121817000000000000e+06
7.174602000000000000e+06
7.977129000000000000e+06
4.773716000000000000e+06
7.204339000000000000e+06
6.540707000000000000e+06
4.630163000000000000e+06
9.178016000000000000e+06
6.001856000000000000e+06
4.520862000000000000e+06
5.287623000000000000e+06
4.814262000000000000e+06
4.372882000000000000e+06
6.014095000000000000e+06
5.569844000000000000e+06
5.485192000000000000e+06
6.135858000000000000e+06
5.281842000000000000e+06
6.370649000000000000e+06
9.283247000000000000e+06
7.117451000000000000e+06
7.011009000000000000e+06
6.658406000000000000e+06
6.465783000000000000e+06
6.880010000000000000e+06
8.314804000000000000e+06
9.612925000000000000e+06
8.340606000000000000e+06
1.095464900000000000e+07
9.768548000000000000e+06
9.062804000000000000e+06
1.420148500000000000e+07
1.286099900000000000e+07
1.231939600000000000e+07
1.496662400000000000e+07
1.457094300000000000e+07
1.236049300000000000e+07
1.004916500000000000e+07
1.135381000000000000e+07
9.947763000000000000e+06
1.119052700000000000e+07
1.058724200000000000e+07
1.050919900000000000e+07
1.501638100000000000e+07
1.304182400000000000e+07
1.363931000000000000e+07
9.843957000000000000e+06
1.372843000000000000e+07
9.475668000000000000e+06
8.285622000000000000e+06
7.366449000000000000e+06
8.198465000000000000e+06
8.529009000000000000e+06
7.997700000000000000e+06
7.907931000000000000e+06
1.047902100000000000e+07
6.255577000000000000e+06
3.658212000000000000e+06
6.054139000000000000e+06
6.433272000000000000e+06
4.536965000000000000e+06
4.591294000000000000e+06
7.633567000000000000e+06
7.401422000000000000e+06
5.433016000000000000e+06
5.262338000000000000e+06
7.974026000000000000e+06
1.078759700000000000e+07
5.947760000000000000e+06
6.002781000000000000e+06
9.000007000000000000e+06
7.654328000000000000e+06
5.332063000000000000e+06
6.339503000000000000e+06
5.770635000000000000e+06
5.646994000000000000e+06
7.172906000000000000e+06
5.067702000000000000e+06
5.105132000000000000e+06
9.948462000000000000e+06
7.988025000000000000e+06
4.331579000000000000e+06
6.273658000000000000e+06
5.143874000000000000e+06
4.084776000000000000e+06
5.163999000000000000e+06
8.044858000000000000e+06
5.434958000000000000e+06
4.943744000000000000e+06
6.679885000000000000e+06
4.603421000000000000e+06
1.030028000000000000e+07
5.948725000000000000e+06
5.056777000000000000e+06
7.767770000000000000e+06
6.079324000000000000e+06
4.389711000000000000e+06
7.254269000000000000e+06
5.021685000000000000e+06
7.697612000000000000e+06
6.726795000000000000e+06
3.792169000000000000e+06
3.792468000000000000e+06
9.356519000000000000e+06
4.614386000000000000e+06
6.444813000000000000e+06
5.327797000000000000e+06
5.569444000000000000e+06
3.985706000000000000e+06
5.584821000000000000e+06
4.287747000000000000e+06
5.020027000000000000e+06
3.485207000000000000e+06
4.559851000000000000e+06
4.487104000000000000e+06
8.860723000000000000e+06
3.115854000000000000e+06
5.692078000000000000e+06
3.204633000000000000e+06
2.456639000000000000e+06
2.836461000000000000e+06
1.703276000000000000e+06
3.468537000000000000e+06
2.014076000000000000e+06
3.254414000000000000e+06
1.836280000000000000e+06
1.812405000000000000e+06
6.820684000000000000e+06
4.370047000000000000e+06
4.741823200000000000e+07
4.580202500000000000e+07
4.279813100000000000e+07
4.134008300000000000e+07
3.991407200000000000e+07
3.703955000000000000e+07
3.557294000000000000e+07
3.710474100000000000e+07
3.878378300000000000e+07
4.077441800000000000e+07
1.215498500000000000e+07
7.214417000000000000e+06
5.941174000000000000e+06
1.054250100000000000e+07
5.141512000000000000e+06
1.055569500000000000e+07
6.601721000000000000e+06
6.300111000000000000e+06
8.300753000000000000e+06
4.006816000000000000e+06
3.525545000000000000e+06
8.623912000000000000e+06
1.073494500000000000e+07
9.858329000000000000e+06
7.203183000000000000e+06
1.199392100000000000e+07
8.225797000000000000e+06
5.729014000000000000e+06
9.969873000000000000e+06
1.199817600000000000e+07
6.731298000000000000e+06
7.319720000000000000e+06
6.351918000000000000e+06
6.566979000000000000e+06
9.768994000000000000e+06
5.893113000000000000e+06
6.679000000000000000e+06
7.075274000000000000e+06
6.684649000000000000e+06
6.045838000000000000e+06
6.020975000000000000e+06
8.183012000000000000e+06
1.242677100000000000e+07
1.153282500000000000e+07
6.239799000000000000e+06
1.314073200000000000e+07
9.064338000000000000e+06
1.522996300000000000e+07
1.130753700000000000e+07
9.055426000000000000e+06
7.529152000000000000e+06
5.075966000000000000e+06
6.961930000000000000e+06
7.865489000000000000e+06
6.034738000000000000e+06
7.959688000000000000e+06
8.338951000000000000e+06
8.632468000000000000e+06
1.005138500000000000e+07
6.922098000000000000e+06
8.834584000000000000e+06
6.651835000000000000e+06
9.110480000000000000e+06
5.136296000000000000e+06
9.661471000000000000e+06
6.114602000000000000e+06
5.922476000000000000e+06
2.624935000000000000e+06
5.551008000000000000e+06
5.124398000000000000e+06
8.012535000000000000e+06
3.524592000000000000e+06
6.119506000000000000e+06
6.673674000000000000e+06
4.153469000000000000e+06
5.069927000000000000e+06
4.723729000000000000e+06
3.745090000000000000e+06
6.687749000000000000e+06
5.069547000000000000e+06
6.489601000000000000e+06
5.295166000000000000e+06
1.401561400000000000e+07
8.281169000000000000e+06
6.700988000000000000e+06
4.765112000000000000e+06
7.719400000000000000e+06
8.924254000000000000e+06
7.717353000000000000e+06
7.824005000000000000e+06
8.114811000000000000e+06
1.098962400000000000e+07
4.846412000000000000e+06
6.495652000000000000e+06
9.220915000000000000e+06
8.117363000000000000e+06
8.792867000000000000e+06
6.429305000000000000e+06
6.847066000000000000e+06
4.005220000000000000e+06
7.719859000000000000e+06
9.996350000000000000e+06
6.026970000000000000e+06
4.810244000000000000e+06
4.713359000000000000e+06
3.910102000000000000e+06
1.188049500000000000e+07
1.171512400000000000e+07
6.324627000000000000e+06
9.710871000000000000e+06
6.219145000000000000e+06
1.052363500000000000e+07
4.443677000000000000e+06
8.039176000000000000e+06
6.125091000000000000e+06
5.429649000000000000e+06
5.536072000000000000e+06
4.198866000000000000e+06
1.136724900000000000e+07
6.300631000000000000e+06
5.665617000000000000e+06
6.792053000000000000e+06
3.591051000000000000e+06
4.281521000000000000e+06
8.864434000000000000e+06
6.331782000000000000e+06
5.283227000000000000e+06
2.688848000000000000e+06
7.831962000000000000e+06
6.100370000000000000e+06
8.856094000000000000e+06
6.126233000000000000e+06
9.218917000000000000e+06
5.402606000000000000e+06
4.167917000000000000e+06
6.042517700000000000e+07
7.723442000000000000e+06
1.393094600000000000e+07
1.352404500000000000e+07
1.551686000000000000e+07
2.068553500000000000e+07
1.443792000000000000e+07
1.106889600000000000e+07
1.145903500000000000e+07
5.818066000000000000e+06
5.241699000000000000e+06
6.336810000000000000e+06
1.522396800000000000e+07
1.549971500000000000e+07
1.522702200000000000e+07
1.368351500000000000e+07
1.537336900000000000e+07
1.348523200000000000e+07
1.085857200000000000e+07
5.460057000000000000e+06
1.153867300000000000e+07
9.030947000000000000e+06
9.273846000000000000e+06
1.044357500000000000e+07
1.075838300000000000e+07
8.546433000000000000e+06
1.755959900000000000e+07
1.020125700000000000e+07
1.568082500000000000e+07
1.767361200000000000e+07
1.561046000000000000e+07
1.568666600000000000e+07
8.259977000000000000e+06
7.166323000000000000e+06
8.929693000000000000e+06
1.313978400000000000e+07
1.491996100000000000e+07
2.072892400000000000e+07
1.479919300000000000e+07
1.481235500000000000e+07
1.095318700000000000e+07
7.535589000000000000e+06
8.053700000000000000e+06
9.818483000000000000e+06
9.511908000000000000e+06
1.112214700000000000e+07
1.170962500000000000e+07
7.619010000000000000e+06
1.028434500000000000e+07
1.000973000000000000e+07
1.106813100000000000e+07
2.138149300000000000e+07
1.687373000000000000e+07
1.244023400000000000e+07
1.140424400000000000e+07
1.895253200000000000e+07
2.310456200000000000e+07
2.990226900000000000e+07
2.556710000000000000e+07
3.024350000000000000e+07
1.230758000000000000e+07
2.112779000000000000e+07
9.290120000000000000e+06
8.399459000000000000e+06
8.617914000000000000e+06
9.987156000000000000e+06
1.669974500000000000e+07
1.093427200000000000e+07
1.240038300000000000e+07
1.213752100000000000e+07
1.020203600000000000e+07
5.478039300000000000e+07
1.033882300000000000e+07
8.758105000000000000e+06
6.465884000000000000e+06
9.758296000000000000e+06
1.174173900000000000e+07
1.139376400000000000e+07
9.694135000000000000e+06
4.295461000000000000e+06
6.596601000000000000e+06
6.167357000000000000e+06
4.194033000000000000e+06
1.003255900000000000e+07
4.094773000000000000e+06
5.229050000000000000e+06
7.942678000000000000e+06
6.926379000000000000e+06
9.342503000000000000e+06
4.139630000000000000e+06
5.262319000000000000e+06
4.915306000000000000e+06
5.880697000000000000e+06
8.255341000000000000e+06
5.847253000000000000e+06
1.160697800000000000e+07
3.588408000000000000e+06
3.902052000000000000e+06
4.674245000000000000e+06
8.251806000000000000e+06
9.538936000000000000e+06
5.381827000000000000e+06
1.057570300000000000e+07
1.083204700000000000e+07
1.136217800000000000e+07
6.206546000000000000e+06
8.651926000000000000e+06
1.057235800000000000e+07
9.390362000000000000e+06
7.513315000000000000e+06
6.967627000000000000e+06
5.523025000000000000e+06
9.573156000000000000e+06
6.705256000000000000e+06
9.033486000000000000e+06
5.880470000000000000e+06
9.068007000000000000e+06
6.584448000000000000e+06
6.872629000000000000e+06
8.738796000000000000e+06
8.671923000000000000e+06
6.657957000000000000e+06
4.836561000000000000e+06
5.579139000000000000e+06
2.866469000000000000e+06
6.288917000000000000e+06
5.602032000000000000e+06
8.630360000000000000e+06
8.550512000000000000e+06
7.924118000000000000e+06
6.794467000000000000e+06
1.317731500000000000e+07
1.326677100000000000e+07
1.224231000000000000e+07
1.091923700000000000e+07
8.193969000000000000e+06
7.825014000000000000e+06
9.083160000000000000e+06
6.035776000000000000e+06
7.084499000000000000e+06
9.015703000000000000e+06
7.428013000000000000e+06
9.336907000000000000e+06
1.125339200000000000e+07
3.109819000000000000e+06
5.050525000000000000e+06
9.914204000000000000e+06
6.039833000000000000e+06
3.680305000000000000e+06
2.897050000000000000e+06
2.337316000000000000e+06
4.209696000000000000e+06
5.106055000000000000e+06
4.064452000000000000e+06
3.693388000000000000e+06
7.861216000000000000e+06
4.039227000000000000e+06
2.755898000000000000e+06
9.017943000000000000e+06
7.520318000000000000e+06
3.893943000000000000e+06
3.163589000000000000e+06
7.568220000000000000e+06
1.200412900000000000e+07
8.853291000000000000e+06
1.029540500000000000e+07
5.282264000000000000e+06
9.447770000000000000e+06
7.563386000000000000e+06
9.555363000000000000e+06
3.814998000000000000e+06
5.197231000000000000e+06
8.593776000000000000e+06
7.185646000000000000e+06
4.915587000000000000e+06
6.166616000000000000e+06
8.014960000000000000e+06
3.108348000000000000e+06
8.422138000000000000e+06
1.086297900000000000e+07
1.436480300000000000e+07
6.341824000000000000e+06
6.341489000000000000e+06
8.813988000000000000e+06
9.086961000000000000e+06
1.334913800000000000e+07
9.874282000000000000e+06
7.882254000000000000e+06
6.612055000000000000e+06
5.309007000000000000e+06
4.335549000000000000e+06
1.007796400000000000e+07
1.240917300000000000e+07
1.188517500000000000e+07
4.641761000000000000e+06
7.434260000000000000e+06
8.199449000000000000e+06
1.145612310000000000e+08
1.424940800000000000e+07
1.338896800000000000e+07
1.293184500000000000e+07
1.348749300000000000e+07
1.313013800000000000e+07
1.295679100000000000e+07
1.261327000000000000e+07
1.348394200000000000e+07
1.204444700000000000e+07
1.332110900000000000e+07
1.262118700000000000e+07
1.445747900000000000e+07
1.382121800000000000e+07
1.418509300000000000e+07
1.223362100000000000e+07
1.363843500000000000e+07
1.267078000000000000e+07
1.302656900000000000e+07
1.204069400000000000e+07
1.340853400000000000e+07
1.161741900000000000e+07
1.305180900000000000e+07
1.183297400000000000e+07
1.420425100000000000e+07
1.332784200000000000e+07
1.365841000000000000e+07
1.178171300000000000e+07
1.305247000000000000e+07
1.210004600000000000e+07
1.256228200000000000e+07
1.150287800000000000e+07
1.270460500000000000e+07
1.138595700000000000e+07
1.250666200000000000e+07
1.140551500000000000e+07
1.386342300000000000e+07
1.298565000000000000e+07
1.356681600000000000e+07
1.159057600000000000e+07
1.315051400000000000e+07
1.183126600000000000e+07
1.256964100000000000e+07
1.147787100000000000e+07
1.279092600000000000e+07
1.121951600000000000e+07
1.257674200000000000e+07
1.130970100000000000e+07
1.364972700000000000e+07
1.316144900000000000e+07
1.306234100000000000e+07
1.134745600000000000e+07
1.280126800000000000e+07
1.137098800000000000e+07
1.216610400000000000e+07
1.112004900000000000e+07
1.216947100000000000e+07
1.085510500000000000e+07
1.210546200000000000e+07
1.082393200000000000e+07
1.336156800000000000e+07
1.264049400000000000e+07
1.183499300000000000e+07
1.152793900000000000e+07
1.167621100000000000e+07
1.130982800000000000e+07
1.109657300000000000e+07
1.126706700000000000e+07
1.118027600000000000e+07
1.097147600000000000e+07
1.107261300000000000e+07
1.112054700000000000e+07
1.282602000000000000e+07
1.237276700000000000e+07
1.184418400000000000e+07
1.116894500000000000e+07
1.135178100000000000e+07
1.123548800000000000e+07
1.087560800000000000e+07
1.152425900000000000e+07
1.079542100000000000e+07
1.119179200000000000e+07
1.068572700000000000e+07
1.140076400000000000e+07
1.252039600000000000e+07
1.270305800000000000e+07
1.136258500000000000e+07
1.138959800000000000e+07
1.131559300000000000e+07
1.080918500000000000e+07
1.085452300000000000e+07
1.107273400000000000e+07
1.048116000000000000e+07
1.061949100000000000e+07
1.087014700000000000e+07
1.100134830000000000e+08
7.375583000000000000e+06
5.880615000000000000e+06
5.444903000000000000e+06
8.373936000000000000e+06
6.673066000000000000e+06
9.295333000000000000e+06
6.264538000000000000e+06
8.659920000000000000e+06
5.727744000000000000e+06
5.081479000000000000e+06
8.621631000000000000e+06
9.363017000000000000e+06
5.804170000000000000e+06
3.877380000000000000e+06
4.230449000000000000e+06
3.931078000000000000e+06
5.226907000000000000e+06
2.694486000000000000e+06
3.323422000000000000e+06
3.145724000000000000e+06
3.784621000000000000e+06
5.909248000000000000e+06
6.361358000000000000e+06
8.769258000000000000e+06
8.184656000000000000e+06
5.817858000000000000e+06
8.192966000000000000e+06
6.444873000000000000e+06
1.063869500000000000e+07
5.529576000000000000e+06
1.116371000000000000e+07
7.772037000000000000e+06
9.371048000000000000e+06
4.270180000000000000e+06
1.070908700000000000e+07
1.165144500000000000e+07
4.561329000000000000e+06
4.274798000000000000e+06
8.441613000000000000e+06
7.748555000000000000e+06
7.869749000000000000e+06
8.151467000000000000e+06
6.201374000000000000e+06
8.568289000000000000e+06
9.034787000000000000e+06
5.789273000000000000e+06
5.844636000000000000e+06
9.626053000000000000e+06
4.343191000000000000e+06
4.667694000000000000e+06
6.033236000000000000e+06
7.154584000000000000e+06
9.061837000000000000e+06
4.736502000000000000e+06
4.015704000000000000e+06
3.834203000000000000e+06
4.837647000000000000e+06
3.244517000000000000e+06
6.968629000000000000e+06
1.060906200000000000e+07
5.627733000000000000e+06
3.926276000000000000e+06
5.837126000000000000e+06
5.736222000000000000e+06
4.186319000000000000e+06
7.638777000000000000e+06
9.192042000000000000e+06
4.893731000000000000e+06
4.919301000000000000e+06
4.894301000000000000e+06
4.054714000000000000e+06
8.061001000000000000e+06
2.919000000000000000e+06
4.782924000000000000e+06
5.055215000000000000e+06
7.712142000000000000e+06
8.211248000000000000e+06
6.001710000000000000e+06
7.668098000000000000e+06
9.284643000000000000e+06
7.127496000000000000e+06
9.214026000000000000e+06
6.316672000000000000e+06
1.020963600000000000e+07
4.692252000000000000e+06
5.321119000000000000e+06
1.049116900000000000e+07
4.976072000000000000e+06
4.783862000000000000e+06
6.841375000000000000e+06
7.824887000000000000e+06
8.538275000000000000e+06
4.977099000000000000e+06
3.516583000000000000e+06
2.635830000000000000e+06
8.831139000000000000e+06
9.813503000000000000e+06
9.399164000000000000e+06
4.947094000000000000e+06
5.251252000000000000e+06
6.163923000000000000e+06
5.639732000000000000e+06
4.659657000000000000e+06
4.658873000000000000e+06
2.523610000000000000e+06
2.699263000000000000e+06
4.779461000000000000e+06
9.132188000000000000e+06
2.921268000000000000e+06
7.034732000000000000e+06
9.279023000000000000e+06
6.238800000000000000e+06
5.988071000000000000e+06
5.699554000000000000e+06
3.703903000000000000e+06
3.383017000000000000e+06
3.953312000000000000e+06
5.086278000000000000e+06
6.143045000000000000e+06
1.141950500000000000e+07
7.954778000000000000e+06
7.789027000000000000e+06
5.073955000000000000e+06
5.510295000000000000e+06
6.767393000000000000e+06
4.090718000000000000e+06
5.905403000000000000e+06
4.656601000000000000e+06
5.023503000000000000e+06
3.609903000000000000e+06
3.244230000000000000e+06
8.208055000000000000e+06
4.935140000000000000e+06
4.204978000000000000e+06
5.624691000000000000e+06
4.434646000000000000e+06
4.867951000000000000e+06
6.948073000000000000e+06
6.114547000000000000e+06
6.717315000000000000e+06
6.929006000000000000e+06
6.292677000000000000e+06
7.061117000000000000e+06
1.246235600000000000e+07
1.062205600000000000e+07
1.371363000000000000e+07
7.187601000000000000e+06
1.351118200000000000e+07
1.245758800000000000e+07
1.750922000000000000e+07
1.420266900000000000e+07
1.328652500000000000e+07
1.266922700000000000e+07
1.602365100000000000e+07
1.583820100000000000e+07
1.505661900000000000e+07
1.564712400000000000e+07
1.313948500000000000e+07
1.487217700000000000e+07
1.397938200000000000e+07
1.510493000000000000e+07
1.215098700000000000e+07
1.316311100000000000e+07
7.741712000000000000e+06
9.605468000000000000e+06
7.113651000000000000e+06
6.976571000000000000e+06
1.141174500000000000e+07
8.803693000000000000e+06
7.227243000000000000e+06
3.546519000000000000e+06
6.792404000000000000e+06
7.259218000000000000e+06
5.450949000000000000e+06
7.319529000000000000e+06
4.871341000000000000e+06
6.384156000000000000e+06
5.553981000000000000e+06
3.598798000000000000e+06
9.992277000000000000e+06
5.227808000000000000e+06
6.278951000000000000e+06
7.074413000000000000e+06
5.184349000000000000e+06
1.010727400000000000e+07
7.778348000000000000e+06
1.052424100000000000e+07
4.339815000000000000e+06
7.906510000000000000e+06
9.000846000000000000e+06
8.209153000000000000e+06
1.209283700000000000e+07
8.288429000000000000e+06
1.237099900000000000e+07
1.023345200000000000e+07
4.809398000000000000e+06
4.943988000000000000e+06
6.316293000000000000e+06
7.770018000000000000e+06
8.719593000000000000e+06
7.675238000000000000e+06
6.040044000000000000e+06
8.213131000000000000e+06
1.282252800000000000e+07
5.611300000000000000e+06
9.163849000000000000e+06
9.916678000000000000e+06
6.894082000000000000e+06
7.313960000000000000e+06
7.688180000000000000e+06
5.870846000000000000e+06
4.891964000000000000e+06
5.394338000000000000e+06
4.155428000000000000e+06
6.114934000000000000e+06
1.209978900000000000e+07
8.308180000000000000e+06
6.199703000000000000e+06
3.904738000000000000e+06
4.884848000000000000e+06
4.627240000000000000e+06
3.460106000000000000e+06
5.012522000000000000e+06
3.289056000000000000e+06
3.094247000000000000e+06
2.292018000000000000e+06
2.233335000000000000e+06
7.827888000000000000e+06
5.047918000000000000e+06
3.806499000000000000e+06
6.830773000000000000e+06
5.780018000000000000e+06
6.667621000000000000e+06
7.093741000000000000e+06
6.189020000000000000e+06
3.553104000000000000e+06
7.172957000000000000e+06
7.683600000000000000e+06
8.567780000000000000e+06
1.275966500000000000e+07
6.780168000000000000e+06
6.538345000000000000e+06
1.166434700000000000e+07
7.358738000000000000e+06
8.507221000000000000e+06
6.941177000000000000e+06
4.639405000000000000e+06
1.304179800000000000e+07
5.252044000000000000e+06
7.707847000000000000e+06
2.966035000000000000e+06
1.149259500000000000e+07
4.388782000000000000e+06
5.803744000000000000e+06
3.194253000000000000e+06
3.845580000000000000e+06
1.965516000000000000e+06
6.620528000000000000e+06
6.483282000000000000e+06
7.849203000000000000e+06
7.853036000000000000e+06
4.693808000000000000e+06
1.102783100000000000e+07
1.184239700000000000e+07
6.240460000000000000e+06
6.476068000000000000e+06
7.271069000000000000e+06
2.838640000000000000e+05
3.070482000000000000e+06
4.059771000000000000e+06
5.401978000000000000e+06
6.562173000000000000e+06
9.764537600000000000e+07
6.865782000000000000e+06
7.406604000000000000e+06
7.005523000000000000e+06
7.236646000000000000e+06
6.706524000000000000e+06
6.877838000000000000e+06
6.482524000000000000e+06
6.430744000000000000e+06
6.109988000000000000e+06
5.962400000000000000e+06
5.707093000000000000e+06
8.678936000000000000e+06
5.547578000000000000e+06
4.936404000000000000e+06
4.391415000000000000e+06
3.566748000000000000e+06
3.746577000000000000e+06
2.848666000000000000e+06
2.168083000000000000e+06
1.134084000000000000e+06
7.212810000000000000e+05
6.573760000000000000e+05
5.256400000000000000e+05
6.957884000000000000e+06
9.136680000000000000e+05
5.674640000000000000e+05
4.995640000000000000e+05
5.248710000000000000e+05
4.821240000000000000e+05
3.561770000000000000e+05
3.049200000000000000e+04
1.088400000000000000e+04
1.593300000000000000e+04
1.476700000000000000e+04
5.760000000000000000e+03
2.592783000000000000e+06
5.792010000000000000e+05
7.025600000000000000e+04
1.792000000000000000e+03
7.616000000000000000e+03
1.344000000000000000e+03
1.344000000000000000e+03
0.000000000000000000e+00
0.000000000000000000e+00
0.000000000000000000e+00
0.000000000000000000e+00
0.000000000000000000e+00
1.252735000000000000e+06
5.676140000000000000e+05
5.845900000000000000e+04
0.000000000000000000e+00
0.000000000000000000e+00
0.000000000000000000e+00
1.344000000000000000e+03
5.856000000000000000e+03
4.250000000000000000e+03
0.000000000000000000e+00
0.000000000000000000e+00
0.000000000000000000e+00
1.781359000000000000e+06
5.650460000000000000e+05
7.301300000000000000e+04
1.093000000000000000e+03
0.000000000000000000e+00
0.000000000000000000e+00
0.000000000000000000e+00
0.000000000000000000e+00
1.344000000000000000e+03
0.000000000000000000e+00
5.270000000000000000e+03
0.000000000000000000e+00
6.341950000000000000e+05
5.813680000000000000e+05
6.766600000000000000e+04
1.093000000000000000e+03
0.000000000000000000e+00
0.000000000000000000e+00
0.000000000000000000e+00
0.000000000000000000e+00
0.000000000000000000e+00
0.000000000000000000e+00
0.000000000000000000e+00
0.000000000000000000e+00
6.167560000000000000e+05
5.876970000000000000e+05
6.508200000000000000e+04
1.093000000000000000e+03
0.000000000000000000e+00
1.344000000000000000e+03
8.282000000000000000e+03
0.000000000000000000e+00
0.000000000000000000e+00
0.000000000000000000e+00
0.000000000000000000e+00
9.450737200000000000e+07
1.451232100000000000e+07
8.731771000000000000e+06
6.663247000000000000e+06
8.453586000000000000e+06
9.906512000000000000e+06
7.501768000000000000e+06
1.088941100000000000e+07
6.060158000000000000e+06
8.462591000000000000e+06
1.227946600000000000e+07
1.124573500000000000e+07
1.509905400000000000e+07
7.416728000000000000e+06
7.537462000000000000e+06
3.487246000000000000e+06
8.618844000000000000e+06
4.595610000000000000e+06
1.043533300000000000e+07
4.942838000000000000e+06
9.464596000000000000e+06
7.606624000000000000e+06
6.955702000000000000e+06
7.613210000000000000e+06
1.320722400000000000e+07
7.359672000000000000e+06
9.383274000000000000e+06
5.605270000000000000e+06
6.303477000000000000e+06
9.445601000000000000e+06
7.719131000000000000e+06
2.965934000000000000e+06
2.312092000000000000e+06
7.670190000000000000e+05
2.323301000000000000e+06
2.955429000000000000e+06
7.596273000000000000e+06
6.967181000000000000e+06
3.433112000000000000e+06
5.952320000000000000e+06
9.564483000000000000e+06
5.183476000000000000e+06
5.267682000000000000e+06
8.138660000000000000e+06
6.289300000000000000e+06
1.075504700000000000e+07
8.005865000000000000e+06
4.532144000000000000e+06
9.486791000000000000e+06
7.895432000000000000e+06
1.143569400000000000e+07
6.495394000000000000e+06
6.493277000000000000e+06
8.878017000000000000e+06
4.526567000000000000e+06
8.510862000000000000e+06
6.374427000000000000e+06
6.543728000000000000e+06
8.130737000000000000e+06
6.113259000000000000e+06
1.062837000000000000e+07
5.996313000000000000e+06
9.202858000000000000e+06
1.034269600000000000e+07
7.174447000000000000e+06
9.997319000000000000e+06
1.154070600000000000e+07
1.011506100000000000e+07
8.194925000000000000e+06
6.493630000000000000e+06
4.273536000000000000e+06
6.700203000000000000e+06
9.430974000000000000e+06
8.137057000000000000e+06
5.237486000000000000e+06
6.952584000000000000e+06
8.173608000000000000e+06
9.226948000000000000e+06
8.908553000000000000e+06
1.023617500000000000e+07
9.250418000000000000e+06
2.027738000000000000e+06
6.989652000000000000e+06
8.354456000000000000e+06
1.169706900000000000e+07
9.206770000000000000e+06
4.898771000000000000e+06
5.228998000000000000e+06
3.281887000000000000e+06
7.733549000000000000e+06
5.525245000000000000e+06
5.112547000000000000e+06
6.311504000000000000e+06
5.348074000000000000e+06
6.991857000000000000e+06
5.547689000000000000e+06
1.201780900000000000e+07
5.769853000000000000e+06
4.984073000000000000e+06
8.262379000000000000e+06
3.160285000000000000e+06
3.851214000000000000e+06
3.356407000000000000e+06
2.407320000000000000e+06
6.895287000000000000e+06
8.006485000000000000e+06
3.524950000000000000e+06
5.281756000000000000e+06
8.596162000000000000e+06
5.434873000000000000e+06
7.353498000000000000e+06
4.027980000000000000e+06
9.575309000000000000e+06
1.008057100000000000e+07
7.710465000000000000e+06
6.457266000000000000e+06
6.682447000000000000e+06
1.176820900000000000e+07
7.891430000000000000e+06
3.289050000000000000e+06
1.061239900000000000e+07
9.214225000000000000e+06
7.047606000000000000e+06
5.782271000000000000e+06
4.310535000000000000e+06
5.278664000000000000e+06
2.750568000000000000e+06
5.794234000000000000e+06
3.161734000000000000e+06
5.922052000000000000e+06
6.479698000000000000e+06
5.687972000000000000e+06
9.510618000000000000e+06
5.794841000000000000e+06
2.065627000000000000e+06
6.394280000000000000e+06
3.863701000000000000e+06
3.032587000000000000e+06
4.457993000000000000e+06
3.300880000000000000e+06
4.261893000000000000e+06
2.652851000000000000e+06
3.485828000000000000e+06
1.078555500000000000e+07
9.651145000000000000e+06
8.368117000000000000e+06
4.262498000000000000e+06
4.546427000000000000e+06
8.879651000000000000e+06
3.574239000000000000e+06
3.798319000000000000e+06
3.610428000000000000e+06
1.810249000000000000e+06
5.140390000000000000e+06
7.375319000000000000e+06
7.375143000000000000e+06
9.907494000000000000e+06
1.003476100000000000e+07
9.957358000000000000e+06
1.496725200000000000e+07
1.202855900000000000e+07
9.470571000000000000e+06
5.347061000000000000e+06
9.582701000000000000e+06
1.000622570000000000e+08
7.887442000000000000e+06
7.215232000000000000e+06
7.011759000000000000e+06
6.691637000000000000e+06
6.666785000000000000e+06
6.545061000000000000e+06
6.569907000000000000e+06
6.432039000000000000e+06
6.266292000000000000e+06
6.391670000000000000e+06
6.400581000000000000e+06
9.512327000000000000e+06
7.211991000000000000e+06
6.652436000000000000e+06
6.466396000000000000e+06
6.607192000000000000e+06
6.487147000000000000e+06
6.600457000000000000e+06
6.395935000000000000e+06
6.389539000000000000e+06
5.105980000000000000e+05
3.540560000000000000e+05
3.313730000000000000e+05
6.899063000000000000e+06
7.891470000000000000e+05
4.678520000000000000e+05
3.792640000000000000e+05
3.389780000000000000e+05
3.868610000000000000e+05
6.203800000000000000e+04
4.000000000000000000e+03
0.000000000000000000e+00
0.000000000000000000e+00
0.000000000000000000e+00
0.000000000000000000e+00
2.688352000000000000e+06
4.633180000000000000e+05
2.773700000000000000e+04
0.000000000000000000e+00
0.000000000000000000e+00
1.344000000000000000e+03
0.000000000000000000e+00
0.000000000000000000e+00
0.000000000000000000e+00
0.000000000000000000e+00
0.000000000000000000e+00
0.000000000000000000e+00
5.418450000000000000e+05
4.630500000000000000e+05
2.888800000000000000e+04
0.000000000000000000e+00
0.000000000000000000e+00
0.000000000000000000e+00
0.000000000000000000e+00
0.000000000000000000e+00
0.000000000000000000e+00
0.000000000000000000e+00
0.000000000000000000e+00
0.000000000000000000e+00
5.921070000000000000e+05
4.503530000000000000e+05
2.548300000000000000e+04
0.000000000000000000e+00
0.000000000000000000e+00
0.000000000000000000e+00
0.000000000000000000e+00
2.417000000000000000e+03
0.000000000000000000e+00
0.000000000000000000e+00
0.000000000000000000e+00
0.000000000000000000e+00
7.199430000000000000e+05
4.533750000000000000e+05
2.679700000000000000e+04
0.000000000000000000e+00
0.000000000000000000e+00
0.000000000000000000e+00
0.000000000000000000e+00
0.000000000000000000e+00
0.000000000000000000e+00
0.000000000000000000e+00
0.000000000000000000e+00
0.000000000000000000e+00
4.954530000000000000e+05
4.552790000000000000e+05
2.912200000000000000e+04
0.000000000000000000e+00
0.000000000000000000e+00
0.000000000000000000e+00
0.000000000000000000e+00
0.000000000000000000e+00
0.000000000000000000e+00
0.000000000000000000e+00
0.000000000000000000e+00
9.445266300000000000e+07
1.194702300000000000e+07
4.640468000000000000e+06
7.351686000000000000e+06
1.090887200000000000e+07
8.920677000000000000e+06
1.049850800000000000e+07
1.380092600000000000e+07
1.238816400000000000e+07
8.274579000000000000e+06
9.138102000000000000e+06
7.235589000000000000e+06
1.282371900000000000e+07
6.713896000000000000e+06
5.575156000000000000e+06
5.055223000000000000e+06
5.930252000000000000e+06
7.768178000000000000e+06
4.874788000000000000e+06
9.040672000000000000e+06
9.677816000000000000e+06
1.102316100000000000e+07
1.177934800000000000e+07
9.503067000000000000e+06
1.219442000000000000e+07
9.867819000000000000e+06
1.451780100000000000e+07
1.573921100000000000e+07
1.223450300000000000e+07
1.138034200000000000e+07
1.384617200000000000e+07
1.573888700000000000e+07
1.187069300000000000e+07
1.155609800000000000e+07
7.898961000000000000e+06
1.041005600000000000e+07
1.400911900000000000e+07
1.261739100000000000e+07
8.708960000000000000e+06
1.332717100000000000e+07
9.112881000000000000e+06
6.995209000000000000e+06
6.948472000000000000e+06
6.073162000000000000e+06
8.736957000000000000e+06
7.201991000000000000e+06
4.897568000000000000e+06
6.100599000000000000e+06
1.097436800000000000e+07
4.564163000000000000e+06
7.124663000000000000e+06
5.726560000000000000e+06
9.377585000000000000e+06
8.615121000000000000e+06
6.777226000000000000e+06
8.844451000000000000e+06
8.432316000000000000e+06
1.146915600000000000e+07
1.346655900000000000e+07
1.043931800000000000e+07
1.265440800000000000e+07
7.757774000000000000e+06
1.310909900000000000e+07
1.255417900000000000e+07
1.025590200000000000e+07
1.081026300000000000e+07
1.059607700000000000e+07
1.055433300000000000e+07
7.314783000000000000e+06
1.035740900000000000e+07
6.006372000000000000e+06
5.489132000000000000e+06
9.833787000000000000e+06
3.540362000000000000e+06
5.768395000000000000e+06
6.617457000000000000e+06
4.660907000000000000e+06
4.690192000000000000e+06
1.045615000000000000e+07
1.260538500000000000e+07
9.783617000000000000e+06
1.074925100000000000e+07
9.339595000000000000e+06
6.699637000000000000e+06
1.149381900000000000e+07
9.737550000000000000e+06
5.525187000000000000e+06
1.003294200000000000e+07
4.561389000000000000e+06
7.594227000000000000e+06
5.665882000000000000e+06
7.747943000000000000e+06
5.834639000000000000e+06
4.046378000000000000e+06
4.682567000000000000e+06
9.421085000000000000e+06
1.277757000000000000e+07
5.704976000000000000e+06
8.641226000000000000e+06
7.992540000000000000e+06
6.713439000000000000e+06
9.485579000000000000e+06
8.412565000000000000e+06
7.102932000000000000e+06
8.984678000000000000e+06
5.056213000000000000e+06
7.425506000000000000e+06
7.826233000000000000e+06
1.244313500000000000e+07
1.059528000000000000e+07
1.298552700000000000e+07
1.173638900000000000e+07
1.716313100000000000e+07
1.646304500000000000e+07
1.596535600000000000e+07
1.413100600000000000e+07
1.279349100000000000e+07
1.574460000000000000e+07
1.185794400000000000e+07
1.654283000000000000e+07
1.769991600000000000e+07
1.523584400000000000e+07
1.574041900000000000e+07
1.314435700000000000e+07
1.566065900000000000e+07
1.454300100000000000e+07
1.417680400000000000e+07
1.065687000000000000e+07
1.198477100000000000e+07
1.327479100000000000e+07
1.409131900000000000e+07
1.378754700000000000e+07
1.482786900000000000e+07
1.140628500000000000e+07
7.844619000000000000e+06
6.036175000000000000e+06
8.957727000000000000e+06
1.191764300000000000e+07
8.280572000000000000e+06
6.083037000000000000e+06
5.248693000000000000e+06
7.471123000000000000e+06
7.944474000000000000e+06
6.729504000000000000e+06
1.132968800000000000e+07
1.131927100000000000e+07
7.247253000000000000e+06
1.261122600000000000e+07
1.015154000000000000e+07
1.050293900000000000e+07
7.904745000000000000e+06
1.022480900000000000e+07
1.100650000000000000e+07
9.532004000000000000e+06
1.034815200000000000e+07
1.273988800000000000e+07
1.584526900000000000e+07
1.093489400000000000e+07
1.510168100000000000e+07
1.372461600000000000e+07
1.276535000000000000e+07
9.793697000000000000e+06
8.875457000000000000e+06
1.054451700000000000e+07
1.078523500000000000e+07
9.780784000000000000e+06
9.200853000000000000e+06
8.745406000000000000e+06
1.282173200000000000e+07
1.310617200000000000e+07
8.184393000000000000e+06
7.927356000000000000e+06
6.238986000000000000e+06
1.078181100000000000e+07
8.886342000000000000e+06
1.295901200000000000e+07
8.102922000000000000e+06
9.348368000000000000e+06
1.304417200000000000e+07
7.458024000000000000e+06
1.234371900000000000e+07
8.182989000000000000e+06
1.191980600000000000e+07
1.375666800000000000e+07
1.188857500000000000e+07
9.512899000000000000e+06
5.869469000000000000e+06
6.612252000000000000e+06
5.980479000000000000e+06
7.911028000000000000e+06
9.318002000000000000e+06
4.196287000000000000e+06
1.097567200000000000e+07
5.492964000000000000e+06
3.666126000000000000e+06
4.104144000000000000e+06
6.530091000000000000e+06
9.469625000000000000e+06
8.747770000000000000e+06
7.169813000000000000e+06
9.567101000000000000e+06
7.718203000000000000e+06
5.669331000000000000e+06
8.128618000000000000e+06
1.091510700000000000e+07
4.893912000000000000e+06
4.848311000000000000e+06
2.734527000000000000e+06
7.725916000000000000e+06
8.297805000000000000e+06
