1.990433388015850832e-02
1.944962326361208624e-02
2.513149287424931017e-02
3.497765988719706703e-03
3.017712288162335225e-03
1.129172967404735300e-02
1.051685774407419283e-01
7.712468776573129514e-02
2.835442679268973185e-02
5.280540427383111773e-03
5.125954037620907532e-03
6.946125160269185986e-03
6.751174407751381334e-02
5.179130398497289872e-02
5.563287021351509543e-02
5.375092175542092038e-02
3.171209737557132563e-02
1.735617579246053963e-02
9.535062880743117725e-03
1.174526474102824750e-02
1.047593849856837296e-02
7.943233178586375787e-03
3.576870678233451395e-03
2.562922847514249782e-03
3.107904576930870140e-03
4.939974895139941091e-03
2.493134582934736568e-02
5.086029986945950210e-02
4.893828930497980123e-02
3.284912368878215028e-02
4.262780818809457604e-03
3.955951028940628625e-03
2.237179555049558996e-02
1.573901014263127257e-02
3.515633433854498981e-03
5.448722839355468403e-03
3.778004159732740661e-03
3.616064421984614349e-03
1.209472863852572265e-02
6.704184473777304032e-03
8.368323449374867606e-03
1.410786375707509532e-02
2.541303569767751000e-02
7.265885022221779677e-03
6.538161452935666203e-03
1.025191715785435213e-02
7.789298466273716741e-03
9.662049481657898273e-03
6.221940436330782032e-02
6.660277178498352421e-03
1.541673731641704601e-03
3.774745448106000146e-03
1.368127109242134321e-01
1.571005684988839302e-01
1.270721227944302811e-01
7.060464871983949953e-02
1.685329489156502450e-02
3.978240084485942622e-03
4.770084303252550631e-03
9.213402157738095899e-03
1.465427242979711400e-02
5.162487419284119555e-02
8.221512749081566138e-03
2.634202217569156686e-03
5.971970201349582896e-03
2.625177604000584683e-02
1.469121920008237617e-02
5.576786378613945300e-02
3.374736811838993655e-02
1.567985638469254761e-02
8.647113592446256658e-03
5.736468438388538787e-03
4.772509360799983939e-03
4.664225805373419138e-03
4.484438085231651043e-03
5.710209308027409947e-03
1.384405278835166946e-02
7.928055743781887987e-02
1.290029720384247569e-01
3.136300327015571765e-02
9.252374999377192821e-03
5.281050026822252559e-03
1.985143804225791841e-03
1.930986780698607528e-03
2.790975895057729982e-03
4.872634459515007462e-03
1.020131922092567568e-02
1.218691585826225075e-02
1.005399016295971566e-02
7.846343111829693490e-03
5.302014642832230881e-03
3.846238908313569412e-03
5.124299704623060114e-03
6.529700350599224393e-03
4.533123483463209584e-03
3.607087557007666260e-03
3.209893881869153778e-03
3.791245960053943407e-03
3.136957259405227013e-03
2.823774182066625480e-03
3.533477199320890667e-03
3.561671250531462524e-03
3.264129729498000364e-03
3.094317637333253521e-03
4.410670728099589516e-03
5.913705890681467819e-03
4.314186978502338593e-02
7.069131241363732499e-02
8.747305318611819924e-02
1.068823055345184958e-01
1.137784374003507626e-01
9.090766128228634779e-02
1.162932908453908828e-02
8.215359927845649474e-03
9.980286059736394322e-03
1.389967600504557303e-02
6.551202787023012626e-03
4.377323591790232074e-03
7.880312082718830477e-03
1.289411531824643901e-02
2.847974089538159170e-02
1.413249450475991160e-02
7.028074329402170944e-03
9.831848923040896124e-03
7.809437862058885883e-03
1.966827159025231336e-02
1.161732576331313792e-02
2.612751552036830446e-02
3.172322487344546998e-02
4.525891258603050721e-02
1.649172516907153330e-02
3.469085433856159556e-02
3.256842165577168713e-02
1.036913151643714150e-02
4.104427675000664466e-02
6.017921603455835683e-02
5.520927792503720066e-02
3.342141910475127792e-02
6.202952586063722323e-02
1.245701329237749837e-02
6.578176070232780170e-02
9.866492861793155211e-02
6.410397899394132404e-02
1.286306835356212756e-02
1.464031245432743412e-02
8.254195232780611388e-03
5.758786363666560520e-02
3.952853663438031517e-02
9.827019568203258088e-03
1.554695440798389665e-02
