2.453789419057418055e-04
2.573668348545930925e-04
3.966242277703317730e-04
2.502889373675495389e-03
1.526794693096965305e-02
7.424797006204826057e-03
1.676821059921160912e-03
1.262150978555484637e-02
1.021895051813449980e-02
1.283627059183964012e-03
1.058328476081900121e-03
3.454167502267020250e-03
1.997643814605920554e-02
2.616845993768601025e-02
2.783935443073713711e-02
5.258704853706619615e-03
4.491833602490068124e-04
3.645265021291719653e-03
1.664767054473461651e-04
1.514282964524768526e-04
3.371962479182651832e-04
5.132243422423901288e-03
4.857593458525988339e-02
2.842727713033455644e-02
2.898554899254623604e-02
1.988406408400762715e-02
3.231928299884407035e-03
1.697019006119293355e-03
2.395213704530884790e-03
4.195268462304355649e-03
4.005147648506424476e-03
2.004793225502481211e-03
1.031605240439071106e-03
1.168708817488482146e-03
5.713702221306003227e-03
6.239254620610451552e-03
3.010836750471672894e-03
2.746568650615458548e-04
4.166675364079118905e-05
1.614212280228024339e-04
8.356477127594201873e-04
8.400014468601771670e-04
2.716524665858469924e-04
3.837142671857561647e-04
5.291535902996452774e-03
2.797359025397268273e-02
2.808301627230481773e-04
5.853308909604338565e-05
4.093887692406063955e-03
1.059990431986698387e-03
6.348326498148392763e-05
4.596342034891349364e-04
3.801518394833519436e-03
4.815561430794852260e-04
2.102107742205768827e-03
6.970787048339843403e-03
1.454448051193133395e-03
3.013742010609633207e-04
1.107886697159332461e-02
1.376621901583509420e-03
5.561846758232635488e-05
4.393342299526240729e-05
6.101654500377421764e-04
1.553313971376743432e-04
4.501439276195707997e-04
5.130048511790580735e-04
2.118448010918234405e-03
1.357964625974901647e-02
1.444269816080729144e-02
1.529738108317057338e-02
5.124165898277645596e-04
3.663343028957340814e-05
3.255858307793026997e-04
6.001722244989304584e-04
8.413910865783691840e-04
2.250803571169068264e-04
3.197380880109307040e-04
4.235618323290429198e-05
5.187131920639349251e-04
1.035673115529170624e-03
8.544020101326663900e-04
2.318651903243292033e-04
7.321634361533080804e-05
8.615261437941570738e-05
1.314398220607212661e-03
6.125080342195472240e-03
4.501675261932165640e-04
3.394082695448479492e-04
4.136656620064560328e-05
4.204403685063732091e-05
9.434471527735392433e-05
1.541101494613958921e-02
2.787666580303996625e-02
2.747172660568133334e-02
3.207351723495794737e-03
6.263903209141322885e-04
2.526235904823355069e-03
8.214569740554913957e-03
5.561464011263684767e-03
1.023499560193950712e-02
8.897557550547074458e-04
1.367033744344905836e-04
2.041024837364145000e-02
1.818881651171210673e-02
1.734083655740127974e-02
2.153205741830423528e-02
2.022035949084223516e-02
2.992775975441445968e-03
6.292918506933718140e-05
1.128957587845471396e-04
6.567802356213939881e-05
2.575823238917759363e-03
1.531174718117227392e-02
4.500162033807663525e-03
2.010136883275038654e-03
1.789176058607036502e-03
1.191395318427053429e-03
3.573251824800659817e-05
1.419974995308181855e-03
6.974586824170586445e-03
4.699025835309710193e-03
4.208426572838608500e-03
9.686311896966427965e-04
2.646314246313912280e-04
1.777951571406150314e-03
2.173307509649367517e-02
2.303206774653220740e-02
6.098903360820951813e-04
8.928386532530493296e-05
4.644183581378184442e-05
8.011058074276463173e-04
1.318110292460642722e-04
4.831439986520884116e-05
3.566624355964920174e-05
1.977860846487032500e-03
1.675250903278792045e-02
3.838898535488413904e-03
2.186315238070325913e-03
3.484558572574537709e-03
6.462687132309894323e-04
1.052509035382952077e-03
4.889033278640435905e-04
4.200023209967580426e-03
3.733735911700190565e-04
3.334558537217224643e-04
3.649224067220882464e-03
1.884384220149241463e-04
3.508115950084868002e-03
1.536174826070564950e-02
1.380767822265624965e-02
