9.490042722144093892e-05
2.552026591333402482e-04
3.196280667570983430e-03
1.504354249863397615e-03
1.557922363281249913e-03
3.840377947100165942e-04
7.610231029744051476e-04
1.167538539082014571e-03
8.584196875695468930e-04
1.357237368213887185e-02
1.933744261864902073e-02
1.812175958334994244e-02
6.274853271691977451e-03
5.142339395017040023e-03
4.400113164162148920e-03
2.716859181722005353e-03
7.204249602596776540e-04
5.155969639213717594e-04
4.526150875351055906e-04
4.633254745379597082e-04
5.014373331653828453e-04
1.503389060091810158e-03
1.519693971491184285e-03
6.234513659055541382e-04
7.000290617650868760e-04
1.324903154048789888e-03
1.002686494061735996e-02
9.878433642744207516e-03
1.131917732913477817e-02
1.003954491647733246e-02
3.743745194000451700e-03
2.273601415205975165e-03
1.591657456897553873e-03
6.243982282625574771e-04
8.799816880907330768e-05
1.135288756720873737e-04
7.182957769251194333e-05
1.019394113903953968e-04
1.107045379625696760e-04
8.136549977218212573e-05
6.008775157182395029e-05
1.010295079678905268e-04
1.177201060210766474e-04
3.066132993114238040e-03
1.061544694057127295e-03
3.262253845630048738e-03
3.015389215378534368e-02
1.650661546356823814e-02
1.129524724013140392e-02
2.151029937121332752e-02
4.983059630102040782e-02
3.194267636253720483e-02
2.102741319306042703e-02
8.129308661636041114e-03
5.894573367371850996e-03
4.173289837480402033e-03
5.519507531406116912e-03
1.284375239391716229e-03
1.251852228527977270e-04
5.571948630469186178e-05
1.064111910709718539e-03
2.538220152562978282e-02
6.518376927797486613e-03
5.325893155571554717e-04
5.209134549510722762e-04
6.998459498087565393e-04
1.257403123946416968e-03
6.478401106231066429e-03
1.233170697478210009e-02
8.431964666665006311e-03
8.877963435893155772e-04
4.690693349254374455e-04
4.560693591630377713e-04
1.225635145797210552e-03
5.621023891734427784e-03
1.243108632613201467e-02
2.008400741888552443e-02
1.883214574281861023e-02
1.300156651710977426e-02
3.047273596938775402e-03
9.969604258634606753e-04
6.005232025976894351e-04
5.337576963463608500e-03
5.184111951970729604e-03
1.064877830395082194e-04
9.427191246123541382e-05
1.825722504635246351e-04
1.297373349974755442e-03
3.714824209407884079e-03
5.321303516829094596e-03
4.291428676267870605e-03
6.789803018375319132e-03
3.963376389068811248e-03
1.352825943304567804e-04
2.399288067201367752e-04
6.084545534484240518e-04
1.619972955612909368e-02
9.135916443909106524e-03
2.301004873652036506e-04
5.290247753363888238e-05
5.369969472593190862e-05
2.328734819580908458e-04
2.816569237481980257e-04
2.639999843779064492e-03
3.535594745558135171e-03
4.592206202396730279e-04
9.627323977801264892e-05
2.963223019424749967e-04
8.440830269638373339e-04
2.898449394978633341e-04
3.957795042569945245e-04
7.810523720825610127e-04
3.733685227478442592e-04
3.693269223582987953e-04
5.388045797542650138e-03
3.169203777702487256e-03
1.149559304827735539e-04
2.923646751715212660e-04
4.171960856638797822e-03
4.214654001248936688e-03
1.620579090248159887e-03
2.304692049415744178e-04
1.340257574100883612e-04
2.222883863513972554e-04
5.081603316222729500e-04
6.231456792273489236e-04
3.898871999208618775e-04
2.631070662517937106e-04
3.550763032874282472e-03
1.168443848486660358e-02
1.484764254823022975e-02
1.165323841328523569e-02
1.294688789211973813e-02
2.336544568846825841e-03
4.392131250731799328e-04
1.719412836087804266e-03
4.003311338878812881e-03
5.858558213629690148e-03
1.918930261313509791e-03
1.699669831464079722e-04
1.240203234614158101e-02
2.509481728482408636e-02
3.403006832615858984e-02
1.259305525799186802e-02
9.248659562091438718e-03
4.411059658543593082e-03
2.521225546493011203e-03
6.005183369124016818e-03
1.097426730759289837e-04
4.291930774442192592e-05
