8.689280000000000000e+05
5.240172000000000000e+06
4.058000000000000000e+03
5.455123000000000000e+06
8.857000000000000000e+03
5.359965000000000000e+06
2.164900000000000000e+04
5.731283000000000000e+06
2.626400000000000000e+04
5.686795000000000000e+06
3.885600000000000000e+04
5.716560000000000000e+06
5.941900000000000000e+04
5.812018000000000000e+06
6.394900000000000000e+04
5.636472000000000000e+06
9.527000000000000000e+03
5.530219000000000000e+06
1.041620000000000000e+05
5.610762000000000000e+06
1.232550000000000000e+05
6.355658000000000000e+06
2.508010000000000000e+05
5.265069000000000000e+06
2.166890000000000000e+05
5.921528000000000000e+06
1.960250000000000000e+05
6.526276000000000000e+06
2.707610000000000000e+05
5.290812000000000000e+06
1.685410000000000000e+05
6.727974000000000000e+06
1.852160000000000000e+05
4.973493000000000000e+06
1.536790000000000000e+05
5.306055000000000000e+06
2.538270000000000000e+05
6.151572000000000000e+06
1.998470000000000000e+05
7.501501000000000000e+06
4.125820000000000000e+05
4.696958000000000000e+06
2.221170000000000000e+05
4.883800000000000000e+05
1.695400000000000000e+05
1.415100000000000000e+06
2.459580000000000000e+05
4.146200000000000000e+05
5.050390000000000000e+05
4.353060000000000000e+05
1.578600000000000000e+05
3.715885000000000000e+06
3.236040000000000000e+05
1.654530000000000000e+05
2.755500000000000000e+04
1.953710000000000000e+05
6.280500000000000000e+04
5.019720000000000000e+05
8.104200000000000000e+04
9.257100000000000000e+04
1.472000000000000000e+03
1.453510000000000000e+05
2.361910000000000000e+05
2.793631000000000000e+06
2.270780000000000000e+05
7.996900000000000000e+04
7.200000000000000000e+03
1.698500000000000000e+04
1.346400000000000000e+04
1.468900000000000000e+05
2.859200000000000000e+04
5.763300000000000000e+04
3.173100000000000000e+04
1.002600000000000000e+04
1.422550000000000000e+05
2.035356000000000000e+06
1.300530000000000000e+05
3.902000000000000000e+04
0.000000000000000000e+00
2.087500000000000000e+04
3.101000000000000000e+03
6.502200000000000000e+04
7.701000000000000000e+03
2.954500000000000000e+04
4.350000000000000000e+02
8.269700000000000000e+04
1.489300000000000000e+04
1.405725000000000000e+06
1.040400000000000000e+05
4.440600000000000000e+04
3.369000000000000000e+03
2.808000000000000000e+03
2.241300000000000000e+04
4.477900000000000000e+04
6.315000000000000000e+03
5.586000000000000000e+03
2.578500000000000000e+04
1.814000000000000000e+04
1.304000000000000000e+03
1.405328000000000000e+06
5.766600000000000000e+04
1.904500000000000000e+04
1.460000000000000000e+03
4.928000000000000000e+03
0.000000000000000000e+00
9.508000000000000000e+03
1.454000000000000000e+03
5.178500000000000000e+04
3.423000000000000000e+03
1.110300000000000000e+04
6.346000000000000000e+03
1.373655000000000000e+06
2.351900000000000000e+04
1.395400000000000000e+04
0.000000000000000000e+00
0.000000000000000000e+00
0.000000000000000000e+00
6.163000000000000000e+05
4.389300000000000000e+04
1.693400000000000000e+04
0.000000000000000000e+00
1.111600000000000000e+04
1.463900000000000000e+04
1.840123000000000000e+06
5.111600000000000000e+04
1.289700000000000000e+04
6.840000000000000000e+02
1.138000000000000000e+03
0.000000000000000000e+00
3.840000000000000000e+02
2.394000000000000000e+03
7.260000000000000000e+03
2.438000000000000000e+03
7.640000000000000000e+03
0.000000000000000000e+00
1.317692000000000000e+06
1.352900000000000000e+04
2.360000000000000000e+03
1.980000000000000000e+02
1.780000000000000000e+03
0.000000000000000000e+00
1.802400000000000000e+04
0.000000000000000000e+00
1.054400000000000000e+04
0.000000000000000000e+00
2.244000000000000000e+03
0.000000000000000000e+00
1.232400000000000000e+06
1.974000000000000000e+03
