1.626160000000000000e+05
1.320650000000000000e+05
1.813700000000000000e+04
2.478630000000000000e+05
5.516890000000000000e+05
2.078540000000000000e+06
1.164903000000000000e+06
1.557600000000000000e+05
3.318000000000000000e+03
1.030790000000000000e+05
1.141100000000000000e+04
5.724560000000000000e+05
2.898000000000000000e+03
1.473670000000000000e+05
1.152850000000000000e+05
1.944340000000000000e+05
4.222400000000000000e+04
2.368998000000000000e+06
9.022320000000000000e+05
1.107540000000000000e+05
7.316000000000000000e+03
5.078400000000000000e+04
7.363000000000000000e+03
6.088440000000000000e+05
2.566000000000000000e+03
9.665900000000000000e+04
9.588900000000000000e+04
1.151270000000000000e+05
4.392700000000000000e+04
1.997445000000000000e+06
2.755140000000000000e+05
3.668800000000000000e+04
0.000000000000000000e+00
1.534500000000000000e+04
0.000000000000000000e+00
5.490510000000000000e+05
1.058360000000000000e+05
1.519570000000000000e+05
1.248750000000000000e+05
2.580900000000000000e+04
1.822600000000000000e+04
2.149856000000000000e+06
9.138320000000000000e+05
1.007840000000000000e+05
6.075000000000000000e+03
3.427500000000000000e+04
9.124000000000000000e+03
5.683680000000000000e+05
6.306000000000000000e+03
7.701100000000000000e+04
9.403900000000000000e+04
1.013270000000000000e+05
5.169000000000000000e+03
2.592603000000000000e+06
1.351608000000000000e+06
8.267900000000000000e+04
3.642000000000000000e+03
1.114730000000000000e+05
3.687000000000000000e+03
5.948550000000000000e+05
1.837400000000000000e+04
2.879800000000000000e+04
2.111800000000000000e+04
4.389500000000000000e+04
6.597750000000000000e+05
3.045030000000000000e+06
1.188271000000000000e+06
3.480400000000000000e+04
0.000000000000000000e+00
1.135400000000000000e+04
8.244000000000000000e+03
5.807770000000000000e+05
1.440000000000000000e+03
5.256100000000000000e+04
2.794000000000000000e+03
3.979300000000000000e+04
1.070280000000000000e+05
1.201935000000000000e+06
1.135425000000000000e+06
1.007160000000000000e+05
4.488000000000000000e+03
9.064300000000000000e+04
6.972000000000000000e+03
1.381210000000000000e+05
8.862000000000000000e+03
1.352210000000000000e+05
1.269400000000000000e+04
9.754000000000000000e+04
6.779000000000000000e+03
2.317001000000000000e+06
1.129541000000000000e+06
9.505100000000000000e+04
3.660000000000000000e+03
2.371400000000000000e+04
1.615000000000000000e+03
5.303770000000000000e+05
0.000000000000000000e+00
6.526300000000000000e+04
8.826000000000000000e+03
1.026000000000000000e+04
8.510000000000000000e+02
1.241958000000000000e+06
1.125281000000000000e+06
2.740600000000000000e+04
3.366000000000000000e+03
3.483300000000000000e+04
3.988000000000000000e+03
1.385450000000000000e+05
3.483000000000000000e+03
6.450500000000000000e+04
6.126000000000000000e+03
4.772400000000000000e+04
0.000000000000000000e+00
1.228529000000000000e+06
1.113548000000000000e+06
8.221100000000000000e+04
4.870000000000000000e+03
3.640900000000000000e+04
1.235000000000000000e+03
1.330640000000000000e+05
1.965000000000000000e+03
3.616800000000000000e+04
2.099000000000000000e+03
1.847200000000000000e+04
4.917000000000000000e+03
2.332563000000000000e+06
5.477660000000000000e+05
3.539500000000000000e+04
0.000000000000000000e+00
2.364700000000000000e+04
0.000000000000000000e+00
5.753210000000000000e+05
6.030000000000000000e+02
3.508500000000000000e+04
6.625000000000000000e+03
5.974000000000000000e+03
0.000000000000000000e+00
6.409780000000000000e+05
1.596496000000000000e+06
2.343200000000000000e+04
2.368000000000000000e+03
6.035000000000000000e+03
0.000000000000000000e+00
1.290480000000000000e+05
1.839000000000000000e+03
1.387200000000000000e+04
1.961000000000000000e+03
2.363500000000000000e+04
1.578000000000000000e+03
