3.992350000000000000e+05
1.715100000000000000e+04
0.000000000000000000e+00
1.770700000000000000e+04
0.000000000000000000e+00
2.956000000000000000e+03
1.929000000000000000e+03
3.127300000000000000e+04
3.699000000000000000e+03
9.389000000000000000e+03
0.000000000000000000e+00
2.240571000000000000e+06
1.553512000000000000e+06
3.056100000000000000e+04
2.060000000000000000e+03
4.332000000000000000e+03
0.000000000000000000e+00
0.000000000000000000e+00
0.000000000000000000e+00
4.213700000000000000e+04
3.297000000000000000e+03
7.527700000000000000e+04
3.983000000000000000e+03
2.701399000000000000e+06
1.082690000000000000e+06
1.285520000000000000e+05
1.169600000000000000e+04
9.251600000000000000e+04
7.357000000000000000e+03
9.573000000000000000e+03
1.158100000000000000e+04
5.921000000000000000e+04
1.518400000000000000e+04
6.160100000000000000e+04
5.381000000000000000e+03
2.787683000000000000e+06
1.614030000000000000e+05
1.530190000000000000e+05
1.849600000000000000e+04
8.191200000000000000e+04
6.881000000000000000e+03
1.092600000000000000e+04
6.499000000000000000e+03
3.492300000000000000e+04
1.660200000000000000e+04
3.176400000000000000e+04
0.000000000000000000e+00
2.311810000000000000e+06
1.612500000000000000e+05
4.765500000000000000e+04
1.636000000000000000e+03
3.362300000000000000e+04
2.196000000000000000e+03
9.800000000000000000e+02
0.000000000000000000e+00
1.077670000000000000e+05
1.397200000000000000e+04
1.333330000000000000e+05
1.491600000000000000e+04
2.291469000000000000e+06
1.709120000000000000e+05
1.115080000000000000e+05
1.102600000000000000e+04
6.273000000000000000e+04
1.939400000000000000e+04
0.000000000000000000e+00
3.648000000000000000e+03
7.102800000000000000e+04
1.486700000000000000e+04
1.848600000000000000e+04
3.546000000000000000e+03
2.317861000000000000e+06
1.593260000000000000e+05
1.562200000000000000e+04
1.961000000000000000e+03
1.020200000000000000e+04
0.000000000000000000e+00
0.000000000000000000e+00
0.000000000000000000e+00
1.377400000000000000e+04
0.000000000000000000e+00
3.986000000000000000e+03
0.000000000000000000e+00
2.509690000000000000e+05
1.073405000000000000e+06
1.778300000000000000e+04
0.000000000000000000e+00
3.094400000000000000e+04
2.067000000000000000e+03
0.000000000000000000e+00
0.000000000000000000e+00
2.146700000000000000e+04
1.737000000000000000e+03
4.399400000000000000e+04
0.000000000000000000e+00
2.511172000000000000e+06
1.724680000000000000e+05
7.811500000000000000e+04
1.164200000000000000e+04
9.853700000000000000e+04
1.016100000000000000e+04
0.000000000000000000e+00
4.300000000000000000e+03
2.199500000000000000e+05
2.854100000000000000e+04
6.491300000000000000e+04
1.239300000000000000e+04
2.482011000000000000e+06
1.696400000000000000e+05
1.519210000000000000e+05
1.018000000000000000e+04
1.728340000000000000e+05
3.032000000000000000e+03
3.405000000000000000e+03
0.000000000000000000e+00
1.916080000000000000e+05
2.892200000000000000e+04
7.575000000000000000e+04
7.677000000000000000e+03
3.987690000000000000e+05
1.694310000000000000e+05
3.912400000000000000e+04
0.000000000000000000e+00
1.927500000000000000e+04
0.000000000000000000e+00
0.000000000000000000e+00
0.000000000000000000e+00
2.313300000000000000e+04
2.100000000000000000e+03
7.713000000000000000e+03
5.099000000000000000e+03
2.416561000000000000e+06
1.657030000000000000e+05
2.356500000000000000e+04
0.000000000000000000e+00
1.239800000000000000e+04
1.716000000000000000e+03
1.823000000000000000e+03
0.000000000000000000e+00
2.894200000000000000e+04
3.984000000000000000e+03
4.379000000000000000e+04
1.280000000000000000e+03
2.589740000000000000e+05
1.633880000000000000e+05
7.318200000000000000e+04
3.580000000000000000e+03
9.318100000000000000e+04
1.597800000000000000e+04
