3.658290000000000000e+05
6.736800000000000000e+04
8.061000000000000000e+03
2.710900000000000000e+04
3.447000000000000000e+03
7.560140000000000000e+05
1.841580000000000000e+05
3.221500000000000000e+04
2.161000000000000000e+03
5.391600000000000000e+04
7.779000000000000000e+03
4.602900000000000000e+05
1.917000000000000000e+03
1.347420000000000000e+05
2.718000000000000000e+04
1.132820000000000000e+05
1.014100000000000000e+04
2.349257000000000000e+06
2.010460000000000000e+05
6.153900000000000000e+04
1.512000000000000000e+03
1.413800000000000000e+04
3.583000000000000000e+03
5.338590000000000000e+05
1.607000000000000000e+03
3.135300000000000000e+04
3.400000000000000000e+03
1.911900000000000000e+04
3.058000000000000000e+03
2.344776000000000000e+06
2.009220000000000000e+05
7.134000000000000000e+04
5.210000000000000000e+03
9.041900000000000000e+04
5.585000000000000000e+03
5.675190000000000000e+05
6.014000000000000000e+03
1.004880000000000000e+05
8.527000000000000000e+03
5.896000000000000000e+04
1.100900000000000000e+04
2.349775000000000000e+06
2.064390000000000000e+05
2.998700000000000000e+04
0.000000000000000000e+00
9.210000000000000000e+03
0.000000000000000000e+00
5.347640000000000000e+05
1.607000000000000000e+03
2.365900000000000000e+04
0.000000000000000000e+00
3.232500000000000000e+04
4.473000000000000000e+03
2.320085000000000000e+06
1.997180000000000000e+05
9.039700000000000000e+04
5.420000000000000000e+03
1.262550000000000000e+05
9.486000000000000000e+03
5.635890000000000000e+05
2.700000000000000000e+03
2.225220000000000000e+05
2.631300000000000000e+04
1.853940000000000000e+05
2.003600000000000000e+04
2.895277000000000000e+06
1.688690000000000000e+05
1.395100000000000000e+05
9.083000000000000000e+03
7.018400000000000000e+04
8.620000000000000000e+03
5.353250000000000000e+05
5.719000000000000000e+03
1.982840000000000000e+05
8.042000000000000000e+03
1.537020000000000000e+05
1.559400000000000000e+04
3.069190000000000000e+05
1.430610000000000000e+05
2.479430000000000000e+05
2.634900000000000000e+04
7.737200000000000000e+04
1.616600000000000000e+04
1.286250000000000000e+05
5.692000000000000000e+03
1.034970000000000000e+05
1.046100000000000000e+04
4.697000000000000000e+04
2.218000000000000000e+03
2.693654000000000000e+06
1.850910000000000000e+05
1.509600000000000000e+04
0.000000000000000000e+00
3.696600000000000000e+04
0.000000000000000000e+00
4.667370000000000000e+05
3.023000000000000000e+03
1.388620000000000000e+05
1.506400000000000000e+04
1.063490000000000000e+05
8.509000000000000000e+03
3.413310000000000000e+05
1.921390000000000000e+05
2.158400000000000000e+05
1.287700000000000000e+04
1.638410000000000000e+05
2.604000000000000000e+04
1.482670000000000000e+05
1.607000000000000000e+03
2.483720000000000000e+05
2.354700000000000000e+04
1.508210000000000000e+05
2.471500000000000000e+04
2.725230000000000000e+06
1.671780000000000000e+05
1.161430000000000000e+05
1.017400000000000000e+04
5.997600000000000000e+04
3.949000000000000000e+03
4.817220000000000000e+05
1.180000000000000000e+04
1.757920000000000000e+05
1.797800000000000000e+04
1.949780000000000000e+05
2.952500000000000000e+04
7.556100000000000000e+05
1.688520000000000000e+05
3.556230000000000000e+05
3.432600000000000000e+04
2.507780000000000000e+05
2.038200000000000000e+04
1.928540000000000000e+05
5.492000000000000000e+03
3.536240000000000000e+05
3.463700000000000000e+04
2.273590000000000000e+05
3.040000000000000000e+04
2.500374000000000000e+06
3.713950000000000000e+05
2.651940000000000000e+05
2.749300000000000000e+04
1.733390000000000000e+05
1.377100000000000000e+04
5.120290000000000000e+05
9.934000000000000000e+03
1.807540000000000000e+05
1.444300000000000000e+04
9.618000000000000000e+04
1.456000000000000000e+04
