2.210450000000000000e+05
5.046400000000000000e+04
1.812000000000000000e+03
2.528000000000000000e+03
0.000000000000000000e+00
0.000000000000000000e+00
5.551000000000000000e+03
6.974000000000000000e+03
0.000000000000000000e+00
3.236200000000000000e+04
1.988000000000000000e+03
2.922315000000000000e+06
1.697770000000000000e+05
1.229760000000000000e+05
1.242200000000000000e+04
9.017800000000000000e+04
7.405000000000000000e+03
5.598000000000000000e+03
1.734000000000000000e+03
1.193400000000000000e+05
1.753300000000000000e+04
5.108400000000000000e+04
8.235000000000000000e+03
2.479381000000000000e+06
1.588320000000000000e+05
4.904900000000000000e+04
8.692000000000000000e+03
3.475453800000000000e+07
3.588600000000000000e+05
9.638000000000000000e+03
0.000000000000000000e+00
1.454800000000000000e+04
5.757000000000000000e+03
1.416500000000000000e+04
2.050900000000000000e+04
4.178884000000000000e+06
4.034640000000000000e+05
4.597800000000000000e+04
0.000000000000000000e+00
1.933300000000000000e+04
0.000000000000000000e+00
2.522000000000000000e+03
0.000000000000000000e+00
8.856000000000000000e+03
1.500000000000000000e+03
6.482000000000000000e+03
0.000000000000000000e+00
3.159958000000000000e+06
3.271410000000000000e+05
2.561100000000000000e+04
0.000000000000000000e+00
9.150000000000000000e+02
0.000000000000000000e+00
0.000000000000000000e+00
0.000000000000000000e+00
2.559100000000000000e+04
0.000000000000000000e+00
2.419800000000000000e+04
4.518000000000000000e+03
7.982910000000000000e+05
3.206760000000000000e+05
4.333500000000000000e+04
6.870000000000000000e+02
1.943600000000000000e+04
0.000000000000000000e+00
0.000000000000000000e+00
1.363000000000000000e+03
3.162100000000000000e+04
8.299000000000000000e+03
7.823000000000000000e+03
1.465000000000000000e+03
4.693310000000000000e+05
3.330300000000000000e+05
4.530100000000000000e+04
1.266000000000000000e+03
1.644900000000000000e+04
0.000000000000000000e+00
0.000000000000000000e+00
3.000000000000000000e+02
2.476600000000000000e+04
3.312000000000000000e+03
7.963000000000000000e+03
0.000000000000000000e+00
4.339180000000000000e+05
3.300570000000000000e+05
3.205600000000000000e+04
0.000000000000000000e+00
4.729100000000000000e+04
0.000000000000000000e+00
0.000000000000000000e+00
0.000000000000000000e+00
2.094600000000000000e+04
0.000000000000000000e+00
1.455300000000000000e+04
6.526000000000000000e+03
1.861040000000000000e+06
3.165170000000000000e+05
4.349400000000000000e+04
2.756000000000000000e+03
1.105500000000000000e+04
0.000000000000000000e+00
3.327000000000000000e+03
0.000000000000000000e+00
5.971200000000000000e+04
4.194000000000000000e+03
3.230000000000000000e+04
1.670000000000000000e+03
4.443110000000000000e+05
3.126400000000000000e+05
6.683300000000000000e+04
6.867000000000000000e+03
1.738650000000000000e+05
1.499300000000000000e+04
1.140000000000000000e+03
6.147000000000000000e+03
2.562300000000000000e+05
2.581900000000000000e+04
1.572870000000000000e+05
1.570900000000000000e+04
3.336486000000000000e+06
3.351250000000000000e+05
4.901800000000000000e+04
0.000000000000000000e+00
1.071940000000000000e+05
7.461000000000000000e+03
1.529000000000000000e+03
1.899000000000000000e+03
1.956480000000000000e+05
2.260800000000000000e+04
1.020620000000000000e+05
1.493000000000000000e+04
4.899020000000000000e+05
3.739380000000000000e+05
3.472500000000000000e+04
2.400000000000000000e+03
1.994200000000000000e+04
0.000000000000000000e+00
0.000000000000000000e+00
1.881000000000000000e+03
3.309800000000000000e+04
2.474000000000000000e+03
1.190600000000000000e+04
0.000000000000000000e+00
3.261679000000000000e+06
3.155160000000000000e+05
1.497000000000000000e+04
0.000000000000000000e+00
4.807100000000000000e+04
4.057000000000000000e+03
