6.034270000000000000e+05
2.327600000000000000e+04
0.000000000000000000e+00
1.110200000000000000e+04
4.545000000000000000e+03
2.697000000000000000e+03
0.000000000000000000e+00
5.263000000000000000e+04
3.330000000000000000e+03
2.318100000000000000e+04
0.000000000000000000e+00
7.068930000000000000e+05
2.862350000000000000e+05
5.346200000000000000e+04
3.639000000000000000e+03
1.441800000000000000e+04
3.730000000000000000e+03
8.703000000000000000e+03
0.000000000000000000e+00
6.721600000000000000e+04
9.052000000000000000e+03
4.625300000000000000e+04
7.897000000000000000e+03
2.678239000000000000e+06
3.113320000000000000e+05
2.969900000000000000e+04
2.400000000000000000e+02
2.720500000000000000e+04
0.000000000000000000e+00
3.051000000000000000e+03
2.618000000000000000e+03
2.044900000000000000e+04
9.422000000000000000e+03
1.111300000000000000e+04
3.496000000000000000e+03
2.677149000000000000e+06
2.745140000000000000e+05
3.560000000000000000e+04
0.000000000000000000e+00
3.508000000000000000e+04
2.077000000000000000e+03
0.000000000000000000e+00
0.000000000000000000e+00
5.405000000000000000e+04
1.425000000000000000e+03
4.538300000000000000e+04
0.000000000000000000e+00
4.257100000000000000e+05
2.806200000000000000e+05
6.503100000000000000e+04
2.850000000000000000e+02
6.811000000000000000e+03
0.000000000000000000e+00
0.000000000000000000e+00
0.000000000000000000e+00
1.994200000000000000e+04
4.341000000000000000e+03
4.979600000000000000e+04
8.952000000000000000e+03
4.776610000000000000e+05
2.818930000000000000e+05
1.356520000000000000e+05
7.418000000000000000e+03
2.031290000000000000e+05
1.522800000000000000e+04
1.164800000000000000e+04
1.554000000000000000e+03
3.125180000000000000e+05
3.056900000000000000e+04
2.280180000000000000e+05
1.542500000000000000e+04
3.266888000000000000e+06
2.677810000000000000e+05
2.425140000000000000e+05
1.863200000000000000e+04
9.176900000000000000e+04
1.059200000000000000e+04
6.564000000000000000e+03
6.400000000000000000e+03
3.181700000000000000e+04
1.753300000000000000e+04
1.707100000000000000e+04
3.282000000000000000e+03
3.224879000000000000e+06
2.418420000000000000e+05
4.894800000000000000e+04
0.000000000000000000e+00
7.040400000000000000e+04
3.923000000000000000e+03
4.809000000000000000e+03
0.000000000000000000e+00
6.172500000000000000e+04
1.648900000000000000e+04
6.351800000000000000e+04
4.173000000000000000e+03
2.812249000000000000e+06
2.959900000000000000e+05
2.461540000000000000e+05
1.342400000000000000e+04
2.084860000000000000e+05
3.303400000000000000e+04
9.003000000000000000e+03
8.210000000000000000e+03
1.953630000000000000e+05
1.989800000000000000e+04
1.524280000000000000e+05
1.604800000000000000e+04
3.001368000000000000e+06
2.844620000000000000e+05
2.788910000000000000e+05
4.350900000000000000e+04
1.882920000000000000e+05
3.314400000000000000e+04
4.519000000000000000e+03
2.016000000000000000e+03
1.723640000000000000e+05
2.392800000000000000e+04
6.282100000000000000e+04
0.000000000000000000e+00
5.733420000000000000e+05
2.607690000000000000e+05
6.014200000000000000e+04
4.695000000000000000e+03
3.237700000000000000e+04
5.916000000000000000e+03
0.000000000000000000e+00
1.566000000000000000e+03
5.653000000000000000e+04
1.138200000000000000e+04
4.474400000000000000e+04
2.457000000000000000e+03
2.931750000000000000e+06
2.814670000000000000e+05
1.428490000000000000e+05
2.143500000000000000e+04
1.950350000000000000e+05
3.011700000000000000e+04
2.813000000000000000e+03
3.800000000000000000e+03
2.416410000000000000e+05
3.216100000000000000e+04
1.121070000000000000e+05
5.809000000000000000e+03
3.009588000000000000e+06
2.792700000000000000e+05
5.115100000000000000e+04
0.000000000000000000e+00
4.270500000000000000e+04
1.109000000000000000e+04
