9.732570000000000000e+05
1.760500000000000000e+04
1.461000000000000000e+03
3.900000000000000000e+02
3.068000000000000000e+03
0.000000000000000000e+00
0.000000000000000000e+00
4.884000000000000000e+03
0.000000000000000000e+00
1.229440000000000000e+05
5.137000000000000000e+03
8.280481500000000000e+07
0.000000000000000000e+00
1.763940000000000000e+05
7.647000000000000000e+03
1.982320000000000000e+05
7.570000000000000000e+03
5.708300000000000000e+04
0.000000000000000000e+00
2.981620000000000000e+05
1.417900000000000000e+04
1.778750000000000000e+05
6.135000000000000000e+03
1.534745000000000000e+06
3.476200000000000000e+04
2.124540000000000000e+05
1.007200000000000000e+04
2.588140000000000000e+05
1.301500000000000000e+04
1.246000000000000000e+04
6.650000000000000000e+03
3.171450000000000000e+05
8.102000000000000000e+03
1.484440000000000000e+05
4.024000000000000000e+03
1.078391000000000000e+06
2.762800000000000000e+04
1.570960000000000000e+05
2.947000000000000000e+03
9.281900000000000000e+04
3.484000000000000000e+03
3.075000000000000000e+03
0.000000000000000000e+00
1.819780000000000000e+05
5.914000000000000000e+03
1.730060000000000000e+05
7.435000000000000000e+03
2.185590000000000000e+05
2.762800000000000000e+04
1.685140000000000000e+05
8.001000000000000000e+03
8.128500000000000000e+04
6.468000000000000000e+03
7.790000000000000000e+03
1.427300000000000000e+04
2.266210000000000000e+05
6.691000000000000000e+03
2.294690000000000000e+05
9.412000000000000000e+03
2.110533000000000000e+06
7.087820000000000000e+05
3.514080000000000000e+05
1.625200000000000000e+04
2.141260000000000000e+05
2.997900000000000000e+04
1.762900000000000000e+04
1.395000000000000000e+04
2.886400000000000000e+05
1.433300000000000000e+04
2.025600000000000000e+05
7.164000000000000000e+03
8.882160000000000000e+05
6.928180000000000000e+05
3.092010000000000000e+05
1.116800000000000000e+04
1.353870000000000000e+05
1.155600000000000000e+04
9.135000000000000000e+03
2.046500000000000000e+04
1.439890000000000000e+05
5.766000000000000000e+03
7.764600000000000000e+04
6.682000000000000000e+03
8.846990000000000000e+05
6.925150000000000000e+05
1.503160000000000000e+05
7.264000000000000000e+03
1.076140000000000000e+05
4.275000000000000000e+03
2.361900000000000000e+04
3.185200000000000000e+04
9.640000000000000000e+03
0.000000000000000000e+00
5.958800000000000000e+04
0.000000000000000000e+00
1.966711000000000000e+06
1.736470000000000000e+05
1.164880000000000000e+05
4.886200000000000000e+04
6.567600000000000000e+04
1.186480000000000000e+05
7.980000000000000000e+02
0.000000000000000000e+00
1.586920000000000000e+05
2.452000000000000000e+03
1.039270000000000000e+05
8.430000000000000000e+02
2.370684000000000000e+06
1.435047000000000000e+06
8.373010000000000000e+05
3.302900000000000000e+04
1.993970000000000000e+05
3.092700000000000000e+04
2.591600000000000000e+04
2.039200000000000000e+04
3.135320000000000000e+05
5.202500000000000000e+04
2.844910000000000000e+05
3.707700000000000000e+04
2.296402000000000000e+06
1.049723000000000000e+06
9.756880000000000000e+05
4.996590000000000000e+05
1.351259000000000000e+06
3.237800000000000000e+05
2.748000000000000000e+03
0.000000000000000000e+00
3.212930000000000000e+05
2.411500000000000000e+04
1.692780000000000000e+05
2.786900000000000000e+04
3.003221000000000000e+06
1.125787000000000000e+06
8.823600000000000000e+05
6.201900000000000000e+04
1.503220000000000000e+05
2.322200000000000000e+04
1.478400000000000000e+04
1.922800000000000000e+04
1.969190000000000000e+05
3.426900000000000000e+04
8.163200000000000000e+04
1.778700000000000000e+04
2.731231000000000000e+06
1.305842000000000000e+06
1.146232000000000000e+06
3.243000000000000000e+03
7.730500000000000000e+04
2.064000000000000000e+03
