6.047530000000000000e+05
9.801100000000000000e+04
6.834000000000000000e+03
1.586720000000000000e+05
2.307200000000000000e+04
1.508200000000000000e+04
0.000000000000000000e+00
1.873460000000000000e+05
1.268000000000000000e+04
1.144720000000000000e+05
1.130200000000000000e+04
2.638549000000000000e+06
3.093910000000000000e+05
1.736060000000000000e+05
6.473000000000000000e+03
1.755040000000000000e+05
1.722000000000000000e+04
1.404700000000000000e+04
4.258000000000000000e+03
2.659190000000000000e+05
2.257100000000000000e+04
2.195360000000000000e+05
2.397900000000000000e+04
3.409731000000000000e+06
3.988130000000000000e+05
2.746680000000000000e+05
2.811700000000000000e+04
1.992860000000000000e+05
1.803200000000000000e+04
1.084700000000000000e+04
1.219300000000000000e+04
1.791540000000000000e+05
2.445600000000000000e+04
5.431700000000000000e+04
2.012800000000000000e+04
3.303818000000000000e+06
3.000190000000000000e+05
6.385600000000000000e+04
3.713000000000000000e+03
5.638200000000000000e+04
3.100000000000000000e+03
2.239000000000000000e+03
0.000000000000000000e+00
1.201330000000000000e+05
1.216600000000000000e+04
7.775300000000000000e+04
8.631000000000000000e+03
4.353370000000000000e+05
2.957020000000000000e+05
9.220800000000000000e+04
7.382000000000000000e+03
5.416000000000000000e+03
0.000000000000000000e+00
4.368000000000000000e+03
0.000000000000000000e+00
3.068100000000000000e+04
2.442000000000000000e+03
3.516600000000000000e+04
9.599000000000000000e+03
2.649556000000000000e+06
2.901950000000000000e+05
2.814737300000000000e+07
1.815950000000000000e+05
2.414760000000000000e+05
3.623600000000000000e+04
2.113000000000000000e+03
0.000000000000000000e+00
1.421500000000000000e+04
2.319000000000000000e+03
1.258700000000000000e+04
1.938200000000000000e+04
4.969374000000000000e+06
2.544490000000000000e+05
4.053900000000000000e+04
0.000000000000000000e+00
2.489000000000000000e+03
0.000000000000000000e+00
0.000000000000000000e+00
6.120000000000000000e+02
2.861000000000000000e+04
0.000000000000000000e+00
3.522400000000000000e+04
2.370000000000000000e+02
3.697030000000000000e+05
2.521680000000000000e+05
3.384200000000000000e+04
1.281000000000000000e+03
3.356800000000000000e+04
4.633000000000000000e+03
3.424000000000000000e+03
1.956000000000000000e+03
7.861000000000000000e+03
4.540000000000000000e+03
5.881000000000000000e+03
0.000000000000000000e+00
1.053173000000000000e+06
2.470030000000000000e+05
3.372800000000000000e+04
2.712000000000000000e+03
1.417000000000000000e+04
0.000000000000000000e+00
0.000000000000000000e+00
0.000000000000000000e+00
5.085000000000000000e+04
0.000000000000000000e+00
1.105690000000000000e+05
7.718000000000000000e+03
2.843665000000000000e+06
3.358830000000000000e+05
1.862170000000000000e+05
1.166500000000000000e+04
1.321160000000000000e+05
1.768900000000000000e+04
4.700000000000000000e+03
9.346000000000000000e+03
2.376570000000000000e+05
2.307100000000000000e+04
1.940070000000000000e+05
3.456800000000000000e+04
3.995401000000000000e+06
3.325210000000000000e+05
2.267500000000000000e+05
1.878800000000000000e+04
1.539040000000000000e+05
1.588600000000000000e+04
1.062900000000000000e+04
6.656000000000000000e+03
2.519730000000000000e+05
4.056900000000000000e+04
2.218300000000000000e+05
1.740600000000000000e+04
5.931560000000000000e+05
3.178070000000000000e+05
3.760780000000000000e+05
2.937600000000000000e+04
2.395410000000000000e+05
1.113000000000000000e+04
2.208000000000000000e+03
4.893000000000000000e+03
2.837210000000000000e+05
1.662700000000000000e+04
1.892370000000000000e+05
1.396000000000000000e+04
5.643710000000000000e+05
3.351740000000000000e+05
2.495300000000000000e+05
1.550300000000000000e+04
1.694970000000000000e+05
1.953400000000000000e+04
