5.463450000000000000e+05
1.257010000000000000e+05
1.118100000000000000e+04
2.171300000000000000e+04
7.378000000000000000e+03
3.650313000000000000e+06
3.682520000000000000e+05
2.225100000000000000e+04
0.000000000000000000e+00
5.248000000000000000e+03
0.000000000000000000e+00
7.354170000000000000e+05
7.237000000000000000e+03
1.072330000000000000e+05
6.887000000000000000e+03
9.509300000000000000e+04
9.210000000000000000e+02
2.887552000000000000e+06
4.327190000000000000e+05
1.732710000000000000e+05
1.259700000000000000e+04
1.314530000000000000e+05
1.464300000000000000e+04
7.388320000000000000e+05
1.145200000000000000e+04
1.480800000000000000e+05
1.504500000000000000e+04
7.768000000000000000e+04
5.268000000000000000e+03
2.001189000000000000e+06
4.017250000000000000e+05
1.245150000000000000e+05
8.567000000000000000e+03
9.977600000000000000e+04
9.980000000000000000e+02
5.783600000000000000e+05
1.201700000000000000e+04
1.615410000000000000e+05
1.842500000000000000e+04
1.070620000000000000e+05
7.507000000000000000e+03
6.383450000000000000e+05
3.428010000000000000e+05
1.034370000000000000e+05
5.194000000000000000e+03
5.852100000000000000e+04
4.549000000000000000e+03
2.502570000000000000e+05
1.024700000000000000e+04
6.484500000000000000e+04
3.108000000000000000e+03
1.371000000000000000e+04
2.238000000000000000e+03
1.871494000000000000e+06
4.428760000000000000e+05
3.691400000000000000e+04
3.341000000000000000e+03
1.412200000000000000e+04
0.000000000000000000e+00
5.894260000000000000e+05
9.574000000000000000e+03
0.000000000000000000e+00
0.000000000000000000e+00
9.336000000000000000e+03
0.000000000000000000e+00
7.201060000000000000e+05
4.146520000000000000e+05
7.767000000000000000e+04
3.454000000000000000e+03
4.394600000000000000e+04
3.715000000000000000e+03
2.520410000000000000e+05
1.196600000000000000e+04
9.137200000000000000e+04
1.592000000000000000e+03
3.916700000000000000e+04
0.000000000000000000e+00
1.926893000000000000e+06
3.667540000000000000e+05
8.149000000000000000e+04
2.107000000000000000e+03
2.101800000000000000e+04
2.846000000000000000e+03
5.736500000000000000e+05
1.572100000000000000e+04
6.623100000000000000e+04
2.370000000000000000e+03
5.155800000000000000e+04
6.729000000000000000e+03
6.394190000000000000e+05
3.666620000000000000e+05
9.894100000000000000e+04
9.314000000000000000e+03
3.927000000000000000e+04
6.772000000000000000e+03
2.527530000000000000e+05
1.611600000000000000e+04
4.766000000000000000e+04
7.632000000000000000e+03
5.438600000000000000e+04
8.305000000000000000e+03
2.784128000000000000e+06
4.743120000000000000e+05
1.710360000000000000e+05
1.104200000000000000e+04
1.365440000000000000e+05
7.658000000000000000e+03
7.240440000000000000e+05
6.693000000000000000e+03
2.606620000000000000e+05
3.262000000000000000e+04
2.416920000000000000e+05
3.267900000000000000e+04
6.850480000000000000e+05
4.584030000000000000e+05
2.598350000000000000e+05
2.773500000000000000e+04
2.078570000000000000e+05
1.421900000000000000e+04
2.606210000000000000e+05
1.096200000000000000e+04
2.129800000000000000e+05
2.758500000000000000e+04
1.272970000000000000e+05
1.755400000000000000e+04
1.645036000000000000e+06
4.464860000000000000e+05
1.141240000000000000e+05
7.989000000000000000e+03
1.100200000000000000e+04
0.000000000000000000e+00
3.845100000000000000e+05
1.084900000000000000e+04
4.708500000000000000e+04
2.421000000000000000e+03
7.463000000000000000e+04
0.000000000000000000e+00
6.043110000000000000e+05
4.534630000000000000e+05
1.603770000000000000e+05
1.462900000000000000e+04
8.787700000000000000e+04
1.388200000000000000e+04
2.441510000000000000e+05
8.219000000000000000e+03
8.479200000000000000e+04
4.633000000000000000e+03
1.554300000000000000e+04
0.000000000000000000e+00
