6.210460000000000000e+05
3.884000000000000000e+04
6.007000000000000000e+03
4.867800000000000000e+04
1.791000000000000000e+03
0.000000000000000000e+00
0.000000000000000000e+00
1.394500000000000000e+05
2.332500000000000000e+04
1.455700000000000000e+05
1.308500000000000000e+04
9.166620000000000000e+05
4.204610000000000000e+05
2.128330000000000000e+05
1.875700000000000000e+04
1.307740000000000000e+05
1.503600000000000000e+04
6.759000000000000000e+03
4.034000000000000000e+03
1.599330000000000000e+05
3.050300000000000000e+04
1.205520000000000000e+05
1.417000000000000000e+04
5.989700000000000000e+05
4.129910000000000000e+05
2.679910000000000000e+05
1.273100000000000000e+04
1.887060000000000000e+05
2.198100000000000000e+04
7.568000000000000000e+03
0.000000000000000000e+00
2.525470000000000000e+05
1.997700000000000000e+04
1.960450000000000000e+05
1.936900000000000000e+04
7.127990000000000000e+05
4.178280000000000000e+05
3.033300000000000000e+05
1.638900000000000000e+04
1.750370000000000000e+05
1.910500000000000000e+04
8.069000000000000000e+03
0.000000000000000000e+00
2.582500000000000000e+05
1.743800000000000000e+04
1.103910000000000000e+05
8.291000000000000000e+03
6.540640000000000000e+05
4.203450000000000000e+05
1.059750000000000000e+05
2.394000000000000000e+03
2.362200000000000000e+04
3.240000000000000000e+03
0.000000000000000000e+00
0.000000000000000000e+00
6.220000000000000000e+04
1.654000000000000000e+03
7.949800000000000000e+04
2.503000000000000000e+03
7.354500000000000000e+05
4.262060000000000000e+05
1.325380000000000000e+05
5.260000000000000000e+03
6.253300000000000000e+04
7.591000000000000000e+03
0.000000000000000000e+00
0.000000000000000000e+00
1.007180000000000000e+05
2.428000000000000000e+03
2.047200000000000000e+04
2.152000000000000000e+03
6.158520000000000000e+05
4.131140000000000000e+05
1.266230000000000000e+05
1.186900000000000000e+04
7.538900000000000000e+04
1.080400000000000000e+04
4.466000000000000000e+03
0.000000000000000000e+00
8.865800000000000000e+04
1.007000000000000000e+04
1.723200000000000000e+04
7.458000000000000000e+03
5.772180000000000000e+05
4.108640000000000000e+05
5.946500000000000000e+04
2.502000000000000000e+03
9.247700000000000000e+04
1.728400000000000000e+04
6.090000000000000000e+03
0.000000000000000000e+00
7.811500000000000000e+04
1.525200000000000000e+04
2.747900000000000000e+04
0.000000000000000000e+00
1.222404000000000000e+06
4.222070000000000000e+05
3.244200000000000000e+04
2.202000000000000000e+03
2.442700000000000000e+04
7.010000000000000000e+03
0.000000000000000000e+00
0.000000000000000000e+00
3.954200000000000000e+04
4.122000000000000000e+03
8.780000000000000000e+03
2.401000000000000000e+03
5.018990000000000000e+05
4.162790000000000000e+05
5.630000000000000000e+04
4.657000000000000000e+03
1.026710000000000000e+05
1.928700000000000000e+04
1.277000000000000000e+04
0.000000000000000000e+00
2.159550000000000000e+05
2.689200000000000000e+04
1.979040000000000000e+05
3.280400000000000000e+04
6.852890000000000000e+05
4.272910000000000000e+05
3.045340000000000000e+05
4.159100000000000000e+04
2.329390000000000000e+05
2.953000000000000000e+04
2.803000000000000000e+03
0.000000000000000000e+00
2.709020000000000000e+05
3.527300000000000000e+04
1.526180000000000000e+05
1.231900000000000000e+04
6.424760000000000000e+05
4.334720000000000000e+05
1.481070000000000000e+05
8.319000000000000000e+03
4.373900000000000000e+04
0.000000000000000000e+00
0.000000000000000000e+00
0.000000000000000000e+00
2.313600000000000000e+04
1.852000000000000000e+03
1.849000000000000000e+04
0.000000000000000000e+00
5.747730000000000000e+05
4.155730000000000000e+05
5.729300000000000000e+04
0.000000000000000000e+00
1.654800000000000000e+04
3.126000000000000000e+03
