6.262480000000000000e+05
1.802320000000000000e+05
9.541000000000000000e+03
4.527400000000000000e+04
2.494000000000000000e+03
3.057000000000000000e+03
0.000000000000000000e+00
3.270800000000000000e+04
8.660000000000000000e+02
8.901000000000000000e+03
0.000000000000000000e+00
9.450350000000000000e+05
4.283110000000000000e+05
6.313500000000000000e+04
0.000000000000000000e+00
3.761000000000000000e+04
4.838000000000000000e+03
0.000000000000000000e+00
0.000000000000000000e+00
8.882700000000000000e+04
2.674000000000000000e+03
2.744400000000000000e+04
0.000000000000000000e+00
6.067190000000000000e+05
4.392900000000000000e+05
9.137400000000000000e+04
2.046000000000000000e+03
4.644100000000000000e+04
2.715000000000000000e+03
0.000000000000000000e+00
0.000000000000000000e+00
5.409400000000000000e+04
3.022000000000000000e+03
5.045000000000000000e+04
6.522000000000000000e+03
1.174645000000000000e+06
4.346110000000000000e+05
9.920200000000000000e+04
1.036400000000000000e+04
5.938700000000000000e+04
8.361000000000000000e+03
5.328000000000000000e+03
0.000000000000000000e+00
8.020000000000000000e+04
2.330000000000000000e+04
4.526500000000000000e+04
3.901000000000000000e+03
5.677130000000000000e+05
4.333160000000000000e+05
9.409900000000000000e+04
4.318000000000000000e+03
2.823900000000000000e+04
3.892000000000000000e+03
4.192000000000000000e+03
0.000000000000000000e+00
6.178200000000000000e+04
4.592000000000000000e+03
2.758400000000000000e+04
1.666000000000000000e+03
6.725690000000000000e+05
4.320850000000000000e+05
3.837200000000000000e+04
3.412000000000000000e+03
1.273200000000000000e+04
1.355000000000000000e+03
0.000000000000000000e+00
0.000000000000000000e+00
1.509900000000000000e+04
3.141000000000000000e+03
6.357000000000000000e+03
0.000000000000000000e+00
5.274530000000000000e+05
4.332390000000000000e+05
3.328000000000000000e+04
0.000000000000000000e+00
3.096000000000000000e+03
0.000000000000000000e+00
0.000000000000000000e+00
0.000000000000000000e+00
7.780000000000000000e+03
0.000000000000000000e+00
3.009000000000000000e+03
0.000000000000000000e+00
4.944980000000000000e+05
4.379160000000000000e+05
4.039300000000000000e+04
0.000000000000000000e+00
2.086500000000000000e+04
6.210000000000000000e+02
8.240000000000000000e+02
0.000000000000000000e+00
1.706000000000000000e+03
0.000000000000000000e+00
4.225000000000000000e+03
0.000000000000000000e+00
6.145760000000000000e+05
4.370520000000000000e+05
3.089000000000000000e+04
0.000000000000000000e+00
7.716000000000000000e+03
0.000000000000000000e+00
5.730000000000000000e+02
0.000000000000000000e+00
2.356100000000000000e+04
0.000000000000000000e+00
2.587900000000000000e+04
1.079000000000000000e+03
5.350660000000000000e+05
4.307860000000000000e+05
8.377100000000000000e+04
1.906000000000000000e+03
4.093100000000000000e+04
6.976000000000000000e+03
1.403000000000000000e+03
0.000000000000000000e+00
8.533800000000000000e+04
1.054200000000000000e+04
4.241000000000000000e+04
2.454000000000000000e+03
6.695630000000000000e+05
4.373760000000000000e+05
5.504100000000000000e+04
4.015000000000000000e+03
2.121100000000000000e+04
7.013000000000000000e+03
0.000000000000000000e+00
0.000000000000000000e+00
1.199800000000000000e+04
0.000000000000000000e+00
7.350000000000000000e+03
1.372000000000000000e+03
5.609100000000000000e+05
4.374730000000000000e+05
3.990400000000000000e+04
0.000000000000000000e+00
1.010500000000000000e+04
3.115000000000000000e+03
0.000000000000000000e+00
0.000000000000000000e+00
3.379100000000000000e+04
1.940000000000000000e+03
1.608700000000000000e+04
1.277000000000000000e+03
5.380550000000000000e+05
4.336330000000000000e+05
4.406000000000000000e+04
5.405000000000000000e+03
9.805600000000000000e+04
2.460000000000000000e+02
