3.486830000000000000e+05
1.019640000000000000e+05
1.678700000000000000e+04
7.209600000000000000e+04
1.041000000000000000e+04
1.663081000000000000e+06
4.854460000000000000e+05
8.420400000000000000e+04
3.646000000000000000e+03
2.555400000000000000e+04
1.950000000000000000e+03
6.042280000000000000e+05
6.540000000000000000e+03
8.902500000000000000e+04
3.478000000000000000e+03
4.903900000000000000e+04
3.985000000000000000e+03
6.768950000000000000e+05
4.681560000000000000e+05
1.619180000000000000e+05
9.619000000000000000e+03
7.156000000000000000e+04
8.809000000000000000e+03
2.606590000000000000e+05
6.939000000000000000e+03
1.139910000000000000e+05
9.260000000000000000e+03
7.881200000000000000e+04
9.663000000000000000e+03
7.798040000000000000e+05
4.751080000000000000e+05
1.602200000000000000e+05
1.417800000000000000e+04
8.963400000000000000e+04
1.441600000000000000e+04
2.744880000000000000e+05
4.962000000000000000e+03
8.398500000000000000e+04
1.166600000000000000e+04
3.667000000000000000e+04
1.381000000000000000e+03
6.845230000000000000e+05
4.796200000000000000e+05
4.231600000000000000e+04
0.000000000000000000e+00
1.421900000000000000e+04
2.822000000000000000e+03
2.682390000000000000e+05
5.575000000000000000e+03
3.294500000000000000e+04
6.408000000000000000e+03
8.647000000000000000e+03
0.000000000000000000e+00
6.295880000000000000e+05
4.819550000000000000e+05
3.822200000000000000e+04
0.000000000000000000e+00
1.398500000000000000e+04
3.476000000000000000e+03
2.539440000000000000e+05
4.904000000000000000e+03
1.141600000000000000e+04
0.000000000000000000e+00
9.920000000000000000e+03
0.000000000000000000e+00
7.895310000000000000e+05
4.719110000000000000e+05
3.221500000000000000e+04
0.000000000000000000e+00
1.508700000000000000e+04
0.000000000000000000e+00
2.717390000000000000e+05
6.544000000000000000e+03
3.318100000000000000e+04
5.644000000000000000e+03
7.610000000000000000e+03
1.697000000000000000e+03
6.194280000000000000e+05
4.754370000000000000e+05
3.308400000000000000e+04
0.000000000000000000e+00
1.449700000000000000e+04
2.561000000000000000e+03
2.447050000000000000e+05
7.763000000000000000e+03
4.944600000000000000e+04
5.684000000000000000e+03
6.711800000000000000e+04
1.064200000000000000e+04
7.911130000000000000e+05
4.768720000000000000e+05
1.587740000000000000e+05
1.873300000000000000e+04
1.180020000000000000e+05
9.861000000000000000e+03
2.828900000000000000e+05
4.148000000000000000e+03
2.116790000000000000e+05
6.835000000000000000e+03
1.543960000000000000e+05
5.585000000000000000e+03
6.864760000000000000e+05
4.953230000000000000e+05
2.144640000000000000e+05
8.706000000000000000e+03
9.388100000000000000e+04
1.174000000000000000e+04
2.679040000000000000e+05
4.148000000000000000e+03
1.954840000000000000e+05
2.290300000000000000e+04
1.820540000000000000e+05
1.525600000000000000e+04
7.122540000000000000e+05
4.871260000000000000e+05
2.705760000000000000e+05
1.837600000000000000e+04
2.380720000000000000e+05
2.684900000000000000e+04
2.745150000000000000e+05
4.715000000000000000e+03
3.124590000000000000e+05
3.108000000000000000e+04
2.074650000000000000e+05
1.920000000000000000e+04
1.726417000000000000e+06
4.499220000000000000e+05
2.176000000000000000e+05
1.472600000000000000e+04
1.295050000000000000e+05
1.973400000000000000e+04
4.062890000000000000e+05
6.738000000000000000e+03
9.955500000000000000e+04
1.727800000000000000e+04
2.216400000000000000e+04
4.197000000000000000e+03
6.497930000000000000e+05
4.404060000000000000e+05
6.987400000000000000e+04
7.512000000000000000e+03
3.834800000000000000e+04
5.846000000000000000e+03
2.344860000000000000e+05
6.099000000000000000e+03
5.017600000000000000e+04
4.814000000000000000e+03
2.848300000000000000e+04
2.830000000000000000e+03
