6.102150000000000000e+05
4.501182800000000000e+07
7.352320000000000000e+05
2.260240000000000000e+05
2.624500000000000000e+04
1.482600000000000000e+04
4.598000000000000000e+03
1.790900000000000000e+04
5.602000000000000000e+03
2.088000000000000000e+04
8.410000000000000000e+02
4.918147000000000000e+06
5.358220000000000000e+05
6.421300000000000000e+04
1.260000000000000000e+03
2.518800000000000000e+04
0.000000000000000000e+00
0.000000000000000000e+00
0.000000000000000000e+00
2.603400000000000000e+04
1.860000000000000000e+03
4.325100000000000000e+04
1.157500000000000000e+04
6.758200000000000000e+05
5.330050000000000000e+05
8.642700000000000000e+04
9.457000000000000000e+03
4.552400000000000000e+04
0.000000000000000000e+00
7.214000000000000000e+03
0.000000000000000000e+00
4.145700000000000000e+04
4.251000000000000000e+03
5.139000000000000000e+03
0.000000000000000000e+00
1.271939000000000000e+06
5.214510000000000000e+05
7.009200000000000000e+04
1.392000000000000000e+03
8.870000000000000000e+03
0.000000000000000000e+00
0.000000000000000000e+00
0.000000000000000000e+00
1.617800000000000000e+04
0.000000000000000000e+00
1.282000000000000000e+03
0.000000000000000000e+00
6.274550000000000000e+05
5.151880000000000000e+05
6.560200000000000000e+04
1.536000000000000000e+03
4.316500000000000000e+04
2.535000000000000000e+03
2.488000000000000000e+03
0.000000000000000000e+00
6.539400000000000000e+04
4.559000000000000000e+03
4.818000000000000000e+04
3.552000000000000000e+03
8.603470000000000000e+05
5.462950000000000000e+05
6.718400000000000000e+04
0.000000000000000000e+00
2.691000000000000000e+03
0.000000000000000000e+00
0.000000000000000000e+00
0.000000000000000000e+00
0.000000000000000000e+00
0.000000000000000000e+00
1.209700000000000000e+04
3.454000000000000000e+03
6.531980000000000000e+05
5.402280000000000000e+05
9.681500000000000000e+04
7.351000000000000000e+03
4.748900000000000000e+04
6.389000000000000000e+03
0.000000000000000000e+00
0.000000000000000000e+00
7.716500000000000000e+04
7.800000000000000000e+03
3.460500000000000000e+04
4.810000000000000000e+03
6.550370000000000000e+05
5.424650000000000000e+05
7.251900000000000000e+04
6.640000000000000000e+02
8.776700000000000000e+04
6.982000000000000000e+03
2.132400000000000000e+04
0.000000000000000000e+00
3.038900000000000000e+04
2.337000000000000000e+03
3.384700000000000000e+04
0.000000000000000000e+00
2.335145000000000000e+06
5.295970000000000000e+05
9.415500000000000000e+04
7.194000000000000000e+03
2.346600000000000000e+04
4.362000000000000000e+03
0.000000000000000000e+00
0.000000000000000000e+00
9.123900000000000000e+04
1.538300000000000000e+04
1.186860000000000000e+05
1.267500000000000000e+04
7.329260000000000000e+05
5.392090000000000000e+05
2.486430000000000000e+05
2.321400000000000000e+04
1.580540000000000000e+05
1.441700000000000000e+04
6.596000000000000000e+03
4.232000000000000000e+03
1.973860000000000000e+05
1.596400000000000000e+04
1.868260000000000000e+05
2.960800000000000000e+04
8.305050000000000000e+05
5.441360000000000000e+05
2.857480000000000000e+05
1.406100000000000000e+04
1.995300000000000000e+05
2.015900000000000000e+04
4.798000000000000000e+03
0.000000000000000000e+00
2.795920000000000000e+05
1.908100000000000000e+04
1.831310000000000000e+05
1.688000000000000000e+04
7.554330000000000000e+05
5.482700000000000000e+05
3.106520000000000000e+05
1.886300000000000000e+04
1.646400000000000000e+05
1.077400000000000000e+04
0.000000000000000000e+00
0.000000000000000000e+00
1.739390000000000000e+05
1.038000000000000000e+04
9.930000000000000000e+04
9.511000000000000000e+03
7.471870000000000000e+05
5.416410000000000000e+05
1.960370000000000000e+05
1.088800000000000000e+04
7.993100000000000000e+04
4.236000000000000000e+03
