0.000000000000000000e+00
8.072000000000000000e+03
9.774400000000000000e+04
1.658300000000000000e+05
1.850110000000000000e+05
2.021680000000000000e+05
2.202490000000000000e+05
2.387970000000000000e+05
2.165470000000000000e+05
2.621160000000000000e+05
2.477800000000000000e+05
3.407420000000000000e+05
2.576550000000000000e+05
2.275780000000000000e+05
2.364110000000000000e+05
2.673400000000000000e+05
2.820580000000000000e+05
2.722860000000000000e+05
2.761270000000000000e+05
2.861030000000000000e+05
3.028730000000000000e+05
2.807840000000000000e+05
2.900800000000000000e+05
3.817800000000000000e+05
2.340190000000000000e+05
2.427920000000000000e+05
2.371190000000000000e+05
2.123010000000000000e+05
2.422380000000000000e+05
2.166710000000000000e+05
2.203020000000000000e+05
2.337920000000000000e+05
2.188930000000000000e+05
2.048900000000000000e+05
2.047170000000000000e+05
3.214950000000000000e+05
1.755900000000000000e+05
1.607370000000000000e+05
1.916820000000000000e+05
1.685940000000000000e+05
1.773780000000000000e+05
1.683700000000000000e+05
1.850530000000000000e+05
1.573390000000000000e+05
1.783930000000000000e+05
1.469850000000000000e+05
1.360060000000000000e+05
2.458140000000000000e+05
1.011010000000000000e+05
1.020490000000000000e+05
9.036200000000000000e+04
9.796600000000000000e+04
1.079040000000000000e+05
9.817200000000000000e+04
1.115500000000000000e+05
9.164200000000000000e+04
1.091850000000000000e+05
1.015110000000000000e+05
1.080520000000000000e+05
1.901110000000000000e+05
8.895500000000000000e+04
9.769500000000000000e+04
9.624000000000000000e+04
1.908300000000000000e+05
1.414010000000000000e+05
1.078520000000000000e+05
1.088050000000000000e+05
1.265210000000000000e+05
1.381530000000000000e+05
1.125260000000000000e+05
1.333500000000000000e+05
2.206690000000000000e+05
1.278100000000000000e+05
1.162930000000000000e+05
1.201780000000000000e+05
1.239000000000000000e+05
1.312650000000000000e+05
1.464650000000000000e+05
1.341200000000000000e+05
1.443910000000000000e+05
1.492190000000000000e+05
1.401840000000000000e+05
1.483200000000000000e+05
2.334080000000000000e+05
1.311960000000000000e+05
1.300570000000000000e+05
1.378770000000000000e+05
1.420710000000000000e+05
1.493080000000000000e+05
1.365510000000000000e+05
1.428790000000000000e+05
1.340600000000000000e+05
1.456220000000000000e+05
1.247870000000000000e+05
1.305900000000000000e+05
2.192310000000000000e+05
1.047540000000000000e+05
1.251730000000000000e+05
1.228270000000000000e+05
1.337510000000000000e+05
1.232850000000000000e+05
1.181100000000000000e+05
1.350940000000000000e+05
1.233830000000000000e+05
1.271580000000000000e+05
1.310180000000000000e+05
1.198110000000000000e+05
1.946310000000000000e+05
9.611500000000000000e+04
1.253570000000000000e+05
1.967720000000000000e+05
1.879900000000000000e+05
1.839320000000000000e+05
1.690100000000000000e+05
1.771690000000000000e+05
1.617110000000000000e+05
1.549440000000000000e+05
1.570750000000000000e+05
1.429310000000000000e+05
1.369960000000000000e+05
7.300500000000000000e+04
2.720000000000000000e+03
0.000000000000000000e+00
0.000000000000000000e+00
0.000000000000000000e+00
0.000000000000000000e+00
0.000000000000000000e+00
3.840000000000000000e+02
0.000000000000000000e+00
0.000000000000000000e+00
0.000000000000000000e+00
1.689000000000000000e+03
0.000000000000000000e+00
0.000000000000000000e+00
0.000000000000000000e+00
0.000000000000000000e+00
3.048120000000000000e+06
5.914080000000000000e+05
4.282400000000000000e+04
1.938750000000000000e+05
1.607760000000000000e+05
4.732000000000000000e+04
5.808000000000000000e+03
6.434600000000000000e+04
2.527000000000000000e+03
8.820000000000000000e+02
1.920000000000000000e+03
5.760000000000000000e+02
