0.000000000000000000e+00
0.000000000000000000e+00
0.000000000000000000e+00
0.000000000000000000e+00
6.960000000000000000e+02
5.760000000000000000e+02
1.840000000000000000e+02
0.000000000000000000e+00
0.000000000000000000e+00
0.000000000000000000e+00
0.000000000000000000e+00
8.080000000000000000e+02
0.000000000000000000e+00
0.000000000000000000e+00
2.240000000000000000e+02
0.000000000000000000e+00
0.000000000000000000e+00
0.000000000000000000e+00
0.000000000000000000e+00
0.000000000000000000e+00
4.480000000000000000e+02
7.760000000000000000e+02
0.000000000000000000e+00
1.840000000000000000e+02
0.000000000000000000e+00
3.440000000000000000e+02
0.000000000000000000e+00
1.840000000000000000e+02
0.000000000000000000e+00
1.920000000000000000e+02
9.814620000000000000e+05
5.316490000000000000e+05
6.445940000000000000e+05
4.846860000000000000e+05
1.078700000000000000e+04
2.340000000000000000e+03
0.000000000000000000e+00
3.864000000000000000e+03
3.955120000000000000e+05
5.350887800000000000e+07
6.303501000000000000e+06
4.267409000000000000e+06
2.906991000000000000e+06
1.918348000000000000e+06
2.598478000000000000e+06
2.470822000000000000e+06
4.102497000000000000e+06
3.570491000000000000e+06
3.717590000000000000e+06
1.577989000000000000e+06
2.565452000000000000e+06
3.340620000000000000e+06
1.815282000000000000e+06
3.176623000000000000e+06
2.199367000000000000e+06
1.402488000000000000e+06
1.269158000000000000e+06
2.471233000000000000e+06
1.647439000000000000e+06
1.734217000000000000e+06
1.474775000000000000e+06
1.225176000000000000e+06
1.040864000000000000e+06
2.092849000000000000e+06
1.364848000000000000e+06
1.367572000000000000e+06
1.492275000000000000e+06
1.208150000000000000e+06
9.528220000000000000e+05
1.515171000000000000e+06
1.420129000000000000e+06
1.226312000000000000e+06
1.235975000000000000e+06
1.056040000000000000e+06
1.027255000000000000e+06
1.508550000000000000e+06
1.081484000000000000e+06
1.217432000000000000e+06
1.437810000000000000e+06
1.087622000000000000e+06
8.636320000000000000e+05
1.275416000000000000e+06
8.753520000000000000e+05
1.210294000000000000e+06
1.833560000000000000e+06
1.250861000000000000e+06
1.056441000000000000e+06
1.612595000000000000e+06
8.338450000000000000e+05
6.156964400000000000e+07
2.104030000000000000e+05
2.016240000000000000e+05
1.830640000000000000e+05
1.814460000000000000e+06
2.672035600000000000e+07
6.833300000000000000e+05
2.712869700000000000e+07
2.320135000000000000e+07
3.035756600000000000e+07
1.813685000000000000e+06
5.358361700000000000e+07
3.861997900000000000e+07
2.136566000000000000e+06
1.516383000000000000e+06
1.488424000000000000e+06
2.773044000000000000e+06
3.938346000000000000e+07
4.398790000000000000e+05
1.719900000000000000e+04
2.173600000000000000e+04
1.189700000000000000e+04
5.505100000000000000e+04
1.211370000000000000e+05
9.299000000000000000e+03
3.583300000000000000e+04
6.511000000000000000e+03
2.458000000000000000e+03
0.000000000000000000e+00
6.092300000000000000e+04
2.484000000000000000e+03
3.900000000000000000e+02
7.888000000000000000e+03
1.360000000000000000e+02
0.000000000000000000e+00
0.000000000000000000e+00
0.000000000000000000e+00
0.000000000000000000e+00
0.000000000000000000e+00
0.000000000000000000e+00
0.000000000000000000e+00
3.114000000000000000e+03
2.255970000000000000e+05
2.677344900000000000e+07
5.872856000000000000e+06
1.024601000000000000e+06
1.483215000000000000e+06
2.587273000000000000e+06
1.338654000000000000e+06
1.625275000000000000e+06
8.791670000000000000e+05
8.201540000000000000e+05
3.143965000000000000e+07
3.135462600000000000e+07
3.134115800000000000e+07
2.531454300000000000e+07
1.197243800000000000e+07
8.324171000000000000e+06
2.661089100000000000e+07
