1.246520000000000000e+05
1.442720000000000000e+05
1.769110000000000000e+05
1.039510000000000000e+05
9.681500000000000000e+04
1.181360000000000000e+05
1.511830000000000000e+05
8.867900000000000000e+04
6.952600000000000000e+04
5.102500000000000000e+04
1.177187000000000000e+06
4.795700000000000000e+05
9.313600000000000000e+04
8.933600000000000000e+04
1.058420000000000000e+05
8.178000000000000000e+04
1.046630000000000000e+05
1.414030000000000000e+05
1.536140000000000000e+05
6.792900000000000000e+04
8.300300000000000000e+04
7.842200000000000000e+04
7.911930000000000000e+05
4.103310000000000000e+05
1.166030000000000000e+05
9.675000000000000000e+04
6.269500000000000000e+04
8.282700000000000000e+04
9.228000000000000000e+04
8.514700000000000000e+04
1.109740000000000000e+05
8.911800000000000000e+04
5.859900000000000000e+04
1.163070000000000000e+05
9.384720000000000000e+05
5.014660000000000000e+05
1.407650000000000000e+05
8.836400000000000000e+04
8.581300000000000000e+04
1.222920000000000000e+05
1.100960000000000000e+05
1.197290000000000000e+05
9.897000000000000000e+04
1.135030000000000000e+05
9.037300000000000000e+04
8.711200000000000000e+04
9.883140000000000000e+05
5.175380000000000000e+05
1.601840000000000000e+05
1.233220000000000000e+05
2.425600000000000000e+05
1.386050000000000000e+05
1.273370000000000000e+05
2.130670000000000000e+05
2.490140000000000000e+05
2.360320000000000000e+05
1.891060000000000000e+05
1.404850000000000000e+05
1.145656000000000000e+06
6.158390000000000000e+05
5.308890000000000000e+05
2.964013100000000000e+07
4.714810000000000000e+05
4.348960000000000000e+05
2.513910000000000000e+05
2.161500000000000000e+05
2.741520000000000000e+05
2.392890000000000000e+05
3.591150000000000000e+05
1.859920000000000000e+05
1.509823000000000000e+06
6.102880000000000000e+05
1.668980000000000000e+05
1.885600000000000000e+05
1.344910000000000000e+05
1.643640000000000000e+05
1.644870000000000000e+05
2.202880000000000000e+05
1.995470000000000000e+05
1.353040000000000000e+05
1.844470000000000000e+05
1.607870000000000000e+05
1.295212000000000000e+06
5.246380000000000000e+05
1.519650000000000000e+05
1.522320000000000000e+05
1.063250000000000000e+05
1.080350000000000000e+05
1.550660000000000000e+05
1.492880000000000000e+05
1.567020000000000000e+05
1.670360000000000000e+05
1.356910000000000000e+05
1.024700000000000000e+05
1.147003000000000000e+06
5.404630000000000000e+05
1.883470000000000000e+05
1.632800000000000000e+05
1.188430000000000000e+05
1.163930000000000000e+05
1.487810000000000000e+05
1.374950000000000000e+05
1.675610000000000000e+05
1.890110000000000000e+05
1.470810000000000000e+05
1.191980000000000000e+05
1.057414000000000000e+06
4.957660000000000000e+05
1.830210000000000000e+05
2.827600000000000000e+05
3.941140000000000000e+05
5.081980000000000000e+05
3.789157500000000000e+07
3.586850000000000000e+05
5.094500000000000000e+05
3.625280000000000000e+05
2.451680000000000000e+05
7.919000000000000000e+04
9.092100000000000000e+04
1.099090000000000000e+05
8.800740000000000000e+05
9.759830000000000000e+05
5.347590000000000000e+05
4.584840000000000000e+05
1.290779000000000000e+06
1.768045000000000000e+06
5.201790000000000000e+05
2.875600000000000000e+05
3.201060000000000000e+05
4.686130000000000000e+05
7.522210000000000000e+05
5.424820000000000000e+05
1.158650000000000000e+05
3.280400000000000000e+05
4.144250000000000000e+05
2.056760000000000000e+05
8.946400000000000000e+05
1.084634000000000000e+06
6.767700000000000000e+05
5.975760000000000000e+05
2.780070000000000000e+05
1.873810000000000000e+05
1.599510000000000000e+05
7.456400000000000000e+04
5.257100000000000000e+04
1.839000000000000000e+04
2.035200000000000000e+04
2.662400000000000000e+04
