2.533600000000000000e+04
1.088000000000000000e+03
6.912000000000000000e+03
7.050000000000000000e+03
7.680000000000000000e+02
8.968000000000000000e+03
2.432000000000000000e+03
0.000000000000000000e+00
2.841600000000000000e+04
9.600000000000000000e+03
8.022000000000000000e+03
3.632400000000000000e+05
5.112000000000000000e+03
3.840000000000000000e+02
2.560000000000000000e+03
1.593600000000000000e+04
8.960000000000000000e+03
2.782230000000000000e+05
3.061120000000000000e+05
2.763840000000000000e+05
3.213040000000000000e+05
6.075770000000000000e+05
4.961580000000000000e+05
1.207456000000000000e+06
1.257134000000000000e+06
1.456551000000000000e+06
2.480914000000000000e+06
3.102383000000000000e+06
4.480518000000000000e+06
4.270863000000000000e+06
8.123472000000000000e+06
6.665752000000000000e+06
2.927136000000000000e+06
2.688335000000000000e+06
2.398835000000000000e+06
3.896068000000000000e+06
2.734129000000000000e+06
2.804090000000000000e+06
2.807111000000000000e+06
2.360493000000000000e+06
2.035426000000000000e+06
2.091499000000000000e+06
2.825724000000000000e+06
2.382157000000000000e+06
2.620096000000000000e+06
2.004936000000000000e+06
1.872395000000000000e+06
3.471102000000000000e+06
2.336740000000000000e+06
2.360754000000000000e+06
2.341023000000000000e+06
2.421059000000000000e+06
1.360867000000000000e+06
1.663147000000000000e+06
2.189501000000000000e+06
1.739084000000000000e+06
1.975818000000000000e+06
1.931213000000000000e+06
1.375525000000000000e+06
3.117053000000000000e+06
2.061296000000000000e+06
1.865394000000000000e+06
1.681631000000000000e+06
1.838505000000000000e+06
1.315983000000000000e+06
1.372568000000000000e+06
1.966247000000000000e+06
1.679572000000000000e+06
1.654275000000000000e+06
1.701552000000000000e+06
1.318143000000000000e+06
3.076543000000000000e+06
1.811145000000000000e+06
1.789418000000000000e+06
1.775267000000000000e+06
1.395796000000000000e+06
1.352756000000000000e+06
1.303371000000000000e+06
1.343275000000000000e+06
1.424378000000000000e+06
1.464796000000000000e+06
1.356879000000000000e+06
1.084832000000000000e+06
2.941287000000000000e+06
8.808760000000000000e+05
9.920720000000000000e+05
1.108173000000000000e+06
9.662010000000000000e+05
9.916290000000000000e+05
9.146430000000000000e+05
8.698050000000000000e+05
8.510670000000000000e+05
8.893960000000000000e+05
9.922380000000000000e+05
7.279230000000000000e+05
2.679228000000000000e+06
9.170700000000000000e+05
6.295090000000000000e+05
8.586480000000000000e+05
8.437410000000000000e+05
9.739320000000000000e+05
7.682100000000000000e+05
8.244030000000000000e+05
7.737710000000000000e+05
9.193820000000000000e+05
1.124729000000000000e+06
6.534810000000000000e+05
2.540291000000000000e+06
8.098600000000000000e+05
9.626280000000000000e+05
9.626380000000000000e+05
8.025280000000000000e+05
1.001822000000000000e+06
8.497500000000000000e+05
7.343490000000000000e+05
9.145590000000000000e+05
9.632300000000000000e+05
1.044440000000000000e+06
6.370300000000000000e+05
2.500801000000000000e+06
9.036930000000000000e+05
7.933520000000000000e+05
9.222650000000000000e+05
9.950620000000000000e+05
8.610310000000000000e+05
6.983060000000000000e+05
5.518710000000000000e+05
9.872980000000000000e+05
1.009099000000000000e+06
8.826810000000000000e+05
6.163980000000000000e+05
2.382643000000000000e+06
9.314400000000000000e+05
1.296030000000000000e+06
9.987400000000000000e+05
7.387990000000000000e+05
6.288460000000000000e+05
1.008679000000000000e+06
8.679180000000000000e+05
7.379170000000000000e+05
1.200313000000000000e+06
1.241188000000000000e+06
5.610810000000000000e+05
2.461543000000000000e+06
9.680600000000000000e+05
7.428950000000000000e+05
1.158982000000000000e+06
1.025406000000000000e+06
