1.184530000000000000e+06
7.332380000000000000e+05
1.072627000000000000e+06
1.279748000000000000e+06
9.182150000000000000e+05
1.141726000000000000e+06
2.642380000000000000e+06
1.052265000000000000e+06
8.883730000000000000e+05
1.153346000000000000e+06
1.081904000000000000e+06
1.515529000000000000e+06
9.511700000000000000e+05
7.853920000000000000e+05
1.209927000000000000e+06
1.307030000000000000e+06
1.091101000000000000e+06
7.900340000000000000e+05
2.782761000000000000e+06
8.503090000000000000e+05
1.201058000000000000e+06
1.179794000000000000e+06
8.006620000000000000e+05
1.426104000000000000e+06
1.077909000000000000e+06
7.046150000000000000e+05
1.217584000000000000e+06
1.048324000000000000e+06
1.028905000000000000e+06
9.746770000000000000e+05
2.597784000000000000e+06
8.218580000000000000e+05
1.151364000000000000e+06
8.093750000000000000e+05
8.129660000000000000e+05
1.283501000000000000e+06
1.066342000000000000e+06
7.556360000000000000e+05
7.284000000000000000e+05
8.668120000000000000e+05
9.486950000000000000e+05
9.707090000000000000e+05
2.430393000000000000e+06
7.411530000000000000e+05
9.058540000000000000e+05
9.004650000000000000e+05
7.126800000000000000e+05
1.289702000000000000e+06
6.173380000000000000e+05
7.632330000000000000e+05
1.028273000000000000e+06
8.916720000000000000e+05
7.871550000000000000e+05
7.276410000000000000e+05
2.233664000000000000e+06
9.245550000000000000e+05
6.627580000000000000e+05
6.200730000000000000e+05
7.959660000000000000e+05
1.163224000000000000e+06
5.071490000000000000e+05
7.416300000000000000e+05
7.198510000000000000e+05
7.766760000000000000e+05
9.879530000000000000e+05
5.905900000000000000e+05
2.107941000000000000e+06
6.753450000000000000e+05
5.365160000000000000e+05
4.814490000000000000e+05
8.051600000000000000e+05
9.652350000000000000e+05
5.469130000000000000e+05
5.525910000000000000e+05
6.684350000000000000e+05
7.069830000000000000e+05
5.478540000000000000e+05
5.014770000000000000e+05
1.992736000000000000e+06
4.492980000000000000e+05
6.289360000000000000e+05
2.963600000000000000e+05
7.359820000000000000e+05
9.025760000000000000e+05
5.104280000000000000e+05
3.599560000000000000e+05
5.022550000000000000e+05
3.824120000000000000e+05
4.595400000000000000e+05
5.059760000000000000e+05
1.753581000000000000e+06
2.760600000000000000e+05
3.363680000000000000e+05
4.033670000000000000e+05
4.103260000000000000e+05
7.228010000000000000e+05
2.963910000000000000e+05
2.637160000000000000e+05
3.937490000000000000e+05
3.294940000000000000e+05
3.425140000000000000e+05
3.123000000000000000e+05
1.607609000000000000e+06
3.137760000000000000e+05
3.432130000000000000e+05
2.241840000000000000e+05
2.679050000000000000e+05
7.021000000000000000e+05
1.866380000000000000e+05
1.817230000000000000e+05
1.889030000000000000e+05
2.489690000000000000e+05
1.944440000000000000e+05
1.727160000000000000e+05
1.418746000000000000e+06
1.918360000000000000e+05
1.727270000000000000e+05
1.973590000000000000e+05
1.586890000000000000e+05
5.189580000000000000e+05
1.253070000000000000e+05
1.281860000000000000e+05
1.879590000000000000e+05
9.795700000000000000e+04
1.588940000000000000e+05
1.246460000000000000e+05
1.143901000000000000e+06
1.532470000000000000e+05
1.024100000000000000e+05
9.092400000000000000e+04
1.675070000000000000e+05
7.125180000000000000e+05
2.494400000000000000e+05
1.686490000000000000e+05
3.267550000000000000e+05
1.110350000000000000e+05
2.800300000000000000e+05
5.522690000000000000e+05
1.585738000000000000e+06
1.019066000000000000e+06
6.008388900000000000e+07
3.877760000000000000e+05
3.136000000000000000e+03
2.841000000000000000e+04
1.094000000000000000e+04
2.838100000000000000e+04
1.003200000000000000e+04
2.412800000000000000e+04
