7.408000000000000000e+03
1.240000000000000000e+04
6.640000000000000000e+02
1.092450000000000000e+05
2.624000000000000000e+03
3.520000000000000000e+02
0.000000000000000000e+00
0.000000000000000000e+00
0.000000000000000000e+00
0.000000000000000000e+00
0.000000000000000000e+00
1.455900000000000000e+04
4.000000000000000000e+02
0.000000000000000000e+00
0.000000000000000000e+00
6.912000000000000000e+03
0.000000000000000000e+00
0.000000000000000000e+00
0.000000000000000000e+00
0.000000000000000000e+00
0.000000000000000000e+00
0.000000000000000000e+00
0.000000000000000000e+00
9.928000000000000000e+03
0.000000000000000000e+00
0.000000000000000000e+00
0.000000000000000000e+00
1.440000000000000000e+03
0.000000000000000000e+00
1.312000000000000000e+03
1.440000000000000000e+03
0.000000000000000000e+00
0.000000000000000000e+00
0.000000000000000000e+00
0.000000000000000000e+00
1.885600000000000000e+04
0.000000000000000000e+00
0.000000000000000000e+00
0.000000000000000000e+00
0.000000000000000000e+00
1.520000000000000000e+02
0.000000000000000000e+00
2.208000000000000000e+03
2.351030000000000000e+05
1.375330000000000000e+05
6.385000000000000000e+03
7.988000000000000000e+03
3.315900000000000000e+04
1.446000000000000000e+03
1.142600000000000000e+04
4.475000000000000000e+03
4.414800000000000000e+04
4.872000000000000000e+03
5.908000000000000000e+03
3.542000000000000000e+03
8.736190000000000000e+05
3.868800000000000000e+05
3.478450000000000000e+05
1.847550000000000000e+05
5.171620000000000000e+05
3.806480000000000000e+05
4.225440000000000000e+05
0.000000000000000000e+00
1.266118000000000000e+06
3.969000000000000000e+03
2.647000000000000000e+03
3.190400000000000000e+04
3.738800000000000000e+04
3.145600000000000000e+04
2.899900000000000000e+04
3.156800000000000000e+04
4.033060000000000000e+05
2.811300000000000000e+04
2.115100000000000000e+04
6.275000000000000000e+03
1.222770000000000000e+06
3.065000000000000000e+03
1.193000000000000000e+03
6.137000000000000000e+03
3.171000000000000000e+03
2.569000000000000000e+03
1.189000000000000000e+03
1.223000000000000000e+04
2.866200000000000000e+04
1.780000000000000000e+03
8.607000000000000000e+03
1.054000000000000000e+03
7.422500000000000000e+04
3.558000000000000000e+03
2.889000000000000000e+03
1.285200000000000000e+04
5.888000000000000000e+03
3.786000000000000000e+03
7.290000000000000000e+02
1.771000000000000000e+03
3.172900000000000000e+04
1.488600000000000000e+04
3.184000000000000000e+03
1.060080000000000000e+05
3.020360000000000000e+05
4.368000000000000000e+03
6.094000000000000000e+03
1.006200000000000000e+04
1.828600000000000000e+04
3.779000000000000000e+03
4.130000000000000000e+03
6.635000000000000000e+03
4.836100000000000000e+04
3.803000000000000000e+03
3.712000000000000000e+03
7.060000000000000000e+03
9.449700000000000000e+04
9.044000000000000000e+03
3.684000000000000000e+03
1.653400000000000000e+04
1.599600000000000000e+04
5.184000000000000000e+03
1.174100000000000000e+04
3.342000000000000000e+03
8.207540000000000000e+05
3.542980000000000000e+05
6.541570000000000000e+05
4.107520000000000000e+05
4.054370000000000000e+05
2.926780000000000000e+05
2.048000000000000000e+03
3.236580000000000000e+05
1.049600000000000000e+04
0.000000000000000000e+00
5.512000000000000000e+03
5.120000000000000000e+03
2.482200000000000000e+04
1.931800000000000000e+04
2.940600000000000000e+04
3.308000000000000000e+03
9.747100000000000000e+04
8.569000000000000000e+03
4.160000000000000000e+02
0.000000000000000000e+00
0.000000000000000000e+00
0.000000000000000000e+00
0.000000000000000000e+00
0.000000000000000000e+00
1.439400000000000000e+04
0.000000000000000000e+00
1.264000000000000000e+04
0.000000000000000000e+00
6.592300000000000000e+04
