3.233119900000000000e+07
2.697834000000000000e+07
1.260747800000000000e+07
8.462158000000000000e+06
2.570397200000000000e+07
3.214205400000000000e+07
3.288340900000000000e+07
2.681165700000000000e+07
1.296069700000000000e+07
8.224014000000000000e+06
2.682812700000000000e+07
3.231186100000000000e+07
3.232501600000000000e+07
3.035727400000000000e+07
1.664275900000000000e+07
8.099368000000000000e+06
2.652158500000000000e+07
3.305876700000000000e+07
3.250335600000000000e+07
3.125724500000000000e+07
1.766121600000000000e+07
8.487984000000000000e+06
2.750681600000000000e+07
3.354794000000000000e+07
2.455536200000000000e+07
9.329640000000000000e+05
6.777310000000000000e+05
4.465560000000000000e+05
8.922950000000000000e+05
1.632775000000000000e+06
1.885603000000000000e+06
1.165368000000000000e+06
7.486690000000000000e+05
5.494510000000000000e+05
6.522760000000000000e+05
5.768760000000000000e+05
1.634470000000000000e+06
9.238910000000000000e+05
8.027750000000000000e+05
7.795570000000000000e+05
5.652490000000000000e+05
7.494460000000000000e+05
7.123330000000000000e+05
7.650800000000000000e+05
2.807853400000000000e+07
3.432270000000000000e+05
5.078190000000000000e+05
2.434320000000000000e+05
5.328380000000000000e+05
3.779610000000000000e+05
4.453070000000000000e+05
3.608820000000000000e+05
2.406832000000000000e+06
3.706312400000000000e+07
2.237622000000000000e+06
2.748336000000000000e+06
2.233306000000000000e+06
2.558505000000000000e+06
4.532081000000000000e+06
7.002320000000000000e+06
5.581311000000000000e+06
2.731287000000000000e+06
3.481505400000000000e+07
2.865400000000000000e+04
2.341400000000000000e+04
1.125120000000000000e+05
4.033025700000000000e+07
1.156719000000000000e+06
8.872850000000000000e+05
6.886000000000000000e+05
9.163850000000000000e+05
9.406320000000000000e+05
1.196405000000000000e+06
1.146896000000000000e+06
1.187322000000000000e+06
8.171850000000000000e+05
1.168604000000000000e+06
4.014808500000000000e+07
5.242880000000000000e+05
1.114300000000000000e+05
4.776020000000000000e+05
1.292800000000000000e+04
1.293730000000000000e+05
1.212880000000000000e+05
4.827200000000000000e+04
1.296800000000000000e+04
1.854049600000000000e+07
9.086760000000000000e+05
1.778134000000000000e+06
3.427289000000000000e+06
2.322817000000000000e+06
2.455190000000000000e+06
1.462679000000000000e+06
1.470125000000000000e+06
2.335690000000000000e+06
1.037178000000000000e+06
9.440140000000000000e+05
2.562031000000000000e+06
2.359513000000000000e+06
1.813179000000000000e+06
2.100708000000000000e+06
2.680616000000000000e+06
3.794477000000000000e+06
3.897878000000000000e+06
2.491689000000000000e+06
1.940285000000000000e+06
1.341768000000000000e+06
2.287725000000000000e+06
2.238959000000000000e+06
2.438163000000000000e+06
5.032452000000000000e+06
3.572753000000000000e+06
4.214595000000000000e+06
6.970411000000000000e+06
7.645439000000000000e+06
5.758804000000000000e+06
1.990866000000000000e+06
1.078188000000000000e+06
1.257696000000000000e+06
8.076050000000000000e+05
1.281153000000000000e+06
2.840562000000000000e+06
7.367405000000000000e+06
3.342721000000000000e+06
6.097940000000000000e+05
6.058400000000000000e+04
9.011400000000000000e+04
2.112800000000000000e+04
3.178800000000000000e+04
1.234720000000000000e+05
5.288000000000000000e+04
4.560622000000000000e+07
8.148290000000000000e+05
1.127220000000000000e+05
2.454280000000000000e+05
1.247050000000000000e+05
1.830100000000000000e+05
4.539850000000000000e+05
4.704090000000000000e+05
2.126010000000000000e+05
3.096030000000000000e+05
1.633730000000000000e+05
9.924700000000000000e+04
1.190913000000000000e+06
2.754880000000000000e+05
3.913990000000000000e+05
4.495560000000000000e+05
3.837820000000000000e+05
