6.141430000000000000e+05
6.500600000000000000e+05
7.493160000000000000e+05
6.959700000000000000e+05
5.765890000000000000e+05
6.473610000000000000e+05
1.508048000000000000e+06
8.084730000000000000e+05
1.078504000000000000e+06
8.218300000000000000e+05
6.128040000000000000e+05
1.178771000000000000e+06
1.251220000000000000e+06
1.629936000000000000e+06
1.149060000000000000e+06
1.356998000000000000e+06
8.978670000000000000e+05
1.035500000000000000e+06
1.951795000000000000e+06
1.315527000000000000e+06
3.280918500000000000e+07
5.839100000000000000e+04
8.832000000000000000e+03
8.261200000000000000e+04
8.389120000000000000e+05
8.512000000000000000e+04
2.176000000000000000e+03
3.968000000000000000e+03
1.472000000000000000e+04
2.445600000000000000e+04
2.194400000000000000e+04
1.911800000000000000e+04
1.064982000000000000e+06
3.200000000000000000e+02
0.000000000000000000e+00
1.994600000000000000e+04
3.168000000000000000e+03
1.468800000000000000e+04
2.657538700000000000e+07
1.977133000000000000e+06
1.230785000000000000e+06
8.301670000000000000e+05
1.147728000000000000e+06
1.628220000000000000e+06
2.129905000000000000e+06
2.637856700000000000e+07
9.050880000000000000e+05
6.058860000000000000e+05
2.577100800000000000e+07
1.604925000000000000e+06
1.592248000000000000e+06
1.332711000000000000e+06
1.167706000000000000e+06
9.796240000000000000e+05
1.312836000000000000e+06
1.544618000000000000e+06
1.355520000000000000e+06
1.302807000000000000e+06
1.218342000000000000e+06
9.282640000000000000e+05
2.917442000000000000e+06
2.658205100000000000e+07
1.287900000000000000e+05
1.159140000000000000e+05
3.458540000000000000e+05
4.848000000000000000e+04
2.304000000000000000e+03
1.094400000000000000e+04
1.127200000000000000e+04
2.819200000000000000e+04
4.987600000000000000e+04
3.773000000000000000e+03
1.181700000000000000e+04
1.083820000000000000e+05
5.591665300000000000e+07
3.442854000000000000e+06
3.905430000000000000e+06
3.228289000000000000e+06
9.015779000000000000e+06
1.226344100000000000e+07
1.143701400000000000e+07
9.677630000000000000e+05
5.689511300000000000e+07
1.644600000000000000e+04
7.506100000000000000e+04
3.604250000000000000e+05
1.792000000000000000e+03
1.228800000000000000e+04
1.984703600000000000e+07
1.977089000000000000e+06
3.149515000000000000e+06
3.972557000000000000e+06
2.784396000000000000e+06
1.689536000000000000e+06
1.648320000000000000e+06
1.855824000000000000e+06
2.122566000000000000e+06
2.565300000000000000e+06
2.734774000000000000e+06
2.723774000000000000e+06
1.785428300000000000e+07
0.000000000000000000e+00
0.000000000000000000e+00
0.000000000000000000e+00
0.000000000000000000e+00
0.000000000000000000e+00
7.552000000000000000e+03
2.522600000000000000e+04
3.948500000000000000e+04
5.869600000000000000e+04
2.029600000000000000e+04
1.578080000000000000e+05
9.319390000000000000e+05
2.615200000000000000e+04
6.640000000000000000e+03
1.548800000000000000e+04
9.600000000000000000e+02
1.152000000000000000e+03
3.840000000000000000e+03
1.189600000000000000e+04
9.104000000000000000e+03
2.400000000000000000e+02
2.080000000000000000e+02
4.810000000000000000e+03
4.372790400000000000e+07
7.103480000000000000e+05
7.278540000000000000e+05
7.438040000000000000e+05
7.290060000000000000e+05
8.239400000000000000e+05
6.848580000000000000e+05
5.112940000000000000e+05
5.899010000000000000e+05
7.469140000000000000e+05
8.543740000000000000e+05
6.792230000000000000e+05
1.844062000000000000e+06
5.950970000000000000e+05
8.288370000000000000e+05
4.499750600000000000e+07
9.088000000000000000e+03
1.280000000000000000e+03
2.232265100000000000e+07
1.481728000000000000e+06
3.653475000000000000e+06
3.520251000000000000e+06
2.975858000000000000e+06
3.427567000000000000e+06
