2.011200000000000000e+04
3.108200000000000000e+04
2.593600000000000000e+04
1.419200000000000000e+04
2.532300000000000000e+04
0.000000000000000000e+00
5.952600000000000000e+05
2.812900000000000000e+04
0.000000000000000000e+00
0.000000000000000000e+00
0.000000000000000000e+00
1.995000000000000000e+04
9.280000000000000000e+02
0.000000000000000000e+00
2.560000000000000000e+02
0.000000000000000000e+00
0.000000000000000000e+00
0.000000000000000000e+00
5.617800000000000000e+04
4.000000000000000000e+02
0.000000000000000000e+00
0.000000000000000000e+00
0.000000000000000000e+00
1.531800000000000000e+04
0.000000000000000000e+00
0.000000000000000000e+00
0.000000000000000000e+00
0.000000000000000000e+00
0.000000000000000000e+00
0.000000000000000000e+00
8.448000000000000000e+03
2.400000000000000000e+02
0.000000000000000000e+00
7.117000000000000000e+03
1.343030000000000000e+05
1.477820000000000000e+05
6.434000000000000000e+03
0.000000000000000000e+00
0.000000000000000000e+00
0.000000000000000000e+00
0.000000000000000000e+00
1.040980000000000000e+05
4.464815500000000000e+07
1.489509000000000000e+06
8.729330000000000000e+05
1.020181000000000000e+06
1.397929000000000000e+06
1.342293000000000000e+06
1.352085000000000000e+06
1.012417000000000000e+06
8.515260000000000000e+05
8.945100000000000000e+05
1.317537000000000000e+06
1.312318000000000000e+06
2.722995000000000000e+06
1.509136000000000000e+06
8.532130000000000000e+05
1.115049000000000000e+06
1.388169000000000000e+06
1.461815000000000000e+06
1.471439000000000000e+06
1.202906000000000000e+06
1.130732000000000000e+06
1.014164000000000000e+06
1.463545000000000000e+06
1.605780000000000000e+06
2.837282000000000000e+06
1.170531000000000000e+06
1.259876000000000000e+06
1.132947000000000000e+06
1.549540000000000000e+06
1.517436000000000000e+06
1.719189000000000000e+06
1.334690000000000000e+06
1.127274000000000000e+06
1.236073000000000000e+06
1.602119000000000000e+06
1.440685000000000000e+06
2.943383000000000000e+06
1.663460000000000000e+06
1.223327000000000000e+06
1.399210000000000000e+06
1.594775000000000000e+06
1.393399000000000000e+06
1.479429000000000000e+06
1.231437000000000000e+06
7.504810000000000000e+05
9.158330000000000000e+05
1.310710000000000000e+06
1.409065000000000000e+06
2.401176000000000000e+06
4.490819700000000000e+07
1.022048000000000000e+06
1.132640000000000000e+05
8.959200000000000000e+04
5.097600000000000000e+04
3.126266800000000000e+07
2.330522000000000000e+06
1.802722000000000000e+06
1.368863000000000000e+06
1.170498000000000000e+06
2.227078000000000000e+06
1.930750000000000000e+06
1.274838000000000000e+06
9.153640000000000000e+05
1.164954000000000000e+06
1.346271000000000000e+06
3.240117000000000000e+07
2.143165000000000000e+06
7.092760000000000000e+05
5.862520000000000000e+05
7.351080000000000000e+05
6.821350000000000000e+05
5.296460000000000000e+05
7.327080000000000000e+05
1.016182000000000000e+06
7.665620000000000000e+05
1.018780000000000000e+06
1.280915000000000000e+06
1.581599000000000000e+06
2.279553000000000000e+06
1.127946000000000000e+06
7.559230000000000000e+05
8.859930000000000000e+05
7.807960000000000000e+05
7.477690000000000000e+05
9.532890000000000000e+05
1.026868000000000000e+06
6.352970000000000000e+05
6.320970000000000000e+05
5.936450000000000000e+05
6.874780000000000000e+05
2.120460000000000000e+06
1.303530000000000000e+06
1.009374000000000000e+06
7.720260000000000000e+05
9.617550000000000000e+05
1.205180000000000000e+06
1.676801000000000000e+06
1.279407000000000000e+06
7.345840000000000000e+05
5.946900000000000000e+05
8.648850000000000000e+05
1.428549000000000000e+06
2.131054000000000000e+06
1.531519000000000000e+06
1.231454000000000000e+06
9.529050000000000000e+05
