1.527120000000000000e+06
1.368720000000000000e+06
7.715330000000000000e+05
4.212560000000000000e+05
4.360520000000000000e+05
5.665180000000000000e+05
7.464320000000000000e+05
2.932814800000000000e+07
1.259739000000000000e+06
1.082320000000000000e+06
5.396870000000000000e+05
1.611260000000000000e+06
1.407921000000000000e+06
2.744509000000000000e+06
2.061495000000000000e+06
2.501101000000000000e+06
1.442533000000000000e+06
2.183246000000000000e+06
1.788271000000000000e+06
3.146862000000000000e+06
2.812595000000000000e+06
1.171929000000000000e+06
9.784650000000000000e+05
2.109643000000000000e+06
2.959738000000000000e+06
2.526156000000000000e+06
1.697321000000000000e+06
1.821738000000000000e+06
1.280594000000000000e+06
2.629720000000000000e+06
2.735492000000000000e+06
3.006242000000000000e+06
3.785621000000000000e+06
2.473951000000000000e+06
1.740306000000000000e+06
1.971485000000000000e+06
2.254009000000000000e+06
3.371903000000000000e+06
2.494853000000000000e+07
2.243886000000000000e+06
2.445802000000000000e+06
3.034575000000000000e+06
3.709536000000000000e+06
4.591467000000000000e+06
5.557003000000000000e+06
3.460116000000000000e+06
3.055417000000000000e+06
3.117766000000000000e+06
6.016292000000000000e+06
7.207361000000000000e+06
7.351541000000000000e+06
5.228620000000000000e+06
4.655274000000000000e+06
5.316405000000000000e+06
6.704945000000000000e+06
6.613977000000000000e+06
6.429817000000000000e+06
3.849536000000000000e+06
3.904441000000000000e+06
3.592020000000000000e+06
4.925753000000000000e+06
5.301177000000000000e+06
5.826544000000000000e+06
4.498779000000000000e+06
3.154252000000000000e+06
3.821029000000000000e+06
5.741405000000000000e+06
5.876298000000000000e+06
6.092550000000000000e+06
2.658659900000000000e+07
5.865660000000000000e+05
1.164337000000000000e+06
1.070469000000000000e+06
7.694630000000000000e+05
8.978340000000000000e+05
6.869540000000000000e+05
6.474310000000000000e+05
6.444490000000000000e+05
8.103650000000000000e+05
7.856130000000000000e+05
7.443690000000000000e+05
2.650039000000000000e+06
6.302300000000000000e+05
1.084387000000000000e+06
8.136590000000000000e+05
1.197691000000000000e+06
3.769807700000000000e+07
1.674322000000000000e+06
1.380573000000000000e+06
2.445411000000000000e+06
3.586861000000000000e+06
5.648057000000000000e+06
6.244452000000000000e+06
4.303830000000000000e+06
2.135315000000000000e+06
3.756417000000000000e+06
3.428948000000000000e+06
2.318378000000000000e+06
2.097422000000000000e+06
1.098458000000000000e+06
4.482980000000000000e+05
1.034757000000000000e+06
1.199415000000000000e+06
2.107136000000000000e+06
2.552612000000000000e+06
2.380403000000000000e+06
1.847233000000000000e+06
3.777831000000000000e+06
9.925216000000000000e+06
1.266139700000000000e+07
1.202805800000000000e+07
8.864883000000000000e+06
4.787021000000000000e+06
6.807377000000000000e+06
2.553426400000000000e+07
4.117122000000000000e+06
2.791707000000000000e+06
3.161450000000000000e+06
1.932466000000000000e+06
2.632337000000000000e+06
4.736165000000000000e+06
2.605614000000000000e+06
2.778745000000000000e+06
3.702736000000000000e+06
1.029683000000000000e+06
2.595990000000000000e+06
3.493799000000000000e+06
2.571904000000000000e+06
2.156208000000000000e+06
3.845892000000000000e+06
1.082518000000000000e+06
2.732697000000000000e+06
2.905811000000000000e+06
3.649834000000000000e+06
5.366028000000000000e+06
3.683530000000000000e+06
1.914425000000000000e+06
2.149739000000000000e+06
3.592556000000000000e+06
4.961568000000000000e+06
4.769215000000000000e+06
2.371857000000000000e+06
1.450673000000000000e+06
1.743044000000000000e+06
2.430341000000000000e+06
4.861920000000000000e+06
3.314965000000000000e+06
2.261147000000000000e+06
