1.298904000000000000e+06
4.378783000000000000e+06
3.742748000000000000e+06
2.173536000000000000e+06
2.395281000000000000e+06
2.139954000000000000e+06
2.217027000000000000e+06
3.617531000000000000e+06
3.423565800000000000e+07
3.805930000000000000e+06
5.474722000000000000e+06
4.264532000000000000e+06
5.043492000000000000e+06
6.210290000000000000e+06
8.904433000000000000e+06
9.204555000000000000e+06
7.613284000000000000e+06
4.147434000000000000e+06
5.361442000000000000e+06
5.886367000000000000e+06
5.190835000000000000e+06
4.509451000000000000e+06
5.201081000000000000e+06
3.508353000000000000e+06
4.787556000000000000e+06
5.911543000000000000e+06
5.627815000000000000e+06
5.055861000000000000e+06
5.045453000000000000e+06
3.261295000000000000e+06
4.478339000000000000e+06
4.951284000000000000e+06
5.961213000000000000e+06
5.407473000000000000e+06
5.536985000000000000e+06
4.952486000000000000e+06
3.519876000000000000e+06
6.709516000000000000e+06
8.363072000000000000e+06
8.744164000000000000e+06
2.240057300000000000e+07
5.752633000000000000e+06
2.625369000000000000e+06
4.635691000000000000e+06
3.972625000000000000e+06
3.986019000000000000e+06
4.193303000000000000e+06
3.705226000000000000e+06
2.592254000000000000e+06
4.382419000000000000e+06
5.249936000000000000e+06
5.440468000000000000e+06
4.827114000000000000e+06
3.004059000000000000e+06
2.392019000000000000e+06
3.044473000000000000e+06
3.371685000000000000e+06
2.344278000000000000e+06
2.144641000000000000e+06
2.110012000000000000e+06
1.644270000000000000e+06
2.177117000000000000e+06
2.245903800000000000e+07
2.329212000000000000e+06
1.615596000000000000e+06
1.094656000000000000e+06
9.388440000000000000e+05
1.300026000000000000e+06
1.753410000000000000e+06
1.861109000000000000e+06
1.883076000000000000e+06
1.558329000000000000e+06
1.210561000000000000e+06
1.466880000000000000e+06
3.308650000000000000e+06
1.417277000000000000e+06
1.652894000000000000e+06
3.028184800000000000e+07
2.289560000000000000e+05
4.599050000000000000e+05
5.246020000000000000e+05
6.719710000000000000e+05
8.081570000000000000e+05
7.483380000000000000e+05
5.230120000000000000e+05
8.825970000000000000e+05
1.389733000000000000e+06
1.944377000000000000e+06
2.771452000000000000e+06
3.648176000000000000e+06
3.129988000000000000e+06
4.912362000000000000e+06
8.320036000000000000e+06
8.397795000000000000e+06
7.080975000000000000e+06
4.172934000000000000e+06
3.649191000000000000e+06
4.135924000000000000e+06
5.599005000000000000e+06
5.708554000000000000e+06
5.480399000000000000e+06
3.621908000000000000e+06
2.634383000000000000e+06
3.549434000000000000e+06
5.906575000000000000e+06
5.605073000000000000e+06
5.501650000000000000e+06
3.065511000000000000e+06
2.907452000000000000e+06
2.971964000000000000e+06
3.536914000000000000e+06
2.854816000000000000e+06
1.933207000000000000e+06
2.236409000000000000e+06
6.908470000000000000e+05
6.268340000000000000e+05
6.235160000000000000e+05
3.447990000000000000e+05
4.947840000000000000e+05
8.652340000000000000e+05
6.274410000000000000e+05
1.030554000000000000e+06
1.683160000000000000e+06
2.213815000000000000e+06
2.484730000000000000e+06
2.596512000000000000e+06
1.204907600000000000e+07
2.539929100000000000e+07
6.070029000000000000e+06
6.005854000000000000e+06
4.575041000000000000e+06
4.335170000000000000e+06
2.917036000000000000e+06
3.446180000000000000e+06
3.665319000000000000e+06
3.999173000000000000e+06
4.053573000000000000e+06
3.090006000000000000e+06
3.367852000000000000e+06
3.133074000000000000e+06
4.114080000000000000e+06
5.168683000000000000e+06
6.124215000000000000e+06
4.944990000000000000e+06
2.858371000000000000e+06
4.788347000000000000e+06
5.207588000000000000e+06
5.265733000000000000e+06
