4.608012000000000000e+06
3.755026000000000000e+06
4.848194000000000000e+06
6.390564000000000000e+06
6.620832000000000000e+06
6.047146000000000000e+06
4.102680000000000000e+06
2.231063000000000000e+06
3.561404000000000000e+06
4.005870000000000000e+06
2.246539800000000000e+07
3.212623000000000000e+06
1.886570000000000000e+06
2.438107000000000000e+06
1.041639000000000000e+06
3.735802000000000000e+06
4.846883000000000000e+06
4.094138000000000000e+06
2.005160000000000000e+06
1.322476000000000000e+06
1.085460000000000000e+06
3.209650000000000000e+06
4.505390000000000000e+06
5.254166000000000000e+06
4.470112000000000000e+06
4.626189000000000000e+06
3.458588000000000000e+06
6.230699000000000000e+06
6.341201000000000000e+06
6.222414000000000000e+06
5.547798000000000000e+06
5.201746000000000000e+06
5.107379000000000000e+06
8.765099000000000000e+06
7.985942000000000000e+06
5.693590000000000000e+06
2.687489000000000000e+06
3.045529000000000000e+06
1.756857000000000000e+06
4.466662000000000000e+06
6.960904000000000000e+06
8.996687000000000000e+06
8.290326000000000000e+06
4.718869000000000000e+06
5.858901000000000000e+06
8.205807000000000000e+06
6.940823000000000000e+06
7.818544000000000000e+06
7.313440000000000000e+06
4.725330000000000000e+06
4.210458000000000000e+06
2.584752000000000000e+07
5.392273000000000000e+06
4.152837000000000000e+06
2.850252000000000000e+06
1.622799000000000000e+06
1.957241000000000000e+06
2.836948000000000000e+06
3.729020000000000000e+06
4.205984000000000000e+06
3.949930000000000000e+06
2.352032000000000000e+06
2.417525000000000000e+06
3.514131000000000000e+06
2.650820000000000000e+06
3.088759000000000000e+06
3.719736000000000000e+06
2.532865000000000000e+06
2.827409000000000000e+06
3.066793000000000000e+06
2.755869000000000000e+06
3.255185000000000000e+06
3.858284000000000000e+06
3.055873000000000000e+06
3.811248000000000000e+06
5.195235000000000000e+06
4.683366000000000000e+06
4.028089000000000000e+06
3.227510000000000000e+06
8.385830000000000000e+05
3.778573600000000000e+07
2.698237000000000000e+06
2.837823000000000000e+06
2.540834000000000000e+06
2.198577000000000000e+06
1.844743000000000000e+06
2.174000000000000000e+06
3.858282000000000000e+06
6.169078000000000000e+06
7.556642000000000000e+06
7.243052000000000000e+06
5.041635000000000000e+06
4.641162000000000000e+06
6.108726000000000000e+06
7.050004000000000000e+06
7.033852000000000000e+06
5.739753000000000000e+06
3.737721000000000000e+06
2.720732000000000000e+06
4.659576000000000000e+06
4.792689000000000000e+06
5.041644000000000000e+06
3.591312000000000000e+06
1.418250000000000000e+06
2.799432000000000000e+06
2.453194000000000000e+06
2.799971000000000000e+06
3.314925000000000000e+06
3.092908000000000000e+06
2.613513000000000000e+06
1.388763000000000000e+06
3.934610000000000000e+06
3.933112000000000000e+06
3.459392000000000000e+06
4.321393000000000000e+06
3.085360000000000000e+06
2.607969000000000000e+06
3.322647000000000000e+06
2.962525000000000000e+06
1.650127000000000000e+06
4.926916500000000000e+07
3.245538000000000000e+06
1.133068000000000000e+06
1.101049000000000000e+06
8.997550000000000000e+05
1.181159000000000000e+06
1.195903000000000000e+06
8.320380000000000000e+05
6.641150000000000000e+05
9.798820000000000000e+05
9.296980000000000000e+05
1.362357000000000000e+06
2.383936000000000000e+06
7.716320000000000000e+05
6.302970000000000000e+05
9.615050000000000000e+05
1.171590000000000000e+06
1.412996000000000000e+06
1.857987000000000000e+06
1.307463000000000000e+06
1.552430000000000000e+06
1.756504000000000000e+06
2.644435000000000000e+06
2.472685000000000000e+06
2.920006000000000000e+06
1.254556000000000000e+06
1.366761000000000000e+06
1.332102000000000000e+06
