1.272000000000000000e+04
7.680000000000000000e+02
7.680000000000000000e+02
0.000000000000000000e+00
3.840000000000000000e+02
0.000000000000000000e+00
6.240000000000000000e+02
7.680000000000000000e+02
3.840000000000000000e+02
0.000000000000000000e+00
3.840000000000000000e+02
4.000000000000000000e+03
1.973000000000000000e+03
0.000000000000000000e+00
0.000000000000000000e+00
0.000000000000000000e+00
0.000000000000000000e+00
0.000000000000000000e+00
0.000000000000000000e+00
0.000000000000000000e+00
0.000000000000000000e+00
0.000000000000000000e+00
0.000000000000000000e+00
9.730000000000000000e+02
8.210000000000000000e+02
0.000000000000000000e+00
0.000000000000000000e+00
0.000000000000000000e+00
0.000000000000000000e+00
0.000000000000000000e+00
0.000000000000000000e+00
1.416500000000000000e+04
3.300130000000000000e+05
3.250520000000000000e+05
2.253600000000000000e+04
3.397000000000000000e+03
1.520000000000000000e+03
0.000000000000000000e+00
0.000000000000000000e+00
0.000000000000000000e+00
0.000000000000000000e+00
0.000000000000000000e+00
0.000000000000000000e+00
0.000000000000000000e+00
0.000000000000000000e+00
0.000000000000000000e+00
0.000000000000000000e+00
9.680000000000000000e+02
8.210000000000000000e+02
0.000000000000000000e+00
0.000000000000000000e+00
1.131860000000000000e+06
4.192180000000000000e+05
4.360680000000000000e+05
8.872900000000000000e+04
5.566000000000000000e+03
2.968000000000000000e+03
3.450000000000000000e+02
2.890000000000000000e+02
2.290000000000000000e+02
2.310000000000000000e+02
2.310000000000000000e+02
2.310000000000000000e+02
3.275100000000000000e+04
5.280000000000000000e+02
4.800000000000000000e+01
0.000000000000000000e+00
0.000000000000000000e+00
0.000000000000000000e+00
0.000000000000000000e+00
0.000000000000000000e+00
0.000000000000000000e+00
0.000000000000000000e+00
0.000000000000000000e+00
0.000000000000000000e+00
5.760000000000000000e+02
5.280000000000000000e+02
4.800000000000000000e+01
0.000000000000000000e+00
0.000000000000000000e+00
0.000000000000000000e+00
0.000000000000000000e+00
0.000000000000000000e+00
0.000000000000000000e+00
0.000000000000000000e+00
0.000000000000000000e+00
0.000000000000000000e+00
5.760000000000000000e+02
5.280000000000000000e+02
4.800000000000000000e+01
0.000000000000000000e+00
0.000000000000000000e+00
0.000000000000000000e+00
0.000000000000000000e+00
0.000000000000000000e+00
0.000000000000000000e+00
0.000000000000000000e+00
0.000000000000000000e+00
0.000000000000000000e+00
5.760000000000000000e+02
5.280000000000000000e+02
4.800000000000000000e+01
0.000000000000000000e+00
0.000000000000000000e+00
8.120000000000000000e+02
6.080000000000000000e+02
3.736000000000000000e+03
1.557070000000000000e+05
7.185300000000000000e+04
2.202200000000000000e+05
1.152000000000000000e+03
9.600000000000000000e+02
5.280000000000000000e+02
4.800000000000000000e+01
2.080000000000000000e+02
9.709040000000000000e+05
4.286020000000000000e+05
4.294060000000000000e+05
9.092400000000000000e+04
6.480000000000000000e+02
4.239000000000000000e+03
2.880000000000000000e+02
0.000000000000000000e+00
1.920000000000000000e+02
4.520000000000000000e+02
2.160000000000000000e+02
0.000000000000000000e+00
3.064900000000000000e+04
4.000000000000000000e+02
0.000000000000000000e+00
2.080000000000000000e+02
0.000000000000000000e+00
0.000000000000000000e+00
0.000000000000000000e+00
0.000000000000000000e+00
0.000000000000000000e+00
3.200000000000000000e+02
0.000000000000000000e+00
0.000000000000000000e+00
6.000000000000000000e+02
4.000000000000000000e+02
0.000000000000000000e+00
2.080000000000000000e+02
1.920000000000000000e+02
0.000000000000000000e+00
3.920000000000000000e+02
0.000000000000000000e+00
0.000000000000000000e+00
