9.375330000000000000e+05
8.479430000000000000e+05
6.532680000000000000e+05
7.300690000000000000e+05
6.376660000000000000e+05
6.071200000000000000e+05
4.731090000000000000e+05
1.637040000000000000e+06
6.318060000000000000e+05
6.494850000000000000e+05
6.872190000000000000e+05
9.449920000000000000e+05
1.080405000000000000e+06
2.842661000000000000e+07
1.009769000000000000e+06
8.807030000000000000e+05
1.282017000000000000e+06
1.259817000000000000e+06
1.850074000000000000e+06
1.700942000000000000e+06
1.216862000000000000e+06
7.319290000000000000e+05
1.066540000000000000e+06
2.066360000000000000e+06
1.648371000000000000e+06
2.315518000000000000e+06
1.689644000000000000e+06
6.868380000000000000e+05
9.414940000000000000e+05
1.463297000000000000e+06
1.522560000000000000e+06
1.404679000000000000e+06
2.400454000000000000e+06
9.873590000000000000e+05
1.514153000000000000e+06
2.852116000000000000e+06
2.828259000000000000e+06
3.396005000000000000e+06
1.920785000000000000e+06
1.814652000000000000e+06
2.325041000000000000e+06
3.544497000000000000e+06
4.191274000000000000e+06
4.005581000000000000e+06
3.336582000000000000e+06
1.747661000000000000e+06
2.254640000000000000e+06
3.919916000000000000e+06
4.151991000000000000e+06
3.891986000000000000e+06
3.481231000000000000e+06
1.691709000000000000e+06
3.224562000000000000e+06
3.891393000000000000e+06
3.227677000000000000e+06
4.765986000000000000e+06
3.331691000000000000e+06
1.541589000000000000e+06
2.518671000000000000e+06
2.427355300000000000e+07
1.419107000000000000e+06
1.841621000000000000e+06
1.155111000000000000e+06
1.578456000000000000e+06
1.444269000000000000e+06
2.167282000000000000e+06
3.359306000000000000e+06
1.913203000000000000e+06
1.992716000000000000e+06
1.478848000000000000e+06
1.368385000000000000e+06
3.799794000000000000e+06
1.618233000000000000e+06
1.763260000000000000e+06
1.666589000000000000e+06
1.520551000000000000e+06
1.084004000000000000e+06
1.671264000000000000e+06
1.762006000000000000e+06
1.406113000000000000e+06
1.026990000000000000e+06
1.012222000000000000e+06
9.111510000000000000e+05
2.647764000000000000e+06
9.176040000000000000e+05
8.568120000000000000e+05
7.165920000000000000e+05
3.880920000000000000e+05
1.994614700000000000e+07
1.291397000000000000e+06
1.357275000000000000e+06
1.493933000000000000e+06
1.687944000000000000e+06
1.060786000000000000e+06
1.679795000000000000e+06
2.444506000000000000e+06
2.448421000000000000e+06
2.357823000000000000e+06
2.475824000000000000e+06
1.451500000000000000e+06
3.973909000000000000e+06
3.793682500000000000e+07
5.632000000000000000e+03
0.000000000000000000e+00
0.000000000000000000e+00
0.000000000000000000e+00
2.560000000000000000e+03
3.456000000000000000e+03
3.506429800000000000e+07
6.544930000000000000e+05
4.374650000000000000e+05
3.436520000000000000e+05
4.060150000000000000e+05
6.600140000000000000e+05
5.230280000000000000e+05
5.379150000000000000e+05
4.351360000000000000e+05
3.923190000000000000e+05
2.662570000000000000e+05
1.788600000000000000e+05
1.939401000000000000e+06
5.401860000000000000e+05
6.235190000000000000e+05
4.031260000000000000e+05
5.111250000000000000e+05
6.401640000000000000e+05
3.848480000000000000e+05
7.815630000000000000e+05
1.699170000000000000e+05
9.977500000000000000e+04
2.902020000000000000e+05
6.709820000000000000e+05
1.859448000000000000e+06
3.916040000000000000e+05
4.921140000000000000e+05
2.759190000000000000e+05
2.817450000000000000e+05
5.943690000000000000e+05
3.599180000000000000e+05
3.879730000000000000e+05
8.460540000000000000e+05
4.986100000000000000e+05
3.284330000000000000e+05
2.082350000000000000e+05
1.650700000000000000e+06
7.717910000000000000e+05
5.139710000000000000e+05
2.624040000000000000e+05
