1.434119000000000000e+06
1.356456000000000000e+06
2.324007000000000000e+06
1.509183000000000000e+06
8.197520000000000000e+05
1.526853000000000000e+06
1.253043000000000000e+06
1.232399000000000000e+06
1.574370000000000000e+06
2.716700000000000000e+06
1.489382000000000000e+06
1.323228000000000000e+06
1.155546000000000000e+06
1.541731000000000000e+06
2.130048000000000000e+06
1.642510000000000000e+06
8.396160000000000000e+05
1.026142000000000000e+06
1.214840000000000000e+06
1.976615000000000000e+06
2.226179000000000000e+06
2.924131000000000000e+06
1.643693000000000000e+06
1.272297000000000000e+06
5.739340000000000000e+05
6.115280000000000000e+05
1.050474000000000000e+06
1.379234000000000000e+06
1.447624000000000000e+06
1.396077000000000000e+06
9.126440000000000000e+05
1.185521000000000000e+06
1.941490000000000000e+06
2.617343000000000000e+06
1.275701300000000000e+07
3.578198000000000000e+06
1.967133000000000000e+06
2.150894000000000000e+06
3.213528000000000000e+06
4.214164000000000000e+06
4.581907000000000000e+06
3.738588000000000000e+06
3.164973000000000000e+06
2.286002000000000000e+06
4.278976000000000000e+06
5.308783000000000000e+06
4.422708000000000000e+06
4.168094000000000000e+06
3.926495000000000000e+06
2.551813000000000000e+06
4.366101000000000000e+06
4.851051000000000000e+06
4.003742000000000000e+06
2.753575000000000000e+06
2.387543000000000000e+06
1.839636000000000000e+06
2.484805000000000000e+06
4.199552000000000000e+06
3.629802000000000000e+06
3.293687000000000000e+06
2.352483000000000000e+06
2.096165000000000000e+06
3.358948000000000000e+06
4.669360000000000000e+06
4.710140000000000000e+06
4.666073000000000000e+06
3.465609000000000000e+06
2.720439000000000000e+06
3.952727000000000000e+06
4.763617000000000000e+06
4.365882000000000000e+06
7.744738000000000000e+06
1.768048000000000000e+06
1.568156000000000000e+06
2.851006000000000000e+06
4.180369000000000000e+06
1.782067000000000000e+06
3.510763000000000000e+06
1.938673000000000000e+06
9.662120000000000000e+05
2.126360000000000000e+06
3.058588000000000000e+06
2.646354000000000000e+06
3.326118000000000000e+06
2.452367000000000000e+06
1.508695000000000000e+06
5.053554000000000000e+06
2.551601000000000000e+06
4.902751000000000000e+06
3.929232000000000000e+06
1.936567000000000000e+06
1.508638000000000000e+06
1.394508000000000000e+06
3.328131000000000000e+06
8.620030000000000000e+06
1.402081000000000000e+06
8.861440000000000000e+05
9.846470000000000000e+05
9.460030000000000000e+05
1.474873000000000000e+06
1.962914000000000000e+06
1.480405000000000000e+06
1.110292000000000000e+06
1.233840000000000000e+06
1.399043000000000000e+06
3.083927000000000000e+06
1.826805000000000000e+06
1.548731000000000000e+06
9.060060000000000000e+05
1.196507000000000000e+06
1.594438000000000000e+06
1.953006000000000000e+06
1.659736000000000000e+06
2.044149000000000000e+06
1.709118000000000000e+06
1.615136000000000000e+06
1.456583000000000000e+06
2.250602000000000000e+06
1.250778000000000000e+06
1.201582000000000000e+06
9.528430000000000000e+05
6.705680000000000000e+05
1.262034000000000000e+06
1.578916000000000000e+06
1.760283000000000000e+06
1.807020000000000000e+06
1.582993000000000000e+06
8.868580000000000000e+05
1.536506000000000000e+06
2.814399000000000000e+06
2.207640000000000000e+06
2.333209000000000000e+06
1.411388700000000000e+07
1.307923000000000000e+06
4.330164000000000000e+06
8.075951000000000000e+06
1.001575600000000000e+07
7.937335000000000000e+06
6.628033000000000000e+06
3.265638000000000000e+06
5.960400000000000000e+06
8.262469000000000000e+06
7.676247000000000000e+06
7.678868000000000000e+06
4.541663000000000000e+06
2.325580000000000000e+06
3.340714000000000000e+06
3.946482000000000000e+06
