3.449289000000000000e+06
3.308031000000000000e+06
1.921525000000000000e+06
2.334501000000000000e+06
2.883356000000000000e+06
2.876818000000000000e+06
2.440727000000000000e+06
7.693150000000000000e+05
3.112570000000000000e+05
1.653830100000000000e+07
3.377332000000000000e+06
3.664370000000000000e+06
3.455108000000000000e+06
2.895974000000000000e+06
1.781292000000000000e+06
2.771977000000000000e+06
3.134877000000000000e+06
3.322219000000000000e+06
3.236564000000000000e+06
2.825269000000000000e+06
1.952936000000000000e+06
3.169737000000000000e+06
2.969925000000000000e+06
3.140088000000000000e+06
3.177407000000000000e+06
2.820263000000000000e+06
1.970892000000000000e+06
2.392494000000000000e+06
2.911291000000000000e+06
2.923979000000000000e+06
3.030804000000000000e+06
2.599984000000000000e+06
1.899285000000000000e+06
3.130451000000000000e+06
2.529872000000000000e+06
2.661703000000000000e+06
2.682119000000000000e+06
2.431393000000000000e+06
2.072003000000000000e+06
1.665360000000000000e+06
2.741369000000000000e+06
2.700541000000000000e+06
2.650242000000000000e+06
2.485115000000000000e+06
2.081079000000000000e+06
2.837934000000000000e+06
2.524068000000000000e+06
2.486824000000000000e+06
1.896127000000000000e+06
2.107347000000000000e+06
1.331917000000000000e+06
1.121559000000000000e+06
2.143655000000000000e+06
2.369035000000000000e+06
1.771173000000000000e+06
1.539419000000000000e+06
1.079130000000000000e+06
2.700470000000000000e+06
6.262410000000000000e+05
1.223284000000000000e+06
7.766600000000000000e+05
1.176522000000000000e+06
1.088726000000000000e+06
1.100458000000000000e+06
1.119033000000000000e+06
1.295072000000000000e+06
1.196484000000000000e+06
1.044237000000000000e+06
6.046560000000000000e+05
2.846939000000000000e+06
5.074040000000000000e+05
1.092433000000000000e+06
1.097645000000000000e+06
1.082775000000000000e+06
1.144062000000000000e+06
1.163054000000000000e+06
9.199760000000000000e+05
1.260581000000000000e+06
1.306283000000000000e+06
1.316299000000000000e+06
1.381134000000000000e+06
3.423458000000000000e+06
2.785148000000000000e+06
5.132417000000000000e+06
6.747248000000000000e+06
6.578560000000000000e+06
4.062253000000000000e+06
4.581598000000000000e+06
7.263686000000000000e+06
1.125078100000000000e+07
1.292907700000000000e+07
1.133062500000000000e+07
7.016168000000000000e+06
5.655392000000000000e+06
8.425995000000000000e+06
7.503035000000000000e+06
6.397268000000000000e+06
1.180494600000000000e+07
3.162933000000000000e+06
1.717029000000000000e+06
3.361104000000000000e+06
4.628036000000000000e+06
4.404977000000000000e+06
3.867651000000000000e+06
3.512993000000000000e+06
2.245224000000000000e+06
3.695499000000000000e+06
4.353081000000000000e+06
3.762041000000000000e+06
4.148424000000000000e+06
3.049639000000000000e+06
2.054948000000000000e+06
3.272442000000000000e+06
3.555834000000000000e+06
3.746797000000000000e+06
3.330087000000000000e+06
2.747885000000000000e+06
2.175753000000000000e+06
3.293755000000000000e+06
3.486501000000000000e+06
3.552823000000000000e+06
4.314770000000000000e+06
2.582580000000000000e+06
2.286744000000000000e+06
3.116887000000000000e+06
3.148727000000000000e+06
3.455325000000000000e+06
3.362505000000000000e+06
2.525326000000000000e+06
1.823409000000000000e+06
3.104273000000000000e+06
3.592489000000000000e+06
3.275139000000000000e+06
4.159910000000000000e+06
2.808174000000000000e+06
1.519138000000000000e+06
3.146056000000000000e+06
3.327732000000000000e+06
3.087335000000000000e+06
3.197303000000000000e+06
2.373596000000000000e+06
2.149774000000000000e+06
2.617594000000000000e+06
3.102775000000000000e+06
2.845798000000000000e+06
3.745213000000000000e+06
2.292096000000000000e+06
1.918589000000000000e+06
