2.761200000000000000e+06
2.360626000000000000e+06
2.455006000000000000e+06
1.971310000000000000e+06
1.659759000000000000e+06
1.930193000000000000e+06
2.599079000000000000e+06
2.432035000000000000e+06
3.343891000000000000e+06
2.160024000000000000e+06
1.764227000000000000e+06
1.447466000000000000e+06
4.890991900000000000e+07
6.101584000000000000e+06
5.455479000000000000e+06
3.593556000000000000e+06
3.932830000000000000e+06
3.751187000000000000e+06
4.368341000000000000e+06
4.774011000000000000e+06
4.507456000000000000e+06
3.930065000000000000e+06
2.921609000000000000e+06
3.636161000000000000e+06
5.260297000000000000e+06
4.751523000000000000e+06
4.554466000000000000e+06
3.697257000000000000e+06
2.612723000000000000e+06
3.685058000000000000e+06
4.277535000000000000e+06
3.726133000000000000e+06
4.114190000000000000e+06
3.523801000000000000e+06
2.234591000000000000e+06
3.307271000000000000e+06
4.934161000000000000e+06
3.696110000000000000e+06
3.899586000000000000e+06
3.208945000000000000e+06
2.123026000000000000e+06
2.853861000000000000e+06
3.731110000000000000e+06
3.394230000000000000e+06
3.607555000000000000e+06
2.809354000000000000e+06
2.292899000000000000e+06
2.679164000000000000e+06
4.475916000000000000e+06
3.544245000000000000e+06
5.542408000000000000e+06
6.032184000000000000e+06
5.192697000000000000e+06
6.073867000000000000e+06
6.791089000000000000e+06
5.969660000000000000e+06
5.132173000000000000e+06
4.134644000000000000e+06
2.945186000000000000e+06
3.512502000000000000e+06
4.970301000000000000e+06
3.401417000000000000e+06
3.707798000000000000e+06
3.079862000000000000e+06
2.919897000000000000e+06
2.902022000000000000e+06
3.438356000000000000e+06
3.760842000000000000e+06
3.618980000000000000e+06
3.413546000000000000e+06
3.199011000000000000e+06
2.726621000000000000e+06
4.818705000000000000e+06
3.617392000000000000e+06
3.547682000000000000e+06
2.894141000000000000e+06
2.706318000000000000e+06
2.496311000000000000e+06
3.007406000000000000e+06
2.847165000000000000e+06
3.054546000000000000e+06
2.573520000000000000e+06
2.293453000000000000e+06
2.390337000000000000e+06
4.220852000000000000e+06
2.884078000000000000e+06
2.950399000000000000e+06
2.323870000000000000e+06
1.875579000000000000e+06
2.076038000000000000e+06
2.505552000000000000e+06
2.468937000000000000e+06
2.423128000000000000e+06
2.328779000000000000e+06
1.780816000000000000e+06
1.773198000000000000e+06
3.513024000000000000e+06
2.683112000000000000e+06
2.242045000000000000e+06
2.183889000000000000e+06
1.793150000000000000e+06
1.525326000000000000e+06
2.290731000000000000e+06
2.232547000000000000e+06
1.935105000000000000e+06
1.925013000000000000e+06
1.573489000000000000e+06
1.594749000000000000e+06
3.245423000000000000e+06
2.318760000000000000e+06
3.606456000000000000e+06
3.533073000000000000e+06
2.632590000000000000e+06
2.150303000000000000e+06
2.568756000000000000e+06
2.134583000000000000e+06
1.727036000000000000e+06
1.828970000000000000e+06
1.563104000000000000e+06
1.473093000000000000e+06
3.068430000000000000e+06
9.175270000000000000e+05
1.445666000000000000e+06
2.146111000000000000e+06
1.777213000000000000e+06
2.961382000000000000e+06
3.675200000000000000e+06
5.151620000000000000e+06
4.848926000000000000e+06
6.684120000000000000e+05
5.961740000000000000e+05
8.596110000000000000e+05
2.577021000000000000e+06
1.151900000000000000e+06
1.008138000000000000e+06
1.165095000000000000e+06
7.370140000000000000e+05
9.137600000000000000e+05
1.128762000000000000e+06
1.140546000000000000e+06
1.106413000000000000e+06
9.085820000000000000e+05
7.163940000000000000e+05
8.002030000000000000e+05
2.191687000000000000e+06
9.109130000000000000e+05
6.618720000000000000e+05
6.015480000000000000e+05
