3.604950000000000000e+05
5.054400000000000000e+05
4.579600000000000000e+05
4.508260000000000000e+05
4.717290000000000000e+05
3.773360000000000000e+05
3.278020000000000000e+05
1.933446000000000000e+06
3.087972100000000000e+07
3.033230000000000000e+05
4.331790000000000000e+05
4.743280000000000000e+05
3.497070000000000000e+05
7.078820000000000000e+05
7.853960000000000000e+05
4.689640000000000000e+05
2.617400000000000000e+05
3.810430000000000000e+05
2.679030000000000000e+05
7.743030000000000000e+05
1.764299000000000000e+06
1.329013000000000000e+06
1.127688000000000000e+06
4.017901000000000000e+06
4.330282000000000000e+06
7.126499000000000000e+06
8.501784000000000000e+06
9.347310000000000000e+06
9.702623000000000000e+06
6.220775000000000000e+06
4.762871000000000000e+06
8.400864000000000000e+06
8.268044000000000000e+06
7.949876000000000000e+06
7.788736000000000000e+06
4.788582000000000000e+06
3.694673000000000000e+06
4.321120000000000000e+06
3.369904000000000000e+06
1.716071000000000000e+06
2.003552000000000000e+06
1.571199000000000000e+06
7.626980000000000000e+05
2.191220000000000000e+05
2.621750000000000000e+06
1.303681000000000000e+06
2.282718700000000000e+07
1.696221000000000000e+06
1.383137000000000000e+06
1.568356000000000000e+06
2.036266000000000000e+06
1.822884000000000000e+06
1.726613000000000000e+06
1.471190000000000000e+06
1.255816000000000000e+06
1.241147000000000000e+06
1.864469000000000000e+06
1.615996000000000000e+06
2.680930000000000000e+06
1.474305000000000000e+06
1.217793000000000000e+06
1.374153000000000000e+06
1.666332000000000000e+06
1.716366000000000000e+06
1.491345000000000000e+06
1.150420000000000000e+06
1.214646000000000000e+06
1.081703000000000000e+06
1.644500000000000000e+06
1.638480000000000000e+06
2.544849000000000000e+06
1.224376000000000000e+06
1.180318000000000000e+06
1.290977000000000000e+06
1.500262000000000000e+06
1.482978000000000000e+06
1.359375000000000000e+06
1.066588000000000000e+06
8.275580000000000000e+05
1.036948000000000000e+06
1.588322000000000000e+06
1.311096000000000000e+06
2.431591000000000000e+06
1.136395000000000000e+06
6.814200000000000000e+05
1.090753000000000000e+06
1.301049000000000000e+06
1.182097000000000000e+06
1.172207000000000000e+06
1.078034000000000000e+06
6.463810000000000000e+05
9.777180000000000000e+05
1.305912000000000000e+06
1.078584000000000000e+06
2.290590000000000000e+06
9.881680000000000000e+05
6.709150000000000000e+05
9.073270000000000000e+05
1.182086000000000000e+06
1.183340000000000000e+06
9.916130000000000000e+05
9.265200000000000000e+05
7.158700000000000000e+05
8.638790000000000000e+05
1.145901000000000000e+06
9.162140000000000000e+05
2.063014000000000000e+06
7.768220000000000000e+05
4.706850000000000000e+05
7.395800000000000000e+05
8.378310000000000000e+05
1.014436000000000000e+06
7.397950000000000000e+05
6.676420000000000000e+05
5.819140000000000000e+05
6.694900000000000000e+05
9.481540000000000000e+05
9.749110000000000000e+05
2.142892000000000000e+06
6.951380000000000000e+05
7.418950000000000000e+05
6.943780000000000000e+05
8.411760000000000000e+05
1.185506000000000000e+06
9.215140000000000000e+05
8.193040000000000000e+05
8.037280000000000000e+05
8.126230000000000000e+05
1.234316000000000000e+06
9.486670000000000000e+05
2.207162000000000000e+06
7.767720000000000000e+05
6.853300000000000000e+05
7.294540000000000000e+05
9.009660000000000000e+05
9.034780000000000000e+05
9.884230000000000000e+05
6.952140000000000000e+05
6.353840000000000000e+05
6.110980000000000000e+05
1.119593000000000000e+06
8.506600000000000000e+05
1.966842000000000000e+06
6.598640000000000000e+05
4.239460000000000000e+05
4.212010000000000000e+05
6.978590000000000000e+05
7.017320000000000000e+05
