1.089420000000000000e+06
1.603351000000000000e+06
8.973380000000000000e+05
9.166940000000000000e+05
6.012090000000000000e+05
6.751710000000000000e+05
9.575400000000000000e+05
1.155403000000000000e+06
8.622320000000000000e+05
8.757300000000000000e+05
7.744530000000000000e+05
1.829638000000000000e+06
6.687770000000000000e+05
5.954120000000000000e+05
8.871280000000000000e+05
5.982320000000000000e+05
2.176810000000000000e+05
2.944020000000000000e+05
5.387420000000000000e+05
7.325850000000000000e+05
5.536440000000000000e+05
1.006539000000000000e+06
1.215344000000000000e+06
1.423571000000000000e+06
1.138194000000000000e+06
8.972900000000000000e+05
6.566590000000000000e+05
6.215560000000000000e+05
3.889400000000000000e+05
4.940360000000000000e+05
5.086270000000000000e+05
6.272830000000000000e+05
8.976450000000000000e+05
7.825420000000000000e+05
4.586260000000000000e+05
1.683397000000000000e+06
3.531160000000000000e+05
3.727310000000000000e+05
6.429270000000000000e+05
7.709580000000000000e+05
1.761053200000000000e+07
7.118750000000000000e+05
1.121585000000000000e+06
1.086954000000000000e+06
1.259345000000000000e+06
1.035865000000000000e+06
8.939930000000000000e+05
1.067650000000000000e+06
9.512220000000000000e+05
1.334605000000000000e+06
1.654685000000000000e+06
2.135639000000000000e+06
2.889776000000000000e+06
1.984288000000000000e+06
2.613374000000000000e+06
4.088106000000000000e+06
5.260786000000000000e+06
6.301664000000000000e+06
5.134072000000000000e+06
3.115921000000000000e+06
4.730083000000000000e+06
5.915013000000000000e+06
5.725319000000000000e+06
5.752354000000000000e+06
5.156630000000000000e+06
2.502098000000000000e+06
4.956826000000000000e+06
3.298037800000000000e+07
7.773752000000000000e+06
6.302935000000000000e+06
6.604685000000000000e+06
4.574464000000000000e+06
4.570972000000000000e+06
7.095902000000000000e+06
7.567786000000000000e+06
7.296852000000000000e+06
5.401062000000000000e+06
4.117295000000000000e+06
3.436475000000000000e+06
7.286884000000000000e+06
6.113121000000000000e+06
5.816242000000000000e+06
4.277743000000000000e+06
3.401216000000000000e+06
2.804785000000000000e+06
3.659382000000000000e+06
5.215010000000000000e+06
3.856503000000000000e+06
3.328235000000000000e+06
2.876751000000000000e+06
2.257589000000000000e+06
4.184031000000000000e+06
4.382787000000000000e+06
3.132662000000000000e+06
2.845129000000000000e+06
2.636655000000000000e+06
2.045264000000000000e+06
3.059131000000000000e+06
3.221162000000000000e+06
2.583661000000000000e+06
2.868057000000000000e+06
2.061261000000000000e+06
1.888794000000000000e+06
3.812631000000000000e+06
2.260284000000000000e+06
2.297358000000000000e+06
2.264726000000000000e+06
1.661339000000000000e+06
2.022438000000000000e+06
8.228413000000000000e+06
8.572086000000000000e+06
2.628739000000000000e+06
2.388304000000000000e+06
1.657568000000000000e+06
2.076125000000000000e+06
3.558600000000000000e+06
2.368987000000000000e+06
2.343714000000000000e+06
1.980607000000000000e+06
1.273306000000000000e+06
1.304183000000000000e+06
1.401216000000000000e+06
1.552000000000000000e+06
1.454490000000000000e+06
1.429270000000000000e+06
1.083754000000000000e+06
1.111634000000000000e+06
2.578032000000000000e+06
1.533102000000000000e+06
1.373099000000000000e+06
1.205528000000000000e+06
1.072411000000000000e+06
8.902180000000000000e+05
1.133722000000000000e+06
1.148495000000000000e+06
1.012890000000000000e+06
1.082986000000000000e+06
7.766140000000000000e+05
9.137450000000000000e+05
2.157136000000000000e+06
1.387016000000000000e+06
3.487308000000000000e+07
5.653820000000000000e+05
4.382410000000000000e+05
2.454090000000000000e+05
2.623890000000000000e+05
2.370750000000000000e+05
2.567180000000000000e+05
