3.518180000000000000e+05
3.048820000000000000e+05
3.862770000000000000e+05
3.629530000000000000e+05
1.534443000000000000e+06
5.823810000000000000e+05
4.062800000000000000e+05
3.217550000000000000e+05
3.668920000000000000e+05
4.069220000000000000e+05
3.627960000000000000e+05
6.127140000000000000e+05
4.134590000000000000e+05
3.185740000000000000e+05
4.684750000000000000e+05
3.703610000000000000e+05
1.366108000000000000e+06
5.640560000000000000e+05
4.060990000000000000e+05
3.290240000000000000e+05
4.647930000000000000e+05
4.685070000000000000e+05
4.510710000000000000e+05
7.128820000000000000e+05
3.863870000000000000e+05
3.523820000000000000e+05
4.314460000000000000e+05
4.131190000000000000e+05
1.444432000000000000e+06
4.904510000000000000e+05
2.237270000000000000e+05
2.685850000000000000e+05
3.045050000000000000e+05
2.841260000000000000e+05
3.400650000000000000e+05
5.658780000000000000e+05
1.853580000000000000e+05
1.610210000000000000e+05
3.722980000000000000e+05
4.045180000000000000e+05
1.150317000000000000e+06
4.641760000000000000e+05
1.534827500000000000e+07
2.397738000000000000e+06
1.272369600000000000e+07
1.448121100000000000e+07
1.455943600000000000e+07
7.802890000000000000e+05
9.657300000000000000e+05
8.763780000000000000e+05
1.519711000000000000e+06
1.459158200000000000e+07
1.816859000000000000e+06
4.098300000000000000e+05
1.501744700000000000e+07
5.388550000000000000e+05
1.125032000000000000e+06
2.058267000000000000e+06
2.147844000000000000e+06
1.450157300000000000e+07
5.399250000000000000e+05
4.632050000000000000e+05
2.626930000000000000e+05
2.628670000000000000e+05
1.928959000000000000e+06
1.470268000000000000e+07
4.543380000000000000e+05
7.175050000000000000e+05
4.897190000000000000e+05
2.511599000000000000e+06
1.948869000000000000e+06
6.311290000000000000e+05
2.061258000000000000e+06
1.609259000000000000e+06
1.242034000000000000e+06
3.145083000000000000e+06
2.668604000000000000e+06
1.126311000000000000e+06
3.265470900000000000e+07
1.921808000000000000e+06
4.009297000000000000e+06
4.724444000000000000e+06
4.683719000000000000e+06
4.471166000000000000e+06
3.658341000000000000e+06
2.344556000000000000e+06
3.059522000000000000e+06
3.841913000000000000e+06
3.810936000000000000e+06
4.016105000000000000e+06
4.525008000000000000e+06
2.963067000000000000e+06
3.392717000000000000e+06
5.321800000000000000e+06
5.605832000000000000e+06
5.604411000000000000e+06
4.727231000000000000e+06
2.327081000000000000e+06
4.272787000000000000e+06
4.414777000000000000e+06
4.263865000000000000e+06
4.298342000000000000e+06
4.070096000000000000e+06
1.845128000000000000e+06
2.979288000000000000e+06
3.139062000000000000e+06
2.723180000000000000e+06
2.649207000000000000e+06
2.469594200000000000e+07
4.664130000000000000e+05
7.345900000000000000e+05
6.741370000000000000e+05
7.360520000000000000e+05
8.113190000000000000e+05
7.016960000000000000e+05
5.312230000000000000e+05
7.550080000000000000e+05
8.836310000000000000e+05
9.370190000000000000e+05
1.262115000000000000e+06
2.387528000000000000e+06
9.309790000000000000e+05
7.214530000000000000e+05
9.712410000000000000e+05
1.091830000000000000e+06
1.173015000000000000e+06
9.382520000000000000e+05
6.972140000000000000e+05
8.264970000000000000e+05
9.261750000000000000e+05
1.019859000000000000e+06
1.254805000000000000e+06
2.305039000000000000e+06
6.859400000000000000e+05
8.273550000000000000e+05
2.264363700000000000e+07
3.590860000000000000e+05
2.366240000000000000e+05
1.997370000000000000e+05
1.480370000000000000e+05
2.086360000000000000e+05
2.487980000000000000e+05
1.426860000000000000e+05
4.560310000000000000e+05
2.112520000000000000e+05
1.472350000000000000e+05
1.002530000000000000e+05
1.479515000000000000e+06
